0.0233355542858 0.0235663723781 0.0273106740173 0.0238797416424 0.0256154603234 
0.0233835030351 0.0249224549876 0.0279714295145 0.0240577935358 0.0232512681963 
0.0383754297867 0.0239336660808 0.0270846972187 0.0306753595166 0.0246295313966 
0.0282068285602 0.0244974552153 0.0251198851998 0.0276135244367 0.0270431315577 
0.0242547952807 0.0293496454992 0.0232426793616 0.0340026355824 0.0233648474915 
0.0318691331728 0.0288971014533 0.0230634234611 0.0264246568196 0.0246846671192 
0.0280273764518 0.0270584802114 0.0283859832098 0.0283644817519 0.0255824793756 
0.0273132206949 0.0236471053389 0.0280930107031 0.0229983981676 0.0259878399412 
0.0248632488121 0.023782589118 0.0338122012345 0.0345872315648 0.0281898002359 
0.0277478242982 0.0233914712012 0.028512123243 0.0259935080199 0.030942919751 
