-1.1102230246251565e-16
-9.992007221626409e-16
7.494005416219807e-16
0.0
-2.6645352591003757e-15
0.0
-1.1102230246251565e-16
-9.992007221626409e-16
-3.3306690738754696e-16
7.457422725565266e-06
-7.508700321068318e-06
4.791787773683609e-06
7.193173523489804e-08
-2.768799856056603e-08
-4.396234309922419e-08
4.741961894039193e-06
1.9487335336521028e-06
-1.2969826954645214e-06
0.0
4.996003610813204e-16
2.3592239273284576e-16
-4.440892098500626e-16
2.886579864025407e-15
-4.440892098500626e-16
1.1102230246251565e-16
1.1102230246251565e-15
-8.881784197001252e-16
-7.568016986425619e-07
-1.330159875578829e-07
-5.966301319659806e-07
-1.0251006266059903e-07
6.471435476385068e-08
-1.171506558428348e-08
-4.914348288309611e-07
-2.919483605978712e-07
-6.375651429024742e-08
-2.220446049250313e-16
-9.280770596475918e-16
-6.38378239159465e-16
4.440892098500626e-16
9.992007221626409e-16
2.220446049250313e-16
0.0
-8.881784197001252e-16
1.0547118733938987e-15
-8.811075424830507e-07
-1.4291913430497516e-08
-7.017812304610516e-07
-1.0265749583737714e-07
5.12708915323401e-08
-5.43251776896625e-09
-5.974825167953668e-07
-3.387762514961423e-07
-4.9906926591347656e-08
1.1102230246251565e-16
-1.6930901125533637e-15
2.7755575615628914e-17
0.0
-4.551914400963142e-15
0.0
6.661338147750939e-16
-4.440892098500626e-16
-2.220446049250313e-16
3.040603814952192e-06
4.432943910614995e-06
2.292369757128654e-06
-2.0033468217661723e-07
-5.980113204628879e-08
-3.512568902408475e-09
2.4386916237517653e-06
9.722941456402623e-07
-3.1206907280534324e-08
3.3306690738754696e-16
1.0547118733938987e-15
-3.885780586188048e-16
4.440892098500626e-16
2.6645352591003757e-15
0.0
-6.661338147750939e-16
1.1102230246251565e-15
-1.6653345369377348e-16
4.769307189178562e-07
-1.575026900013654e-07
6.032461534744016e-07
-1.726797673740066e-07
-9.491933949945519e-08
-2.7930034951495486e-09
7.130278270039979e-07
3.453564261235442e-07
5.0841208576457575e-08
-3.3306690738754696e-16
1.2490009027033011e-15
1.0824674490095276e-15
-1.1102230246251565e-15
2.220446049250313e-15
-1.1102230246251565e-16
-2.220446049250313e-16
-6.661338147750939e-16
3.885780586188048e-16
-1.403830784951765e-07
-1.8555766700956156e-07
9.13484754505589e-09
1.1886294615237603e-08
-4.955603286060928e-08
6.326452695049056e-10
-1.4620884059013406e-08
-2.1299989327872026e-08
-2.6135161590445932e-08
4.440892098500626e-16
-5.134781488891349e-16
-4.996003610813204e-16
8.881784197001252e-16
4.440892098500626e-16
1.1102230246251565e-16
2.220446049250313e-16
0.0
-8.326672684688674e-16
-2.3520800063181466e-07
-1.3507667517842492e-07
4.635055006474431e-09
6.40263237983163e-08
3.145567628592971e-08
-1.4173286988494738e-09
-4.87179541153182e-08
-3.192543118757385e-08
-2.885122896145731e-08
-1.1102230246251565e-16
-1.9012569296705806e-15
1.942890293094024e-16
-1.7763568394002505e-15
-3.552713678800501e-15
-8.326672684688674e-17
1.5543122344752192e-15
0.0
4.440892098500626e-16
-2.6658007890034696e-07
-2.7306764494028357e-07
5.826592719415658e-08
2.5031990258383985e-08
8.813618102010423e-08
-1.1117722464870639e-08
4.6843439349686384e-08
2.2607290262044444e-08
-1.2304361973747291e-08
-5.551115123125783e-16
-1.3877787807814457e-17
-1.3877787807814457e-16
3.3306690738754696e-16
-8.881784197001252e-16
5.551115123125783e-17
-1.3322676295501878e-15
3.3306690738754696e-16
3.885780586188048e-16
-4.517956773142373e-07
-6.698377319480642e-08
-8.697615783148649e-08
-1.4061448760926964e-07
-9.126827738015209e-09
-2.96590441650757e-08
6.380620831691886e-08
3.1996939320322326e-08
-3.345796528719802e-09
7.771561172376096e-16
1.8457457784393227e-15
1.1102230246251565e-16
1.4432899320127035e-15
1.7763568394002505e-15
5.551115123125783e-17
5.551115123125783e-16
0.0
2.220446049250313e-16
-9.302396666299728e-07
4.7221377030837175e-07
-4.125407642163737e-07
-3.948972673306627e-07
-2.0774258491229602e-07
-3.0546186802205e-08
-1.1768854335514334e-08
-9.616432206094316e-09
-8.53105319720271e-09
-9.992007221626409e-16
-1.609823385706477e-15
3.3306690738754696e-16
-8.049116928532385e-16
1.7763568394002505e-15
-1.6653345369377348e-16
-1.7763568394002505e-15
6.591949208711867e-17
-1.1102230246251565e-16
-1.2877851105486116e-06
3.6125717173263183e-07
-5.789233714637021e-07
-4.4076574035045724e-07
-1.8837696025286732e-07
-5.618130571871659e-09
-1.3562105749542752e-07
-7.826690184842278e-08
-2.6044318701679003e-08
1.1102230246251565e-16
1.609823385706477e-15
-2.7755575615628914e-16
-7.077671781985373e-16
-2.6645352591003757e-15
5.551115123125783e-17
2.275957200481571e-15
-5.551115123125783e-17
-1.1102230246251565e-16
-1.3579529607454788e-06
-3.975791713628496e-07
-6.275026684932072e-07
-3.3386787290368147e-07
-4.207684778378962e-08
1.0986668907975172e-08
-2.925631434891329e-07
-1.6589522644494537e-07
-5.43759526294707e-08
6.661338147750939e-16
-9.71445146547012e-16
0.0
8.604228440844963e-16
0.0
1.3877787807814457e-16
-1.3322676295501878e-15
2.220446049250313e-16
-1.1102230246251565e-15
-1.4323316328557212e-06
-1.0308064339881184e-06
-7.485116562122584e-07
-3.0626350611129283e-07
-4.116586183045001e-09
5.056462776265036e-09
-4.4155163791970153e-07
-2.5021298277749793e-07
-8.958205910403194e-08
1.1102230246251565e-16
2.886579864025407e-15
-6.661338147750939e-16
9.992007221626409e-16
1.7763568394002505e-15
-1.5265566588595902e-16
-5.551115123125783e-16
-3.3306690738754696e-16
6.661338147750939e-16
-1.5583429053833697e-06
-1.267618578992824e-06
-9.276784140865857e-07
-3.706353908228266e-07
-7.62952812038975e-08
-2.0467957551062455e-08
-5.566742160567628e-07
-3.196428401963658e-07
-1.326409346802393e-07
-7.771561172376096e-16
-3.2751579226442118e-15
9.367506770274758e-16
-1.6653345369377348e-16
-1.3322676295501878e-15
6.938893903907228e-17
8.881784197001252e-16
2.220446049250313e-16
-7.771561172376096e-16
-1.7122906363908896e-06
-1.0198325881560777e-06
-1.2217444957940415e-06
-4.3232541813154057e-07
-1.654054440081154e-07
-4.750647530915586e-08
-7.898721108290374e-07
-4.67249815727655e-07
-2.0942520961853006e-07
3.3306690738754696e-16
1.3877787807814457e-15
-5.551115123125783e-16
5.551115123125783e-16
2.220446049250313e-16
5.551115123125783e-17
5.551115123125783e-17
4.440892098500626e-16
-6.661338147750939e-16
-1.9420285433113804e-06
-1.1197071501101163e-06
-1.4880039653775157e-06
-4.4473489069218886e-07
-2.210768013100051e-07
-6.876215075113379e-08
-1.0434126913594355e-06
-6.146723912081598e-07
-2.886651628841719e-07
1.3322676295501878e-15
-2.220446049250313e-15
-3.608224830031759e-16
-1.6653345369377348e-16
-4.440892098500626e-16
-6.938893903907228e-17
2.220446049250313e-16
0.0
1.2212453270876722e-15
-2.14748570925849e-06
-1.3861797754088911e-06
-1.7197219897013838e-06
-4.4414584721153005e-07
-2.620818335685726e-07
-7.84185141267102e-08
-1.2754046885277148e-06
-7.47002076195713e-07
-3.744672625316525e-07
-2.4424906541753444e-15
2.886579864025407e-15
0.0
-1.609823385706477e-15
-2.7755575615628914e-16
4.163336342344337e-17
-6.661338147750939e-16
-4.440892098500626e-16
-8.326672684688674e-17
-2.4645890874808174e-06
-1.8518725966032434e-06
-2.0437707544118666e-06
-4.7201562924925616e-07
-3.060867133086731e-07
-9.105856810243118e-08
-1.5713610501677522e-06
-9.101248270582118e-07
-4.79938819353265e-07
1.7763568394002505e-15
-3.1780134079895106e-15
1.1102230246251565e-15
3.3306690738754696e-16
4.163336342344337e-16
-2.7755575615628914e-17
1.5543122344752192e-15
6.661338147750939e-16
8.326672684688674e-17
-3.2049717333393346e-06
-2.312166088813683e-06
-2.639628915446224e-06
-6.656625570755635e-07
-4.342935874257492e-07
-1.373528311088279e-07
-1.9733357277118557e-06
-1.1246812103848924e-06
-6.145384929823194e-07
8.881784197001252e-16
2.005340338229189e-15
-1.1102230246251565e-15
8.881784197001252e-16
-2.7755575615628914e-17
-2.220446049250313e-16
-7.771561172376096e-16
-2.220446049250313e-15
-1.3877787807814457e-15
-1.972824342999502e-06
-4.859485478903025e-06
-1.8400873535995288e-06
4.908035275974498e-07
3.672814710142802e-07
9.497805120162184e-08
-2.3300689129257535e-06
-1.3081627949773633e-06
-7.675145639041148e-07
0.0
1.9550333574258616e-15
4.440892098500626e-16
2.220446049250313e-16
5.551115123125783e-16
0.0
-6.106226635438361e-16
1.5543122344752192e-15
1.887379141862766e-15
-5.605332248137529e-06
-4.497507461564965e-06
-4.173781679384092e-06
-3.7909408963088254e-06
-1.997994891311805e-06
-3.8994363826816425e-07
-3.8512149558300734e-07
-2.585706119773157e-07
-5.784957011201186e-07
-2.220446049250313e-16
-1.5265566588595902e-16
2.7755575615628914e-16
-2.220446049250313e-16
1.1102230246251565e-16
-2.220446049250313e-16
1.3322676295501878e-15
1.1102230246251565e-15
0.0
1.9208785495550273e-06
-6.878895533191098e-06
1.9798592911790536e-06
8.553615220563414e-07
7.589664789975359e-07
3.3431878065925957e-07
1.1244756308315118e-06
5.757544538909087e-07
-4.0334546724807296e-07
-1.5543122344752192e-15
-1.5265566588595902e-15
-5.551115123125783e-17
-1.1102230246251565e-15
2.220446049250313e-16
1.1102230246251565e-16
-1.4085954624931674e-15
-1.3322676295501878e-15
-8.881784197001252e-16
2.7342089410353765e-06
-7.014358885726324e-06
2.8281809059116374e-06
7.626669074056736e-07
6.516306854109645e-07
2.6178895851103334e-07
2.0662872941556998e-06
1.1227423559745375e-06
-2.977030391093649e-07
1.7763568394002505e-15
8.604228440844963e-16
-4.440892098500626e-16
-1.1102230246251565e-16
-1.3322676295501878e-15
-5.551115123125783e-17
-3.3306690738754696e-16
0.0
-4.440892098500626e-16
3.6921301500569825e-06
-7.51765215056821e-06
3.9397719850953195e-06
9.398679665650889e-07
7.198572653521751e-07
2.487668382400443e-07
3.0002164237430407e-06
1.699314434944199e-06
-2.0106452325308055e-07
0.0
8.049116928532385e-16
-1.6653345369377348e-16
6.661338147750939e-16
9.992007221626409e-16
0.0
5.551115123125783e-16
0.0
8.881784197001252e-16
4.3500754998149205e-06
-9.069096648772756e-06
5.084434017810224e-06
4.149832903976858e-07
4.1436426911900526e-07
1.859119329594705e-07
4.669376973964745e-06
2.740573886939046e-06
-3.643964419097756e-08
-8.881784197001252e-16
6.38378239159465e-16
1.1102230246251565e-16
0.0
1.6653345369377348e-16
2.220446049250313e-16
1.3322676295501878e-15
2.6645352591003757e-15
0.0
2.7824222748051852e-06
-1.1963394289438156e-05
4.7663961835198165e-06
-5.458550907944115e-07
-1.4334266751347968e-07
7.020381431743772e-08
5.312321732731107e-06
3.3492809130564183e-06
-1.508867804034253e-07
6.661338147750939e-16
-1.3739009929736312e-15
2.7755575615628914e-16
-4.440892098500626e-16
5.828670879282072e-16
-5.551115123125783e-17
-1.3322676295501878e-15
-8.881784197001252e-16
-1.1102230246251565e-16
-2.2630147853419658e-06
3.975539215161916e-06
-4.4983627489614264e-07
-4.496038865653418e-07
-4.751206006403663e-08
7.445776901704448e-07
6.631305990434377e-10
-4.153232424641828e-09
7.837900328766523e-10
8.881784197001252e-16
-5.828670879282072e-16
-2.220446049250313e-16
-2.220446049250313e-16
-1.942890293094024e-16
0.0
8.881784197001252e-16
-8.881784197001252e-16
0.0
-2.269146932576405e-06
-2.279392575132988e-06
-2.3671065783048557e-06
-2.3709331524734978e-06
-1.201387583193991e-06
-2.4344963378553075e-07
2.714095170830433e-09
6.4274503497330215e-09
7.846432392710767e-10
-8.881784197001252e-16
4.996003610813204e-16
-1.1102230246251565e-16
2.220446049250313e-16
2.7755575615628914e-16
0.0
-1.3322676295501878e-15
0.0
-8.881784197001252e-16
-1.0794573199746085e-06
-1.8779324193474167e-06
-1.1906659338478674e-06
-1.196647724910349e-06
-5.942405323366984e-07
-1.577977748468129e-07
5.993483043198467e-09
3.959762739924599e-09
1.2524969950078457e-10
-1.2212453270876722e-15
-3.524958103184872e-15
7.771561172376096e-16
-2.220446049250313e-16
-8.881784197001252e-16
1.1102230246251565e-16
4.440892098500626e-16
-2.6645352591003757e-15
4.440892098500626e-16
-4.911860713718852e-07
-1.7304341781709809e-06
-6.15634299094836e-07
-6.191890840057113e-07
-2.853884950582142e-07
-9.190532423986042e-08
3.571061668594666e-09
3.899898119719136e-09
3.2174718445077133e-10
5.551115123125783e-16
3.3584246494910985e-15
2.0816681711721685e-17
2.220446049250313e-16
3.3306690738754696e-16
0.0
-4.440892098500626e-16
-8.881784197001252e-16
2.220446049250313e-16
-4.747494415369147e-07
-1.4544786068881876e-06
-5.181891982175557e-07
-5.165448797583849e-07
-2.2777976482757367e-07
-4.647134232982353e-08
-1.6919869949560962e-09
5.503796085548629e-09
5.856850560093108e-10
-2.1094237467877974e-15
-5.967448757360216e-16
-6.938893903907228e-16
0.0
-2.220446049250313e-16
1.1102230246251565e-16
4.440892098500626e-16
3.1086244689504383e-15
-8.881784197001252e-16
-3.6835500338838756e-07
-1.6189768388130688e-06
-4.307538352676943e-07
-4.297694786714601e-07
-1.7332320823015834e-07
-4.660663677213961e-08
-1.304500063525893e-09
9.639563813834684e-09
1.1651828391023855e-09
4.107825191113079e-15
-7.077671781985373e-16
-1.942890293094024e-16
-1.1102230246251565e-16
-7.771561172376096e-16
-1.1102230246251565e-16
-4.440892098500626e-16
3.1086244689504383e-15
2.220446049250313e-16
-3.737750375876203e-07
-1.889614424044339e-06
-4.354272924445013e-07
-4.383409510921865e-07
-1.699990050951783e-07
-5.3383345743895916e-08
2.448498959140011e-09
1.9024652075927406e-08
2.134589949243093e-09
-3.552713678800501e-15
1.3183898417423734e-15
3.885780586188048e-16
0.0
4.440892098500626e-16
-2.220446049250313e-16
-4.440892098500626e-16
-5.995204332975845e-15
2.220446049250313e-16
-3.517299447253208e-07
-2.1521030504345617e-06
-4.7156680338389384e-07
-5.039163148978787e-07
-1.9710020637830894e-07
-6.973136379428979e-08
3.194081510393687e-08
3.920401780987959e-09
3.5861045244445222e-09
1.5543122344752192e-15
-6.314393452555578e-16
5.551115123125783e-17
0.0
-4.440892098500626e-16
3.3306690738754696e-16
-4.440892098500626e-16
3.1363800445660672e-15
0.0
-4.6593625668833733e-07
-2.573857372567545e-06
-5.915757417263023e-07
-6.114002495394288e-07
-2.4817569510560133e-07
-9.597834349506229e-08
1.952035177943401e-08
-1.1350758111206005e-08
2.8930438045193796e-09
2.7755575615628914e-15
3.885780586188048e-16
-6.106226635438361e-16
-1.1102230246251565e-16
4.440892098500626e-16
-3.3306690738754696e-16
2.220446049250313e-16
2.220446049250313e-15
-2.220446049250313e-16
-6.519244024616455e-07
-3.4009983167493374e-06
-7.596228797090987e-07
-7.470948268917255e-07
-3.1192261928936205e-07
-1.4702041006842137e-07
-1.2927195314205164e-08
-7.071636609623511e-09
8.807113927034038e-10
-1.5543122344752192e-15
-1.2004286453759505e-15
9.992007221626409e-16
4.440892098500626e-16
-6.106226635438361e-16
6.661338147750939e-16
2.220446049250313e-16
-2.886579864025407e-15
0.0
-8.93062292561808e-07
-4.099321550654622e-06
-9.636675537549877e-07
-9.327066727848887e-07
-4.044559602789377e-07
-1.9095956993453456e-07
-3.12647592259907e-08
-5.615148346294063e-09
-3.676791093809584e-10
-2.4424906541753444e-15
2.248201624865942e-15
2.220446049250313e-16
-1.1102230246251565e-16
9.020562075079397e-17
-1.1102230246251565e-16
-8.881784197001252e-16
-2.6645352591003757e-15
2.220446049250313e-16
-1.0570271129495268e-06
-4.503490714569125e-06
-1.088896816270335e-06
-1.0589942540661923e-06
-4.7230969713041304e-07
-2.2083898176816774e-07
-3.007632898288648e-08
2.316350888875718e-09
-1.044072162059706e-09
3.219646771412954e-15
-5.898059818321144e-17
-8.881784197001252e-16
-1.1102230246251565e-16
6.106226635438361e-16
0.0
0.0
9.325873406851315e-15
0.0
-1.0818558466851869e-06
-4.745146469531392e-06
-1.0979482907291782e-06
-1.0810155703921964e-06
-4.863991236447873e-07
-2.505346436976197e-07
-1.7108875205451568e-08
5.686837639684583e-09
-7.772301691133521e-10
-2.886579864025407e-15
-2.0747292772682613e-15
6.661338147750939e-16
2.220446049250313e-16
-7.216449660063518e-16
0.0
3.3306690738754696e-16
-5.329070518200751e-15
-2.220446049250313e-16
-1.1056198654380012e-06
-4.930891904564305e-06
-1.0833293906387098e-06
-1.0460018540214833e-06
-4.670299773579245e-07
-2.7867497975897493e-07
-3.757198019371799e-08
-1.0339064770992223e-08
-1.4922129087935332e-09
-8.881784197001252e-16
2.9906632725840154e-15
-5.551115123125783e-16
-5.551115123125783e-16
1.0547118733938987e-15
5.551115123125783e-16
-6.661338147750939e-16
1.7763568394002505e-15
0.0
-1.1514477087359865e-06
-4.94662424443959e-06
-1.1049096704240924e-06
-1.0412082325217398e-06
-4.6351372162689586e-07
-3.0040134202380386e-07
-6.412249131670933e-08
-6.149384668141522e-08
-1.6471887187563539e-09
2.55351295663786e-15
-2.851885394505871e-15
-1.1102230246251565e-16
4.440892098500626e-16
-2.0816681711721685e-17
-6.661338147750939e-16
6.800116025829084e-16
0.0
-4.440892098500626e-16
-1.3418600985914964e-06
-4.890578722438477e-06
-1.1661737433499297e-06
-1.0230441231939835e-06
-4.5201340270750734e-07
-3.2020675178046076e-07
-1.4330584185984208e-07
-1.3196483050759156e-07
7.476163799147173e-09
-2.1094237467877974e-15
-1.97758476261356e-15
7.771561172376096e-16
1.1102230246251565e-16
-7.355227538141662e-16
3.3306690738754696e-16
-5.273559366969494e-16
-3.552713678800501e-15
2.220446049250313e-16
-1.9858920623505583e-06
-4.7599472989823255e-06
-1.5070029739661095e-06
-1.0085090682565578e-06
-4.396212389679021e-07
-3.4990454800265525e-07
-4.985311896632538e-07
-3.4093499754091205e-07
2.186159830941392e-08
1.887379141862766e-15
2.518818487118324e-15
-2.7755575615628914e-17
-9.992007221626409e-16
4.718447854656915e-16
-7.771561172376096e-16
7.771561172376096e-16
8.881784197001252e-16
-1.1102230246251565e-16
-1.4202350762104743e-06
-6.169683388179692e-06
-1.065135633915304e-06
-1.086349133316844e-06
-4.797387482824433e-07
-3.9649106398087497e-07
2.101022467115854e-08
-1.0325968968771804e-09
8.782052862699175e-11
5.551115123125783e-16
-2.3800406090401793e-15
-1.0547118733938987e-15
3.3306690738754696e-16
-7.771561172376096e-16
2.7755575615628914e-16
-7.771561172376096e-16
0.0
3.608224830031759e-16
-1.871883270609942e-06
-7.030119078876851e-06
-1.3318769469528036e-06
-1.3254779371862924e-06
-6.074501541775135e-07
-4.7450732054699074e-07
-6.481180037098965e-09
-6.286667630917008e-09
-4.553718069288948e-09
1.5543122344752192e-15
6.730727086790012e-16
1.2212453270876722e-15
6.661338147750939e-16
2.220446049250313e-16
-1.1102230246251565e-16
4.85722573273506e-16
0.0
-2.498001805406602e-16
-1.8727281485553249e-06
-8.891298811875004e-06
-1.224686302592204e-06
-1.7668213558863501e-06
-8.496425216719672e-07
-5.927189974386238e-07
5.421122715176807e-07
3.708792588597021e-07
9.488245833466637e-08
-3.3306690738754696e-16
-1.186550857568136e-15
-4.996003610813204e-16
-3.3306690738754696e-16
3.3306690738754696e-16
6.661338147750939e-16
4.440892098500626e-16
0.0
0.0
-1.5202136118830367e-06
-1.2319676926608734e-05
-9.939172507245075e-07
-2.7039551788732297e-06
-1.3748180673900379e-06
-7.991996966438819e-07
1.709965104623734e-06
1.1166820295116509e-06
3.261618615191253e-07
1.1102230246251565e-16
4.232725281383409e-15
-5.551115123125783e-17
4.440892098500626e-16
0.0
4.527628272299467e-16
-7.424616477180734e-16
0.0
1.3877787807814457e-16
-3.3450166769810608e-06
-1.3604295439506585e-05
-2.4113348899845732e-06
-3.2537269403221103e-06
-1.7335203641444252e-06
-9.958096711670805e-07
8.42230353903517e-07
5.229119834915252e-07
1.6965196714124886e-07
-2.220446049250313e-15
3.7470027081099033e-16
-3.0531133177191805e-16
-9.992007221626409e-16
7.771561172376096e-16
-1.1102230246251565e-15
1.1102230246251565e-16
-4.440892098500626e-16
-3.3306690738754696e-16
-3.81016303085957e-06
-1.2796875040521629e-05
-2.4787678185589357e-06
-2.405057063725735e-06
-1.3636286251283991e-06
-1.0411558264422638e-06
-7.390434753062891e-08
-6.131882024362767e-08
-8.943401574867949e-09
5.551115123125783e-16
-2.0886070650760757e-15
4.579669976578771e-16
2.220446049250313e-16
-1.1102230246251565e-15
-2.220446049250313e-16
-5.551115123125783e-16
-1.1102230246251565e-16
-1.1102230246251565e-16
3.215363662434356e-05
-4.305345095190205e-05
2.1977156606567405e-05
-2.402909936805031e-06
-1.639189928681617e-06
-1.319282915801523e-06
2.4380289243453035e-05
1.4646497109360723e-05
4.616524506673159e-06
-2.55351295663786e-15
-1.214306433183765e-16
2.7755575615628914e-17
1.1102230246251565e-16
-2.220446049250313e-16
-1.1796119636642288e-16
7.216449660063518e-16
-1.1102230246251565e-16
5.160802341031001e-16
2.4925369245920596e-05
-4.1164829383433243e-05
1.662754748998907e-05
-1.7456716765451574e-06
-1.293593602014198e-06
-1.3507045792948702e-06
1.8373489263368015e-05
1.1394366747907727e-05
3.7987807139927554e-06
2.4424906541753444e-15
2.42861286636753e-15
1.3877787807814457e-17
6.661338147750939e-16
8.881784197001252e-16
4.440892098500626e-16
9.020562075079397e-17
0.0
-4.440892098500626e-16
1.2779146153718557e-05
-4.185089576935752e-05
6.424600236698552e-06
-1.4115523239155436e-06
-1.0981945415267091e-06
-1.3867708261727785e-06
7.836513252534871e-06
5.835088073169459e-06
2.6367405006055833e-06
2.1094237467877974e-15
-3.219646771412954e-15
-3.5388358909926865e-16
-1.2212453270876722e-15
-8.881784197001252e-16
7.771561172376096e-16
-2.220446049250313e-16
0.0
2.220446049250313e-16
-1.1406147784498444e-05
-3.5018880867099256e-05
-1.3130370064118324e-05
-1.0945440109821902e-08
-3.2627656842976194e-07
-1.2802388695831723e-06
-1.3117033081044838e-05
-5.549882276412177e-06
-4.5667509773750226e-09
-2.55351295663786e-15
2.456368441983159e-15
8.326672684688674e-17
-4.440892098500626e-16
2.220446049250313e-16
1.1102230246251565e-16
-6.106226635438361e-16
-8.881784197001252e-16
0.0
2.8281800652507627e-06
-3.04663456063281e-05
7.644102861803504e-07
1.2375205100667586e-06
3.815634954662528e-07
-1.1949629481478041e-06
-4.712961008124239e-07
1.1687608116872639e-06
1.1450593593309577e-06
-2.3314683517128287e-15
1.0200174038743626e-15
2.220446049250313e-16
5.551115123125783e-16
4.440892098500626e-16
-6.661338147750939e-16
1.1102230246251565e-16
4.440892098500626e-16
-1.1102230246251565e-16
6.626188358893614e-06
-3.3112003009705404e-05
4.289195044915317e-06
1.6618518108302283e-06
6.50163002546833e-07
-1.2770647614956943e-06
2.625383166865447e-06
2.8918490677654063e-06
1.6239617037783205e-06
4.440892098500626e-15
-1.8995222061946038e-15
4.996003610813204e-16
3.3306690738754696e-16
-8.881784197001252e-16
2.220446049250313e-16
2.220446049250313e-16
4.440892098500626e-16
0.0
1.0408550640050862e-05
-3.564282171453215e-05
8.741016815250191e-06
2.5553544302781006e-06
1.1827312480505725e-06
-1.3500471922611723e-06
6.185151516291398e-06
5.081352510316606e-06
2.154142896060307e-06
-2.4424906541753444e-15
-3.271688475692258e-15
-1.1102230246251565e-16
6.661338147750939e-16
0.0
0.0
0.0
-6.661338147750939e-16
0.0
1.3062595186852379e-05
-2.689857274162932e-05
1.3852747588138925e-05
7.732990757958191e-06
4.058282357721765e-06
-8.595413873990765e-07
6.1190455191706405e-06
4.667887854026276e-06
1.7506540661571535e-06
-1.1102230246251565e-15
1.4883927423881005e-15
-2.220446049250313e-16
-1.1657341758564144e-15
-6.661338147750939e-16
-6.661338147750939e-16
0.0
8.881784197001252e-16
0.0
2.1567390270149644e-05
-1.675113052002075e-05
2.7278966286736758e-05
2.1312156897934642e-05
1.1561355551581443e-05
8.505759581112216e-07
5.961201679838268e-06
5.139488944649884e-06
3.71620058103872e-06
-4.440892098500626e-16
1.9316145905001747e-15
5.551115123125783e-17
1.1379786002407855e-15
1.7763568394002505e-15
6.661338147750939e-16
3.3306690738754696e-16
-1.3322676295501878e-15
0.0
2.447704410712959e-05
-3.95778264277169e-05
2.6599908551361292e-05
2.7852524187466088e-05
1.5484941441101796e-05
1.4219596806697155e-06
-1.254168611630746e-06
5.382195746861385e-07
4.078153406084084e-07
2.1094237467877974e-15
-2.7139748781657147e-15
-2.220446049250313e-16
1.1102230246251565e-16
-1.3322676295501878e-15
-4.440892098500626e-16
0.0
-2.220446049250313e-16
2.220446049250313e-16
1.849992224123298e-05
-4.7265662768580796e-05
2.3024264120152793e-05
2.3726706150029034e-05
1.4047905240843761e-05
3.1620231766282814e-07
-6.948834412323635e-07
5.823513546943104e-07
4.787465268663027e-08
1.1102230246251565e-15
-3.7383290907300193e-16
3.3306690738754696e-16
-1.887379141862766e-15
-1.7763568394002505e-15
4.440892098500626e-16
-2.220446049250313e-16
2.55351295663786e-15
-2.220446049250313e-16
8.06278325171661e-06
-5.4000629290840145e-05
1.6619077300106255e-05
1.7707659527133046e-05
1.189903212406307e-05
-1.0265222627481307e-06
-1.0779086205836563e-06
2.531772196334714e-07
-1.612841593612302e-07
-1.2212453270876722e-15
2.8484159475539172e-15
-1.0547118733938987e-15
1.3322676295501878e-15
1.3322676295501878e-15
-4.440892098500626e-16
0.0
-2.220446049250313e-15
-2.220446049250313e-16
-1.3132831902851194e-05
-4.65296651022129e-05
-3.951167379057097e-06
-5.757710203724287e-06
-4.2682852852138353e-07
-3.722634103198175e-06
1.817357544453557e-06
1.6411564303098203e-06
-4.098846124733768e-07
1.6653345369377348e-15
3.226585665316861e-16
6.661338147750939e-16
4.440892098500626e-16
3.552713678800501e-15
-8.881784197001252e-16
2.220446049250313e-16
7.771561172376096e-16
8.881784197001252e-16
4.1632584917294935e-06
-1.2394100821211397e-05
3.210265933972778e-06
9.623259984437027e-07
4.407676144069228e-07
-7.494628406767845e-08
2.2417387408601996e-06
1.7371304039670576e-06
-3.3960799328269786e-07
-4.551914400963142e-15
-2.570860191397628e-15
5.551115123125783e-17
0.0
-1.7763568394002505e-15
1.1102230246251565e-15
4.440892098500626e-16
-2.7755575615628914e-16
-2.220446049250313e-16
1.6345209203905142e-06
-1.2147542562956914e-05
1.18725921183227e-06
-7.69236745412627e-08
-3.894661881886918e-08
-1.2326103793203202e-07
1.2595463765308068e-06
1.1088275222448374e-06
-3.9365434290061785e-07
1.1102230246251565e-15
2.9524993561125257e-15
-5.828670879282072e-16
0.0
-8.881784197001252e-16
-9.43689570931383e-16
-4.440892098500626e-16
1.7763568394002505e-15
1.1102230246251565e-16
5.690958104764832e-07
-1.1137495672386422e-05
3.3448396585811224e-07
-2.8389806061568382e-08
-1.408610050823711e-08
2.568626200627477e-09
3.615367454301577e-07
5.706719470310873e-07
-4.543091876030303e-07
1.4432899320127035e-15
-1.478851763270228e-15
-2.5673907444456745e-16
-4.440892098500626e-16
0.0
-1.6653345369377348e-16
2.220446049250313e-16
-2.275957200481571e-15
1.1102230246251565e-16
-1.8388980294048451e-07
-1.0230829985857781e-05
-2.218508328155622e-07
-2.5426238892123365e-08
-1.5551874010810707e-08
-3.123600156307304e-09
-1.966575702283535e-07
2.2840933766588023e-07
-4.82840103899207e-07
-3.9968028886505635e-15
-3.2959746043559335e-17
5.030698080332741e-16
0.0
-2.6645352591003757e-15
2.220446049250313e-16
0.0
-1.6653345369377348e-16
-1.1102230246251565e-15
-7.93066167403822e-07
-9.333380832643456e-06
-6.74592432581278e-07
-1.4654421676141281e-08
-1.59454018877625e-08
-3.3866331961007745e-09
-6.606796532082626e-07
-7.323492567934409e-08
-5.027791800671366e-07
6.661338147750939e-16
1.3634926521177704e-15
-2.8449465006019636e-16
-4.440892098500626e-16
1.7763568394002505e-15
8.881784197001252e-16
4.440892098500626e-16
5.551115123125783e-16
2.636779683484747e-16
-1.0590910406449439e-06
-8.317624455855821e-06
-8.386035306173768e-07
-7.61164020701699e-09
-1.3033507384463405e-08
6.14888007177683e-09
-8.321415805312427e-07
-2.3640561863658147e-07
-4.941824016668761e-07
9.992007221626409e-16
9.52363188311267e-16
8.127179484951341e-16
0.0
4.440892098500626e-15
-8.881784197001252e-16
2.220446049250313e-16
9.992007221626409e-16
-3.469446951953614e-16
-4.829751425461382e-07
-7.059845138712718e-06
-3.186367436569526e-07
-8.889246227994363e-09
-1.1165870894558338e-08
6.816653241870085e-09
-3.0882254975495016e-07
-3.405439885639794e-08
-4.265771877953739e-07
-1.6653345369377348e-15
-4.1598668953923834e-15
-8.673617379884035e-17
4.440892098500626e-16
0.0
4.440892098500626e-16
-9.992007221626409e-16
-7.216449660063518e-16
1.2420620087993939e-15
9.378339598242746e-07
-3.7630214642092592e-06
6.122877600489574e-07
3.355683231287543e-10
-1.111729108771442e-08
1.3988842306744687e-09
6.07706880373371e-07
2.390630591264653e-07
-4.511843201271404e-07
-4.440892098500626e-16
-1.3877787807814457e-16
-6.453171330633722e-16
0.0
-3.552713678800501e-15
4.440892098500626e-16
1.1934897514720433e-15
4.440892098500626e-16
-1.1258355359089478e-15
4.191309212586702e-06
-4.201879804099917e-06
3.5999397312025394e-06
4.0473437934451795e-09
-7.959409131785833e-09
-1.4616086119190186e-10
3.5911822795497983e-06
1.8529745240414286e-06
-1.7593920631497895e-07
-5.551115123125783e-16
4.9404924595819466e-15
-2.7755575615628914e-17
-8.881784197001252e-16
2.886579864025407e-15
-4.440892098500626e-16
-7.771561172376096e-16
-6.661338147750939e-16
4.440892098500626e-16
8.449527584275529e-07
-9.086817271963811e-07
7.763723068876516e-07
-3.333425979690219e-09
-1.8338877083579064e-09
1.9656021255087808e-09
7.812943643159541e-07
4.525354313500429e-07
5.521494728100152e-08
9.880984919163893e-15
-5.218048215738236e-15
3.885780586188048e-16
1.7763568394002505e-15
0.0
-2.220446049250313e-16
2.220446049250313e-16
8.881784197001252e-16
3.3306690738754696e-16
6.564950219001275e-07
-1.0103514426873517e-05
1.1986017796061788e-06
-8.196384015946023e-09
-5.1366755293713595e-09
-1.0885199408505741e-09
1.2282783465877856e-06
8.862241429596907e-07
-4.208598127775076e-07
-6.772360450213455e-15
4.718447854656915e-16
-8.326672684688674e-17
-4.440892098500626e-16
-6.217248937900877e-15
0.0
-6.661338147750939e-16
-6.661338147750939e-16
3.3306690738754696e-16
-2.0411894183780532e-06
-9.733894160035561e-06
-9.906614124588486e-07
3.245829915954346e-08
3.8250462797151386e-09
-4.44923387021845e-09
-1.0247984070232974e-06
-3.72912378310275e-07
-6.775239427270208e-07
-2.220446049250313e-16
-2.7755575615628914e-17
-1.6653345369377348e-16
6.661338147750939e-16
4.884981308350689e-15
1.6653345369377348e-16
7.771561172376096e-16
8.881784197001252e-16
0.0
-1.4030888983995737e-06
-8.648916576703414e-06
-3.686495935184553e-07
5.716096751484656e-08
2.0995485849883977e-08
-6.847414302235677e-09
-4.385784695415396e-07
-1.3252627795168337e-07
-6.082452870259658e-07
3.3306690738754696e-16
1.7806936480901925e-15
-1.6653345369377348e-16
-1.3322676295501878e-15
-8.881784197001252e-16
-1.0755285551056204e-16
-4.440892098500626e-16
-2.1510571102112408e-16
2.7755575615628914e-16
-9.364378588117006e-07
-5.042587474690663e-06
-6.671208563346909e-07
5.7761230465303015e-08
1.9567478498627722e-08
-9.752472274193735e-09
-7.441840494948337e-07
-5.477931637187794e-07
-8.052055591178942e-07
3.552713678800501e-15
2.761679773755077e-15
9.71445146547012e-16
-1.1934897514720433e-15
-8.881784197001252e-16
1.1102230246251565e-16
1.5543122344752192e-15
4.163336342344337e-16
-1.9984014443252818e-15
-1.059307443540547e-06
-5.087969668693404e-06
-6.596185659901721e-07
-7.0556813724920175e-09
-2.250831432348832e-08
-1.3553601074800525e-08
-6.731617396837919e-07
-5.300485099724028e-07
-8.382202025813967e-07
2.4424906541753444e-15
-2.220446049250313e-16
-2.498001805406602e-16
1.8457457784393227e-15
-1.7763568394002505e-15
1.1102230246251565e-16
-2.220446049250313e-16
-8.881784197001252e-16
0.0
1.0761310562656945e-06
-1.1063746114814421e-06
1.187512989275774e-06
-1.131847935376129e-07
-7.594397666288444e-08
-1.3485171423965882e-08
1.3000361605008948e-06
7.095918590493966e-07
8.908640225513409e-08
1.2212453270876722e-15
-2.55351295663786e-15
-7.494005416219807e-16
-2.914335439641036e-16
1.7763568394002505e-15
-1.1102230246251565e-16
0.0
1.3322676295501878e-15
2.1094237467877974e-15
-1.4734502613578115e-06
-9.8864553592648e-06
1.0486047585800407e-08
-5.98232423598688e-08
-4.157525568260212e-08
-3.749746013692601e-09
6.988919665218418e-08
-1.8063952378355452e-07
-8.859667701699437e-07
-4.884981308350689e-15
-1.27675647831893e-15
5.273559366969494e-16
-1.1102230246251565e-15
1.7763568394002505e-15
5.551115123125783e-17
-8.881784197001252e-16
0.0
-7.91033905045424e-16
-4.38713928474499e-06
-1.2079659029495815e-05
-1.8191288768676372e-06
3.228121236986681e-08
2.1882955669738635e-08
4.42262793054482e-09
-1.8543554176631005e-06
-1.20627384703198e-06
-1.0184689216430343e-06
-2.9976021664879227e-15
1.0269562977782698e-15
-5.551115123125783e-16
1.915134717478395e-15
8.881784197001252e-16
-1.1102230246251565e-16
2.220446049250313e-16
-4.440892098500626e-16
-1.6653345369377348e-16
-5.458576836758766e-06
-1.2475480829721164e-05
-2.4942315146603278e-06
2.648728092413677e-08
1.74961920507144e-08
5.640447886534616e-09
-2.534335141746169e-06
-1.6665719222430653e-06
-1.1675053457338436e-06
4.6629367034256575e-15
2.55351295663786e-15
-1.6653345369377348e-16
-1.1657341758564144e-15
0.0
1.3877787807814457e-17
1.1102230246251565e-16
1.6653345369377348e-16
1.6653345369377348e-16
-6.4999292064271685e-06
-1.1610704632403213e-05
-3.4430632691595524e-06
-2.73814513285231e-07
-1.929672652778436e-07
-5.418577168903038e-08
-3.1843405210452143e-06
-2.1197824082719308e-06
-1.3914386585156535e-06
-3.885780586188048e-15
-3.858025010572419e-15
4.163336342344337e-17
-3.885780586188048e-16
-8.881784197001252e-16
5.204170427930421e-17
-7.216449660063518e-16
-3.3306690738754696e-16
-3.3306690738754696e-16
-7.562146386419499e-06
-8.545768096723805e-06
-5.257139637393493e-06
-4.92869810742036e-07
-3.395953847018518e-07
-1.024175693142837e-07
-4.7717225797327956e-06
-3.1197508825187015e-06
-1.8244866311079022e-06
-8.881784197001252e-16
2.220446049250313e-16
1.0685896612017132e-15
-2.7755575615628914e-17
-2.220446049250313e-16
-1.3877787807814457e-17
-9.159339953157541e-16
4.440892098500626e-16
3.3306690738754696e-16
-9.326158256328654e-06
-9.018458229093085e-06
-6.756891004044974e-06
-5.676101277884982e-07
-3.8609426233904287e-07
-1.1715761316644091e-07
-6.19465431128674e-06
-3.934507883940341e-06
-2.1910030483240917e-06
5.995204332975845e-15
-1.3877787807814457e-17
-9.43689570931383e-16
1.7889335846010823e-15
2.7755575615628914e-17
0.0
3.885780586188048e-16
2.220446049250313e-16
1.1657341758564144e-15
-1.123353190735088e-05
-1.089812403876067e-05
-8.31281893454161e-06
-7.188869446395074e-07
-4.790692482714576e-07
-1.1600796542832192e-07
-7.6040948400191155e-06
-4.721954399045103e-06
-2.610736942187941e-06
-4.3298697960381105e-15
4.163336342344337e-17
4.440892098500626e-16
-4.163336342344337e-16
2.220446049250313e-16
0.0
6.106226635438361e-16
0.0
-8.881784197001252e-16
1.2700294721668115e-05
-6.119495937184638e-05
7.955040359775012e-07
8.889592500338495e-06
9.331335386164596e-06
4.307996823271765e-06
-8.093107318529746e-06
-5.000466098081802e-06
-2.9837754311756726e-06
-2.6645352591003757e-15
9.532305500492555e-16
-4.996003610813204e-16
-2.220446049250313e-16
1.1102230246251565e-15
0.0
4.163336342344337e-16
-4.440892098500626e-16
-6.661338147750939e-16
-1.243620725688288e-05
-8.720751247892622e-05
-2.422090389408993e-05
-2.1452350786432817e-05
-4.666560463384428e-06
2.6709727976026443e-06
-2.7100810484625985e-06
-2.0582214066422466e-06
-2.4758272019198557e-06
1.9984014443252818e-15
1.8457457784393227e-15
5.551115123125783e-16
1.1102230246251565e-16
-6.661338147750939e-16
2.220446049250313e-16
3.191891195797325e-16
4.440892098500626e-16
2.220446049250313e-16
-7.665274438295455e-06
-7.701442186203167e-05
-1.640605517039262e-05
-1.892317065355087e-05
-4.103117999698647e-06
2.424035775661082e-06
2.558265634888812e-06
8.818742515126488e-07
-1.8483310668671038e-06
1.9984014443252818e-15
9.853229343548264e-16
1.6653345369377348e-16
-1.7763568394002505e-15
-1.9984014443252818e-15
-4.440892098500626e-16
-6.106226635438361e-16
4.440892098500626e-16
4.440892098500626e-16
2.4633545052665795e-06
-7.189452823297415e-05
-5.169283981310002e-06
-9.703191434340397e-06
3.82095228346202e-07
3.145011882921267e-06
4.5541184832131876e-06
2.109645288683737e-06
-1.668061997861514e-06
-5.10702591327572e-15
-2.914335439641036e-15
-7.771561172376096e-16
8.881784197001252e-16
9.71445146547012e-17
4.440892098500626e-16
-1.609823385706477e-15
-2.220446049250313e-15
-4.440892098500626e-16
-3.444285916032186e-06
-6.93286541775251e-05
-7.045797578264511e-06
-6.57136649806489e-06
1.5322495752201346e-06
3.298019558783949e-06
-4.6546445986450635e-07
-3.1912372122633315e-07
-2.8004772190115546e-06
7.105427357601002e-15
1.304512053934559e-15
5.551115123125783e-17
2.220446049250313e-16
8.881784197001252e-16
-6.938893903907228e-17
4.440892098500626e-16
-4.440892098500626e-16
0.0
-2.7387878688500674e-05
-6.844678956952066e-05
-2.143619314942669e-05
-4.340000400837596e-06
2.1736203557054523e-06
3.8131551036713067e-06
-1.709189479726092e-05
-8.581369851157206e-06
-6.679784348762042e-06
3.1086244689504383e-15
-3.1363800445660672e-15
0.0
2.220446049250313e-16
-3.0531133177191805e-16
-5.551115123125783e-17
1.5543122344752192e-15
1.3322676295501878e-15
0.0
-5.0917258068494675e-05
-3.5740399702888226e-05
-1.9224228588576864e-05
8.259185281467296e-06
8.54574203756897e-06
1.0519783668172522e-05
-2.748938932839451e-05
-1.2803884740009153e-05
-1.0504746075667981e-05
-4.440892098500626e-16
4.218847493575595e-15
9.992007221626409e-16
0.0
-6.661338147750939e-16
0.0
-1.9984014443252818e-15
-1.7763568394002505e-15
3.3306690738754696e-16
1.607159946104275e-05
-9.252004957716053e-05
-6.1901114634110854e-06
-6.313703856619668e-06
1.5080778084097801e-06
-1.1655970020285622e-06
1.3040923718676822e-07
1.4203970266635224e-07
1.5671302977526835e-08
-4.884981308350689e-15
-1.2212453270876722e-15
-9.992007221626409e-16
0.0
2.275957200481571e-15
-2.220446049250313e-16
0.0
8.881784197001252e-16
-4.440892098500626e-16
-1.026880795507168e-05
-9.166525675396997e-05
-2.6354905315884025e-05
-2.657033212116744e-05
-9.828564948577423e-06
-4.637570071963637e-06
1.8968938952923509e-07
4.4178747327094925e-08
7.470987328783707e-09
2.7755575615628914e-15
1.4432899320127035e-15
8.326672684688674e-16
2.220446049250313e-16
-1.4849232954361469e-15
0.0
8.881784197001252e-16
2.6645352591003757e-15
0.0
-6.468530969527819e-06
-8.093055544478034e-05
-1.9461123894615184e-05
-1.9677603993351056e-05
-6.664703498415747e-06
-3.66358693426605e-06
1.852326381168723e-07
2.166475487896946e-08
5.352848719830661e-09
-8.548717289613705e-15
-3.1363800445660672e-15
-8.326672684688674e-16
-4.440892098500626e-16
-7.494005416219807e-16
-2.220446049250313e-16
-4.440892098500626e-16
-5.329070518200751e-15
0.0
-2.5024309309173987e-06
-7.239942407366584e-05
-1.3395276740268969e-05
-1.3520035825109744e-05
-3.8762977609962945e-06
-2.7607422339315235e-06
1.124389084061761e-07
2.0523437616049023e-08
3.891112959619747e-09
2.9976021664879227e-15
-1.3600232051658168e-15
5.551115123125783e-16
0.0
1.2490009027033011e-15
2.220446049250313e-16
0.0
7.993605777301127e-15
-4.440892098500626e-16
-1.3110795578086254e-06
-6.646863297277152e-05
-1.0287513941165116e-05
-1.0342837622800971e-05
-2.5346157102035254e-06
-2.2596766147131575e-06
6.305244970583601e-08
6.81909795297031e-09
2.4117018937452883e-09
-1.4432899320127035e-15
4.052314039881821e-15
-2.498001805406602e-16
0.0
1.3877787807814457e-15
0.0
8.881784197001252e-16
-8.881784197001252e-16
2.220446049250313e-16
-6.659367315364761e-07
-6.368602220163666e-05
-8.19429023657392e-06
-8.209049976670713e-06
-1.61652865671158e-06
-2.068649926911803e-06
3.425805328305387e-08
-2.384533309696124e-08
3.7151837162241463e-10
7.882583474838611e-15
-1.942890293094024e-15
1.3877787807814457e-16
0.0
-1.4988010832439613e-15
-1.1102230246251565e-16
-4.440892098500626e-16
-5.329070518200751e-15
-4.0245584642661925e-16
-2.2411384748011187e-08
-6.257102482720711e-05
-6.394166316425753e-06
-6.364863182284353e-06
-8.093356953509101e-07
-2.0376435223568024e-06
-5.375803358020903e-09
-6.173003974652147e-08
-1.9369129633517446e-09
-6.106226635438361e-15
1.2351231148954867e-15
6.938893903907228e-16
0.0
1.3322676295501878e-15
1.1102230246251565e-16
4.440892098500626e-16
-8.881784197001252e-16
0.0
7.69335031236551e-08
-6.297449884584694e-05
-5.242404760963382e-06
-5.188045463455637e-06
-3.325085273786499e-07
-2.1681628137315556e-06
-3.506004553344155e-08
-9.569582326562909e-08
-3.828972472419423e-09
-1.1102230246251565e-15
1.609823385706477e-15
-7.771561172376096e-16
0.0
-7.771561172376096e-16
2.220446049250313e-16
0.0
-2.886579864025407e-15
8.881784197001252e-16
-1.4999396569237433e-07
-6.273201314144217e-05
-4.330867146684625e-06
-4.281821333051994e-06
-3.281235194663168e-08
-2.2546963514002982e-06
-3.476511345468225e-08
-1.2627084045035986e-07
-5.286422410932801e-09
6.328271240363392e-15
3.3306690738754696e-16
2.7755575615628914e-17
2.220446049250313e-16
-9.992007221626409e-16
1.1102230246251565e-16
4.440892098500626e-16
5.773159728050814e-15
-8.881784197001252e-16
-4.781163625011686e-07
-6.211190460447824e-05
-3.5636911119851784e-06
-3.5042337884760855e-06
1.561204356903545e-07
-2.297736463319211e-06
-4.827305999377529e-08
-1.4376398826954073e-07
-6.738266389305636e-09
-3.6637359812630166e-15
-4.801714581503802e-15
-5.551115123125783e-17
-4.440892098500626e-16
1.2212453270876722e-15
-5.551115123125783e-17
-2.220446049250313e-16
4.3298697960381105e-15
0.0
-6.230596341083583e-07
-6.137315926224574e-05
-2.756131041614651e-06
-2.672367465095249e-06
3.3548155187190787e-07
-2.3149043135717307e-06
-7.512778665841324e-08
-1.4407426029983128e-07
-7.687387060251183e-09
4.773959005888173e-15
1.3530843112619095e-15
7.771561172376096e-16
4.440892098500626e-16
-7.771561172376096e-16
-8.326672684688674e-16
-2.220446049250313e-16
-6.661338147750939e-16
-4.440892098500626e-16
-1.4352075154988597e-06
-6.098183153824265e-05
-2.6313013146150865e-06
-2.551183239773991e-06
1.3782586449906375e-07
-2.404823653101573e-06
-7.72539303639519e-08
-1.1706234093189494e-07
-6.894745663288404e-09
-1.1102230246251565e-15
3.1953606427492787e-15
-7.771561172376096e-16
2.220446049250313e-16
-1.1102230246251565e-16
9.43689570931383e-16
0.0
0.0
2.220446049250313e-16
-2.2521713276546507e-06
-5.995898941080213e-05
-2.5993793659750963e-06
-2.533012249728017e-06
-1.0896151536599062e-07
-2.4577428443528504e-06
-6.788568818194562e-08
-7.631400733565386e-08
-4.233869088654529e-09
-3.1086244689504383e-15
-4.727121472036799e-15
5.551115123125783e-16
-7.771561172376096e-16
0.0
-5.551115123125783e-16
-2.220446049250313e-16
-6.661338147750939e-15
0.0
-2.573406795103317e-06
-5.83828910762918e-05
-2.235504731204485e-06
-2.205227094265183e-06
-1.7877407287869573e-07
-2.453473824104435e-06
-3.244327739793107e-08
-2.6703183511611606e-08
-1.3931433784364344e-10
-1.1102230246251565e-15
2.1180973641676815e-15
-6.661338147750939e-16
6.661338147750939e-16
0.0
-5.551115123125783e-17
-3.3306690738754696e-16
8.881784197001252e-16
1.1102230246251565e-16
-2.386831254419519e-06
-5.7030363066701284e-05
-1.514588522877336e-06
-1.5601657459285434e-06
-6.953439424250973e-08
-2.458063375843089e-06
4.172497192200808e-08
3.779795343383796e-08
5.405295600002802e-09
1.6653345369377348e-15
-1.797173521111972e-15
9.992007221626409e-16
-8.881784197001252e-16
-2.220446049250313e-16
-2.7755575615628914e-16
9.992007221626409e-16
2.6645352591003757e-15
-2.220446049250313e-16
-2.9491217059529617e-06
-5.6334057347839916e-05
-1.571488126406173e-06
-1.733387911428963e-06
-3.8008044356274695e-07
-2.561949979273948e-06
1.543000642811876e-07
1.156048832218204e-07
1.2647816016730928e-08
-5.551115123125783e-16
1.592476150946709e-15
-4.996003610813204e-16
4.440892098500626e-16
9.992007221626409e-16
0.0
-8.881784197001252e-16
-2.6645352591003757e-15
3.3306690738754696e-16
-3.7923824223184965e-06
-5.661671093193377e-05
-1.8199420630526928e-06
-2.2288064052133905e-06
-8.673421199034692e-07
-2.7068465229262983e-06
4.032840763557033e-07
2.8793876344357377e-07
1.7739266833238787e-08
-5.10702591327572e-15
2.1024848528838902e-15
3.885780586188048e-16
0.0
-1.1102230246251565e-15
3.885780586188048e-16
2.914335439641036e-16
-1.7763568394002505e-15
0.0
-4.933179862831594e-06
-5.7744986741603554e-05
-2.506583787642569e-06
-3.1781341061076773e-06
-1.6097454089702978e-06
-2.919986155092147e-06
6.64311773590498e-07
4.538046161073339e-07
8.304262943958918e-09
2.7755575615628914e-15
-5.689893001203927e-16
-2.7755575615628914e-16
-1.1102230246251565e-16
9.992007221626409e-16
2.220446049250313e-16
-4.2674197509029455e-16
3.552713678800501e-15
-2.220446049250313e-16
-7.92785978376287e-06
-5.904486164265421e-05
-4.469126021922065e-06
-4.600166899848546e-06
-2.5774565308722686e-06
-3.261655086461701e-06
1.2025651408009708e-07
8.659410943856471e-08
-4.973154665854906e-09
-1.5543122344752192e-15
-3.552713678800501e-15
-5.551115123125783e-17
0.0
-3.3306690738754696e-16
-4.440892098500626e-16
-6.938893903907228e-17
-1.7763568394002505e-15
4.440892098500626e-16
-1.0641663656940636e-05
-6.114560526171431e-05
-6.0532319303696625e-06
-6.07983103684262e-06
-3.555280063238797e-06
-3.644887364373517e-06
1.3007010579713096e-08
-6.681600162039559e-09
1.1209475125895096e-08
7.771561172376096e-15
3.858025010572419e-15
0.0
1.1102230246251565e-15
-2.7755575615628914e-16
8.881784197001252e-16
5.620504062164855e-16
-1.7763568394002505e-15
-1.1102230246251565e-16
-1.2919351071616347e-05
-6.380742525635696e-05
-6.994492858680701e-06
-7.1303437128023015e-06
-4.2722086650570645e-06
-4.029645449321606e-06
1.2329644860642475e-07
5.289449234169296e-08
1.9520787208904267e-08
-6.8833827526759706e-15
5.551115123125783e-16
-5.551115123125783e-17
5.551115123125783e-16
1.6653345369377348e-16
-9.992007221626409e-16
3.885780586188048e-16
0.0
-1.1102230246251565e-16
-1.3119180064080638e-05
-6.67828054865538e-05
-5.869851404938232e-06
-6.965717471274502e-06
-4.308018667797953e-06
-4.276428711591507e-06
1.0924081657037732e-06
7.369529182454926e-07
1.8784138333671763e-07
-1.6653345369377348e-15
-4.052314039881821e-15
3.885780586188048e-16
-2.275957200481571e-15
5.551115123125783e-17
9.992007221626409e-16
-6.661338147750939e-16
8.881784197001252e-16
-1.1102230246251565e-16
-5.7824088486313485e-06
-7.511654203540274e-05
3.8876475372262576e-07
-5.352933841962226e-06
-3.5900706794045334e-06
-4.3532946705227005e-06
5.736751127471962e-06
3.7923049638344253e-06
1.0923887754366035e-06
6.661338147750939e-15
1.3877787807814457e-16
-3.885780586188048e-16
2.220446049250313e-15
-2.220446049250313e-16
-1.1102230246251565e-15
4.440892098500626e-16
-8.881784197001252e-16
3.608224830031759e-16
-7.5680362421337585e-06
-6.99762530729231e-05
-2.6054526358620933e-07
-2.9985937457510654e-06
-2.4821081279213786e-06
-4.259989907495765e-06
2.730213176649343e-06
1.771955642881906e-06
5.354641605670452e-07
-4.440892098500626e-15
2.3314683517128287e-15
-3.885780586188048e-16
-1.4432899320127035e-15
0.0
7.771561172376096e-16
3.3306690738754696e-16
6.661338147750939e-16
-3.8163916471489756e-16
-2.352043290354544e-06
-5.90362207049111e-05
3.0750139732305115e-06
8.440063936632214e-08
-9.903665159072261e-07
-4.076605641500919e-06
2.9942962438411765e-06
1.8810210988817744e-06
5.491366090737416e-07
7.438494264988549e-15
1.2351231148954867e-15
4.85722573273506e-16
1.5265566588595902e-15
6.661338147750939e-16
4.440892098500626e-16
-8.326672684688674e-16
-6.661338147750939e-16
3.3306690738754696e-16
1.4108190981687585e-05
-4.8214136398883056e-05
1.0147862241183248e-05
-5.201552415456945e-07
-1.96182628542374e-06
-4.477307307126921e-06
1.0744464258749531e-05
6.920567594548288e-06
2.1530047362716687e-06
-8.104628079763643e-15
-4.269154474378922e-15
-4.0245584642661925e-16
-1.27675647831893e-15
-8.881784197001252e-16
-1.3010426069826053e-15
6.938893903907228e-16
2.220446049250313e-16
-2.220446049250313e-16
1.90655821974417e-06
-4.6972252761179334e-05
-4.3309099595489897e-07
2.7465277767646508e-06
6.69332997915717e-08
-3.880474984896409e-06
-3.157802956010869e-06
-6.220694785952219e-07
6.957809652874403e-07
1.1102230246251565e-15
5.207639874882375e-15
2.7755575615628914e-17
8.326672684688674e-16
1.1102230246251565e-15
1.2212453270876722e-15
-5.551115123125783e-16
2.220446049250313e-16
-2.220446049250313e-16
5.613043647656468e-07
-4.37142421532144e-05
-5.110644565320399e-07
4.281729029997905e-06
1.1331750648935213e-06
-3.4975501748135684e-06
-4.781517723095874e-06
-1.5113035027880528e-06
4.806165172510646e-07
-9.992007221626409e-16
-3.2439329000766293e-15
3.0531133177191805e-16
-1.1657341758564144e-15
-6.661338147750939e-16
-1.3877787807814457e-15
7.216449660063518e-16
-4.440892098500626e-16
2.220446049250313e-16
4.254513275014915e-06
-4.108616784037622e-05
4.020802197857165e-06
6.442151957664066e-06
2.4954178634573054e-06
-3.131375493126143e-06
-2.406120051381966e-06
-2.8434154497603004e-07
6.30112658939197e-07
6.994405055138486e-15
2.147587663259287e-15
-6.106226635438361e-16
1.7763568394002505e-15
4.440892098500626e-16
6.661338147750939e-16
0.0
1.1102230246251565e-16
0.0
8.22846671866273e-06
-3.932554509589181e-05
8.852723426988618e-06
9.405041694776628e-06
4.280150537994132e-06
-2.7399026691909967e-06
-5.39685778733201e-07
6.134410561742243e-07
7.00493470340291e-07
-3.885780586188048e-15
-7.91033905045424e-16
-1.1102230246251565e-16
-2.4424906541753444e-15
-4.440892098500626e-16
-1.1102230246251565e-16
-1.3322676295501878e-15
-1.1102230246251565e-16
1.1102230246251565e-16
1.1986840135591592e-05
-3.842089948591365e-05
1.3575286304856604e-05
1.3988380446861015e-05
6.952762613643415e-06
-2.156759961735588e-06
-4.0027740677572865e-07
5.79638971487384e-07
6.382710449059914e-07
-1.1102230246251565e-15
2.0712598303163077e-15
1.1102230246251565e-15
2.498001805406602e-16
-1.3322676295501878e-15
6.661338147750939e-16
0.0
3.3306690738754696e-16
-3.3306690738754696e-16
1.810974165294965e-05
-3.5727450530487204e-05
2.1524548087015205e-05
2.07155890841193e-05
1.0838861458140059e-05
-1.2389747112706573e-06
8.269604974131539e-07
1.2567168106158988e-06
1.1858778892204214e-06
-4.3298697960381105e-15
-2.123301534595612e-15
-6.106226635438361e-16
1.6653345369377348e-16
2.220446049250313e-15
-6.661338147750939e-16
2.220446049250313e-16
0.0
2.220446049250313e-16
2.196034436252603e-05
-3.8855926312919564e-05
2.592384752375665e-05
2.4871431101303187e-05
1.3470919015823314e-05
-6.070117706258316e-07
1.0627545856678466e-06
1.3383603398864352e-06
1.043218514240607e-06
5.218048215738236e-15
-7.632783294297951e-16
-2.7755575615628914e-16
-5.551115123125783e-16
-1.7763568394002505e-15
0.0
2.220446049250313e-16
8.881784197001252e-16
0.0
1.172814295102853e-05
-4.482817203665946e-05
1.7256357232042774e-05
1.827574484991601e-05
1.0559191741421614e-05
-1.6294209430611772e-06
-1.0247055490797408e-06
1.2534971816080542e-07
3.209041956608871e-07
8.215650382226158e-15
1.9290125052862095e-15
1.6653345369377348e-16
1.9984014443252818e-15
-1.7763568394002505e-15
4.440892098500626e-16
0.0
-2.3314683517128287e-15
0.0
-6.929109076736495e-06
-4.8841834338730905e-05
2.598930928243703e-06
4.807422335773026e-06
4.297780140660734e-06
-4.00860295712846e-06
-2.211672920804375e-06
-6.541372528090506e-07
9.98447404754188e-08
-1.6209256159527285e-14
-8.743006318923108e-16
0.0
3.3306690738754696e-16
3.552713678800501e-15
0.0
2.220446049250313e-16
1.8318679906315083e-15
-6.661338147750939e-16
-2.045865370803313e-05
-5.776088972453408e-05
-6.202880464378779e-06
-3.6134705965196194e-06
1.1899643723722875e-06
-6.066089344614055e-06
-2.58607436798286e-06
-1.0022936933751225e-06
3.006638138458584e-08
7.216449660063518e-15
-3.4208746946262636e-15
-2.7755575615628914e-16
-8.881784197001252e-16
-2.6645352591003757e-15
0.0
-2.220446049250313e-16
-1.1102230246251565e-16
2.220446049250313e-16
-2.627603738147854e-06
-6.197482306902202e-06
-3.342145195261992e-06
3.5612751503322215e-07
1.1733911264855124e-07
-1.4446213780772155e-07
-3.7056966739612562e-06
-1.7111264796199066e-06
-5.566842720128307e-07
3.1086244689504383e-15
3.969047313034935e-15
9.992007221626409e-16
-8.881784197001252e-16
1.7763568394002505e-15
0.0
-2.220446049250313e-16
-1.1102230246251565e-16
-5.551115123125783e-17
-2.9062367730148253e-06
-4.48007830300412e-06
-3.3969925574695026e-06
2.0202135075919614e-08
-1.2668773141655265e-08
-2.857727232630225e-08
-3.4133081112663888e-06
-1.6479612128250665e-06
-5.175942776602938e-07
5.773159728050814e-15
8.743006318923108e-16
5.551115123125783e-17
4.440892098500626e-16
8.881784197001252e-16
0.0
-2.220446049250313e-16
-6.661338147750939e-16
2.220446049250313e-16
-1.9503957133792937e-06
-2.9715703817601025e-06
-2.244012193841627e-06
3.249597924082081e-09
-3.181723506884282e-08
1.5147882947985636e-09
-2.2359495250867667e-06
-1.0826626279936136e-06
-3.5280608778887057e-07
-9.658940314238862e-15
-3.608224830031759e-16
-1.0824674490095276e-15
4.440892098500626e-16
0.0
-7.771561172376096e-16
0.0
1.1102230246251565e-16
0.0
-1.113100069005668e-06
-1.9283919385770787e-06
-1.266659113596802e-06
-3.817129723415746e-09
-3.936626935541199e-08
-1.1063932880972516e-08
-1.25197955824774e-06
-5.972195182835094e-07
-2.1520083315351712e-07
-7.993605777301127e-15
-3.469446951953614e-17
3.885780586188048e-16
-4.440892098500626e-16
-6.217248937900877e-15
4.440892098500626e-16
0.0
-1.1102230246251565e-16
-7.771561172376096e-16
-6.336056657119116e-07
-1.263096251591378e-06
-6.739702560487615e-07
-1.7189508483284044e-08
-4.08729943224273e-08
5.3343837125297e-09
-6.493798956341834e-07
-3.005508801834367e-07
-1.292506439654062e-07
1.1546319456101628e-14
-2.5656560209696977e-15
-5.891554605286231e-16
0.0
8.43769498715119e-15
3.885780586188048e-16
4.440892098500626e-16
-1.3877787807814457e-16
9.992007221626409e-16
-4.011617456001204e-07
-8.443428214377491e-07
-3.3802934074067537e-07
-1.795959647665768e-08
-3.8470494345688167e-08
-1.059643728318349e-08
-3.146483571470071e-07
-1.3759638761712267e-07
-7.890996478465695e-08
-5.218048215738236e-15
3.036633444697401e-15
1.2975731600306517e-15
8.881784197001252e-16
-6.661338147750939e-15
-4.440892098500626e-16
-3.3306690738754696e-16
-2.220446049250313e-16
-3.3306690738754696e-16
-2.7912157918308367e-07
-5.379177565600912e-07
-1.519159615881449e-07
-2.6488407911529066e-08
-3.7291249199711274e-08
-6.832168608639223e-09
-1.2085781975201826e-07
-4.4486654360298417e-08
-4.7131281988299634e-08
-7.105427357601002e-15
-5.065392549852277e-15
-1.124100812432971e-15
-4.440892098500626e-16
4.773959005888173e-15
6.661338147750939e-16
-2.220446049250313e-16
-5.551115123125783e-17
4.440892098500626e-16
-2.273128352214826e-07
-2.976508355345686e-07
-4.793206898057178e-08
-3.258567904396159e-08
-3.724167108032361e-08
5.360572430390676e-09
-1.0340606593217672e-08
7.159478343510273e-09
-2.6457437130034123e-08
1.2656542480726785e-14
3.0773994463828558e-15
8.465450562766819e-16
8.881784197001252e-16
-1.1102230246251565e-15
-2.220446049250313e-16
4.440892098500626e-16
4.440892098500626e-16
-2.220446049250313e-16
-2.1969869834492783e-07
-1.3502678086751985e-07
4.235265471663752e-09
-2.7254873025128745e-08
-3.3035391755475985e-08
6.8512781004059775e-09
3.6684511428575206e-08
2.680682698041892e-08
-1.4079800436661571e-08
7.66053886991358e-15
6.279698983036042e-16
-2.220446049250313e-16
-8.881784197001252e-16
-1.7763568394002505e-15
0.0
2.220446049250313e-16
-2.220446049250313e-16
2.7755575615628914e-16
-2.168907720090374e-07
-3.021457928298332e-08
1.79329973093445e-08
-1.3062499526483862e-08
-2.341413329887132e-08
7.454861172817573e-10
3.3567513213483835e-08
2.14227497963293e-08
-8.302411202976145e-09
-9.992007221626409e-16
1.1518563880486e-15
-1.1102230246251565e-16
-2.220446049250313e-16
6.661338147750939e-15
-4.440892098500626e-16
0.0
7.771561172376096e-16
-9.43689570931383e-16
-2.544527704095856e-07
-1.756055212354113e-08
-4.1874859135759834e-08
-2.137858778894497e-09
-1.256331616517059e-08
-1.2455191322757742e-09
-4.298751932196865e-08
-1.9319568167475154e-08
-1.3740550031116072e-08
-4.3298697960381105e-15
-2.8935187579293142e-15
-3.191891195797325e-16
1.7763568394002505e-15
-7.105427357601002e-15
0.0
-6.661338147750939e-16
-6.661338147750939e-16
4.440892098500626e-16
-4.018831496477304e-07
-1.5937507669150364e-07
-1.5290908805809522e-07
-4.4492614037494604e-09
-1.7304093047343372e-08
-8.730824951896921e-10
-1.4976734874494468e-07
-7.43736627839553e-08
-3.1372678677143995e-08
-2.6645352591003757e-15
8.881784197001252e-16
1.1102230246251565e-16
-1.5543122344752192e-15
2.6645352591003757e-15
0.0
1.5543122344752192e-15
6.661338147750939e-16
-1.1102230246251565e-16
-6.086136732363912e-07
-4.685075509769376e-07
-3.4805866011566877e-07
-4.057009661551092e-08
-3.97155607290145e-08
-8.87683060390998e-09
-3.067055125427487e-07
-1.588702813748455e-07
-6.461809576308042e-08
-5.995204332975845e-15
1.4849232954361469e-15
8.187894806610529e-16
-1.1102230246251565e-15
1.7763568394002505e-15
3.3306690738754696e-16
-1.1102230246251565e-15
-1.2212453270876722e-15
3.3306690738754696e-16
-8.236322734944679e-07
-7.088745803685015e-07
-5.662260038619138e-07
-1.8446546512507211e-07
-1.3674246512884736e-07
-2.2435629909445254e-08
-3.808154236395467e-07
-2.045666028793747e-07
-9.309701454185415e-08
0.0
-1.1379786002407855e-15
-8.049116928532385e-16
2.3175905639050143e-15
-8.881784197001252e-16
0.0
-6.661338147750939e-16
8.881784197001252e-16
-6.661338147750939e-16
-1.02188618278376e-06
-3.925865996734501e-07
-7.331687146283627e-07
-5.559832434443024e-07
-3.9629966064325117e-07
-2.5930981140120934e-08
-1.782791656523841e-07
-1.0546728912430582e-07
-8.0068026875324e-08
4.9960036108132044e-15
5.551115123125783e-17
2.220446049250313e-16
-1.797173521111972e-15
-4.440892098500626e-15
-1.6653345369377348e-16
-4.440892098500626e-16
0.0
3.3306690738754696e-16
-1.0807863048967192e-07
5.8230803290371114e-08
-1.205030253359496e-08
-4.902496009151491e-07
-3.468516127647092e-07
2.9224536124417e-09
4.6969536349195096e-07
2.4457291480928234e-07
1.814900940644293e-08
9.103828801926284e-15
1.3877787807814457e-15
4.440892098500626e-16
1.1796119636642288e-15
8.881784197001252e-16
1.1102230246251565e-16
2.220446049250313e-16
-5.551115123125783e-16
9.992007221626409e-16
4.4662094467184943e-07
-8.897407255403778e-08
3.1330033678500513e-07
-8.539037210653078e-08
-7.665458601202602e-08
1.4166068318388625e-08
3.8890358311505224e-07
2.05684989040833e-07
3.001774473432306e-08
-9.325873406851315e-15
5.551115123125783e-17
5.551115123125783e-17
-3.3306690738754696e-16
1.7763568394002505e-15
-5.551115123125783e-17
3.3306690738754696e-16
3.3306690738754696e-16
-6.661338147750939e-16
2.6831585131503743e-07
-9.53576737572348e-08
1.5988669588296034e-07
1.9803476192237213e-08
-2.7170874439264026e-09
7.2956710672755776e-09
1.3236873641631064e-07
6.998858381734863e-08
9.210282314597862e-09
2.7755575615628914e-15
-3.6637359812630166e-15
1.1102230246251565e-16
-2.220446049250313e-16
-8.881784197001252e-16
0.0
1.6653345369377348e-15
2.7755575615628914e-16
5.551115123125783e-17
-2.79286226145814e-07
2.1291301521841888e-07
-2.2389711418213665e-07
-2.150938005485159e-07
-1.5617120396882456e-07
-4.5209639587540096e-08
-1.1056226156824778e-08
-8.804658335748172e-09
-7.991502570803277e-09
-3.4416913763379853e-15
9.159339953157541e-16
5.551115123125783e-17
6.661338147750939e-16
0.0
5.551115123125783e-17
-1.887379141862766e-15
-2.220446049250313e-16
3.8163916471489756e-16
-4.464682632487893e-07
2.6201945502180024e-07
-2.8526794615402196e-07
-2.3225440504148764e-07
-1.5347101900431426e-07
-5.4552055817058687e-08
-4.8030194932380255e-08
-2.9924464683972474e-08
-1.5128009067666426e-08
-3.1086244689504383e-15
5.48172618408671e-16
2.7755575615628914e-17
-1.582067810090848e-15
4.440892098500626e-16
0.0
2.0539125955565396e-15
-4.440892098500626e-16
-2.1094237467877974e-15
-3.9206780400036223e-07
7.56132862989034e-08
-2.3703196383451084e-07
-1.0244995785058109e-07
-5.369173550207052e-08
-2.6182812917774353e-08
-1.2798743043163086e-07
-7.497807530398859e-08
-3.0551831287084497e-08
5.551115123125783e-15
-1.887379141862766e-15
-3.3306690738754696e-16
1.7208456881689926e-15
-6.661338147750939e-16
5.551115123125783e-17
-1.9984014443252818e-15
0.0
1.7763568394002505e-15
-3.519175862720658e-06
-5.420250772658619e-07
-3.016674885891746e-06
-4.437537270973735e-08
-1.561397056093483e-08
-1.342919175861823e-08
-2.9652396307255913e-06
-1.6355074734519803e-06
-4.631299361790298e-07
4.107825191113079e-15
2.921274333544943e-15
-2.220446049250313e-16
-1.887379141862766e-15
0.0
-1.1102230246251565e-16
-4.440892098500626e-16
5.551115123125783e-16
8.881784197001252e-16
1.5177142653755027e-08
-1.4556042060576146e-07
-3.9133565721272134e-08
-2.7089193110896304e-08
-8.926106076501128e-09
-1.0747296164126396e-08
-1.230851154332413e-08
-5.046938866826167e-09
9.980345438975746e-10
1.887379141862766e-15
-1.582067810090848e-15
-2.7755575615628914e-17
3.694961003830599e-16
4.996003610813204e-16
8.326672684688674e-17
1.5543122344752192e-15
-3.885780586188048e-16
1.0408340855860843e-16
-1.0144921649413163e-06
8.746070534471073e-07
-1.1215928159558075e-06
-2.3087341816108164e-08
-6.182462541914901e-09
-8.840113085994972e-09
-1.1020125185723373e-06
-5.279293713300603e-07
4.136393050302445e-08
-2.886579864025407e-15
-1.1657341758564144e-15
-4.371503159461554e-16
8.049116928532385e-16
-8.881784197001252e-16
-8.326672684688674e-17
-1.6653345369377348e-16
1.1102230246251565e-16
1.1102230246251565e-16
6.238560814608718e-07
-1.0512250696592673e-06
5.31547385662634e-07
-3.280160143503963e-08
-7.812709590382383e-09
-7.036196902898695e-10
5.609975559650593e-07
2.5885255183766276e-07
-5.334272668022777e-08
2.220446049250313e-16
1.2490009027033011e-15
1.3877787807814457e-16
-9.992007221626409e-16
9.43689570931383e-16
0.0
0.0
5.551115123125783e-16
-1.1102230246251565e-15
-2.508226096153976e-06
-1.3922995663051552e-06
-2.1323570251752244e-06
-1.300362129086352e-08
1.0291731911138413e-08
9.286883262404899e-09
-2.119004733458496e-06
-1.1920785816244006e-06
-4.2124065657844767e-07
-9.992007221626409e-15
2.338407245616736e-15
5.551115123125783e-17
2.4424906541753444e-15
-8.881784197001252e-16
0.0
0.0
-3.3306690738754696e-16
2.220446049250313e-16
1.2928839510095713e-06
-1.2342667901066304e-06
1.2339841433117726e-06
1.8574088898049013e-06
1.0491090032260786e-06
2.52576480619382e-07
-6.127319878146409e-07
-3.798420991074636e-07
-2.448592510972958e-07
6.217248937900877e-15
9.992007221626409e-16
2.7755575615628914e-16
-1.5543122344752192e-15
7.771561172376096e-16
-2.220446049250313e-16
-4.440892098500626e-16
-8.881784197001252e-16
4.440892098500626e-16
-3.964245365750685e-06
-1.8621381627781375e-06
-3.2901170889942932e-06
-6.231614548823927e-07
-3.189212156584631e-07
-6.843166211467633e-08
-2.66306903995428e-06
-1.5001992110796891e-06
-5.91585276765727e-07
-5.10702591327572e-15
-5.134781488891349e-15
2.220446049250313e-16
-2.220446049250313e-16
-6.661338147750939e-16
0.0
2.220446049250313e-16
4.440892098500626e-16
-4.440892098500626e-16
-8.197666943488002e-06
-2.670268372639839e-06
-6.703152582332451e-06
-2.553054709864e-07
-1.2230460466611248e-07
-2.155061196162933e-08
-6.446613667776546e-06
-3.5762583339149505e-06
-1.319895005735816e-06
-5.995204332975845e-15
2.7755575615628914e-15
-7.771561172376096e-16
6.661338147750939e-16
6.661338147750939e-16
5.551115123125783e-17
-9.992007221626409e-16
6.661338147750939e-16
4.440892098500626e-16
-1.2877515416676031e-05
-4.52308815113156e-06
-1.0273882733002893e-05
-2.4689112976261643e-08
-2.8077025149286783e-09
9.175558091101266e-09
-1.024666767079907e-05
-5.657052308372101e-06
-2.249507446094867e-06
2.220446049250313e-16
-2.886579864025407e-15
9.992007221626409e-16
0.0
9.992007221626409e-16
-1.1102230246251565e-16
2.0838365755171395e-15
-1.7763568394002505e-15
-4.440892098500626e-16
-1.222147212587288e-05
-7.125111324057799e-06
-8.905261442038181e-06
8.756908975726674e-08
5.3400404098624676e-08
2.366903117945185e-08
-8.98902764490117e-06
-4.914655191257111e-06
-2.460773391277371e-06
8.215650382226158e-15
5.828670879282072e-16
-3.3306690738754696e-16
4.440892098500626e-16
-2.1094237467877974e-15
0.0
-8.881784197001252e-16
8.881784197001252e-16
-4.440892098500626e-16
-9.332638505554769e-06
-1.0359439841067797e-05
-5.3085356341853185e-06
1.323772735872808e-07
7.586898398415087e-08
3.455904007410027e-08
-5.440398286538084e-06
-2.7150242003504133e-06
-2.230075534015441e-06
-5.551115123125783e-15
-5.551115123125783e-16
-6.106226635438361e-16
-2.220446049250313e-16
2.220446049250313e-16
-1.1102230246251565e-16
-1.7763568394002505e-15
0.0
0.0
1.819318597995334e-07
3.27643689956858e-07
-2.8253285933033112e-08
2.2933577348283052e-07
1.3390190645168332e-07
4.974658551759603e-08
-2.5649959667362054e-07
-1.6736977315190416e-07
-3.398967196588387e-08
-1.1102230246251565e-16
4.579669976578771e-16
-5.551115123125783e-17
-3.3306690738754696e-16
1.2212453270876722e-15
0.0
4.440892098500626e-16
0.0
0.0
1.059574074702141e-06
-9.100461113575875e-07
1.1161863575637199e-06
1.5651376727987554e-07
1.0534284911045687e-07
1.655980952364189e-08
9.459113741172587e-07
5.404674379150265e-07
9.757319219261262e-08
2.6645352591003757e-15
2.6506574712925612e-15
-1.1102230246251565e-16
2.7755575615628914e-17
-1.9984014443252818e-15
0.0
0.0
2.6645352591003757e-15
0.0
4.5636811165650215e-06
-4.77132467580077e-06
5.3244739097735305e-06
5.27497352464934e-08
5.163066418845119e-08
1.4569181416845822e-09
5.260818490171459e-06
3.223965837406695e-06
6.835017507533792e-07
9.992007221626409e-16
-1.9290125052862095e-15
1.1102230246251565e-15
4.440892098500626e-16
3.3306690738754696e-16
-2.220446049250313e-16
1.3322676295501878e-15
-2.4424906541753444e-15
8.881784197001252e-16
3.6233455432466144e-05
-3.647061151212938e-05
4.224739411995415e-05
-4.880692472397641e-08
-6.3959930685086874e-09
-1.2058933407388395e-08
4.2295007099735216e-05
2.6489989728872843e-05
6.098989425495915e-06
5.551115123125783e-15
2.0539125955565396e-15
-8.604228440844963e-16
-4.440892098500626e-16
1.9984014443252818e-15
5.551115123125783e-17
-8.881784197001252e-16
1.7763568394002505e-15
-2.220446049250313e-16
-3.0793812300089485e-07
2.14806163967296e-08
-2.922630892854272e-07
-2.854822596098927e-07
-1.4445121365724845e-07
-3.7863356894263234e-08
-1.1801404298239504e-09
-4.709966816562883e-08
-1.2848655472907922e-10
-7.216449660063518e-15
-1.7486012637846216e-15
5.551115123125783e-17
0.0
-3.3306690738754696e-16
-1.1102230246251565e-16
0.0
-4.440892098500626e-15
4.440892098500626e-16
6.534716966655196e-06
-2.0923320676047297e-07
5.5856483527350065e-06
-7.30053990594115e-08
-3.599870979087427e-08
-1.304639063448576e-08
5.665382087016724e-06
2.841856515445329e-06
1.1700286726146203e-06
5.995204332975845e-15
-9.992007221626409e-16
3.903127820947816e-16
1.1102230246251565e-16
1.6653345369377348e-16
0.0
0.0
2.6645352591003757e-15
-1.7208456881689926e-15
-1.934213926801931e-07
-4.831022977214161e-07
-8.25648385216482e-08
-1.5176013334894378e-08
-1.716031761134218e-09
-1.049329512170516e-10
-7.639089316668901e-08
4.2199594041392174e-08
-8.727170097699855e-09
5.440092820663267e-15
1.2628786905111156e-15
-8.743006318923108e-16
1.1102230246251565e-16
-1.5543122344752192e-15
2.220446049250313e-16
0.0
-5.329070518200751e-15
1.5543122344752192e-15
1.6166126215466647e-09
-2.696651506539638e-07
-1.3012033450721106e-08
-2.5190658448082104e-08
-6.381199568750162e-09
-8.123695494077765e-09
9.340167750337969e-09
1.8622703379378436e-08
-2.957050604379674e-09
-1.3655743202889425e-14
-1.3461454173580023e-15
1.3322676295501878e-15
1.1102230246251565e-16
8.881784197001252e-16
-1.1102230246251565e-16
0.0
9.769962616701378e-15
-1.3322676295501878e-15
-6.078122538610842e-08
-3.220662989633638e-07
-4.4910057450664453e-08
-4.04400708475805e-08
-1.3300727630394249e-08
-6.3761991242472504e-09
-4.869143310770596e-09
2.353645989217057e-08
-2.290120537651319e-09
1.0547118733938987e-14
4.1772141301521515e-15
0.0
-1.1102230246251565e-16
-8.881784197001252e-16
1.1102230246251565e-16
-4.440892098500626e-16
-5.88418203051333e-15
1.3322676295501878e-15
-3.6032943739883194e-08
-3.208588168490678e-07
-4.886542503967917e-08
-4.9014914793588105e-08
-1.7759603565536963e-08
-9.361237118810095e-09
1.0665868188652894e-09
9.29629884183214e-09
-4.671980580184254e-10
-1.021405182655144e-14
4.787836793695988e-16
-9.992007221626409e-16
-1.1102230246251565e-16
8.881784197001252e-16
2.220446049250313e-16
8.881784197001252e-16
2.0539125955565396e-15
-4.440892098500626e-16
-1.177528510254433e-07
-5.30161692324782e-07
-8.07568997784891e-08
-5.1894375019401195e-08
-1.9761330349865602e-08
-1.4661461378295826e-08
-2.789304609507326e-08
2.8808742946750954e-08
-3.6435843231430454e-10
1.6542323066914832e-14
-4.364564265557647e-15
5.551115123125783e-16
-4.440892098500626e-16
3.3306690738754696e-16
-2.7755575615628914e-16
-4.440892098500626e-16
4.6629367034256575e-15
0.0
-1.0991319498998565e-07
-6.539441521624667e-07
-6.52098883779928e-08
-3.820130700660229e-08
-1.3593258074706682e-08
-1.7229346838121273e-08
-2.5963760919012205e-08
4.634620376364751e-08
3.9616543379139557e-10
-7.993605777301127e-15
2.3939183968479938e-15
-6.106226635438361e-16
5.551115123125783e-16
-1.1102230246251565e-15
-4.163336342344337e-16
4.440892098500626e-16
-1.7763568394002505e-15
0.0
-1.1466044114172291e-08
-5.665254576570078e-07
-5.072154030116849e-08
-4.470126313549372e-08
-1.700464125065082e-08
-2.1826719986961507e-08
-5.429278360224998e-09
1.8537167356669215e-09
1.689949513661304e-09
1.2212453270876722e-15
-2.5777990853015353e-15
6.106226635438361e-16
-4.440892098500626e-16
9.992007221626409e-16
3.885780586188048e-16
0.0
-7.549516567451064e-15
2.220446049250313e-16
-7.097911658426881e-08
-5.744518816186428e-07
-1.3386232788903385e-07
-6.764986260066053e-08
-2.7861901230608055e-08
-2.7772369293188603e-08
-6.610288849628887e-08
-6.189757040253596e-08
-5.927568547114959e-09
-1.1435297153639112e-14
2.5951463200613034e-15
-3.3306690738754696e-16
3.3306690738754696e-16
-7.771561172376096e-16
2.220446049250313e-16
-6.661338147750939e-16
7.105427357601002e-15
2.220446049250313e-16
-3.056134607604122e-07
-4.846662449153882e-07
-3.6189651209106444e-07
-9.446125126544302e-08
-4.138474452020091e-08
-3.7389486173822206e-08
-2.674294812265998e-07
-2.2347214792550751e-07
-3.028192741005853e-08
1.7208456881689926e-14
-2.3245294578089215e-16
-5.551115123125783e-17
-5.551115123125783e-16
1.6653345369377348e-16
-1.1102230246251565e-16
7.771561172376096e-16
0.0
-1.1102230246251565e-16
-9.990487157551797e-07
4.811125791093218e-07
-9.753761069930533e-07
-9.389352229050019e-08
-4.1947213702542285e-08
-4.491581773180542e-08
-8.807924212206332e-07
-7.44786811335274e-07
-7.842858024131871e-08
-6.8833827526759706e-15
-2.1267709815475655e-15
2.7755575615628914e-16
8.881784197001252e-16
4.440892098500626e-16
-4.440892098500626e-16
-1.1657341758564144e-15
-3.552713678800501e-15
-1.1102230246251565e-16
-3.5086353911140122e-06
3.0259939336474417e-06
-2.90864782970246e-06
-8.779423232851968e-08
-4.030758482542751e-08
-4.831172314978538e-08
-2.820314527696155e-06
-2.106626832976133e-06
-1.61223321804016e-07
-3.3306690738754696e-15
3.948230631323213e-15
4.440892098500626e-16
2.220446049250313e-16
-1.6653345369377348e-16
0.0
4.996003610813204e-16
1.7763568394002505e-15
4.440892098500626e-16
-6.934577797323982e-06
6.690923832763929e-06
-5.260792390382463e-06
-5.432327032650619e-08
-2.7042737826832308e-08
-4.654213014987363e-08
-5.2065109947818655e-06
-3.671425793605465e-06
-1.0903374075832417e-07
3.219646771412954e-15
-2.7755575615628914e-16
-5.828670879282072e-16
-2.220446049250313e-16
0.0
2.220446049250313e-16
-1.1102230246251565e-16
-1.7763568394002505e-15
-3.3306690738754696e-16
-3.7976113667070877e-06
3.5729915168758457e-06
-2.6278584694949814e-06
2.8731643730850468e-08
1.2803782922787832e-08
-3.5285141919416674e-08
-2.655930121164829e-06
-1.798385850682038e-06
4.506035605755798e-08
-1.1102230246251565e-14
-6.522560269672795e-16
4.163336342344337e-16
-4.440892098500626e-16
2.220446049250313e-16
0.0
5.273559366969494e-16
-3.552713678800501e-15
1.6653345369377348e-16
-8.664699180371827e-07
4.7180999018792136e-07
-4.99266602282944e-07
8.84135555878629e-08
4.263214847810559e-08
-2.231606011093845e-08
-5.879820719201234e-07
-3.3309113911528243e-07
2.278935384847358e-08
2.220446049250313e-16
-4.440892098500626e-16
-6.661338147750939e-16
3.3306690738754696e-16
-6.106226635438361e-16
0.0
-3.0531133177191805e-16
8.881784197001252e-16
1.6653345369377348e-16
-2.0491360430696656e-07
-2.1231212699035495e-07
-6.773406902027546e-08
6.85193963789743e-08
3.190143216258434e-08
-1.766990109786093e-08
-1.375357321364845e-07
-2.049536496073756e-08
1.4908129508661716e-08
7.105427357601002e-15
-4.996003610813204e-16
-8.326672684688674e-17
-1.1102230246251565e-16
-9.71445146547012e-17
6.661338147750939e-16
-1.3877787807814457e-17
2.6645352591003757e-15
-8.066464163292153e-17
2.429738543696658e-08
-4.928928376557451e-07
7.695948411878817e-08
-2.7688329851116574e-08
-1.9230905839995316e-08
-2.5667027614417748e-08
1.037437016293552e-07
1.089402965614994e-07
4.2684641932133616e-08
2.6645352591003757e-15
6.522560269672795e-16
1.942890293094024e-16
2.220446049250313e-16
3.191891195797325e-16
-2.220446049250313e-16
1.6653345369377348e-16
-8.881784197001252e-16
6.938893903907228e-17
2.0232351971571916e-07
-1.234537791994228e-06
1.3549867539097704e-07
-2.41514770848994e-07
-1.3479033666996543e-07
-5.505843603259564e-08
3.767282237276959e-07
2.730894638203196e-07
9.220869334747306e-08
4.107825191113079e-15
3.3306690738754696e-16
1.1102230246251565e-16
-6.106226635438361e-16
2.220446049250313e-16
-7.771561172376096e-16
4.440892098500626e-16
-1.7763568394002505e-15
2.7755575615628914e-17
1.5476421566518184e-06
-3.0316614285652572e-06
1.1297980009317143e-06
-4.388040970582097e-07
-2.4316713176375515e-07
-9.476592310875276e-08
1.5692803163602775e-06
1.0505075447309054e-06
3.185212043010921e-07
-1.5210055437364645e-14
5.551115123125783e-17
8.326672684688674e-17
-7.771561172376096e-16
-2.220446049250313e-16
7.771561172376096e-16
-1.2490009027033011e-15
1.3322676295501878e-15
-2.220446049250313e-16
1.0136316952014113e-05
-1.1607883891429083e-05
7.3184488158517524e-06
-3.138921602641176e-07
-1.8544449886803704e-07
-1.0016967877390925e-07
7.628285736416274e-06
5.105921356829413e-06
1.466833881025309e-06
7.216449660063518e-15
1.2628786905111156e-15
-1.3877787807814457e-17
1.27675647831893e-15
0.0
3.3306690738754696e-16
1.2212453270876722e-15
1.1102230246251565e-16
-1.1102230246251565e-16
1.3037619282840753e-05
-8.484404162345527e-06
1.0234672799924738e-05
-6.777275984859443e-08
-7.232409160451425e-08
-7.862766437938262e-08
1.0291181535393436e-05
6.379627421893019e-06
1.554693191962997e-06
5.995204332975845e-15
-2.706168622523819e-15
-2.7755575615628914e-16
-4.996003610813204e-16
-6.661338147750939e-16
3.885780586188048e-16
-6.661338147750939e-16
1.9949319973733282e-16
2.220446049250313e-16
8.069899912754863e-06
-5.127980699626278e-06
6.45306590030259e-06
6.8282290044408e-08
6.901807125814231e-09
-5.4345413502687734e-08
6.379071400886005e-06
3.894729907472083e-06
9.530839832905259e-07
-9.658940314238862e-15
-1.5959455978986625e-15
4.440892098500626e-16
-9.992007221626409e-16
-2.220446049250313e-16
-4.440892098500626e-16
2.220446049250313e-16
-5.620504062164855e-16
1.6653345369377348e-16
2.8683344499569334e-06
-7.5391132270397065e-06
1.6709475474385727e-06
1.4063443654066532e-07
5.091360222309049e-08
-4.0625145913963934e-08
1.5295036952522878e-06
1.3706477659525262e-06
5.674618357431882e-07
5.773159728050814e-15
-5.412337245047638e-16
0.0
2.220446049250313e-16
2.220446049250313e-16
-4.440892098500626e-16
-3.3306690738754696e-16
-6.661338147750939e-16
-4.440892098500626e-16
-3.50959135175799e-06
-8.4577180530232e-06
-3.834849962913722e-06
6.880459579861053e-08
1.53062060803677e-08
-5.176850947918866e-08
-3.892515646697348e-06
-1.447612137717158e-06
7.978457450263932e-08
3.3306690738754696e-16
1.3114509478384662e-15
0.0
1.3877787807814457e-15
2.220446049250313e-16
-3.3306690738754696e-16
9.992007221626409e-16
5.551115123125783e-16
0.0
2.283933397961846e-07
-5.201056865189457e-07
3.222978461892012e-07
-2.5531864622507783e-08
-3.2631069402100366e-08
-6.655962891954914e-08
3.565165869190423e-07
2.5020953131615897e-07
1.3735502157885549e-07
-2.9976021664879227e-15
8.925152283900673e-16
-2.7755575615628914e-16
-1.7208456881689926e-15
-2.220446049250313e-16
0.0
-2.220446049250313e-16
-7.7021722333370235e-16
-1.1102230246251565e-16
-1.7796021651861338e-06
1.4357107147588977e-06
-1.3303758574778612e-06
-9.940646750195015e-08
-6.811007757789866e-08
-7.888905173558669e-08
-1.2179708264170583e-06
-7.83749658950228e-07
-1.730980878633659e-07
1.2878587085651816e-14
6.314393452555578e-16
-1.6653345369377348e-16
-8.326672684688674e-17
0.0
3.3306690738754696e-16
-6.661338147750939e-16
2.220446049250313e-16
1.1102230246251565e-16
-5.759579229547285e-06
3.543781389225842e-06
-4.275544501552986e-06
-1.921381822533874e-07
-1.1043992120818304e-07
-9.648799448314094e-08
-4.052856784397818e-06
-2.3008572771487934e-06
-4.9903773557957714e-08
-5.10702591327572e-15
-7.892991815694472e-16
1.6653345369377348e-16
2.7755575615628914e-16
-4.440892098500626e-16
0.0
2.220446049250313e-16
1.1102230246251565e-16
-2.220446049250313e-16
5.95840333517117e-07
-3.792476377384446e-06
2.1374277636709846e-07
-1.0634320091185145e-07
-5.837594230229115e-08
-8.076111868149383e-08
3.236296099995428e-07
3.762523395067774e-07
-9.745892981527504e-09
-1.1435297153639112e-14
2.0192181260370035e-15
4.440892098500626e-16
1.887379141862766e-15
8.881784197001252e-16
0.0
-4.440892098500626e-16
1.1102230246251565e-15
0.0
-2.792222559833135e-07
-4.375012764512576e-06
-5.992723330905393e-07
-1.3926236519523627e-07
-6.884194014844525e-08
-8.58905409018007e-08
-4.813940752690371e-07
-2.426672729427537e-08
-1.7926151940628188e-07
1.1324274851176597e-14
-2.4980018054066022e-15
-3.3306690738754696e-16
-6.661338147750939e-16
-1.7763568394002505e-15
-4.440892098500626e-16
0.0
-5.551115123125783e-16
4.440892098500626e-16
-3.077101027315621e-07
-3.844435994437845e-06
-4.773945683211878e-07
-1.6003255609575717e-08
1.3328197212558734e-08
-8.239105753204967e-08
-4.677302900546465e-07
-7.886714747940005e-08
-1.6190121776560318e-07
-8.992806499463768e-15
1.942890293094024e-15
-5.551115123125783e-16
-1.5543122344752192e-15
-1.3322676295501878e-15
-8.881784197001252e-16
2.220446049250313e-16
-7.216449660063518e-16
0.0
-1.2067783217162287e-07
-3.4944182942808766e-06
-1.440019716802965e-07
1.7336676449986044e-07
1.5629322192012296e-07
-7.262205947711209e-08
-3.1218077012340473e-07
-6.18318516387717e-08
-1.296149481078146e-07
8.881784197001252e-16
-1.582067810090848e-15
7.771561172376096e-16
8.881784197001252e-16
5.329070518200751e-15
-4.440892098500626e-16
0.0
6.661338147750939e-16
1.6653345369377348e-16
-1.0992086174610449e-07
-2.3374654816166185e-06
-2.6946853814990845e-07
6.096705362779176e-10
-2.6870097258324677e-09
-2.461669756925744e-09
-2.666082181690399e-07
-6.230420268593662e-08
-1.1601952820683438e-07
-2.55351295663786e-15
-2.1718737919229625e-15
-1.0547118733938987e-15
-4.440892098500626e-16
-3.552713678800501e-15
6.661338147750939e-16
2.220446049250313e-16
1.2212453270876722e-15
-5.551115123125783e-16
-8.24388308728885e-08
-1.9054354538639018e-06
-1.68177957782234e-07
-2.3306956364876896e-09
-1.7250050277084481e-09
2.4429876344100873e-08
-1.6892612109131733e-07
-2.843022883780577e-08
-9.35542949775936e-08
1.354472090042691e-14
1.2559397966072083e-15
7.979727989493313e-17
0.0
2.6645352591003757e-15
-6.661338147750939e-16
0.0
-7.771561172376096e-16
7.216449660063518e-16
-1.0104153602696897e-07
-1.7385292316873802e-06
-1.2705563889880978e-07
-3.3017588663142305e-10
5.242830614093918e-10
-7.996673545562771e-09
-1.366390556256647e-07
-1.692144380172067e-08
-8.875491275261993e-08
-1.6986412276764895e-14
-6.140921104957897e-16
9.71445146547012e-16
0.0
-3.552713678800501e-15
1.1102230246251565e-16
-6.661338147750939e-16
3.3306690738754696e-16
-8.881784197001252e-16
-2.3804467730315082e-07
-1.8290143444232852e-06
-2.148270406010511e-07
-1.888428080576432e-09
2.1344268574807757e-09
5.097904431927702e-09
-2.2639566665816346e-07
-6.648014405641334e-08
-1.0657210580689025e-07
0.0
1.5633111125068488e-15
5.551115123125783e-17
0.0
5.329070518200751e-15
-3.608224830031759e-16
4.440892098500626e-16
-4.440892098500626e-16
1.4432899320127035e-15
-3.7506622163618886e-07
-2.0986398396871664e-06
-3.164910085118322e-07
-1.4521450708571138e-09
3.6182390417138777e-09
-1.782660907778677e-09
-3.25945098467173e-07
-1.2125302184529119e-07
-1.3226684458800264e-07
1.9206858326015208e-14
-1.5994150448506161e-15
-8.604228440844963e-16
-8.881784197001252e-16
-8.881784197001252e-16
3.3306690738754696e-16
-5.551115123125783e-16
-4.996003610813204e-16
-8.881784197001252e-16
-3.931010219559994e-07
-2.3339836587865648e-06
-3.1693615643035855e-07
-1.4700676231882426e-09
4.713124113209233e-09
-1.064404375750172e-08
-3.1981816484005776e-07
-1.247822289940359e-07
-1.429382976425586e-07
-1.0547118733938987e-14
1.3877787807814457e-15
1.942890293094024e-16
-4.440892098500626e-16
4.440892098500626e-16
6.661338147750939e-16
0.0
3.3306690738754696e-16
6.661338147750939e-16
-9.014387103434274e-08
-2.276123453270884e-06
-3.736965492606714e-08
-4.015541676949397e-09
2.7046862527413396e-09
6.12890116435949e-09
-2.9874261286977344e-08
1.4798452241393532e-08
-1.1077474582066316e-07
-1.9984014443252818e-15
3.0322966360074588e-15
8.326672684688674e-17
0.0
-3.3306690738754696e-15
-2.220446049250313e-16
0.0
4.440892098500626e-16
-4.440892098500626e-16
3.290356362928293e-07
-2.038474111287769e-06
3.5137565923548664e-07
-2.3366695245385927e-09
-1.1924163878518357e-09
7.961952541712947e-09
3.608116898590197e-07
2.0970843639389616e-07
-6.329439372620982e-08
3.219646771412954e-15
-2.6298407895808396e-15
8.604228440844963e-16
0.0
2.7755575615628914e-16
0.0
2.220446049250313e-16
-9.992007221626409e-16
1.942890293094024e-16
1.6688214765636644e-07
-1.977025629429363e-06
2.511084904455174e-07
4.155196187127785e-09
-7.409882041287119e-09
2.273407018194007e-09
2.4901727790904715e-07
1.4202279707831167e-07
-8.899726822164666e-08
5.551115123125783e-16
1.9914625504213745e-15
-1.3183898417423734e-15
2.220446049250313e-16
-1.1102230246251565e-15
2.220446049250313e-16
-6.661338147750939e-16
1.0824674490095276e-15
1.1102230246251565e-16
-2.497183828609195e-07
-1.1093950504914574e-06
-2.9936666123830946e-07
7.330288376294902e-09
-1.504563051923924e-08
-2.5196514874537006e-09
-2.9968034809257915e-07
-2.2349727402115604e-07
-2.2795582310664028e-07
6.661338147750939e-15
-3.608224830031759e-15
1.214306433183765e-15
2.220446049250313e-16
3.1086244689504383e-15
2.220446049250313e-16
9.992007221626409e-16
-6.106226635438361e-16
-4.440892098500626e-16
4.4839740809266004e-07
-1.5245996110024862e-06
3.543963611463141e-07
1.5407097819775117e-09
-1.517988890142874e-08
1.9130161899028053e-09
3.616889436841575e-07
1.227378447765659e-07
-1.9030872522307618e-07
-1.787459069646502e-14
-1.0685896612017132e-15
-1.1796119636642288e-16
0.0
-4.884981308350689e-15
-2.220446049250313e-16
2.220446049250313e-16
6.38378239159465e-16
-2.220446049250313e-16
2.0502220063889354e-06
-2.032614645486319e-06
1.8338197147471644e-06
-1.7711681010723623e-09
-7.718170103032662e-09
-5.834538963078728e-10
1.8422869363377004e-06
9.033026806548606e-07
-7.88835023968204e-08
8.104628079763643e-15
1.942890293094024e-15
-7.010451247291272e-16
6.661338147750939e-16
3.9968028886505635e-15
-1.1102230246251565e-16
-1.8908485888147197e-15
-4.440892098500626e-16
4.440892098500626e-16
2.6956294050251017e-06
-3.939427131172124e-06
2.515921394774523e-06
-2.972600832151784e-09
1.3500489615125844e-10
-5.1360327102401016e-09
2.522930381942956e-06
1.233157270519314e-06
-2.0750866269736434e-07
6.772360450213455e-15
-1.970645868709653e-15
7.771561172376096e-16
6.661338147750939e-16
-8.881784197001252e-16
-5.551115123125783e-17
2.3314683517128287e-15
-4.440892098500626e-16
0.0
-2.061381554341324e-08
6.003881480864948e-08
-4.4536061949429495e-08
-3.156794825542874e-09
2.903975282464444e-09
-8.591635958232757e-09
-4.108633788746374e-08
-2.7649619482872364e-08
-6.224089688089407e-09
-3.4416913763379853e-15
7.771561172376096e-16
-9.43689570931383e-16
-2.4424906541753444e-15
1.7763568394002505e-15
-7.979727989493313e-17
1.457167719820518e-16
0.0
-1.1102230246251565e-16
-2.7942909852640696e-07
3.227778506698087e-07
-3.1276761802701003e-07
-2.0729715721756747e-09
1.949338468421047e-09
-9.415905721787963e-09
-3.1184847770759916e-07
-1.773969482421478e-07
-4.253671037623974e-08
-8.881784197001252e-15
3.552713678800501e-15
7.771561172376096e-16
4.440892098500626e-16
-3.552713678800501e-15
0.0
-7.632783294297951e-17
3.3306690738754696e-16
4.163336342344337e-16
-3.413494965798236e-06
3.0274366054072743e-06
-3.4479098189876827e-06
-2.794294573504885e-09
-7.464260320944049e-10
-9.186343685740894e-09
-3.4495621870078703e-06
-1.8595696369416714e-06
-2.7324632911884805e-07
1.3655743202889425e-14
-4.052314039881821e-15
-5.551115123125783e-17
6.661338147750939e-16
-8.881784197001252e-16
2.7755575615628914e-16
-7.771561172376096e-16
-5.551115123125783e-16
-1.0547118733938987e-15
2.842682904180549e-06
-7.634002940903883e-08
2.5358800144203997e-06
-1.985377195978799e-09
-1.277138395039401e-10
-8.718649358030461e-09
2.520505111291982e-06
1.3181611624446532e-06
2.1131626937176406e-07
1.2212453270876722e-15
4.6351811278100286e-15
-6.661338147750939e-16
8.430756093247282e-16
8.881784197001252e-16
-2.220446049250313e-16
5.551115123125783e-16
2.7755575615628914e-16
2.220446049250313e-16
-9.192291372528416e-08
-1.3704612911169534e-07
-5.7593087632312745e-08
1.2463647891536311e-09
1.8397394718761007e-09
-1.1148552081507999e-08
-6.145061703932697e-08
-3.09911207807545e-08
-4.966068445355631e-09
-7.771561172376096e-15
-4.926614671774132e-15
-3.885780586188048e-16
-8.049116928532385e-16
0.0
5.551115123125783e-17
-1.0547118733938987e-15
-1.8041124150158794e-16
-1.1102230246251565e-16
-4.2481680395667354e-08
-1.8881536334447446e-08
-6.559189813515331e-08
1.055223464163646e-09
1.792455961435735e-09
-1.1766151497560884e-08
-5.954561288490367e-08
-3.4275775107062145e-08
-1.0792774673973327e-08
-9.325873406851315e-15
2.040034807748725e-15
9.992007221626409e-16
2.636779683484747e-16
8.881784197001252e-16
2.7755575615628914e-17
1.0547118733938987e-15
-1.6653345369377348e-16
1.1102230246251565e-16
-1.203892310286392e-07
-7.775229704520825e-08
-1.3353461980614156e-07
8.34788682624321e-10
1.9687842467419614e-09
-8.5734326304987e-09
-1.2586009034976087e-07
-7.31606490944614e-08
-2.2475219907391875e-08
1.887379141862766e-14
-4.440892098500626e-16
-4.440892098500626e-16
1.6653345369377348e-16
-8.881784197001252e-16
-1.1102230246251565e-16
-1.8318679906315083e-15
0.0
-8.881784197001252e-16
-2.2230596741223962e-07
-8.885442781547681e-08
-2.190188972406304e-07
1.561613949263574e-09
2.3509674207389253e-09
-5.182836548822678e-09
-2.1586555121189124e-07
-1.2541970129120728e-07
-4.139033649153134e-08
1.1102230246251565e-16
3.497202527569243e-15
2.7755575615628914e-16
-1.1102230246251565e-15
-2.220446049250313e-16
4.85722573273506e-17
2.192690473634684e-15
4.440892098500626e-16
1.4432899320127035e-15
-2.4312486512911846e-07
-1.7824044107328518e-07
-1.9621878166731221e-07
1.2974084029337973e-09
1.487286738210969e-09
-2.2920546571825184e-09
-1.9651249871799337e-07
-1.1437686353588104e-07
-4.62203217921342e-08
-3.1086244689504383e-15
-1.1657341758564144e-15
1.3877787807814457e-16
1.609823385706477e-15
-2.220446049250313e-16
-1.3877787807814457e-17
-2.1649348980190553e-15
0.0
-7.771561172376096e-16
-2.9095521725253093e-07
-1.8508539767481125e-07
-2.1784572723504425e-07
-8.758256342389359e-10
-1.1575469471836186e-09
-1.4713759100004609e-09
-2.160505658821421e-07
-1.282511750133608e-07
-5.937977221037726e-08
-1.1435297153639112e-14
1.582067810090848e-15
-4.163336342344337e-16
1.1102230246251565e-16
2.3592239273284576e-16
4.163336342344337e-17
1.7208456881689926e-15
2.220446049250313e-16
4.996003610813204e-16
-3.747639887308196e-07
-2.748234635419067e-07
-2.7730551721560914e-07
-6.980005906598308e-09
-5.642684541840026e-09
5.5023579026425296e-09
-2.688966702635298e-07
-1.6013680514959105e-07
-8.00538657586003e-08
-2.9976021664879227e-15
-4.3021142204224816e-15
4.579669976578771e-16
-1.1102230246251565e-16
7.771561172376096e-16
-2.7755575615628914e-17
-2.220446049250313e-16
-8.881784197001252e-16
-1.3877787807814457e-15
-5.533503504295822e-07
-4.976429721637032e-07
-4.42315865711862e-07
-6.300682287019299e-08
-3.8232421673001233e-08
3.9681774810507164e-09
-3.7912560912900517e-07
-2.236170857372599e-07
-1.1565012414394005e-07
1.3322676295501878e-14
-7.632783294297951e-17
-6.38378239159465e-16
-1.0547118733938987e-15
-1.1102230246251565e-15
5.551115123125783e-17
6.661338147750939e-16
0.0
1.1934897514720433e-15
6.522587057133933e-07
-6.180724199111864e-07
5.995154115367995e-07
7.973103102187906e-07
4.5405208837223654e-07
7.689649250686159e-08
-1.8887461550320947e-07
-1.2341826938211398e-07
-1.1106915565051168e-07
-7.993605777301127e-15
3.833738881908744e-15
2.7755575615628914e-16
1.1102230246251565e-16
6.661338147750939e-16
0.0
-1.1657341758564144e-15
2.220446049250313e-16
-6.661338147750939e-16
1.0608179934479267e-07
-8.939805837826497e-07
1.0771199754344707e-07
-5.315633089253424e-08
-4.386361496244717e-09
1.1932001608983e-08
1.7276300567914404e-07
7.258747292127055e-08
-7.531428991569555e-08
1.0658141036401503e-14
-2.400857290751901e-15
2.220446049250313e-16
-4.440892098500626e-16
-6.661338147750939e-16
-2.220446049250313e-16
-1.27675647831893e-15
-1.7763568394002505e-15
1.1102230246251565e-15
3.3758423967356066e-07
-8.833239775185575e-07
3.5986262858500595e-07
-2.7343677544422466e-08
3.6611889075999215e-09
1.7680967800970393e-08
3.9600280743457006e-07
1.9704896381256276e-07
-5.2204512712705764e-08
-9.769962616701378e-15
-1.4016565685892601e-15
-1.6653345369377348e-16
1.1102230246251565e-15
-4.440892098500626e-16
2.220446049250313e-16
-2.7755575615628914e-17
0.0
4.440892098500626e-16
3.713223577506142e-07
-9.920544670194431e-07
4.354596492284202e-07
3.365340095484726e-08
3.744794518922845e-08
3.1669328492967e-08
4.083769162832596e-07
2.1092678181844351e-07
-6.1263236261766e-08
1.3100631690576847e-14
3.1780134079895106e-15
-6.106226635438361e-16
-1.4432899320127035e-15
9.992007221626409e-16
-1.457167719820518e-16
1.6653345369377348e-16
2.220446049250313e-15
-4.440892098500626e-16
-3.257023379887869e-07
-1.2911657023551015e-06
-9.403181744360721e-08
-7.792374034920613e-08
-2.26769039102237e-08
1.6855404183502287e-08
-1.5484491910910947e-08
-1.3395062836707439e-09
-1.5457187174661158e-07
-6.8833827526759706e-15
8.743006318923108e-16
2.7755575615628914e-16
8.881784197001252e-16
-1.3322676295501878e-15
0.0
9.992007221626409e-16
0.0
4.440892098500626e-16
-5.306574642816031e-06
9.191388684826052e-06
-3.866371294236615e-07
1.0766960532038183e-06
5.707328689652513e-07
1.5000962427791364e-06
-1.4822750529219775e-06
-7.431393527213004e-07
-4.847832713039679e-07
-4.218847493575595e-15
-2.8033131371785203e-15
-2.220446049250313e-16
-8.881784197001252e-16
4.579669976578771e-16
0.0
-3.885780586188048e-16
-1.3322676295501878e-15
-4.440892098500626e-16
-2.8465861703352857e-06
-2.935888488764249e-06
-1.8091520974650166e-06
-1.6967622151753403e-07
-8.786814831296397e-08
6.648430073141753e-08
-1.5850958874352727e-06
-7.435557378698832e-07
-6.295757408736335e-07
1.1213252548714081e-14
2.1094237467877974e-15
4.996003610813204e-16
1.3322676295501878e-15
7.771561172376096e-16
0.0
6.661338147750939e-16
0.0
5.551115123125783e-16
1.4063681419429486e-07
6.70721732376478e-07
2.3292241024819305e-07
2.250012052229522e-07
1.140351173489762e-07
9.14013327246721e-08
-3.765437517344594e-09
2.996742409777653e-09
-1.3740808491036205e-10
-1.2434497875801753e-14
-2.9698465908722937e-15
-3.885780586188048e-16
-6.661338147750939e-16
1.0547118733938987e-15
0.0
-1.5543122344752192e-15
-8.881784197001252e-16
-8.881784197001252e-16
1.4099396139499731e-07
5.163418563824962e-07
2.838531472093564e-07
2.6142919828942013e-07
1.3878949545187425e-07
8.792666861268118e-08
-9.673789769237828e-09
9.52122070074779e-09
-6.662833063053597e-10
5.10702591327572e-15
2.9698465908722937e-15
1.6653345369377348e-16
2.220446049250313e-16
-2.220446049250313e-16
0.0
1.3322676295501878e-15
1.7763568394002505e-15
0.0
1.2281125094659728e-07
6.031899832947829e-07
2.3796095760530989e-07
2.0672686051881328e-07
1.1146072864676171e-07
8.744896007328862e-08
9.644097076488833e-09
5.5092148620872194e-09
2.315538871755507e-10
5.551115123125783e-15
-3.219646771412954e-15
4.85722573273506e-16
-4.440892098500626e-16
-9.43689570931383e-16
-1.1102230246251565e-16
4.440892098500626e-16
-8.881784197001252e-16
0.0
1.2798466286767507e-07
6.414932514076099e-07
2.2078974204475799e-07
1.8884508889982499e-07
1.0132558969644379e-07
8.686119024048367e-08
2.4092878803116943e-08
1.0379176407226964e-08
8.401488948983626e-10
-1.6764367671839864e-14
-1.1657341758564144e-15
-8.326672684688674e-16
1.1102230246251565e-16
8.881784197001252e-16
2.220446049250313e-16
-4.440892098500626e-16
-3.552713678800501e-15
-4.440892098500626e-16
8.909697157832852e-08
7.197489821919589e-07
2.0573797421263862e-07
1.8315830274673317e-07
9.831146741134944e-08
9.678308288130211e-08
1.866727128430057e-08
1.3496665673962127e-08
7.786761235806239e-10
3.885780586188048e-15
1.4710455076283324e-15
4.996003610813204e-16
0.0
-1.9984014443252818e-15
0.0
0.0
0.0
4.440892098500626e-16
1.1869810379039336e-07
6.865840873615525e-07
2.1278279360714691e-07
2.0315644633228658e-07
1.0773635494842893e-07
9.103398390664097e-08
1.04588475657863e-08
1.3868216131029953e-08
9.168920067637032e-10
1.3655743202889425e-14
-1.186550857568136e-15
2.7755575615628914e-16
0.0
1.817990202823694e-15
0.0
0.0
1.021405182655144e-14
-3.885780586188048e-16
2.3860219044991027e-07
4.2540046507610896e-07
2.5493800492881746e-07
2.5612792242668547e-07
1.334295731680868e-07
6.341247171803843e-08
1.4393356062569751e-08
1.6429314797505867e-08
1.2421523809535984e-09
-3.9968028886505635e-15
1.4432899320127035e-15
-2.7755575615628914e-16
-1.6653345369377348e-16
-1.1796119636642288e-15
0.0
4.440892098500626e-16
-3.9968028886505635e-15
0.0
2.954075455363636e-07
2.407369166235185e-07
2.76725384384946e-07
2.8389694506358865e-07
1.4970590456186983e-07
5.630274380052924e-08
2.01228120833008e-08
1.81794854725581e-08
1.4841483597649585e-09
-1.63202784619898e-14
8.743006318923108e-16
2.7755575615628914e-16
1.6653345369377348e-16
-1.1102230246251565e-16
2.220446049250313e-16
4.440892098500626e-16
2.886579864025407e-15
-4.440892098500626e-16
2.760274924185069e-07
-3.1871451255938155e-08
2.47869121672295e-07
2.6090257954081153e-07
1.4355682509403778e-07
4.6139659204413874e-08
2.158061418455759e-08
1.6554452031414257e-08
1.30759636451927e-09
2.1316282072803006e-14
6.765421556309548e-16
-7.771561172376096e-16
-5.551115123125783e-17
1.9567680809018384e-15
-5.551115123125783e-16
0.0
-9.037909309839165e-15
8.881784197001252e-16
1.6278527326107906e-07
-5.814072920884428e-07
1.267508480395918e-07
1.4281065219279299e-07
9.404773493315588e-08
1.2632146884072881e-08
2.5211693177595862e-08
1.2474425492570163e-08
6.941944796778898e-10
-1.4099832412739488e-14
-3.028827189055505e-15
6.938893903907228e-16
0.0
-3.0531133177191805e-16
2.220446049250313e-16
-4.440892098500626e-16
2.220446049250313e-15
0.0
-1.5134474651290475e-07
-1.575835156586436e-06
-1.886110716498024e-07
-1.5702089584124224e-07
-3.988227348372675e-08
-6.23059603910292e-08
2.04684464932825e-08
-1.0089631352627748e-09
-4.81164219579e-10
6.217248937900877e-15
1.6410484082740595e-15
-7.216449660063518e-16
-1.1102230246251565e-16
-6.661338147750939e-16
0.0
6.661338147750939e-16
2.886579864025407e-15
-8.881784197001252e-16
-8.233615567121433e-07
-2.828963683754182e-06
-7.552624126105911e-07
-7.388558493914843e-07
-3.191135746760665e-07
-1.6680286663017796e-07
2.4171368018244266e-08
-1.5454763691025164e-08
-2.0718896598381775e-09
-6.5503158452884236e-15
1.5439038936193583e-15
6.938893903907228e-16
1.1102230246251565e-16
-6.106226635438361e-16
4.440892098500626e-16
-8.881784197001252e-16
-3.552713678800501e-15
-2.220446049250313e-16
-1.820979629529873e-06
-4.675000624843051e-06
-1.6147757682105635e-06
-1.6051409446049547e-06
-7.415293055146321e-07
-3.4533739179387624e-07
3.389794400732171e-08
-2.8426701659256537e-08
-3.6917855439355662e-09
4.107825191113079e-15
-2.1076890233118206e-15
3.3306690738754696e-16
1.1102230246251565e-16
-2.220446049250313e-16
-6.106226635438361e-16
-4.440892098500626e-16
6.661338147750939e-15
2.220446049250313e-16
-3.253839035544104e-06
-7.0300223562469455e-06
-2.8563989813434887e-06
-2.79787832013767e-06
-1.328737472050534e-06
-5.965082723324855e-07
1.3528175912824736e-08
-5.781478118471739e-08
-5.129909164125479e-09
4.6629367034256575e-15
-1.3032110113275763e-15
-8.326672684688674e-17
-1.1102230246251565e-16
-5.551115123125783e-17
1.1102230246251565e-16
-1.1102230246251565e-16
-5.329070518200751e-15
2.220446049250313e-16
-5.267502780625932e-06
-1.0232497309914379e-05
-4.555009239126662e-06
-4.463517220776314e-06
-2.153014754924243e-06
-9.436501802184694e-07
2.596702586288302e-08
-6.494649085198034e-08
-3.4028827533560957e-09
-1.587618925213974e-14
3.606490106555782e-15
-3.469446951953614e-16
-1.1102230246251565e-16
8.881784197001252e-16
-4.440892098500626e-16
1.4710455076283324e-15
0.0
-2.220446049250313e-16
-8.137758815252027e-06
-1.3677287519442416e-05
-6.906083602764568e-06
-6.589580737514922e-06
-3.223272216246187e-06
-1.381728790050829e-06
-1.3815590804711064e-07
-1.7890486958549445e-07
3.567205419940933e-09
1.3877787807814457e-14
6.522560269672795e-16
3.5388358909926865e-16
5.551115123125783e-16
-3.3306690738754696e-16
9.992007221626409e-16
-1.609823385706477e-15
4.440892098500626e-15
2.220446049250313e-16
-9.666989338796839e-06
-2.1174024098513655e-05
-8.243793365059204e-06
-9.54663589247673e-06
-4.720406113989384e-06
-1.9953194723143497e-06
1.5431873556792652e-06
9.856536062891053e-07
2.641382368384626e-08
5.329070518200751e-15
-4.3298697960381105e-15
-6.591949208711867e-17
-4.440892098500626e-16
1.6653345369377348e-16
-9.992007221626409e-16
2.7755575615628914e-16
0.0
2.220446049250313e-16
-1.8011917347848794e-05
-2.5204974921422263e-05
-1.4740602353291443e-05
-1.3647029021734978e-05
-6.817987900475941e-06
-2.8455962564066795e-06
-7.770136356555213e-07
-6.051702814424686e-07
-3.690340977247075e-08
-4.773959005888173e-15
7.632783294297951e-16
-6.591949208711867e-17
-2.220446049250313e-16
-7.216449660063518e-16
1.2212453270876722e-15
3.3306690738754696e-16
-1.7763568394002505e-15
-2.220446049250313e-16
-2.5720757907521374e-05
-3.500295562020028e-05
-2.074331423074227e-05
-1.9991977478595047e-05
-1.0113812804135591e-05
-4.089109239657773e-06
-2.9884190411166855e-07
-2.607708724511326e-07
-2.255586761812367e-08
-5.551115123125783e-15
2.4841240175987878e-15
1.491862189340054e-16
-2.220446049250313e-16
6.106226635438361e-16
-8.881784197001252e-16
5.551115123125783e-17
-8.881784197001252e-16
-2.7755575615628914e-16
-3.780162694511091e-05
-4.744779356613549e-05
-2.99462940889228e-05
-2.8730779632946124e-05
-1.4701065535582813e-05
-5.820304789239117e-06
-5.786008347996585e-07
-4.038164098107977e-07
-9.678246715161265e-08
1.2212453270876722e-14
-1.5265566588595902e-16
8.326672684688674e-17
2.220446049250313e-16
-1.1102230246251565e-16
4.440892098500626e-16
6.661338147750939e-16
-8.881784197001252e-16
2.5847379792054426e-16
-4.779141974609047e-05
-6.192437041363519e-05
-3.66039943965335e-05
-3.557041697366259e-05
-1.83058132683378e-05
-7.62609703031103e-06
-1.4786023250223934e-07
-6.840568023136484e-08
-1.988108699890745e-08
-1.6986412276764895e-14
-2.7755575615628914e-17
0.0
8.881784197001252e-16
5.551115123125783e-17
2.220446049250313e-16
-8.881784197001252e-16
1.3322676295501878e-15
0.0
-2.686329874990179e-05
-7.527712568844436e-05
-1.9401196951207567e-05
-2.9134804845731832e-05
-1.5407564839975407e-05
-8.427374460495685e-06
1.0283418178325121e-05
6.653975060055828e-06
1.9097310568483294e-06
