7.858567951223642 2.6425465598644777 -3.2644777238944727 15.491599166670175 -25.78857087949809 
9.008540246482875 5.6047545839320625 2.4387435435165994 11.96596252163208 -13.873953783945263 
14.899630509230159 5.656260917832114 5.930965036546296 19.70952450797441 -24.234646529705874 
18.84805570131483 3.835579176452891 8.83160736160586 22.738313062460744 -24.8708147982459 
20.718562536511488 3.026908526489333 11.8272974731536 22.03471742554967 -20.73883924542646 
16.986732121886437 2.0632703355532223 14.745008014613411 18.72837955093239 -18.274338062680172 
8.008639806752404 -1.0644637012728222 16.626483254638426 9.401024659732428 -25.61937101172745 
-4.895667327255845 -3.372046149367219 20.134844911246187 -11.985416383048975 -55.67386009667713 
-12.803568926067065 -4.51753525485803 22.87379740056005 -27.65215392973358 -87.32579577895856 
-7.292755267310318 -6.6363761360966675 26.175842297850632 -28.450564193470772 -91.04465283692389 
-0.5858318436997833 0.9875601383055286 38.58436073153563 34.95127723286807 6.206680026400817 
7.918635128053705 -2.703454106763113 23.33862458766082 -9.763913402712152 -30.633322952677304 
3.8771619670261557 -4.00612072648201 18.901557932833715 -5.9576116081014305 -43.35868744997514 
0.3121384593514523 -7.571771378417003 19.829796839157524 -10.980958938087733 -53.756125291651635 
-7.544282959129661 -10.693537529282013 19.691903626002155 -16.313689511991097 -66.77689627472323 
-14.384101350634449 -12.718216470744235 19.647980506210306 -22.22807763017641 -82.47767401258483 
-12.299914500272049 -12.522336111663737 20.41780822627984 -22.0240282943296 -91.36775469033672 
-4.1597568316408955 -9.050012578935995 21.565381698006586 -18.22726300694447 -93.52997968597829 
2.153062561400173 -5.439217536009329 21.127306716697003 -14.451023072386178 -92.35322135815183 
6.8275170354942025 0.05033900582850905 20.19363016695592 -10.287510826276113 -87.52990153567937 
6.39010039284303 13.78271254433188 20.11224798450021 -5.2100377318561515 -78.91796898588464 
1.73237482856719 8.408987942565156 17.52280959961655 1.1152904248049456 -66.16660211535768 
6.117219574977293 19.96561727868258 19.075393911046696 6.389906550965701 -54.328077709194346 
7.01173188385676 29.545938100484307 22.034744775227704 10.80010535388308 -44.509853507596006 
5.0752510349038555 34.44998445241017 27.47804549189295 15.378324280670498 -40.487933440943195 
2.2597922754856046 37.54282442573578 29.64419137384119 24.514648759688694 -41.67315016215162 
-2.365488924695403 36.4036341455081 21.935193269136438 29.731183181284994 -15.798914303677392 
-11.92307698045123 37.1107982963718 1.6180237699628786 -26.499886239446564 -0.8141488604622201 
1.4157655647428802 40.40314324865613 0.8123464366107944 -1.8906873908054582 -0.4177859268921095 
12.316826025894967 47.674117197926826 8.686646798959828 0.5118455336539313 0.5728114896515272 
18.999632775881608 51.24835219295036 9.776909331183788 0.8456955929019894 0.6746905008837227 
23.546415070251015 51.97788031695063 7.627084616548658 4.015390695851082 1.0859423064577762 
24.619216640861847 49.915687744130494 6.463452598530356 4.230676654280199 1.072630217258722 
23.346177159966086 46.70480398054355 4.582176775284778 4.558082376011143 0.9740751754852777 
21.984282167301878 43.519868737676624 2.495888541251091 4.173023867585395 0.774875308798077 
21.375903683459306 40.83110696155115 1.6256494517270093 3.6239345645187506 0.6668776678964854 
21.303811187608662 38.45693045129628 1.850116647951006 3.2925241798099916 0.6687300010162961 
20.442138024060675 35.993057533641895 2.1976687764020664 3.0736367439306367 0.6909790713720011 
18.898210707129028 34.45975668670952 4.123218902671354 1.8310880960293798 0.6101620747777421 
16.30605146601656 38.66920818982047 7.046731707658949 -0.050377400613933525 0.5134251519064319 
14.903201652640053 39.044984628800265 8.836103808409277 -0.4082274415991035 0.5940834339808119 
13.358388372712678 35.19754060049103 10.03192847182012 -0.42432099596696243 0.6716653398843445 
12.256044151776829 31.918150295344176 9.950048885686325 -0.2419872009740889 0.6530657702723421 
12.927807730556108 29.527468931619445 10.448772286947941 -0.28594398924764924 0.5708287668706366 
13.454428394267287 26.739556018054436 11.476842959328994 0.03744637465561784 0.7086212568302057 
13.42511296926478 23.493764944604326 12.988346952757027 1.1192637909624406 0.9648560733042033 
13.420814923207805 19.858351170789486 14.791375698939662 3.302204472697386 1.7324538539926873 
13.503255020723232 15.33987845167632 16.300757781886155 5.494582353854839 3.4019733818321236 
12.541243586508422 9.286798623242063 11.305934381648456 6.350667057877803 4.1768666878442895 
10.241514984954613 2.6499329233189393 1.6946572953355077 -0.5533257722316162 2.3388565885055757 
9.660632116560942 -9.030782179708345 -12.648294822654393 2.9961163758783753 10.328916585854083 
6.524421103829308 -18.301149439514276 -25.674465599359493 10.384961208507052 26.397705653107185 
0.6989146285001304 -11.29719226382988 -10.493300670053257 1.93227193001071 18.6086196013217 
-1.8823075570571246 -12.145555060271368 -0.8058973235408469 5.816101638053389 12.920017727239726 
-2.9266313172943494 -12.330985091256585 5.8152140970198465 10.867219144160094 8.594642472055247 
-2.872037721236008 -11.151520916336496 9.547049126838534 13.257085148481343 6.790631473378439 
-2.0817418640174163 -9.212514320715421 12.036497555823656 12.910165872524432 6.1923344611396915 
-1.194281135980159 -6.8352980758934905 13.638476386874325 13.392694918902423 7.348038990682444 
2.3045671191661765 -2.7524322664434626 10.730051574489536 15.876994732360762 9.798141478059183 
9.374704576299077 3.074004015003055 4.54516678002809 16.17091625909631 8.19044096383943 
19.40781913232718 10.673975633728867 0.9084608431317608 16.758095933413593 5.34448320626386 
27.694000123846543 19.591161481520416 0.19699187748614477 20.302448412939732 3.492115857729369 
25.355796161646627 26.521445299991374 2.0767138478501357 25.53595900066831 -1.0894744533081264 
13.542625608261416 -13.965976258605325 2.1913535352300775 35.58294521388088 -10.516496794525999 
11.346647081425857 -4.909797831165405 14.360562226367403 33.34539069300166 -17.15498598630598 
8.87329022675642 -0.5284908208151315 18.355522300090968 30.65530499392433 -19.700229564175096 
8.197733714382416 1.7749994683879349 20.108800027540383 26.63490314392098 -20.714958961169433 
9.334889849879731 4.540329020888971 19.750839872165795 23.267925919875108 -21.356001163336146 
11.13986522677426 6.697967635962274 17.259700522591167 21.312223683540235 -22.256058279486073 
13.262891981440795 7.281928113761977 13.29063880150284 18.99094626282741 -25.47337074733084 
14.692708878216727 5.608716377406007 7.681508968190254 13.604470371382336 -33.935651945678124 
12.603409346304822 4.516445925355006 5.332251584533515 1.636838591168217 -50.93890249539133 
8.722137133906816 4.5280628101609555 10.416345804065168 -13.597974128794387 -80.56963135620397 
10.405094558241405 -1.020645358145375 9.986851151393775 -9.329306070128002 -91.11793840658643 
9.441190929500973 -2.926849298061843 10.35586681913654 -8.874579561092215 -94.73858766579328 
5.878379134524186 -1.3600376042907196 14.52752346915278 -13.219137042070534 -107.4461628800064 
2.8624043377965953 4.7666683691217 24.587556094014975 24.859109629461134 3.9298107834862805 
5.902685950908446 3.3484619610301416 17.333964725012326 11.753517696406814 0.5474386454151545 
15.785838857823299 -2.408830421348282 13.564777714395396 2.081358908407357 -64.152741043628 
10.803582684404146 -2.2324854957469835 16.85435759562133 -9.825041189900567 -71.88888760945072 
8.001696921332837 -3.2504259139300915 23.818248111225962 -16.297313051500545 -74.66296630274176 
0.19433350488645404 -5.693756985974824 29.696573456378594 -19.100846952490098 -75.60698703623889 
-7.118446918046551 -9.343027882162303 35.80516183733225 -20.89106491007347 -77.77499425727952 
-12.158239155534373 -12.853816534347933 38.53822815625292 -20.257401127366354 -82.89539691050686 
-14.591721046186688 -13.26897007778296 39.63936647271887 -17.710316807149653 -87.32097052790483 
-17.45549045105549 -11.357822754865945 40.797449591353626 -14.180145649537723 -89.97107008036329 
-20.949612518096867 -10.552286448563725 40.788313713405 -9.934699199756434 -90.60970014189125 
-18.89968310684155 -7.899662219516664 40.8196283815492 -5.062977145999916 -87.46334312255932 
-20.32394414583537 6.418462036202617 40.506333569642024 1.0269000498980982 -78.26267676310063 
-17.664009152688234 12.297574251307267 39.574317628965424 7.653800849452871 -65.2912171268537 
-14.428059461266594 18.99825916995576 38.54551345682707 13.288010617031771 -51.11230535000631 
-10.53869110929945 25.32015671593965 37.21261948468323 18.1320048464795 -36.52784957590169 
-9.345434909860659 33.574449915765065 29.860688098454325 23.152179135102706 -2.3598432516100574 
-10.405061094600848 48.02657113414869 14.178628673591865 -6.9567228929557 0.24316028562888123 
-1.6786359908444195 52.274050871552944 3.709763083860438 -4.781265643452857 -0.03023788992205562 
6.524766535846073 55.57955199531872 3.8686459027015507 -5.014015773539464 0.18288041135522323 
13.67172441235625 55.40587449159783 4.94266371499006 -3.1918261376992283 0.2814010759317636 
19.85902152275466 47.85247740993836 3.5297361097513353 -0.0728499560591232 0.5232439706090483 
23.418171372175646 52.33088189688041 1.325049369414337 0.5454079535647322 0.6576514649839127 
28.922260109074024 52.36789630954932 -0.7330216728723559 1.7016955810395906 0.7916074572873456 
31.76567465702736 50.458352066715584 -3.006729759294733 3.5144139972893242 0.8829568241719231 
32.17548865426587 48.80363443052872 -3.4692219946116825 4.165573714603503 0.8256760709230065 
31.997502707126024 48.17051735349771 -1.3826179234569673 3.287383316567061 0.6672168178753968 
31.3745444777348 51.101636559486195 2.304037402944425 1.361636455048418 0.501157629015782 
29.52450150521052 50.53659680469495 5.364993725590315 0.5252505378602816 0.47326561987295657 
27.929425790958433 45.99600644656846 6.696000404053257 0.22506988248302526 0.47496319423302363 
26.468118226355024 40.90043791289717 6.09359623321829 -0.5140857755332086 0.44888061634511556 
25.202748867624365 36.96958733334007 4.71830820038149 -1.3388098773897184 0.4328589161508288 
23.671232938200454 33.37581280231784 6.307442372423571 -1.3934773889605225 0.49958170438258936 
20.64340502779699 29.51969715313967 8.802220397289489 -0.5093197823286735 0.5964801479063031 
18.48464095256633 25.19309248043969 11.550643703575387 0.9565636897875729 0.7199211067622358 
16.598231723537943 20.662463399833037 13.518933581156814 0.49691531502027203 0.7148296937421019 
14.061396255099064 15.891086198115165 13.780369946438613 1.574439337755848 0.941807664604375 
12.62241108711361 11.939007424035697 14.986619166136295 0.943872403945129 1.0041897337910541 
11.043768738099729 8.300456210459412 17.33524481778189 3.482198761959105 1.741070489862274 
10.939120462240645 5.155586804556257 16.85201396746332 3.189908181839672 2.4254732459345325 
10.986693665656205 0.549804133831994 7.958321933449063 1.040664474862261 2.2979124634779535 
9.836837175280852 -7.925694730708273 -6.734057577341497 -1.113178140135352 3.7557821732076384 
8.959051403752749 -17.61151290365771 -32.08217799132579 18.128591866018958 28.649234876132574 
7.5003817873131275 -11.667374105468374 -21.568672109807 5.531438449215016 21.115050693121596 
6.597170262912919 -11.070733713992423 -13.466079515472472 5.84195314962009 15.4613066390138 
5.50559477434041 -10.875569009639584 -11.22995960485592 -0.024595241730132285 7.481670325478604 
8.49064568078454 -8.152787465141577 -1.5718866099854074 11.341128070306622 9.036963484576354 
12.092200838082478 -3.6198701454954314 2.3763750887362076 8.759829131183956 8.211618863553266 
16.581596983285433 1.5893849607884234 1.4671708473661864 11.472664164414615 10.324538133928163 
22.158295659730165 8.328507585082539 -1.1105753279966755 14.69409605320297 11.674740655079768 
31.463912354496326 15.84330499216612 -1.8576619834614947 15.251178498039177 9.66672915564418 
37.60015704268034 27.255811231963875 3.456905434173322 16.75918626891218 7.475049687871363 
15.746083681937115 22.523445467579307 1.2038081230563908 21.903871538240182 9.637049964951839 
5.480769823912738 3.720252813325909 1.0353952100203845 31.415997225106377 11.924835109000627 
1.3069391558396155 -25.91949372531545 2.685511157406126 42.492354917334964 2.882780085044204 
4.815644395507179 -1.6163327591992716 15.895812154781636 37.0211734809471 -0.36327969993829246 
9.291828204591866 6.2790739991692135 21.83945155350353 33.44029047414492 -3.237552650287162 
10.481998902995459 6.1458425888022825 21.75383511416756 31.3504218888132 -5.08440757799389 
10.85636934085115 6.738249138207037 20.04737799599126 29.34190412744431 -6.74199566494956 
10.128920251492165 7.26155636882578 18.48349737921004 27.453738586995158 -8.331422023282144 
7.618573940801401 6.539713458530382 21.14609811242588 28.025049141990756 -8.123336423133571 
6.271190035261313 5.336496106625438 21.328715375444308 27.742389871561887 -7.294156821510937 
8.996192107190438 4.197308789621673 20.6133448808589 27.598593401196688 -7.445832728145625 
15.149069565286435 2.960051883566627 19.541188757321343 24.519590261924208 -11.393087850489634 
14.6187909528629 1.2702847931613281 13.91162235681666 17.085138608564947 -21.25184312058784 
8.942445751090355 -0.8806506987143184 12.821062301903789 -1.9472097055256317 -44.71717931024958 
0.2923298469953219 -0.9750358572040614 16.021303594859745 -27.93425824667228 -93.42426277210926 
5.511916585717381 -4.60866978253485 11.027855747224015 -28.12541077984443 -100.00100153205193 
5.5762907307445655 -4.463662300193468 14.241830638626535 -34.873775152684786 -109.43707591441371 
3.567964286564889 0.07935318268230665 26.870124692494414 26.027797486497374 4.126726576515076 
2.7579322058829336 -0.6387639974947017 21.51657243052113 7.677873631959568 0.568944083645037 
8.589243451148358 -5.308412338878077 19.922600750640065 -14.150705288449888 -63.9957498491035 
0.23077719008782765 -8.076034906987047 19.175342628926437 -18.750146654965885 -78.6789612354961 
-5.57675881202933 -9.503457571282155 21.80212824249583 -24.72173770453597 -91.16346425826045 
-8.906804475476376 -9.517397164279691 27.051923726309816 -24.884301128955986 -100.15439319636526 
0.4544250227969966 -6.971107403430887 35.58085468295562 -20.699501482020562 -102.79278005503137 
2.9681416795959588 -4.9026886588549266 35.944821792297034 -17.696419616872053 -104.45197382074439 
2.891496996347859 -3.6447970691615885 38.21498355016551 -14.314147685470644 -101.65478549036143 
-1.7775021073359765 -2.690967503172941 39.610072741858474 -10.63541838995022 -96.2883479031697 
-12.673877285138484 -1.42487853195069 38.31160283191606 -10.055312165605264 -91.13745663022468 
-23.10150077600557 -2.5695378438998895 39.295196596455206 -13.511078130152589 -99.54313298186037 
-19.91068991317852 2.8381991473906387 47.42664369766232 36.77700938949847 4.3892658713871 
-13.297744199387253 11.693758789183013 37.87668280545175 -1.1005626258369368 -61.82927605033453 
-11.5437584397322 17.500582083860508 28.424379112767205 13.755078191505513 -37.026346729783064 
-13.180226876439443 21.683975488889757 26.199873186406318 9.554193106011285 -12.862664482162225 
-13.398510959106813 29.052304109323206 33.15237673668571 0.4383039810595641 -6.647642874757394 
-4.53994958155944 41.357136154124525 52.032001525256554 25.182108642918568 3.9776175984720363 
9.751798996091791 57.487857482434116 42.587912139212854 20.015098359316887 3.320966236230973 
18.764588527130584 62.051964980324 5.792986222784951 33.63741735554342 10.900036003775394 
1.125736320507231 75.58467185449973 -43.64612354461212 -58.605165506082564 -4.232728446065388 
26.997444461627108 54.051890855622666 -16.384869707761034 -14.716205491720935 -1.0115728625890075 
30.257120725777106 51.68880173958398 4.6595918154803355 4.935753838804448 1.233413692532031 
29.628853281774322 54.92710862335412 12.341420013686776 19.56776910876289 2.386900072457866 
28.96135741855041 50.158018305869675 14.713210235735467 13.745827604863146 1.7265973440297422 
26.058732413117042 45.045582843020284 10.381855503703278 9.040220531274667 1.1847835657593726 
23.526165929703886 40.59505248427464 5.159194296565653 5.148719508238188 0.8142088067995221 
21.758172335758406 36.803764785337144 2.4782853906024283 2.45187540140012 0.6075855871656844 
19.391434203378143 33.30475276639049 2.661773228987882 2.006853224373436 0.5972197842161545 
19.396639054297047 32.20587944244105 7.431372850995423 1.4324757314612946 0.5750300386217054 
17.437738364539086 36.741217179806874 8.384368827627346 0.9565604657044743 0.6051748526436114 
22.050284702964145 33.9399470972278 14.304145956261234 -0.531801860696159 0.6194469507557732 
14.396892136025922 29.039009090819196 7.599277144371354 -0.6004806311726848 0.6561255826578295 
11.79609886381804 21.66031689812376 4.860586412526505 -4.721266746417147 0.26095993759054376 
11.240237620892817 16.652357283207362 2.496905023799848 -3.9751759104197317 0.30369815953692497 
11.496738270297303 12.37924119058614 2.7475166185128663 -4.177761838060204 0.25876266146211246 
13.983866504730885 9.813751369617632 5.707015030922632 -3.029058973626796 0.40358186288525666 
17.936868910845767 8.920733564137816 11.61290135981837 -0.6316384875187898 0.7948835746708599 
19.832084205457736 7.750669682019317 16.376115913500904 1.2347871691316843 1.433236364849465 
17.318508511791162 3.344434168979847 12.314342992998526 0.7955187116881153 2.0362740647902653 
13.269491540160669 -7.2403873655463915 -9.533705432529835 11.416739463963175 10.86187187785566 
11.816865437777212 -15.873973898392144 -32.65319944774393 30.974605245738285 30.24255512749879 
12.86523456235779 -7.565572156356787 -16.120299465170877 16.537959574512193 21.952710578714736 
13.177694002984744 -6.124977932446351 -5.453021029259321 13.119285924495374 14.538541203789274 
11.50071774181832 -6.679940816164374 2.4006289980162894 16.40530556612074 11.34360336199045 
9.955397679898205 -6.633593396301139 -3.486999489287713 7.1654759793120135 6.32273756197356 
10.510893817727293 -4.57117152558218 -3.5575299493636745 9.552031538424037 7.484922948420491 
13.092826580415679 -1.2091079542257217 -3.5945215615108213 13.76433598550266 7.443816565723661 
17.93645188180788 4.253584930377765 -10.913853599029446 10.464024090438208 5.984964362859391 
23.775966276806404 14.681072768599542 -8.46068215631939 -5.153070980673409 -3.678705919121229 
27.381644386861424 26.598870792104645 -3.085458469409608 -10.436026221936531 -35.47332761732112 
12.534688519323728 23.08201883998709 -3.8455090876642695 0.17430103604549227 -61.21337511256105 
0.8977093123807134 -28.677507037013893 -0.4580171220814955 8.314962851839137 -75.36000866621075 
2.008903541296465 -1.4935564076568315 13.0961643620344 3.681233279141885 -69.7831277574576 
7.316318147444106 2.903882354689566 17.695138780381846 1.838580182489946 -66.47616823575025 
8.641420862380429 4.81905292592448 16.26719193136845 -0.8247037764617036 -65.24475411203481 
6.790786990035155 4.64886736116907 13.536511961130387 -3.17500009495531 -65.70698941389851 
4.523420726790456 4.088758042573669 12.963980880407785 -5.3415619057371755 -66.44905835289151 
3.738015535680668 3.248317971545114 11.618787007562522 -7.642193693591668 -66.73074063841227 
2.684404087436894 4.561668201709579 9.58433659497251 -10.538832263764641 -66.84785855281572 
4.184543637572125 4.165916816477742 7.120010835814227 -13.203017613460515 -67.32244159194943 
7.692577212446927 4.772327702329389 4.231541905870347 -16.41383837506325 -68.8121913686606 
13.105988761191561 5.348925387794912 1.889556141605728 -19.63555569994322 -72.00343900918774 
19.34423119709736 4.234020170735536 0.9057245897203732 -22.865877689493335 -77.22899969977742 
23.836433784371113 3.321511845428623 0.48877706360497186 -26.067106403492303 -84.05392479394152 
25.49365522167172 3.012934666233181 0.68585282956794 -29.886832763753535 -92.19304314335837 
21.96820340962638 1.0250773587773874 1.2071903717528125 -35.6945849648771 -102.22545434962709 
14.879919818276715 0.8182618875350963 6.560285575942465 -43.40876720825198 -124.90897152435578 
8.456041661456638 3.6345256055674 8.469793596874094 13.12921514252118 1.8904363104753397 
6.666891948819074 -4.0404986292640235 18.86375343995467 -48.48389460871151 -119.43458705334979 
4.326715334530116 -8.67152154516952 32.30702258514685 -53.91985222521841 -185.41370925822574 
-7.297706126845605 -5.861938614291882 25.27425195926696 25.18243919975353 4.531142196260759 
-13.797241840052346 -8.794307716958143 24.626190643914022 5.307027518056107 -1.3693345397617878 
-18.786313742094492 -10.79325860288922 24.937432831561086 13.342561998321507 -5.12311648391005 
-18.936505429515563 -14.248745954609502 51.96888179462112 -30.256957087512887 -160.92573214106991 
-24.665994228031614 -16.13661672482297 61.9634245935512 -26.229439040277008 -189.3018944102786 
-23.673069981897406 -17.896966776957544 61.181545736543114 -9.434308111145354 -185.80036843037595 
-29.128992498311607 -11.653933075160264 14.13017416460299 6.1745291778699265 3.3451123008714894 
-20.466877752300224 -4.305582003969531 5.067747741702084 -3.171870021698024 -1.9732409852593806 
-10.808666244219653 6.300885332647946 -2.6187077503264438 -2.78702150163257 -0.27638783232677105 
-9.326541377841963 40.656281998116484 -4.502123839419737 -2.8786541205605567 0.07225923670251345 
-10.782881153565311 59.67386440081812 -4.555413755345256 -3.106117592311991 0.42970549972050137 
-7.100829272398438 55.274590257673815 -6.255038611833517 -5.006678026542417 0.2858328692533933 
-3.0987313232531757 49.20732558612385 -7.629151383733666 -10.228804367960084 -0.8165609306674672 
1.967921609128572 47.222341029383124 -3.529650665265519 -7.236023829666221 -0.37729050768635625 
6.796117394112136 48.22745011025657 1.9168114418755098 -6.0696417122827535 -0.2127018196338537 
10.829235358928104 49.94307636976857 6.018947362214278 -4.976210252332735 -0.05833774618373364 
15.871906931844965 51.52844475275324 7.545045381038977 -3.6456224743324213 0.07833604656861308 
21.28675895226705 52.90527713987937 5.718820793647969 -0.4820699191171247 0.512593273594427 
24.628419931995747 53.41610995497604 3.7927098917907704 1.2078151423761239 0.7833861349662944 
23.364031892805258 51.682630943301376 2.6266786140879 3.5258512534427875 1.1347038884558212 
18.890789764517418 48.13945242500649 3.1057686118609484 5.027007125968803 1.1851546847546737 
14.86604849731219 44.54472998108799 4.095011743512762 5.384646878334857 1.013260285283469 
12.925187878354578 42.35910709545741 5.621626904326511 4.654744534736059 0.7804435484739616 
10.455670142682747 41.0446262684533 7.503476054623408 3.3076453891600943 0.6861696811234552 
8.100468417008807 39.357966767911634 9.136075124794603 2.4087699495560453 0.6615201793430813 
5.673599833745931 36.494959633406154 10.72048356493597 1.91911240102276 0.676537819765775 
3.3038644646057516 32.532115969794646 12.098860286599509 1.9916634058712368 0.7228704704195211 
1.2473519668820148 28.09457086116511 13.479705575812986 2.334548373498968 0.8252199616459727 
-0.4581409466762193 23.941507444952837 15.037741352480648 2.9071554165028592 0.9458553258782205 
-0.8411104353049518 20.840509915600876 17.356747676848975 3.88219907408658 0.8542036112875745 
-0.4531317348216777 19.51847420022128 18.786902251568904 3.9474922814346662 0.9623401378301326 
3.550211548490713 17.113316084556843 22.486428289707817 2.7086087226586217 0.9775387525798918 
2.4781699434318467 13.536098030548054 19.020888332135815 2.1621177372482445 1.2519320181861384 
1.8936449889416356 6.552923635472245 11.222359719436307 1.9618704215718359 2.4346527895650656 
2.0563011606563117 -3.8952412463437898 -1.5524969263913815 3.2108703999189676 7.453834947604533 
