10.111168810293059 4.903463932749526 -0.9940786612262564 17.73212342691326 -23.481386434414482 
9.987215581696187 5.222336899261252 2.65376426440335 11.673145854290757 -0.47694707031289163 
13.651473316443877 8.209269465362963 9.825488373687163 8.972047067336872 -12.844417249523454 
18.58829466135349 3.3184457777175598 7.719874555191945 25.21855251790248 -28.708024676649856 
23.30324695463489 0.29425433490179287 10.174264080957414 24.784388726412967 -28.910599882138893 
20.187236770638123 0.8778453346349957 14.76281611578741 19.434842709575925 -24.749010759715844 
12.716381055703467 0.2241415812420442 17.053844214007242 11.732925463593963 -25.81705634869995 
2.050715594910733 -1.448269416071374 18.646787294949945 -5.40370197217275 -43.3218720835307 
-7.220637626106847 -2.4486799450776293 20.741194728368153 -23.01914606322068 -75.32107758009057 
-5.430239395675921 -6.728692569923873 19.610780974330083 -24.2676196736337 -78.71409175561635 
-4.722685071616615 -5.383810453116114 25.139946502556835 -30.25849195700219 -85.55374871291141 
-4.670947583283653 -1.3493866129966707 42.75811370728535 37.144932947309194 6.149614628001117 
2.878911962185937 -4.898066961364356 23.790962650707158 -11.991865211388404 -35.43261395034765 
-0.469245856762089 -6.964967808306796 16.884230478144975 -11.635954445652063 -57.466642322281594 
-8.151995614764717 -11.440814086120016 18.958915927405048 -17.877264863986223 -71.85954730799763 
-15.212249985454257 -13.255596881662699 20.525381570340503 -24.506665761097427 -89.05374242022287 
-12.115411679831906 -12.542575623280866 22.106383420750614 -22.91597132847666 -96.10718481229216 
-3.355550954424854 -8.813805116108608 23.895479799119865 -18.046396852566943 -96.81805555924831 
3.2624356902931426 -4.628806732283967 23.995908204714006 -13.711862298127505 -95.18513152463159 
7.767585287390124 0.7543559448576217 23.54032287925394 -9.049663499308998 -90.84497518576956 
8.616972541066982 8.87102948930306 23.69203245504059 -3.5705208721148716 -83.2675217076333 
2.744780677145152 10.34651193241995 21.776527388878332 2.183828470457306 -72.07407230446837 
7.239753666941701 19.298849165121364 24.88060241242685 6.937584616903425 -67.30893215671055 
6.4943100146444825 22.606049419913262 27.9997924194988 13.114081067434306 -69.50818883539546 
1.3466200000105992 19.805239814302052 23.53805410984524 25.600246597084737 -60.681523387807644 
-10.080347761044095 21.699339806327043 2.2572820783321763 -11.02671659694712 0.5659150682109361 
-2.2549442057651046 26.377202825518992 3.2391474739916215 -3.516432564717984 -1.1342598938476958 
0.15524907099651952 47.02899876107206 7.0935992395525655 -3.870881408519903 0.018522794936431424 
6.508801487519179 54.385069428050556 8.4236082506182 -4.021119820719685 0.2573690574245781 
14.210309397573035 53.70669381474811 6.553167647479611 -4.256042936772122 0.2107215562316508 
20.689577761413766 50.06692363498737 3.416173440326844 -2.6769927021823103 0.37375291279093814 
25.463488729205697 46.29005195295688 1.1519983598128256 1.8246625527124392 0.8706916287670581 
26.36291891883993 43.14858218837764 1.3349075808179192 3.1484707831350973 0.9436606895554025 
24.932939644073848 40.63775177713299 1.0701313244916824 4.272221596000631 0.9139309195613969 
23.435711783787678 39.219430337474506 0.5643482409368051 4.2069200884749405 0.7517304249302337 
22.673434746941197 38.55579317667679 1.2136771733865046 3.521664109909937 0.66387955411018 
22.234074611410342 37.71199547275735 2.7888270988123063 2.8153985191134767 0.6731827139501074 
20.485038231480484 35.296293755887916 4.029930308056696 2.3898363847316273 0.6937963458982878 
19.537508985200706 32.699851687013776 3.887526453304609 0.8525281995128268 0.5744372928182387 
13.747373755248598 27.787771043727954 6.21999368986878 0.2749001685505254 0.5374927110982602 
10.578334636605396 24.827539686744505 6.4993921986624485 -0.26473149321187134 0.5510648767267357 
7.445930588565198 22.527233790377583 8.570391372570521 -0.40498247710633006 0.6272150886311808 
5.582425651944359 20.580772916477255 9.826203364167322 -0.028965506018395756 0.6359228830738657 
6.351791330051195 19.365557858308236 11.31165106239304 0.38507164988078885 0.5753802647299594 
7.912041265960726 18.026836862996063 13.392401323229036 1.0282011180747173 0.7430137325038049 
9.516277375425679 16.872183012417707 17.045185146641497 2.672919999401005 1.1671065754352554 
10.884208992926007 15.296554004741227 20.55875146578673 5.158265282666706 2.0895563293993265 
11.204726296442917 11.52812482388294 20.778947082985553 6.029588263954766 3.19552811108431 
9.558084201028855 3.5584556020430402 9.262983708938231 6.218906547738455 3.8268649319837382 
8.562448469183188 -7.671421345393528 -4.754389361401157 -3.499977949272803 1.4356764809763851 
10.809781541300545 -20.0325176956344 -23.412400755277773 12.424904532906632 20.21098751153711 
4.7663930957319325 -11.903433088293543 -17.031007083470556 0.9551011709339732 19.612157438344244 
2.162845424999415 -11.781603748751357 -5.518119279570664 -0.9109225342268026 13.441163339668933 
-0.8037343685155279 -13.00191893083039 2.211362400976379 5.01141687822387 9.202521300738056 
-2.3446270263195474 -12.786906864724594 7.324521001412433 10.555941602818669 6.8276955971446425 
-2.3820809043780193 -11.109553160281788 10.592241616422914 12.326811349178241 5.85556546604245 
-1.1294842382077683 -8.538797254573776 12.75594883595203 11.810044521196069 5.4593596183945925 
0.6402661201497862 -5.456040096846263 13.19811302414379 12.559256347050793 6.908556865079998 
3.6979486321311077 -1.7143781913348461 8.859265953773798 15.491214354686868 10.388367961002396 
10.811073147099474 3.732928308215201 2.0871454035915655 16.423776565535693 10.011829358804636 
21.824929104814295 11.390613423940959 -1.9927024260597646 18.13671102681598 8.360148103582562 
30.033842012245092 19.8031662086507 -2.6099340392528303 23.429345766236853 8.216235056953781 
27.48197269957629 25.204023338070243 -1.0446443142732293 29.92125677190932 6.245827409443582 
15.54254906804797 -15.646690836259467 -0.6313169316815381 40.17583450029117 -3.0082569994464867 
14.43143606100546 -1.5690925325470764 15.731289467953884 34.95316922787985 -11.324766017183933 
9.566971665601987 0.013336503949018114 18.774508497923076 32.37296236060494 -15.695572952775764 
7.954748595101957 1.4025166508693645 20.87275798800044 28.61056674487467 -17.242293787441838 
8.838205330412233 3.98083377555166 21.12631430665463 25.154615565385566 -18.38546325999539 
10.202613174626736 6.435333279274162 18.476009373280117 23.34831172285647 -19.828719215848334 
12.372715685065804 6.987361728613469 14.453294598165558 20.7851702673956 -23.48051302776187 
13.973088886721236 5.303846358150541 8.603153853925374 15.02288682248811 -32.26220040945008 
11.99758009427859 4.22510713652094 5.614716695437857 2.5310373887180457 -49.37395708890078 
8.275619046897715 4.303350131202787 9.757724556059406 -13.52449786153494 -78.96849230122842 
10.548777391732774 -0.5225609663013335 8.603510979567906 -10.735490544406712 -90.00934888234421 
10.730696547889298 -0.699862566371695 10.067700821931046 -13.229429506192908 -103.552046071826 
5.095173802307145 4.453762640666551 23.001576931078414 24.18264826182438 3.7739650779505336 
9.120006570271974 -1.5966454658254503 15.682708817183151 -12.35119184626197 -91.99479662409223 
10.341157942671934 -2.329923213819986 11.24591425631215 -14.765992167059235 -102.76452368854162 
8.225655051944619 -2.8796349524434883 15.043320641977944 -21.495723220580665 -105.84990603799262 
-1.0267454631269914 0.33211214395944655 16.148451368013806 20.95949624892162 3.833501933099705 
7.446134811223182 -3.6580029708026074 19.322686872525065 -28.186328359820774 -80.50455285455041 
-4.398302764430053 -7.135207960323722 29.560919908415467 -20.863389221495268 -80.58400898196807 
-5.9931428869984895 -9.622524344426473 34.600694894903924 -28.534119847285506 -92.71505007753626 
-8.140303006561593 -11.6638586702838 39.50265837999882 -23.73596732297843 -93.61135557393484 
-7.647370228058992 -10.93354803381033 36.79235320965664 -21.09104123984427 -93.54681338593305 
-11.344685878797854 -10.415745404221319 38.352743699069904 -16.32421099860666 -92.78281945695691 
-13.830023550203206 -4.797147397689545 37.598372973742045 -12.84414550430056 -92.29691271800844 
-19.33459814276302 -7.559047345422693 38.27285313039514 -7.99496961800326 -90.8948513646634 
-19.845660149174563 -1.7487030182029044 39.06205818929516 -2.997976576245162 -88.11908452002636 
-19.88699978824259 3.716404184866609 38.08642863307848 2.249177369146163 -82.00970090226797 
-19.654106489120164 7.822708122108009 40.26050514592652 4.514948453079892 -84.94208949171296 
-20.11662093322066 12.8289121476806 50.56416306694718 33.74387866683761 4.232038876313001 
-8.50873839731165 17.99357837421794 34.74207930398536 18.798820787972616 -44.94691736019799 
-6.5231914489993175 26.129027512217487 31.61510294353948 16.662410892508174 -23.44096254642893 
-5.811725973421711 39.41635256510056 52.737523976616636 24.83128958177599 4.17500698486955 
11.738314132045161 45.38581968465728 38.285702242687826 23.708159690341652 3.342553418067868 
23.72031695287897 51.75156474501652 -1.9801502339278958 39.951604091674575 12.795235213570558 
1.587776768621339 63.547080100850074 -28.65626761052523 -59.11968684614202 -3.91341477488692 
25.726404991150417 46.72878700346822 -10.386403151251296 -12.746009387109796 -0.8534998898785394 
34.32002401519604 46.49486878768182 0.5562017697799819 17.187059547883546 2.1401247658937206 
34.826211396376195 45.543280398359705 8.120779453231702 15.89195222683118 2.0034305199961544 
30.027835789985783 44.09122598594939 8.835056512759387 10.727127563954383 1.4453096812533925 
24.89872118125026 41.91678956153635 7.5076910229986975 6.733788533913588 1.0084006868558262 
22.1205565070029 39.58312519411335 7.333011830100024 3.540824125464833 0.7185076634455416 
19.927420209447003 35.94317002228059 8.195305065602426 1.9915155487725102 0.5853692780897624 
18.322570210693463 31.741645058010366 8.8898267902516 1.5302025575042029 0.5412315978194558 
17.228141963479153 28.03460221672877 8.542057846492758 0.7339411518455067 0.5363276543340231 
16.478721555503263 25.483366438627893 7.337878059113192 -0.321078763996754 0.5344996501939041 
15.634706020657314 22.945561001775395 8.55499886745037 -0.7615660702603607 0.5505800387231438 
13.571953550289066 20.136886306407774 11.114914338445848 0.1856611480433575 0.6444842179420724 
11.986490441510542 16.362377613592034 12.819852095593731 1.4238504436453614 0.7566439309544436 
11.125973528103872 12.529185335145828 13.740209892109789 0.6634994398130493 0.723347167790071 
10.20261821459419 8.901759622050305 14.017650813362277 1.823212504362166 0.9650893332837939 
10.66277780036295 6.418151153883923 16.531440865440093 1.5311256406624973 1.0688260541603134 
10.821399967557488 3.83692568496741 19.9789157392016 4.187338810186779 1.8514187973000555 
11.168380274189097 0.7524945512708576 17.440015180692424 4.327662973459607 2.5838119727724487 
9.967296784073724 -4.365016252624221 3.915938465394717 -0.7215284392012835 2.1588829254597734 
9.141785362460096 -14.350005082094636 -12.948698020102066 -6.032352551389347 2.50990383962275 
9.409883866800612 -22.33505786977202 -33.78143094103819 14.786779894864788 25.369867854743397 
8.143909388941655 -12.845305251396868 -19.899176410582516 2.9636753621790346 18.1453180223005 
7.766303755816892 -11.565866228610753 -11.124461980096626 1.3597076038137947 11.3788204140385 
8.679980014802915 -10.349418666941746 -5.514462940747238 4.49938985160307 7.202789512642151 
12.725268366040522 -6.166290115417099 -2.240293937098265 5.918298254949466 6.035947517725385 
16.262643386922043 -2.1122079918721997 0.18946894078054993 5.580470463183056 6.117258443880263 
19.933571864140326 3.053297545100155 -0.4870924337821516 7.347444219588751 8.014916800949079 
25.22436798843691 9.638243777560165 -3.409169510227003 10.663244509373586 9.761937146807803 
32.362125728705614 17.403169017900314 -4.035414472863614 14.156879345219728 9.51146820346131 
40.142469803166165 28.604535590956868 -3.3156973844806648 18.23794324476401 9.938647502297512 
34.62396692156786 38.912581940612846 -5.187819205711754 24.71067558549534 13.65830316003667 
13.531845146296153 -21.75451872299505 -14.703085936449307 38.530188932781854 22.741719964856983 
11.380834134745479 -3.175129147665287 -2.3696281613420784 38.55277043705462 18.92684811388277 
15.947828394048653 2.825309827573905 7.172666931666293 38.43330187843641 13.186104177779908 
17.04727733846606 4.949207729147936 12.11457452340507 35.28988443286597 9.91275302789051 
15.785692953731678 7.498920979339336 13.582614474091393 32.17687047239909 7.8408093980374165 
15.971499810229071 9.920090255783903 13.627264021650657 30.089765815956262 5.667958047012403 
16.812013653603493 8.496755643126399 12.740637709974724 29.708689355218144 1.1101153804227304 
13.397296265528322 2.866179847366374 13.616309268736574 29.852651031165152 -9.917401842562903 
4.918574787377442 -0.9159785402730336 17.07449453815922 20.452952151004446 -30.91689088626806 
-4.719480623902283 0.3565871150581178 24.09485691006802 -1.3668943204570692 -63.746945824905886 
-6.911954092718241 -1.542628835805451 22.959164241328036 -9.553562015305072 -79.81834428404748 
-5.232529276067496 -3.6592751660832206 17.191513943172275 -9.904977620499464 -77.41715798322166 
-1.4630504217379507 -0.5063039508811612 20.769747630645693 -18.779918422860227 -82.34128392790218 
4.728328306517907 4.880020990709161 41.55467717073734 40.192072608756035 6.420374852314184 
15.208832501552338 1.6955934362905503 16.34246975801585 5.063780462505084 -16.943168480799137 
15.878866740459143 1.3746449350961054 16.116907878836837 6.247934502835712 -27.58040580931908 
10.281130917093229 -3.3776571017875856 18.91596068061422 1.089171328586681 -34.66790674055323 
31.85617344860585 3.3483826749232155 10.359219528473346 -13.395324102350955 -51.5329462747674 
3.350154620215155 -5.90046382365149 22.989921527976435 -8.111125231390426 -52.75205589413038 
-5.437640339854371 -9.256944343470307 23.61888502245924 -15.310589844902506 -65.66129065070325 
-11.769809163309432 -10.919196098802946 25.110953356714237 -19.71503277004334 -79.6380448278708 
-13.98005634909115 -10.884239803533877 30.16869301065736 -18.63571348111181 -88.79844614584333 
-5.494016299994061 -8.726641076283917 38.317276116409474 -15.837006874450713 -94.90135022414606 
-2.150635996275146 -6.497240303738565 39.889017091532835 -14.15916554653579 -99.40259546173881 
-1.7625441550397685 -4.406483574893999 42.77661511330433 -11.411077411987897 -99.03047142252784 
-4.83584031387742 -1.7415065173237427 44.86213760340739 -7.57014155327154 -95.3448364791301 
-7.916982369473223 -3.0368082418806006 44.13885167509419 -4.043152270824945 -90.56550727720044 
-7.900835667161677 4.2161347724619365 42.46947815168304 -0.8952327447560806 -82.95871723136455 
-6.268365787590638 9.086950476154392 41.949551844507155 3.7857506732347717 -74.47003701577563 
-5.871629273942566 10.4413485928695 35.93180958834178 12.695122585967255 -59.31864208904811 
-12.314568854043179 13.742860780374754 16.381158624462046 5.688900708729083 1.9139530274275007 
-7.24522067383076 20.901057938315496 10.301735958090012 -1.7236247713472237 -0.777156258645857 
-8.096152918704599 44.672972604544476 4.189279734428592 -5.917090305756101 -0.003284969556891915 
-0.5618488479301051 51.660762845087405 2.3864830817848914 -7.392054517797988 -0.1223386435602075 
8.763418411131722 52.53739888102412 0.5787194220741967 -5.849042550952494 0.031381716052373096 
16.657889365494174 50.99930228001992 -0.2661882172473396 -7.61305969889708 -0.2605711074778115 
21.69351008548247 48.60760652848495 -2.640710386569297 -3.868346723685114 0.20099872672441704 
24.99273460505571 47.21236124592236 -2.066511170447048 -1.3155734114608746 0.510802579167931 
26.33690068180171 46.17232184105461 1.190898431917419 2.3334442566388236 0.9424410240512436 
25.922874196018675 45.10732809133638 1.9926745478036396 6.508425749349612 1.2175476020240212 
26.13819746467927 44.51149382534275 2.810698572247981 5.243796136205819 0.9745589726011109 
26.67448691130325 43.19154124953067 2.1449676753031888 4.1033174855538075 0.7629383667786674 
27.353847930324672 41.04718256984595 1.2459317368860225 2.6702342769243033 0.6349343595484732 
26.94720949852294 37.97925556729578 1.418937661146771 1.2834451302420309 0.5651009929357974 
23.71705014755611 33.6579620392917 2.3219225434159556 0.7484807569939781 0.5480969593906774 
19.641054638610747 29.06508340550868 3.9391321927401965 -0.0780682405310172 0.47809525199446357 
16.82407357979378 25.417484771271653 4.576893283152396 -1.0599787059629513 0.4185536823780392 
14.472416570863386 21.837233077650886 5.6585440113067245 -1.2601628150792492 0.47819169486222435 
11.233392237122853 17.74515352011337 7.760445718702695 -1.1387434072378688 0.5688392706114737 
7.48358580512835 14.353843196040437 7.805757138833924 -2.790754894153017 0.39854651454201634 
7.187230682820354 10.105695630695669 7.470752409939981 -1.8776731076948012 0.49519387568024126 
7.869695535863303 5.81210224346551 7.232675289453907 -2.8335348635644637 0.4272247670281608 
10.218629579725963 2.8793227218269393 8.040603783784226 -2.5889341878655836 0.4863395980629334 
13.555834344033283 1.2282557652094748 10.757030506391452 -1.313446116197641 0.7677813519585782 
15.353361524581954 -0.5632024265586533 13.437428309769112 0.22577824685957226 1.3487717991771389 
14.32420543386809 -4.009500919479081 11.218062397857983 1.2562612806062619 2.044495082090189 
12.736410600130682 -10.526646788629561 -1.4377283214240553 8.603642884854807 7.2785314844523725 
11.27900714940883 -16.586154466267967 -22.591732878922983 24.627119394511553 25.009479035868505 
9.580019593950986 -14.291157869290858 -18.28916187076102 18.702796935814508 21.897046717609648 
4.596675131082913 -15.773016271093907 -16.424140733630093 18.48256129108503 21.306430165592918 
-2.93996170941059 -16.059708991006207 -7.130182193220563 9.583393421739988 13.501971081317118 
-4.656736918127496 -11.21000643295507 19.806944085871798 -1.5403357532486235 -0.9947973600405212 
1.1836557300229777 -5.211225748232724 40.72233669837868 23.289026508035608 3.0880427394843344 
6.630356890635466 -0.3417530543042769 22.05374878734833 15.193383250835856 3.337671320798182 
13.035600189634438 3.496929834908314 -4.718741845720634 15.920111234237527 5.187660877017674 
22.7928275956436 12.783737817458508 -2.106877489549412 14.989378174547012 3.0756337242169423 
25.629362186290614 19.449554574727998 -0.5423551443004321 19.26980157966646 1.2171687464138388 
20.10109930025084 17.246068508725223 2.14279570829961 27.261188599211 -1.291788356369466 
12.494825447545027 -11.077979069347627 3.778555097442114 37.61814478534419 -6.181831017030422 
12.912249094227983 -3.054411625674818 14.273259436863423 36.59110719569668 -10.734924082233144 
10.298477158669623 -3.7952393909953592 13.521497218966644 32.598160382809034 -17.029655062443716 
3.963731937636706 -1.3661584985829425 14.590978801617247 14.287539656311473 -33.733633898942244 
-6.086431741885012 2.9885094861353267 22.365836389635184 -11.49417814844495 -78.44107971548539 
-6.760069598536177 -0.5853333547290382 17.619834162314433 -3.955399251467124 -76.86325144429586 
-6.589510520654965 2.5043308854785753 23.93118673340731 -12.572157294375108 -79.89909017142281 
-3.118770182506935 7.393176502583508 50.45178223785399 45.665283034800616 6.611239955841505 
4.464936264863447 3.668339117930574 14.501056424392386 7.298828900288307 -19.80397959782636 
7.3497951657007246 4.567797072928704 12.529551311750906 10.34099443146936 -29.64107065420581 
12.459682175256974 2.9633537851986484 13.122841798097893 6.747064729650065 -35.08462822081933 
16.476870879448253 1.8799971934736428 13.643150981567763 2.2765104176523883 -39.840244536023384 
18.246256931588785 1.6834402093431924 12.978691454785604 -1.720535299033603 -44.03357536363549 
19.32728579222377 1.911917334218508 12.279318356460957 -5.976640510352036 -47.53374588055844 
16.764855377388965 2.2110319358871617 8.583828802607188 -10.00080840774398 -49.85035168795699 
15.520503107884135 2.255074860997221 7.668258921649515 -13.127780382135592 -50.648194066801985 
14.583736074143044 1.6943425659734785 10.733093496646955 -13.721874106288283 -51.016152597697065 
11.998622141712612 -0.09572618052383174 14.064238025689894 -14.015642295855065 -54.219996076936106 
8.524009875283976 -2.305472834036778 17.476162670758317 -16.768237401207767 -61.59303396374582 
2.2407403438535836 -5.396536945215986 21.046526257992827 -20.549882664779947 -72.56196641740355 
-8.047906238560268 -9.142829966135725 24.28769574582419 -21.838270299420913 -83.4338510688818 
-14.488494916228616 -12.1883956709288 29.54808157223568 -19.42903559328591 -88.58949969283731 
-19.626740403419667 -13.578076097100002 33.809606649779724 -17.233364508634995 -94.3552877184958 
-24.929255311913032 -14.318561635852964 37.139017395153694 -15.190410597983364 -101.33178292688949 
-31.18747532246025 -20.787105259339345 39.03035658397469 -13.184273865551445 -106.77167554428735 
-30.918380731791654 -14.551029522881084 43.824658970373235 -13.278595460209116 -125.50769126288132 
-25.1205440769738 -5.787138265705688 50.6948149398346 32.33950143038654 4.554140797325251 
-8.859893148541595 -0.6367154197589724 38.87297160882897 8.1286432304105 -105.9728575808857 
-11.33132772957115 11.424511474536363 -9.11558248150997 -10.850643786378937 1.5970160619230789 
-4.882649760562614 31.058302862146505 -4.794740346237109 -0.8828431352729289 -0.8098109973119462 
-9.04846704564186 51.001400479086016 -5.550259501473009 -8.622438751820257 -0.8447623645543921 
-6.522208370592197 51.42191183742835 -3.590431573859789 -6.408292880608976 -0.3857370840060079 
-1.4202878431428647 47.911224526497904 -0.8221240388556613 -6.4980169551629325 -0.26353719268864545 
4.086593449873747 45.067311283050635 2.63407304056502 -6.111667312824281 -0.19020796584557073 
8.779363700833352 43.38628730556518 5.630417192849735 -5.091843765842745 -0.0693856296935986 
13.924318028931255 42.98543549494115 6.70206177668613 -3.4363510793136607 0.11136374845524186 
18.95123417060586 43.47166478469146 4.500443952441062 -0.5748020306080778 0.4723315406882741 
21.782314425776683 44.04472252748487 2.6682660219549335 1.297769062570358 0.7894377834966211 
20.27665498132973 42.689536771122846 1.633927441675491 3.5628130371628877 1.1373407469783485 
15.910849723735652 39.58688033246857 2.179836603271565 4.874765170229181 1.167629546770145 
12.192254854352681 36.715398686927614 3.182322199273233 4.982194456320924 0.9820036801008097 
10.639936605244841 35.18453992219094 4.647630462752642 4.12429426990755 0.7381623089233197 
8.65894468179623 33.77251072506183 6.449380585975754 2.9194663103716185 0.6467487538659227 
6.601190467052145 31.715758146417592 8.057676854848989 2.235352567164207 0.641745756663391 
4.117863903814876 28.90380513146119 9.611262238427134 1.8080066499959735 0.6656779800694647 
1.6302714667618574 25.29360383855894 11.059787478076133 1.8655569783380725 0.7026429073367105 
-0.38581332943819063 21.466841157263666 13.185537662999709 2.4153609912313465 0.8263027037687222 
-2.421020485475288 17.58066927092115 15.339578427595093 3.0727200200563884 0.9702022662389738 
-3.3066269845908485 14.513764511425403 17.684539949859378 3.766326781158082 0.921697505890689 
-3.188157510958636 12.608276781863065 18.109149689654174 3.2327171207835153 0.9245287202346472 
-2.1868920999767854 10.191451249438916 17.90833032950542 1.1869522910000572 0.8570054627395646 
-1.5909832681778122 5.592030141641019 15.723915325240172 0.5042023130463541 1.0331729987106908 
-1.2726333564435528 -0.2604986724107247 9.046163561356527 0.8705693628961856 2.2730541149277395 
0.6974724120163152 -8.70993092669487 -2.170549021982287 2.5824427757255073 7.257868905477124 
