543.2108759224471 539.3478011432492 534.9781410747937 548.8717369726716 518.3670441635048 
64.12718263456415 30.843806190309177 -59.013905408919946 -11.507966141860578 -1.019148194275913 
17.94374147045423 8.811142986438764 -17.65155595194372 1.749639054970183 -1.7300309250368338 
-27.239567429811018 -9.179281848918428 42.667345671959254 32.3223406988733 -0.20448273707618103 
19.361625831068594 21.27492028498592 12.550517714681115 15.621665054539829 -2.7103371384622945 
18.774855516006532 2.1359649573405726 11.824692546208265 52.28858126836469 4.921358453605985 
49.90431569169847 18.70319480984263 -60.12311488190872 47.38900888128369 46.18950541077423 
83.95663901811581 43.93553123883481 -87.43591808857767 0.41369779892171854 -5.592346878727111 
59.44103356034046 50.651344554141765 -58.913197679735894 -23.736126051328082 -58.370929467104894 
93.9094756082771 62.82024212317306 -104.77973728275406 -50.89167965264432 -85.59784339602339 
164.85554926050418 99.80506918483813 -174.78378787625607 -98.45387932001474 -45.980402178665585 
36.87110559557232 32.89402797151884 -34.957198306198315 -8.923652172805522 -50.63300900839854 
2.7765625210062335 17.113990344573526 4.014019703064637 3.0065814927623866 -54.61619508152681 
36.299713657234605 31.416885817233542 -38.889778347485596 -23.577009914637383 -67.01756614818142 
43.72734981686248 25.327470587986205 -48.153053919483405 -18.660487397454787 -91.68422350841864 
30.52501754465964 15.416316539899839 -27.306806250821033 -9.745576875107815 -88.24053707741207 
47.40508148690084 23.332730661294285 -47.19331786831364 -20.286305764546842 -94.75435190138565 
44.93720710377238 16.060914622469383 -43.68952775756032 -15.490675872536423 -99.34658419771043 
22.070679084975765 4.857002070214474 -14.256971915981156 2.8468686837769295 -91.77284638368775 
9.59016205188536 1.1091920696388982 10.074053143887028 18.781186705351352 -77.60707146430798 
17.25354374181683 9.064478117813431 7.01472633617373 15.762118442213403 -67.94969533539282 
-3.1983657358147215 -5.9776820552352685 13.692694146963353 21.73120913612581 -77.61363510103529 
62.68857417182749 13.928030365825885 -56.07592292563333 2.286669731981116 -122.92619663483497 
181.48917518460013 62.96867334585337 -155.2347694164138 -32.532681240685754 -141.0048157479393 
-192.55411714846767 -70.4397497867585 221.0207110053955 101.72542297504727 11.478279805934417 
-176.90864388433712 -70.40540044594472 189.14290193370576 93.25300729630557 5.478671084475357 
-127.52351331308395 -52.655922958213544 174.33402812084515 109.52501191010217 -0.3420790020571404 
-55.1174136552394 -25.19385113476905 84.69526937989278 75.95246816069448 -7.541534537698178 
82.95180775006503 29.96949874099734 -76.74834337679243 33.24998443855422 -131.80759518296156 
70.76411523927835 26.315631544088912 -83.78340837372308 3.119307267925534 -100.15732839337488 
46.19765258964985 20.4575732502547 -36.90865028644986 21.73008170532016 -66.6138024682082 
23.705351788680225 7.289340661338951 -4.2497663019191325 49.839362846606726 -61.00546663060011 
43.46744339976959 20.808293926694667 -25.353629082088016 51.403597137022906 -71.96476195037954 
79.61986368440598 24.73504119411472 -71.90501201083082 38.40697988581223 -83.28332275035875 
67.48831531805953 19.475855872514508 -77.01901706641947 20.02021050971866 -74.15616008651428 
-133.8666820192816 -48.02998553694584 158.54624306166613 66.75483842494944 9.236938187014518 
-76.73342449045379 -40.52594429810119 104.24877626320713 66.17484157158728 6.306650136591719 
-26.90812481861128 -17.63422683696358 82.44963222303667 95.12278993179055 4.363020688675206 
44.146795649269706 29.643261766460768 -43.48197856934874 71.10879423580899 -91.04706346003476 
57.025096659486344 29.882035033799813 -51.46954664192087 34.75455121370298 -84.44022257559301 
30.615509512810696 2.5057262377086738 -29.373321968455365 35.92940991322888 -61.32603818502941 
98.27082614542037 37.18104024378314 -110.19777875556342 -21.112757106214904 -64.15755182293702 
82.38554002761977 31.765664216845764 -81.61883590153998 -8.170967313051905 -59.2786065565202 
-53.41345462813339 -12.082093415702108 93.43135728082787 87.65915016365122 -32.91099564378768 
82.11957644814042 34.89109829909107 -76.8347311058191 -9.36298606926305 -60.229888725724315 
82.7787725870849 40.395443915466835 -78.48268170456413 -11.167163822638726 -64.30633022426197 
75.6540085937551 32.66991418100578 -71.42993436804247 -7.899701850556522 -62.21270490488597 
31.02227721761518 31.771383871395816 -11.72737198315305 6.066420483487495 -37.19968650754401 
-37.32450653508826 -6.106077674508503 49.61761430970869 27.008936745531514 4.005211039502051 
-85.30658421296123 -44.39523175270616 69.31419057725385 29.279190455443295 3.080790222761493 
-105.18329278692673 -52.572678456831845 88.69216950743888 36.324365718051105 3.637146510959512 
-75.48224202964106 -35.82258181121378 65.18680451425065 27.986509927053163 2.556611186437974 
1.4863099800540989 7.200729343369468 -2.5703475573857615 -1.7031616893229111 0.17018192415935546 
-39.54499442410842 -15.123859787820976 32.83258287950354 12.118857082132097 0.7492786460669966 
-3.2635928131053116 6.4419627144718286 5.7739668003056925 1.8391674918592584 -0.2589714227118858 
-40.48669330993035 -12.543755361461402 40.37677587096853 17.944935675063938 0.1297683815620073 
-60.245353357023006 -22.003602053750953 60.7964195328106 30.489319094586577 -0.7771937274081394 
50.271697339262346 41.647574274357005 -25.92613478722725 -2.737298859636262 -2.6181276119895522 
-94.15385915477094 -36.42669545305288 97.15242292172927 47.623936948287884 -0.7277780738985238 
-34.30860611676197 -1.5018573666478994 49.81575808757633 28.220189512269034 -1.5848705995703596 
-43.11472121615293 -4.1163261907025035 53.84465346336391 26.716308613294625 -1.522749663755384 
-48.459450047445564 -3.6576968431468946 80.38554340729692 50.61063079979821 -6.432952029849478 
-15.291158779562481 -2.1063775714302966 39.433884908797516 48.039743650253314 -39.170316610341956 
147.56865926772122 69.48257107056399 -185.55977598200843 -101.54363817438367 -124.81067268608504 
-39.04866280009318 -21.69571879181014 34.05513383336691 28.53993572951963 -93.33243525108341 
78.8941380426133 26.33504271338931 -98.88057948656956 -45.651059743910295 -86.68543259132198 
21.225580941221317 5.990152194379629 -25.803023751269205 -7.073398588563811 -70.1043305281949 
11.700007669838213 2.4584364104941177 -11.52714773845652 0.9900564856983813 -67.43836333333483 
-0.6971631827259444 -2.453229540194225 7.20344231576952 12.523925557777 -66.92021555610096 
13.099514350315317 2.72451129516928 -6.348940395001481 6.17996160367265 -70.60404645405028 
26.04156682129801 7.86839100149548 -17.33988844691089 1.6688183809699515 -73.17892026713541 
44.55126870074786 16.26386021208719 -34.15282040260445 -6.990345308471103 -76.09270256413134 
54.517600786045364 25.35894215333766 -39.82372679588585 -9.55267262897961 -76.81947747464721 
104.40881251910183 60.97877752389853 -92.10556642087155 -39.65821536989477 -73.15476022570535 
136.57040923654404 99.15896339773774 -121.60913988346365 -61.945327266254836 -52.32633717841184 
-156.34414433358552 -18.036959375946854 171.87972603589202 73.41322288458726 4.779796797780386 
-171.3877909500658 -63.81907128552778 153.2878930214981 68.63064602596421 1.5196801431500295 
-112.9835291622353 -37.276295185460064 121.12789104438369 69.06520138328311 -6.97527827319814 
82.98734247266333 32.65042820793392 -63.40499294563402 -7.788009913721798 -88.92146454346374 
124.72704732646324 56.02260385571248 -112.76964870518506 -56.49101101998106 -96.28069180856345 
95.52307056535813 47.14287721652655 -91.7204707100897 -49.02060325282235 -70.92722458164542 
60.581752722780315 38.67994136934635 -54.853776624213815 -31.36358879051555 -53.259800221280244 
89.90306703495291 52.88885425747083 -92.1555092462982 -49.16291583528188 -41.735240116939764 
61.485612491950235 19.811198363750155 -48.6688364392213 -25.05792295461888 -73.14396264659878 
43.05119186510903 22.8886767559104 -30.283090249319713 -12.702792761721119 -81.39025807579141 
-6.762440416762648 5.515466053817881 35.08229604463419 25.234010082247238 -70.41313929402264 
22.035545154277994 26.358109371869027 9.511907013026844 11.730133952526758 -66.0312724879813 
124.24825889974484 74.87580281080778 -122.34004611790753 -61.985295073727926 -75.95222283502184 
-214.71094753612107 -80.086805909061 217.70379928398145 106.61774585797752 6.49353772686982 
269.6412812136275 123.53736009520843 -242.4150460368294 -95.80035044841618 -107.65608926151312 
19.33180794715635 11.771957518805683 -6.2166880577072146 10.798378780774858 -63.123152191032155 
73.8751184316414 28.279171024690843 -49.28279108539784 2.180581525691391 -72.50017552857624 
80.81460051544431 45.14766734169554 -43.50520129494758 7.02113952763573 -58.728105784141036 
114.07889155458729 106.21666783559981 -76.8638661703073 -26.18066336014435 -35.73232855632508 
6.066085671165503 83.03965691680058 21.453828506252904 6.532392391367355 1.7774296030008554 
-128.73080456350598 -17.70676443513353 116.04576568082452 48.179795653359 6.347602595098483 
-86.58422584237415 -7.8135203818498296 84.27546790141525 47.34448694429963 9.319650467338995 
-75.81279937514473 -22.366421988689286 72.04631265861687 45.267159995325024 9.583951138623453 
-64.35076300312254 -27.558440871967232 59.58551633341131 38.96899697590894 8.480117788418887 
-61.38081997164701 -28.37523275194645 57.48038951692213 36.419089384451006 7.677223293775666 
-61.37021228234133 -26.777039434137507 56.35917366077885 32.64419651803695 6.742901699246941 
-51.47686426288615 -21.406359237650857 48.53162779122444 28.744214360558384 5.982629328485545 
-41.8522509476671 -16.41602916891771 41.070580012995585 25.09081759486041 5.205001993988696 
-34.785074370922544 -12.51057549926423 35.72014340276829 21.523298954333924 4.332376745082432 
-30.738799880248457 -10.120575337538643 33.28383067866556 18.967594183070048 3.5894362805669044 
-28.592736981835763 -8.735700142731456 32.745186871851615 17.69690633749448 3.062023669625605 
-30.670143582597927 -9.872608961405327 36.03780564170388 18.865159778901997 2.8270070175748514 
-36.785169985188645 -12.813657500116328 43.499843754807074 22.19953806923087 2.742552760547767 
-41.58596976803488 -15.260709037039598 50.06465991209764 25.321322413232416 2.4903064080379744 
-43.19541426139048 -15.974119462098807 54.020799655228814 27.462694608770992 1.973653859633944 
-52.579490692598235 -21.296380571980638 63.93761659725426 32.546383017708166 1.3271835091647894 
-88.716298457194 -41.649028568442 96.94393668513919 51.693647450863345 0.16126051243876513 
-132.61094050296745 -70.79838398490999 139.70096548347996 94.49942254130399 -5.682840172496446 
66.31172200711286 31.72271611118738 -57.30102294143436 37.851441826906935 -96.0887790156798 
164.40965796958025 66.95447873011774 -197.9233515178828 -80.15927468585586 -106.3087600788362 
78.70162898770137 34.800357956471935 -100.02596904325816 -38.113194458901006 -70.09467659387066 
-90.96960123450145 -15.631674537680725 132.14517015524208 62.79737710365021 4.745391705968385 
-104.20552773654168 -45.818253202508664 99.21208359420989 39.23009584158597 1.468021978729521 
-48.02965145832998 -19.791687039800586 50.70432797230326 18.443403533031994 0.6559949119491189 
-12.94730724350627 -2.82138656094236 41.20910072366535 61.490041830179564 -35.48362790768982 
-30.211700179124083 -16.695405016674947 12.986936609922113 21.087258123405984 -83.11317947454249 
208.4465579835105 96.02912161113252 -242.03057251643034 -119.59798262642286 -105.1233841458706 
-37.35602052840801 -9.680562952791947 38.6122441619547 34.985454173704106 -60.23111511595442 
2.516010997452403 2.2635319911657685 -8.387055743671523 9.631125190434075 -61.705559997868185 
46.1071442620641 16.260816771344814 -62.564648684404105 -17.169056940976365 -72.37264918335117 
32.52327142688168 9.109079578971304 -42.31748583460729 0.08173318661225473 -77.31271526547229 
79.96141338585441 28.376869394128633 -86.44206444623349 -19.538518331435544 -86.67155048918727 
165.39535657279205 77.56411692979766 -183.70421915557685 -85.26799580533775 -90.17096629672311 
-171.72942721014292 -59.05458823718437 206.14309378361082 93.15227250823673 5.779917595403202 
-45.009513310690394 -22.88101479132516 32.40623460919687 23.188458546935184 -2.5483029674883615 
-118.55229244387458 -12.084276761053687 129.36400346936065 48.46237394839261 2.321754730870677 
-127.96573030692184 -41.12833019543063 151.54181704104747 99.55564691811317 24.85152164574138 
127.05034561972856 58.94971233284104 -62.08357175871278 80.39070730514966 46.29708331870489 
70.52943503804218 27.757354754196626 -54.55934563642003 36.402376844752986 24.12844802039541 
57.92700545079601 22.70000927754409 -41.30759506197332 34.02249540156942 18.908038366778708 
49.98930747181884 24.487029561505 -35.59680328974841 19.657908560225646 4.314930839622406 
47.74901222713533 28.036587527371974 -47.930613574088866 -19.400884799801783 -55.60176606375068 
51.4217427266956 26.74590427924834 -58.94712069977792 -34.38494022389622 -96.57812710790543 
65.24808071021883 36.36989212177443 -60.846555690664886 -30.01129570446317 -92.96319486070018 
107.7065068111302 53.367043562684444 -111.17965131798637 -56.42701422892505 -106.40773367333692 
174.34948266243953 56.39158901252504 -222.1761918277453 -117.41354927203282 -142.65651569997 
-168.32019458282602 -60.024737875691216 205.98289093134264 96.161382122494 4.99075087899152 
-33.74457079793994 -8.571298305257399 38.178206735489724 18.72099017027106 0.13120438870836407 
60.83600485070619 56.15176833052293 -19.035379974697996 17.85090792890982 7.402907013780768 
222.19927152651658 115.24520058440639 -184.48226501139303 -30.271367892918857 5.645971041552523 
85.41033765257335 58.164812032375416 -63.6825302990698 2.321026014571375 7.849857385811641 
77.3918285567705 47.86295624798831 -63.523374865018226 -7.197188362870468 -2.001923854736533 
77.00743302289219 43.049501925643604 -72.29695366209421 -40.298628952262014 -60.25618468094988 
65.96399705435611 40.968116051155576 -71.13577761186735 -54.089252964757414 -109.11018227990908 
135.47552733252274 64.15101548645603 -138.51533480646285 -78.2800671678525 -105.61530701046391 
-7.9963071597907565 -0.01071751188327194 28.446932559711094 12.079600862328705 -83.49997691080478 
-35.31059894593302 -11.734050803578478 62.60499542710494 33.28459225614385 -68.23436768524371 
117.7560644658805 48.15133807792146 -118.01179063033332 -62.01814363065827 -89.0307218582679 
35.669240417137026 19.521528455979904 -16.346409814837187 -4.890184775231955 -72.61813104948058 
43.85130252292485 37.39347971962414 -12.99990652002734 -0.6854766180996279 -62.2749647729752 
24.85155430619557 36.771479972124226 -2.318533003875435 1.9568846703100584 -46.20585083060758 
-96.20909725925752 -19.53418282758493 88.84590394521359 42.20263339566887 -3.5410116200736947 
-145.46929287242423 -65.89551982581251 130.50707732756672 66.97467891231454 5.0118132342098 
62.7162695420894 26.749463234776186 -60.88720883775365 -13.549648503503871 -58.59360495264218 
157.74410565381538 75.82916134629717 -127.75728808772647 -46.358183715609634 -75.92997694900814 
23.34428920166105 11.576196366130947 -18.885877676280803 2.9392891866629194 -47.01722305601605 
35.820422506011106 15.199415940729375 -6.810109150439885 23.559805434975452 -49.91969604100496 
84.74306032936194 36.10637747755103 -60.7546129953812 1.7368517686173823 -58.670862687840646 
-19.399724313092307 12.39532113851749 72.08770876898407 69.76465689350651 -17.7953079157169 
-68.93587962680786 9.513579947635227 88.09317974291027 44.28273220947051 9.465731747765107 
-95.71608885210685 -22.840271145214853 81.08384742400108 35.70958318093226 6.184193305814544 
-68.28419380365996 -24.286250767594712 51.91664508257368 27.063432553634804 5.856502085882247 
-68.22135949179994 -39.41030252282801 51.51713915999813 24.927677489960686 5.578300532724851 
-45.91192708896466 -26.837413265499787 29.666565263722564 13.261765090380557 3.455969429136074 
-33.40477733724623 -16.669857303943175 23.37143505767538 9.687226999948592 2.552948017302943 
-71.86702054900536 -35.52120920949221 68.47860347558287 38.31332123276599 7.047519784463235 
-65.75151393594422 -32.66316199486894 69.03106732680158 46.44150392163477 8.902736371517104 
-67.12054809136531 -32.4180511902037 72.35488735079308 45.85744267848277 7.861711547806086 
-70.74219077347674 -33.19565163050232 75.15306859978003 43.966965571599715 6.4046509757327215 
-73.27571897829512 -32.988450328764486 78.24027607729363 40.24131103860817 4.810311406970938 
-66.85648305520628 -28.290828448510663 75.30905725110864 39.43981838592538 3.682588845118782 
-56.452162494987746 -22.864862734495475 65.38111218146729 33.76033945186856 2.1700194047604615 
-32.77101883955258 -9.246299511412342 44.830557178498715 22.273021784030625 0.5028141772002206 
-22.711323381843375 -2.048636319299736 47.12347809380135 23.876045405169513 0.3731023936530013 
-5.931832672483744 2.038397158091735 37.29763922594075 78.67659112689887 -13.986431406287707 
69.16839738345867 9.927554609078461 -95.39518405628975 -6.960778834624397 -95.54666808399905 
84.6863873978716 46.050968342674764 -103.92112578270486 -42.10426462232897 -70.09760049968435 
91.54186058483458 49.88830350484839 -94.715743680044 -35.021875698384164 -63.608953579232306 
-25.531459488277854 -6.387793546892787 10.92619472985899 23.78065208574596 -61.85787554170271 
27.24259621582321 12.990386146612433 -29.378038672768493 10.635372570729348 -72.8681111459996 
12.67261250143567 2.7179207795354756 -18.32813211989292 13.386840898765493 -66.3299098122571 
235.78423337277775 108.10506880562157 -254.6613107589836 -125.4678701634976 -87.57269884624739 
-272.9245602129739 -110.57135021899302 280.6690305450283 120.71632438829228 8.190687889121323 
-14.708712948528271 -10.523872511014304 36.31081318105885 70.49127619250882 -36.423034238329485 
87.9563258824017 36.62057230907606 -95.3539853156338 -27.6772019045174 -93.39222379700033 
71.59024743143307 29.929702443770605 -79.06868617257106 -21.78878239865489 -84.64162275152343 
109.95511171280862 52.32281618520181 -116.16442017935684 -44.50100972765526 -83.74678324983942 
-60.70146827903343 -21.412343426924433 80.33514109486553 65.44525528931396 -55.540632882188476 
86.42029426753557 37.21189418069644 -97.43458388445957 -34.56969777319495 -78.5730749155919 
119.14535756734924 59.76201965223488 -120.06283936642282 -52.5640524928314 -77.58756902238795 
176.62113529255853 113.62354693549737 -137.23580047436204 -58.8796037951865 -7.162964810728972 
-341.69241803282847 -134.30981747919657 344.3847019415528 141.66363457835084 9.89350778432942 
-167.33445540839367 -67.45847982890767 153.2975844830607 66.38045310589838 -0.04815866950673659 
-124.32663004058493 -42.63420193820156 126.58680519087241 71.46429576238323 14.495217308259337 
145.68763432532373 73.96361831049184 -108.82941348643729 -5.9993684351791154 -82.7088751059541 
79.89898652399907 33.8988259179668 -104.46940685371996 -62.660298115361805 -127.95255844626378 
62.70430896543286 26.5419256638661 -70.01014317195416 -34.893292097373816 -93.76518761493745 
50.43809065089063 27.46585327265505 -48.995453695022945 -23.9812590146211 -74.43683716870288 
53.48905858488877 34.17926594423361 -48.21920545416066 -23.819941250922234 -69.666908084464 
59.359847874627455 36.760703396582166 -54.7173270127912 -27.215733000402516 -76.9782925774129 
73.22293832199395 37.122022302355965 -71.22304685990802 -34.44497136318484 -95.18681131441542 
96.0209102434517 34.161732135550864 -99.47856704698017 -45.68988947377935 -119.70901585456225 
127.84096652802985 36.936986029890186 -160.29783670657534 -79.45885659066259 -141.72556613337616 
-204.26407701611862 -72.24425242849159 244.0470624180329 109.04828795326473 5.4813268385918095 
-59.55434992036804 -19.953731175756435 62.67031824554543 26.10734762153672 0.5548650803972293 
10.130030515737545 9.529069339856365 19.16309664093653 34.75230036133451 8.766744910570539 
143.55126915960616 60.522089416519435 -94.19060828156526 25.556671509166456 2.0009866494291497 
65.86161123155244 41.94085021479813 -43.92881938912329 12.257635163229597 -1.9541185689024632 
44.07872144972791 29.587840121410206 -20.399505351061727 23.571647651604792 5.716297538197558 
41.66800876656342 19.528564544991145 -18.89831966968285 20.262358124749955 -2.153190949422952 
46.44496876062739 21.48665806620614 -29.379913049980516 -0.49172871078782643 -29.892687586547286 
79.36082066850032 38.51404381863595 -97.59596953935056 -62.90408450958264 -97.8131872027372 
-69.10355285847184 -23.2694808372536 84.21059779996749 35.48215740590366 -98.07814212499996 
-14.0824727806213 -7.880162193374155 29.43739524700293 16.372432344069445 -83.77452018981144 
24.02573316734087 9.41405940654283 -13.130526449200962 -3.0794128925712188 -67.4841670166542 
108.19967213206417 51.66649175493731 -109.76617810656629 -57.504028471640886 -69.3180669880629 
84.61982862291457 32.60132373356976 -80.09328695878777 -37.010643527431164 -73.38284667916656 
62.21428940546794 45.36376553589677 -48.11886894967292 -20.93291731488401 -71.61132547648116 
116.98144111128022 57.78046172289877 -107.956101820371 -45.775900491158936 -84.12186650866876 
48.964251136830654 25.89696203629298 -36.48704588981567 -7.981372769890676 -75.62863919359172 
69.02430096899053 32.213111660481054 -53.19593682568498 -11.646715367712154 -78.32695706000906 
7.956824343659801 6.55699430613729 26.05062429671149 37.14592872666067 -62.80483953113686 
16.98742929904799 10.239541508634913 15.350675814533206 36.25364486457122 -60.12553011573873 
27.16763825526177 21.11112314248705 7.0690915413487785 35.305733186647004 -50.95237741927978 
-20.53626075938594 37.07826223920355 57.37663926475322 49.83633626230702 -12.912874157511249 
-28.45592028390101 17.39179543335607 23.655116707159824 7.625700761009235 3.094484873404411 
-27.853685117659293 58.15210844992654 15.67791269252463 -0.9457028100626241 0.258558275269005 
-27.199960565360673 51.918120798360604 17.910686260380754 1.1126163470275392 1.002597425582439 
-31.7836102560109 37.667650934784625 23.807930601944022 3.5805909897740924 0.8558003850898206 
-37.98380475725893 21.05562099651395 32.39328999247491 8.79007806556622 1.2920247274669308 
-31.407560336040582 11.936934104875245 32.796136643241624 16.57334302680847 1.9791256805872928 
-20.848267380332704 30.404856590373665 18.939383480876014 5.1153361017909615 1.1701608458034582 
19.352717402381714 93.83504940704971 4.014639638943162 -1.3376873252233583 1.020696717649755 
115.55158610997037 158.47102839509338 -54.71138368329961 -33.12597529460665 -2.117613605475369 
191.47195884450002 176.61795626063156 -95.39266449518887 -48.50381249613225 -3.767345113787839 
-266.7148379256691 -164.06987223494434 191.9060491373278 91.30531417370914 8.32821720901018 
-109.88029389476328 -83.27849299270508 100.82837843140199 74.37748385616264 9.933339486203076 
-231.3376943647579 -127.82747183673972 187.81542446102432 99.25995056479647 10.017347377164754 
-160.8006273189974 -86.28006241584696 160.944280493063 95.05613118465958 5.25508364851482 
-67.84703569016871 -41.36197171918664 78.89897651433655 78.79697698317918 -1.8821597692123082 
-52.17423638157207 -31.409814562955557 76.43203269974134 69.95112271657473 -5.7368660216415535 
-112.10405886500068 -52.838516693093894 99.51986651962204 77.21309929214578 -37.00314727351515 
-128.2089904530022 -66.60405373927578 111.63196817812575 80.83933381910772 -40.81767421478915 
-195.11695010467685 -81.84866367365527 253.85241019190468 145.1942743375773 0.5612149902727277 
-127.84356183520781 -52.49055992825139 145.55439987594622 86.65210441239519 12.653429782130551 
-30.40092629112392 -20.70328237273973 45.48740719497324 91.43613234383892 -9.001018931957365 
