10.50488672029386 5.295740244235746 -0.6034662723712794 18.12790488514154 -23.097433023228817 
9.564040092708906 5.203676755052969 1.892904397780709 15.586678484693026 -26.417258030862286 
11.58203315352565 5.298264295799699 7.57704021062148 13.763301771810307 -25.596048707942902 
11.934435529435943 4.896392999018257 10.825971334574893 12.899881718977412 -25.455241896757318 
11.590460025163551 3.891906738823351 12.993964191522098 11.908461495422811 -25.209362459451793 
8.423380428082332 3.2841200354147104 16.04826091528896 10.726911108916894 -24.078749698873885 
5.394743573008748 1.8623401951690843 17.677228766719654 8.954606589932995 -24.13694598262017 
4.976034618008046 0.4443848911995159 17.277532491814924 4.616770511450205 -25.324736352103677 
6.8677190468150915 0.26414871520077754 16.723979712609207 -0.5659489426535105 -28.63155707464414 
10.603727846312015 0.5147931194915805 17.184775622727162 -3.3457139787884733 -31.187914637743713 
13.373949293815128 0.3348888694830263 18.91268891036423 -5.768792476531439 -34.45338748440074 
11.79827161752688 -1.8297835893821313 19.492687973404532 -10.509381465135357 -43.481391336133385 
4.017159227060607 -5.475979065199662 18.814579139528888 -20.91790825843488 -64.38289249971261 
-9.065552807063174 -10.012783207229324 19.436930527956246 -34.693100454167585 -99.64931472356494 
-17.225881545041123 -15.92593336522408 18.78302531984167 -39.16754696066433 -116.41090888864696 
-22.376914213313732 -18.195630790917907 22.120417674063468 -45.09157843574998 -139.98945556940643 
-22.00770967543476 -12.769191986893127 39.57045273192016 33.08069559217554 4.514909441410225 
-13.899064001056797 -8.42649712523301 26.671246057902756 6.403830626908425 -1.1690983113536968 
0.08529916277324971 -7.198360051715311 19.88350704041242 -19.47234999051526 -113.1328983254763 
6.196985086183778 -0.8576463263288939 20.653282181924098 -11.127238873337367 -107.7129643241231 
8.523995936422901 6.267280704759734 23.41202682379935 -6.937248837434651 -98.52749496516408 
7.133141350877737 6.481399989209507 22.939850004723215 -0.3196365278438605 -86.26096648308166 
8.822460188730346 16.36787598743697 23.336474100980922 6.066092705703756 -70.73783929299249 
7.388213529191455 24.113286674575395 25.32816154913888 11.215626106883708 -55.965559482533266 
5.649698827737612 29.23875337334369 29.82313106319782 16.592645900599358 -43.086014791828426 
4.191396290729704 34.55231370020693 33.424656333897495 23.15895495167867 -32.527633483764795 
3.5418502613072795 38.079266795962326 32.80174278564546 28.184336878920956 -21.943390193588748 
-3.180712539768659 38.93563079120936 20.200526291745575 19.035027493539936 4.595087399931275 
-9.391402231673236 42.296554574902665 -8.846583566515262 -35.16351319877287 -2.1377954973202193 
6.920159111800789 46.71395588486696 -0.31646745160577244 -3.246889403596823 -0.12923945481839505 
16.592603768915414 52.7836765335024 8.170068529469344 3.7890373371992463 0.9829971364269915 
22.961149707104113 54.55607914756594 11.295156718336685 6.314550743829508 1.3133969108899575 
24.678641009130004 52.1545806025119 11.229659614200878 6.190762020395345 1.2574484641022186 
23.24519403175332 47.628134217715 8.351779532749617 6.272943423512899 1.132387876122925 
21.232641711976445 42.92320150234807 4.845066080655893 5.402272590849004 0.8842067403564886 
19.796620898001514 38.92200418447548 2.851912446896288 4.376354365973985 0.72671722725669 
18.969253793498456 35.66007305118323 2.4564788560515454 3.8156918124080548 0.7022427941397057 
17.692740250176346 32.77984932777833 2.693440908772541 3.575685378830275 0.7202426082656191 
16.15545238518034 31.487135254451402 4.916296358448018 2.210502607873732 0.6368117347465501 
13.620731572886193 36.764452852228224 8.17223603668377 0.029259474626721363 0.5262663761942628 
12.462456159021338 36.39621030812417 9.718724751265523 -0.1359209572125206 0.6226519531598306 
11.219639567496156 32.806644855523494 10.723031374592535 -0.2452891626043393 0.6963105519476743 
10.445919846479704 29.37242073036387 10.336496113727232 -0.15470026188503624 0.6563815112991559 
11.383989905259654 26.770089834722945 10.43794811705919 -0.2205471182685858 0.5729707812392276 
12.086882684120344 24.06665103387291 11.431087271441154 0.12317286323303099 0.698226012274652 
12.270199639614061 21.194010102758963 13.184517472605194 1.2360934521266538 0.9739877972570645 
12.524876937080741 17.929477567769414 15.427043106355885 3.513077491268813 1.753229015239678 
12.674845688054297 13.465535309514342 16.922784257252378 5.667541670406893 3.411439006378665 
10.179381307298971 6.211387958019851 10.457816793086614 5.4338301023476445 3.8405306289499386 
8.773757480661725 -1.6837169554633251 -0.35632023591010475 -2.1734719625232515 1.8753671610412723 
10.118898216305393 -13.444927174929088 -15.3785122247221 4.236570755543479 10.719471680577747 
7.495598900227785 -15.557921470564708 -20.200391883928308 7.604578023092705 23.662582617596975 
2.9970942886419643 -11.682365286687174 -7.281594722466345 1.8339134351567028 16.39555272369351 
0.11975609546440509 -12.452753617051918 2.70700692594247 7.644461446377162 11.901911038913816 
-1.1308967273949007 -12.972464133441475 -1.216880929489713 4.382860012650228 6.023290790716689 
-0.7197598373830553 -11.024697163852327 8.086609351848999 11.890321191908958 5.8508903038442295 
-1.1246146354132605 -9.083927564830619 13.764580026952748 12.216308706943597 5.242042143931004 
-0.7732750803332755 -6.846966940460185 15.656556944135986 12.080477655692537 5.778199279269271 
2.53955940669866 -2.319477512795683 12.61506165306075 12.890599771970441 7.286381370159263 
9.880864720991942 3.859043650757062 5.898184025705765 14.760058882182253 6.920236684930791 
19.575111089172903 11.086186803225216 1.1821583226393284 16.512363679441844 5.335634964596279 
27.073219579305896 19.51623139251948 -0.021784594657793206 19.996272950289253 3.1027244581309943 
24.794077849028437 23.736307883106193 0.9407462370117772 25.336924621467148 -3.398081809440644 
14.928189013109364 -14.455522335188313 0.31614905257407916 34.449150866412005 -12.855764905353238 
9.937916488760136 -2.764805966672366 10.25175913837376 31.216536668992145 -17.479520438410425 
9.434439169413855 -1.1180697790908547 16.788246443290017 28.32984226535047 -20.54073937856122 
8.635566311585642 1.4636942423564512 19.47919586826448 25.42619595670294 -22.14412736918336 
9.535661938393377 4.642124561365629 19.55664750915516 22.671829220740587 -23.202865567491205 
11.46788969022617 6.703248420856361 17.28333190390677 20.686549281434758 -24.96047596788099 
13.347275943819948 6.727304204324808 12.801862323750928 17.434699673466522 -29.742403125681292 
11.78280415603588 4.666580304721063 9.636682079271024 11.384533007361052 -39.82956840212975 
10.23273726045362 4.823620247739745 5.879080420645223 -3.65521668596933 -58.8058166280084 
7.592821147165504 3.847709456593504 8.553370251764466 -13.771161951774776 -78.56911952203392 
8.877811411582993 -0.752027580238602 6.142176923734603 -8.37982127351889 -80.86116459997261 
8.889836271371015 -1.1805054450420533 6.292644285786638 -8.71990630171396 -79.19836647911964 
8.28981343487937 2.249504315646675 12.440065330886036 -14.950867887435257 -90.01453292327847 
11.104491787579775 7.196513418886558 29.71899307355873 34.343217665095096 5.2179197934445645 
17.914880015581627 -0.05492542492157467 14.748390158029379 3.6883845261559927 -54.020752120664035 
15.39053789989143 -1.1191224604804653 15.922498325281547 -2.9966719051123127 -68.06247947595315 
6.671446341657275 -3.650259846565182 18.56335717844933 -16.57331851365526 -84.25889295427261 
-0.6239876092522888 -6.401590451864981 28.41682636658143 -31.267000104781175 -104.3079271252227 
-13.661210527731935 -12.420477287781706 32.25546798506892 -36.765383374163235 -115.01179171954196 
-17.835842854075022 -9.888471034307665 34.7949184951181 25.316972785745914 3.9319708771936517 
3.380745716575552 -7.954362304337981 36.37480879177293 -31.522627998887707 -88.11880722281163 
-11.387491104183303 -12.139523039724821 32.0255051248786 -19.910959666702908 -91.89446976518217 
-16.14521597723162 -12.467333645082913 36.71481048785675 -16.747794722709767 -93.62828610195686 
-17.91378284200015 -6.690914071623096 40.36782972552118 -11.973304400516305 -94.09923884698586 
-19.989147832035425 -8.094885928522606 41.90583924026862 -6.370974159762793 -92.56883070224008 
-18.979472511683326 -2.409122865398658 43.06272625067551 0.1782655338723993 -86.2260272913214 
-16.779762217523697 5.894371373979764 42.16851986351976 7.647058987456916 -72.90485476606597 
-13.555829925237735 13.531984562413612 40.72591497233111 14.343312400258172 -55.46149035183187 
-9.630238911345744 22.32665393516501 39.80627309308544 18.817719109123672 -36.41481807293252 
-7.6061166257827555 33.87847148007735 37.25679824716993 22.073411874877888 -15.308518820060195 
-8.49789496757125 45.43219069498202 26.78098692166937 19.941719499888368 3.767013415815195 
-12.426693412552568 52.92907262906349 3.9125099012058557 -19.805106229816666 -0.6130368441376061 
2.9868443486638396 52.400299615982945 2.4589533796382868 -3.3313211974819694 0.0325750917249834 
13.675839864283319 50.670400401461 4.628290381323134 -1.1622595774417395 0.44516667888620615 
19.389534275652732 48.980963423236716 4.191219548904192 0.45158802086116506 0.5705680863530267 
23.92805074979181 53.06699608666888 2.5344677386198997 0.7275107694164337 0.6695379271478589 
29.298990342830916 52.31637729758806 0.325604405291819 2.0322902341923905 0.8230869440480246 
31.422109047115644 50.074287219893684 -2.374965563078452 3.819195405359129 0.9128819116002505 
31.250970793042065 48.17314713161823 -3.2669732592092737 4.430982157403749 0.8462084724605198 
30.971763370191248 47.34894823070014 -1.3928642609523358 3.5407648308171185 0.6847104421691231 
30.72513972767375 50.0494188202239 2.42422512476669 1.4764597518066562 0.5058523214768795 
28.97632632370559 49.7641995684294 5.61801832400197 0.5775132833630512 0.4750624343260136 
27.42404998790425 45.12708435476724 6.970863429683324 0.2936631277257921 0.47922052111612845 
25.954510975613392 39.700195965494466 6.360831618998387 -0.4095709840630146 0.4632382218159756 
24.605294195160695 35.416438763273874 5.017152115880712 -1.1936444628656302 0.44894063704822335 
22.935570133550694 31.532971665834193 6.690728032889349 -1.2428049356604671 0.5151527228802582 
19.706111942196472 27.465792384238277 9.225841470395405 -0.40022383993252436 0.617086079662344 
17.224035436173715 22.941721540150112 11.800616373015849 0.9810816343116628 0.7216119789056918 
14.907477011689823 18.162758101233244 13.32641542712942 0.4064126035460111 0.7153719747526198 
12.004909319942536 13.101113791348656 13.163876212114095 1.355801754652322 0.9201467083014799 
10.574287949108568 8.93900171137124 14.505319650787984 0.7630750820245455 0.9807406591825938 
9.462580012723706 5.410087479315631 17.753289065311645 3.604835002613664 1.7867747217203211 
9.992699948083693 2.596738533365549 18.248608681129944 3.8217856064767477 2.5016817597580907 
10.203898711396427 -1.8367863663207964 9.024936272814326 1.6656061738111754 2.3119087736591584 
9.256999774331181 -10.534513619228905 -5.536649060171693 -2.7946333541376656 2.3484462941506417 
9.780367109128521 -19.941646628456265 -28.639736545269624 12.42881549211118 23.208055090878474 
10.329891833811205 -13.386157813078443 -24.434375522145885 9.88922083264388 22.53608259948441 
12.755158550036018 -9.11088884748249 -14.020093370659563 11.050166514194528 19.15247498565482 
18.09365534055988 -4.069841884034472 -16.949797617138575 -22.27178463120254 -2.851398273095003 
21.877633973979826 -2.7933997607497627 -17.98237517041808 6.835631478179305 6.094970142943266 
26.028923534531444 2.7624375072425114 -8.468158666145218 0.2739883761865528 5.346606345854321 
29.206401345256563 8.51527629811812 -6.005720458392396 0.3740045185042772 5.378168272836572 
31.48206162725906 12.91207656822224 -8.070634636264101 4.885435619759918 6.37043004198654 
36.3336851214259 19.758579449327716 -6.432363306863044 10.77751525813782 6.899143552122553 
40.627959777924644 31.063994654252784 -1.3970017168610882 16.132309809140096 7.818602401136088 
18.634273189010916 26.371489164192194 -6.780097592950275 19.738018370189366 10.719467369283148 
10.613196751540908 -21.333364884384764 -10.252720436470057 33.57380900434346 8.786121295534814 
10.658579478642121 -3.6428914442757083 0.3493862304065727 34.498645280825336 3.774158293789862 
14.203604207504874 2.7526159505736967 8.17039964038304 33.08235214777873 -0.03214282148439857 
14.983163936600883 4.950770828254843 11.920744099850786 29.64897811653054 -1.1922543831576495 
14.551527065958005 7.282106957790782 12.635448037957046 26.817094980994586 -1.347738895780615 
15.443069569576645 8.79892516102707 11.932422841671364 25.24425355234793 -2.831660366065331 
15.580284481231928 6.871331062556257 10.306301459077634 24.895518357700347 -8.903292855413858 
10.346164994921809 2.694313582237974 12.353556364889748 22.18677859314638 -23.956099381120378 
2.090596549418966 0.9200290132057883 18.170778902054675 10.606026406950908 -46.418268970852374 
-3.6217598056219713 1.4490589396360836 23.828273985088053 -5.038065400171064 -69.13973940248925 
-3.476416573743615 -0.8911062134914033 20.596515486945137 -7.583782449718175 -77.03739017688928 
-2.216934356408988 -2.4398422526365877 15.64843051096347 -10.064427640179447 -74.17414085492423 
0.800356988757181 -0.2952110032247637 16.459496660716262 -17.67485191414379 -77.71120570517597 
7.264983750651891 5.587361352356686 27.45037214784423 28.98173843177913 4.686205640902464 
17.813281093039993 2.407378981759779 9.099501559352088 -2.517048838814862 -26.009983966916504 
21.726690321365883 2.935167367505739 4.538916439922238 -9.34845591596719 -44.2507338940771 
21.338999794137266 0.882878392571391 15.433106443090486 -2.5550743896104664 -42.66890737688473 
22.646833127743047 0.1593507654450297 23.140911809288912 -8.840931906067802 -53.578767379140224 
7.736159935728005 -4.31248999593692 25.997814329103747 -16.76592314941743 -74.01899721685237 
-5.670548369498705 -9.740751832338036 25.301708148749086 -31.227893686462593 -103.78016274444138 
-12.190969084681308 -13.851968817268299 27.36043719431144 -35.56624026948205 -120.69432627313273 
-14.209721896655738 -13.901411818717914 26.848129211636593 -40.370970627264285 -142.05775897960848 
-19.754276175711222 -10.414585816485577 36.0917204421601 28.57239608685213 4.0164470729819435 
-13.19845060006554 -7.071871863523627 32.7261137487845 9.173101360147566 -2.087586982824897 
-2.331494900673996 -6.925001178127557 40.10413914668451 -18.938052042206195 -122.11505096867975 
-0.9245888615280191 -3.2017571245433927 44.60129266354082 -8.893576435826896 -111.50305285717681 
-3.931293868984309 1.1874076402473241 46.925838369574805 -6.539308451924352 -100.75953793217342 
-10.198416397991567 -3.544423574387208 44.55761973012954 -2.8112573630614732 -90.61283021947801 
-7.64129787372311 2.9476177483757366 43.2481999812311 2.9335312387013937 -76.41355336524478 
-4.803771640906999 11.301918714474464 41.572850160319526 9.859544796714816 -56.66825401070668 
-2.9181442569114315 17.17165766145747 39.23387197287181 15.286958872311551 -35.905315344678435 
-5.001990875662367 21.87857410256452 32.53554939842305 20.884327450558832 -3.6793990762669027 
-8.425039528174533 31.76628766173632 12.738557604118283 -0.4739141294666185 0.44168948666344243 
-5.697694474035599 53.78887773172273 3.7336157210802154 -12.43269356814583 -1.1008029245868556 
3.799224774224626 64.32662968821504 3.7180538647510954 -3.862417643295344 0.3757175806668111 
13.614904605995454 64.45042052045271 4.679898598120146 -7.17864724181221 -0.16345982624994143 
19.873995668074905 57.98296840888107 2.81315268322999 -2.366742544107132 0.3846167725048442 
21.46532229787894 49.03922528278228 2.101291586180429 1.6293944606709156 0.791822662736331 
21.596518045902673 52.29934207854508 4.889603766755286 2.4960464422797464 0.9558004367079891 
23.18432979211408 48.465138764560244 4.283206848243885 6.076639498659582 1.1669224097941506 
24.336756503748596 45.61883223462137 3.1576767365700653 5.3611718281013685 0.9618878525946772 
25.305315731123805 43.34186630920883 1.1066270589636185 4.42129227249949 0.754173633937275 
26.63355853416994 41.45926359717616 -0.3620006007630008 3.262138490019986 0.6359923755299532 
28.07264078533007 39.90087916364826 0.9692326651941094 2.2516159546253034 0.598486708116896 
26.013308620394206 38.73257365401142 2.857316742248765 2.1876782917229436 0.6387667336760564 
25.19116265126632 39.738913250132896 8.497932010156967 0.2473985016770131 0.5520351273620825 
21.16027855291972 37.29101222119482 6.777395627323611 -0.8648165108395983 0.5027772630240139 
18.99997964815114 30.698102716073592 5.986317506992187 -2.187317717156713 0.4392386238904426 
14.227445318778 24.569947801481856 4.361097231216978 -2.480092610081967 0.454637224530429 
11.407662938288013 19.577449597987332 3.72172337693107 -4.610488848660904 0.23320451306522894 
11.067989037678531 14.945215947856482 3.020688439132569 -3.2345675334708504 0.3456011012378594 
11.509955475582046 10.578588137333556 4.520330884669446 -3.4893463003726772 0.3195706831739291 
14.094663010951347 7.993369923530336 8.117770656990428 -2.1066025430725053 0.5021087434870786 
17.984084424226015 7.060516483338985 13.739487192017098 0.7158623142038151 0.9929089930871667 
19.424632505494127 5.708250044013777 17.588017239580047 1.2918372218874592 1.5292746239162829 
16.655210554458083 -0.05622522309397677 11.11501527188476 -0.13654832864156496 1.9151016463761412 
13.047889118947657 -12.023695678254933 -14.934328360052229 15.758582281060308 13.884408725492525 
13.98737523628165 -16.603821199738103 -32.490539818528376 26.332170425131796 27.90464899550702 
14.277088517928656 -7.7844390086184445 -16.471701710613072 12.840062193183407 19.320198066625156 
14.537958506901026 -6.846778654620048 -6.325302394421549 9.77018431567172 12.163605283832485 
11.0611826080289 -8.260634241740735 1.3399979886198852 11.209544430795654 8.189737694492587 
10.101048777130389 -6.74436345676171 4.36981710844667 10.766017269238962 5.885557304467188 
9.97907874913182 -4.020062082668846 2.182005424370689 9.565869281972319 6.318333579557621 
9.877736078293873 -2.6558349288880962 -0.9714183716418394 14.022886385013635 6.993609863616286 
17.346189532088662 3.0794667703349696 -11.896943509781941 10.987014722764277 6.626168625355531 
24.802018793826818 16.20377783363647 -8.152451828937181 -6.2913635757728255 -3.3237231590602905 
23.896395613055446 27.817276127293415 -4.808046429504 -11.693155031090365 -36.79713764433771 
6.66977256329872 5.186536289711824 -7.298051835368285 0.005680694476353262 -68.68815445254928 
-0.08307736799014977 -25.35290626370411 -0.5914051583372416 6.734956980956327 -79.27237056700463 
0.9769153234738964 -2.4289747188651565 12.71614664288426 2.994719275303585 -71.86426123145023 
5.952852703388968 1.7538306450898147 17.250948460004174 1.3071017798337081 -66.71202978192711 
8.31414996256824 4.755383004540336 15.66420963291002 -1.0819369774562588 -63.61342981083209 
7.831502988128228 5.306155845351232 12.357882167401963 -2.9749309939476833 -62.37073459636206 
6.471227429294556 5.428584113262738 11.077460135555707 -5.068234557370308 -61.964288122240006 
5.923265635754783 4.67706478069325 9.210497047083102 -7.822783371957195 -62.216627800952345 
4.67957525916524 5.615314707306336 7.1091506791112495 -11.517914894228621 -64.19477433581511 
5.94926160611052 4.60998539774193 5.342304140470887 -15.17217794369911 -69.09801620436653 
9.335122232571631 4.225298501492688 4.17925906996857 -19.59357016789917 -77.93756964466952 
14.741038837504115 3.5778403553640135 4.654902684821174 -24.38063745049729 -91.14841200016065 
20.838370392075095 1.3087017181753164 7.35035333411513 -29.63638712064202 -108.21692667993116 
24.112399418175873 -1.751630373190055 11.005711431513886 -35.30552913119801 -128.88719089918624 
19.877482013722553 -4.320258512189067 19.07912808836357 -39.2682916587072 -163.5080983179578 
6.433271329845928 3.917645775328479 13.518166477601325 17.65723881658296 4.048085998521417 
-8.474654934430975 1.559146511292618 16.82516396727707 0.940804383244294 -1.4736626852529064 
-24.908577814479077 -5.320192133481118 21.112442338063055 6.593530289264829 0.13174884638489798 
-44.5809832654951 -16.396033837157148 31.75610150448275 14.88337067592768 0.7273036943308765 
-90.68859813560046 62.12308122050626 44.926276158769525 16.99135260129932 1.93441355517084 
-69.25687374188855 -39.1558117998786 -3.879198486228591 14.987723401486216 3.1203427872472407 
204.6999517804953 85.57857960818154 4.335754936874705 -56.450901949427035 -160.7959011237908 
46.20154202409027 37.14833221838189 -27.834505571034367 -32.60721508355922 -78.99491964946168 
-16.472638897827935 -10.544952087506443 -19.971444715550486 -32.66929188258881 -57.781318457866426 
-35.23709098166011 -26.40279169597751 -1.9110590163846244 -30.18037445865986 -72.24033427860508 
-30.216841479236436 -17.979897506789015 16.827641415421333 -20.444114407750707 -84.02589038648708 
-22.468497132673143 -10.072586814501097 27.341416776741042 -10.230690724068737 -84.82932041844143 
-16.384707591478925 -10.661247898968245 29.094813778200546 -2.8690931781846087 -79.59991274216708 
-3.936190654150393 4.789325300760193 31.16845445877823 4.157335845422731 -72.2444260285137 
6.415867563030154 16.08532073219275 32.76104656651756 11.924970554091432 -62.538058279917145 
8.361090829837348 23.802818205264682 35.067332193220516 18.285457872673923 -54.836309722828986 
5.699156190659719 29.27304367481164 36.580431834769016 22.740382332262946 -53.086215777025565 
2.1439541066513135 33.385919414198156 35.40701024142831 29.89269613602221 -56.32238305195455 
-1.901621908447325 34.36938224495022 24.861153972025644 36.81337522818643 -26.60872513020369 
-11.319056702371732 38.635084642523104 -1.739645544348176 -29.02577425365829 -0.9865637537449966 
3.2537497016251034 42.75955720327451 4.245467608956743 -1.0052207214503481 -0.5583438238683237 
12.303219580862237 49.90398062017526 11.520700776799437 1.693221408288766 0.5994454905362177 
19.582785123509797 53.222090926402245 10.82218238083722 2.41447530273658 0.7899636314543754 
23.722227194045708 53.6998527407542 6.969236470473394 2.653290252801444 0.9164746029810412 
22.992306063595997 51.37682121680624 3.475947823976083 4.148763462022888 1.189197519453561 
18.98261614001322 47.215561141642546 2.466870163337243 5.514423470584118 1.22257321094008 
16.485759536455056 44.13612260203105 2.5534407175658407 5.989027496564118 1.0530803134842506 
17.67981402817005 42.99330718719483 5.930390712644728 4.135344368145027 0.721448673452502 
14.806922355206423 45.07160330220103 4.217883891885137 2.5178999387444803 0.6020332927180672 
16.122699777418266 45.39547903356218 5.976018673243222 1.2925606521004727 0.5635827781042757 
9.79142774049879 39.690757715047596 6.424622658323923 0.4002279292997363 0.534002862635833 
8.194063998949678 35.17197046091444 8.293882386864631 0.9170682344198807 0.6087473681283279 
8.255849518329233 30.484786167147067 11.377152950468721 1.639002682692633 0.7349099110753865 
4.04540102384477 25.998783996488356 13.050617872715112 3.0825515794687193 0.9495909361454032 
4.683191473196568 22.107590922520938 17.31187997357727 3.915674936661235 0.8693180021943783 
2.332537119483144 19.919112823626183 17.09854694588777 2.818140777566194 0.9712418635821229 
4.619787191895485 16.30085040883379 17.95938111876035 1.2517711158498006 0.8459157624868182 
1.1925158207929647 10.507139502737013 15.291013833746813 0.5722123289889041 1.014779603409722 
-0.07377372136773452 3.317250253268205 8.285479343931735 0.5437605776114219 2.103249367251782 
-0.7864769779928091 -6.705294687875523 -5.161617653063393 2.365113088078873 7.800884579618309 
