8.878789799749745 3.665777878563405 -2.2378219384359177 16.507441189985755 -24.748696281169348 
8.494898493699216 5.823180037624777 1.6380459868597816 15.193547364216272 -25.332304731926758 
11.78103519439487 4.794390744017929 6.4282680640991865 16.12103470583821 -23.802091826803814 
12.090699571041133 4.562137487873118 10.626668095008206 14.735532492022887 -22.62292236398307 
11.494303671237933 4.357046632055736 14.028459199728264 13.53886940026245 -21.744875564022383 
8.107377940721543 3.8877434084439964 17.580748532602847 12.736427237426666 -20.58767934971603 
5.195150897607681 2.0948095034445027 19.838568529560987 12.083996015468722 -20.204716304454614 
4.369538158553936 0.12575973287247036 20.47244581558053 7.787509929812089 -22.601435960967425 
4.716333232918851 -0.8402956690444274 20.692469567977163 1.9914054130189702 -27.610377437287497 
5.718302441574345 -1.3976296972693496 22.018692658888067 -2.1641328127072166 -33.11520369952577 
5.621268572418764 -2.0953420319223923 23.99133597118455 -4.870026093339099 -37.29081891341844 
3.362885307438654 -4.046309851051539 24.679721733638566 -7.463404298115401 -42.894003148058516 
-0.6717892557615636 -6.168910252739661 24.14846487987047 -11.522399931180033 -51.984716323745424 
-6.482064353710034 -8.774020053137084 24.223191547085293 -15.589283163165188 -64.28636136315447 
-13.21174931363156 -11.603312421035383 25.106245089520396 -19.04459547077593 -76.85338632596576 
-15.356040878143084 -12.998039020991886 26.164253313808345 -19.169402184629526 -84.3172319559003 
-11.587082741611429 -11.661156109602931 28.493302854337983 -16.179089038068504 -88.34889463127331 
-6.54713082247309 -8.625165782861119 31.321586741044502 -13.019485274601832 -91.3759621656979 
-10.044178081432582 -4.77230228487522 30.514520376324516 -11.65145261648651 -93.38182770017232 
-21.528104766215325 -7.793595421471546 24.539001270250104 -10.098820659057177 -91.92605408031015 
-21.23672003191084 -8.039424962415453 20.130827976207048 -9.227967795343076 -89.53095356297709 
-21.40814538903587 -0.006143407898268928 19.75215887207308 -12.202421454167368 -104.51958389604633 
-23.312068957900742 3.9596989954521638 28.74449662139603 20.49359345289165 3.4235650841429193 
-24.76478156567127 9.336891700186504 32.59290228365832 7.804617004544439 -0.5400063624514488 
-32.91057981636808 30.8095662817723 36.81272014652484 11.326877046685144 1.2506056364064586 
-28.10563641212957 34.3417233012667 35.273714981324815 24.395633409883136 2.7275157767957277 
16.84095980253055 -9.79689865006164 8.171769779994362 40.90552266384573 -55.68789482454076 
93.21161830334728 52.164153915268294 1.1956237269990688 35.65727890215435 -49.33492101898008 
15.939597150019326 49.22104449344536 14.252117490264633 -17.419237441215927 -0.0262197078415294 
-9.537205271450658 36.669009028363895 25.22429669051759 6.327776714793598 0.588327691026982 
14.505674139981654 55.195844350291885 38.311232554402544 19.158164750669602 2.5627540742530597 
34.50459531668834 60.94024802131777 34.151836746268486 34.15567835118134 4.295486780322488 
35.54489200929398 63.61867121729708 -7.948885984145813 56.39761541685898 13.951839422156837 
3.5231830251729668 73.88701436997736 -42.626178606986095 -114.6741284469842 -8.68769444296414 
30.15907019618207 41.639874334634186 -18.963199845591504 -18.346740777355866 -1.679375672078815 
33.89979191755223 48.98838597364349 2.449713159529656 36.469455068427905 3.3793026245270803 
33.046007985522074 47.3200471001993 19.9130801943766 24.710623594165828 2.5009784791277503 
25.020724218959074 39.35972692462015 20.139667931553905 13.813286011520029 1.6210207565012 
15.244131784662384 30.650310806319908 14.986647052973863 7.994419711467311 1.1140168199575076 
5.800188924020319 23.562493116458924 11.665516165016836 4.414439705086775 0.7969913604312265 
1.1951630660823438 23.442304780410517 12.20365898887669 2.4426355228271475 0.7004245111786643 
-0.6293508614953834 31.65702379014298 15.82020946374023 0.757392405101988 0.7292956282536934 
1.1495226605757067 30.260417599631495 16.472101815165246 1.0219077448498421 0.7851753408421838 
4.610849938201291 27.91928673536056 16.00374537412707 1.1707795937779413 0.7398950237738069 
7.239357631482839 24.903055729788292 15.335581803341812 1.1218020844131695 0.7805635061344515 
8.749606717682548 21.381388246405756 15.151928299221392 1.700482617984229 0.9933304612574801 
9.714506461939424 17.41064434572592 15.313425886149725 3.113968069559625 1.5512386485545175 
10.315918433822677 12.338160378255338 15.096180679322295 4.793215753071468 2.973502260181731 
10.038400233208428 5.627887269871342 9.80647663080852 4.405846403433278 3.6266612322041407 
9.243391258639035 -1.8484288712773054 0.5883444551986854 -1.7496991242169582 2.062369574699129 
10.49785220809676 -12.493690424146532 -11.235786868033827 0.9380124729774353 6.358902852849424 
8.279581759026295 -17.799680585928627 -18.288224197647626 6.178581599080312 20.313941841514634 
2.909067302480115 -14.209071856920714 -2.4191488557733276 -2.1357177496093476 10.105608051538454 
-1.2039766683963469 -16.61175881606037 7.896722266822802 2.304500709380951 4.833736067483962 
-3.9871122743545513 -18.452657914205375 11.463267021201933 12.286158800122148 5.438474806398478 
-5.447784236114097 -17.880502369205647 15.026486230314324 13.571292131930518 4.828857711558349 
-6.017941021551456 -15.656250322299682 18.104001569906764 11.94578231728961 3.8622465923669242 
-5.453848381817868 -11.563868610635678 21.225981997567462 9.288122480954273 2.717033845860631 
-2.815886077505561 -5.528256808442522 21.821522707124316 6.547816401912566 1.2503056957343397 
3.8585201883903815 2.3847484129227485 16.69166125845116 4.6873068622643315 -0.5945727860055954 
13.200223410972685 10.99208052996716 10.586804797119838 6.268348361613135 -2.3823887619629582 
20.879242850478168 19.39858431958241 6.8958276106159655 11.924561726818723 -6.535606858179749 
19.444699657846346 23.904588517877315 6.1555684857181845 19.192942077535353 -15.937573747869136 
10.86655453720048 -12.582970079681568 4.715753820139165 29.67755890087312 -26.346548238233414 
10.79522009020081 -4.679935175364212 14.560864817208017 27.70092304989691 -32.42727499465759 
8.189091365339108 -0.4960157998893942 17.18686838142491 24.488127736583344 -33.099257179395295 
7.831604020959085 1.6087446548628337 18.292365682789843 20.54444954079337 -32.15056023024671 
9.65917305828349 4.175559424751611 17.124473972580404 18.069850233598196 -31.716667908867024 
11.983976874065217 5.409545313849087 13.954171132708172 16.582476584140704 -33.7718034973416 
12.395442877677011 5.173276282776525 9.939689417388102 11.768259088782553 -41.8158877733616 
9.641093238360462 4.856765057520568 7.464399718323869 -1.9031297917178942 -61.16430734095542 
6.053018013387018 4.716251606276933 7.709092331224909 -16.164848119757693 -86.02723616195034 
7.706477587052644 -0.3122111637488302 4.548191633673387 -11.816285479930201 -90.02359057369273 
6.40340128534501 -0.5607045970812917 9.277193102205624 -15.153153792543332 -99.8339621166214 
5.994442191411915 5.952980242749096 23.211484910518532 23.378914065968296 3.4518330456654107 
8.795050060786522 7.032655939748712 15.915622322264221 11.23948773916859 0.04877406722220022 
17.721207917065463 -0.6925404284107484 10.774405676721384 7.286717329120138 -69.64416486388305 
15.970729850650436 -0.5267580646810536 16.050026816590034 1.1894413062143154 -76.45455126296837 
17.156585476665196 -0.4422027461761652 24.289448358330326 -5.913515541697575 -78.54008726186836 
7.376838122922981 -1.772414200308327 16.970884969994263 -12.555866319698511 -76.40811366404249 
3.967695441710335 -3.703070444496568 20.13951589293875 -16.905470474458518 -69.78892751965124 
-3.3424796277925157 -6.606575688862844 25.224100989658293 -19.572769193240827 -69.14282170131801 
-9.866212732542788 -10.28874159598385 31.510155010361057 -21.630737014624483 -73.29354654791989 
-12.17234073590565 -12.883192795797221 35.17989591810602 -19.38872139065611 -77.04003640311808 
-13.572630312640422 -10.822031264243217 37.737323122971404 -15.92876350017361 -80.00388546252162 
-20.848956302140778 -5.5001488065178075 39.70530260836939 -12.887820642520742 -83.44052277239066 
-26.87679868347714 -7.608870745371797 40.36975354262806 -9.392267690811961 -87.42842858164668 
-25.95037541677224 1.3806897592364678 41.432974463314494 -6.186117249101788 -88.17239002012029 
-22.9991901524179 -2.2576076248399426 41.71288209969797 -1.6335448112922923 -86.76255739222272 
-23.352640380754607 2.682741046157977 39.71895149469941 2.2683297184362696 -84.0820876983475 
-22.67665983128292 2.5626477767379785 39.60431720119175 3.961532783358807 -93.99691346243245 
-23.126057714183005 5.705591372278224 46.526206337365984 24.842628458271427 3.4715258920169325 
-14.744501963715203 13.068261457037783 43.793869045455125 21.468013390041417 1.442832437960865 
-6.979107823304137 24.688622666814204 26.615166830931813 27.45201509167589 -41.65812823234188 
-9.733625160426143 38.898481050019925 23.519459869044827 9.490971575167256 -0.5567913640786305 
-7.72261691409326 46.67766428611331 39.415519897532704 6.230518767062712 2.5533014008341697 
11.81737576762 43.38084228580806 36.68578356575979 19.18184320988057 1.8432271407651304 
30.628876531257564 47.83606248281823 35.06180799235969 31.76604864138694 3.91547678741892 
35.429357868487536 54.23134271377751 -2.9781425588773325 64.35224352841762 20.454981697086367 
9.69879287625853 77.76806315368798 -35.59961209011909 -88.9429033857575 -6.571761863335489 
35.154114590464125 53.07008972400387 -14.394178709587033 -16.028212329467607 -1.1753670655365804 
36.55248157003873 45.41939788638974 0.029637870076027313 30.778871233460414 3.111796708403861 
31.464977795918394 46.02300435940549 14.421268049743048 23.097255860845348 2.365669109761033 
26.168843755215438 43.5089188313641 18.386146058446464 12.4385395972402 1.4439583034699133 
19.692129325240984 39.08939727067153 17.751767536213475 7.5334212051168405 1.0280044200595162 
15.281478444918552 37.29641614408206 16.166448112082403 4.482713076537457 0.810978043327202 
13.434088288987278 34.85384226223463 14.247442326334024 2.193392952032704 0.691054655412376 
13.511685990436709 32.33265984612064 12.32195530167966 0.7751430330864558 0.6352636783762747 
13.933191958648003 29.712805351679126 13.572300616160055 0.5993052788684918 0.699199970792091 
12.75595617880993 26.68192211439885 15.376212129454846 1.3395508596230323 0.7791964732194003 
11.898404027673683 22.697481128922018 16.37976669241357 2.3523604133228875 0.8661569129069288 
10.51746494859145 17.69701643678825 15.259560468686635 0.6934658676190489 0.7393856222686491 
7.827789714659318 11.707824249086165 11.464382159710462 0.46021309333083593 0.8176463303752606 
6.288852792006542 6.593596900317388 9.775802403181741 -1.374567676197813 0.7298756879777153 
5.972981523943227 3.0455510888249844 12.912298921701185 2.1199517311181477 1.4837936207841742 
9.594732125495291 1.4271616889627805 20.125833644012108 1.7156994397380434 1.7174474423192676 
13.259662115295603 0.6090535623548916 16.55637466887092 9.724835358145134 3.0984179888729444 
11.972414418188624 -2.7757070230841023 9.867719716894221 -7.230186883243479 0.4059535475745989 
12.466652166746357 -17.84844428017931 -12.49031852002546 -10.304756197307974 -0.1274951264130596 
15.35407457186282 -28.092174171918238 -36.42922758426253 7.666513830546499 14.584685766835214 
20.597297337993822 -7.255355373964214 -11.549660261748851 2.3510236648660934 13.1519655728509 
33.084748334670124 1.1832376913292584 7.48137944833473 7.140525986725547 7.811710907447238 
45.89122092859523 7.096255286467572 0.835391151559785 43.389977151828546 26.24796038100976 
49.52584177601514 14.18280785437882 -31.013125242825897 -37.064099406770424 -4.451004789052981 
55.98425695732821 17.62614976273808 -37.41030022124981 -11.14385677967079 -1.0340655581559532 
54.79921130729131 22.22214511808651 -42.334170330307444 -24.32709629048252 -3.30900583554143 
53.227688022395576 26.397067420846614 -49.108632958509666 -22.66877630328082 -3.7074357592836167 
50.77517174264984 38.99629065380296 -33.719441662628675 -24.65049713500797 -5.932399656487133 
29.861578095656267 42.71113224159619 -9.039922790818528 -20.917546353154332 -50.01678168474709 
-0.8100395520605335 -33.17133639832615 -20.342254878864544 -9.855151320632281 -82.02125923789687 
4.826764155979963 -1.857910798441504 -7.370755837869963 -8.50697871201255 -67.9418161108439 
13.702867199252093 5.0606059218246875 0.014311482138297317 -4.564051492162971 -60.649233840741594 
16.528081017305972 7.3697407222729385 2.6668506218655694 -3.7136026465644645 -57.47206780511177 
15.809194029675355 7.549183283471991 2.673274706121937 -4.19869964040558 -57.87025662783165 
14.694105652138584 8.618450610991667 2.3292251383436144 -5.1969854869373835 -60.56266482329926 
13.371861857249748 8.759243282720792 2.676531729300869 -5.898077126940043 -63.42142654309662 
9.957175529582075 7.0124711862952775 6.143634197531781 -5.296260851782461 -64.67415429270808 
6.81053376823936 5.118348241814891 8.956944657980861 -4.733555966459303 -63.477143977111965 
6.372154405896346 3.815147688672887 9.107725514951774 -5.454408030621078 -61.68378477994029 
8.175542676790515 3.575442231225338 7.959933772214154 -7.978420709279913 -61.91948837307016 
11.020644678026157 3.564792300378662 6.803614128212343 -11.39324104752865 -64.50840392336562 
15.689729500430841 4.103309548934281 8.354605133216213 -14.474962798776717 -70.24866769004042 
19.269573890347832 4.954396080733511 12.782122539276793 -18.03185080824226 -80.34015536749713 
19.018420063830785 0.29233844593480013 17.56413399849315 -24.741564227609103 -97.969486796049 
12.109942549981112 4.750904370352373 27.12622858588454 -32.80465764514253 -122.75404884179059 
15.432192024433942 -4.9587823346541 46.68455329844413 -38.0604694000189 -168.25700846879465 
17.698496972837297 -15.214052078839854 67.04314896240328 -36.181154075618515 -231.9761727591378 
-19.884537251800776 -6.334299807575175 13.029998237708336 14.932886119038653 4.9058522331676695 
-24.95426348933419 -15.121455490746117 15.272143785041814 -1.7013480327188972 -1.2289865936261253 
-34.797793871599964 -18.003393464519334 17.89026879413947 2.1595599760766344 -0.7216944336675128 
-45.4802344096669 -19.571202768373418 27.45865803017641 8.538056725507706 0.45882256764164264 
-55.187100460367745 -18.66909705844829 38.63651939490943 14.075947715865237 0.8642264558893605 
-59.475979714770126 -21.217073266573404 43.92835299571866 32.13534874637495 -6.641860840008096 
-80.60205075213312 30.256162619656553 41.019791340603966 28.49853467659534 -1.3771799087321723 
-76.8218845807983 37.142956171147915 43.2383676358592 22.42053392113664 0.34950436207540314 
-51.309750205473044 -4.364610994617924 32.587106957154504 15.912391891877393 -0.3817742026741624 
-5.236329405814806 -7.569435545274955 25.10576587535745 -18.646814494454375 -117.83222145471261 
69.29655315071585 55.423084011231296 17.439151139892612 -1.7987204403166013 -70.07219255173355 
30.651794123951298 9.066375068934137 12.711641342508752 3.315891209288956 -41.37291165772637 
15.990750722562304 8.169299428824415 23.56863986987778 5.444654143555214 -43.87155719917878 
17.100304151941057 10.013549072857572 33.719707962768915 14.355232647540948 -52.893004612665166 
22.713399554052668 15.97762588808447 38.58820044875702 27.853533000640315 -58.95278489210541 
24.730619910829326 21.827330859415614 34.21991936632308 44.78573876328554 -56.56637254860718 
14.5692426860767 27.91051331662868 20.397190559815723 28.231750451023835 8.974628082965374 
-4.315691034590856 53.22502839232869 -23.884883394806984 -33.73200211405788 -2.5567929545293744 
13.143210293359983 58.14250441976308 -3.4264618323293816 -11.349272569259 -0.7223281953945239 
21.367475949879047 60.60133206278406 9.234220781294152 -0.9367529855430703 0.6751452040719819 
24.155843510363187 56.340988173093095 14.60087140913836 12.56800189738676 1.9463302414793244 
22.799105403748865 44.30478894769453 14.28299310492692 15.225856445046613 2.021991016148494 
20.669749462443242 45.59795271390937 12.162303623604057 9.611093598972136 1.3643127435951814 
21.21407410537644 44.48682985971673 7.964937001228134 5.961103763619705 0.9196692317250611 
22.72286693805722 42.64393181726843 3.8589572137507653 3.355408679603183 0.6767789421819458 
23.775992880681624 40.7220369075526 1.6871276289815895 1.4889915863846641 0.5511912484427258 
22.85137907281382 38.63181767736078 1.5397173913496043 1.0708980864286772 0.5409184021016785 
23.86217201499123 36.855373726428404 5.439947665559379 -0.023768342676745748 0.4725759636648817 
21.368985575797954 37.122999697361706 3.6577478863812862 -0.21055400143562977 0.46508535984833593 
25.237306892742293 36.588321831736074 9.246922566541892 -0.8330583337401924 0.5477920291941109 
22.68719629865393 33.58738867070739 9.161806194583804 -0.39082675367607667 0.6647048547543398 
19.935435913246152 27.863112358127335 7.301011859719916 -3.814466041425128 0.3682799484332419 
15.777686341268872 21.774991551544336 1.4694389383230757 -3.712047961055117 0.36104317893029675 
15.855430917477527 14.696440612441501 1.5065898551498575 -5.264499652547862 0.19561480917201404 
15.613683921836959 10.449582634983104 1.690387203232802 -4.728559423732524 0.2681365330887111 
18.003844312827052 7.564241561078082 6.188307355024506 -2.992290913939627 0.5304432626011086 
19.134254248030967 5.020849974932155 11.306326941739282 -0.8524017330093742 1.053200381957373 
16.753573790628888 -0.03921238384902806 9.976276966464242 -0.6239927758609037 1.5262351920864423 
13.180842713097865 -10.248952159950006 -4.871514372923617 4.670518117499114 6.064144237876624 
11.764096080892173 -19.932415356169635 -26.667740517840084 22.723670623460677 23.343538215979798 
12.601205436214032 -12.745562752901662 -11.991513522657657 8.97698530223818 14.81913139166468 
12.3959738693273 -12.231777683549858 -2.3671524508390904 5.903325211192023 8.259017877693873 
9.291556176728612 -13.263265849325746 4.715135961532572 8.404312880056764 5.183599536613214 
7.819650121898071 -11.819714800967027 8.942767209882259 9.178832555339383 3.550484474855467 
8.428712477542174 -7.581486785820304 9.578493033103179 5.62795498349271 1.8727339326414603 
10.692602068216559 -2.1776420975683117 6.5865279018524365 5.004155073256128 0.45524160426408233 
15.973457033127314 5.166742193214456 0.7231878723239914 1.9493468920305237 -1.1057296422767189 
24.10852205466885 16.835632214315726 -2.6612404951816524 -5.640849385651906 -4.841232616127254 
28.846300733365226 29.637178507146388 -3.981336021390631 -8.308828647780583 -16.373775693340686 
18.02620972521421 29.510395364543665 -3.6002853795379144 -2.213536159971598 -51.18191538258057 
3.9338572007059835 -26.538129894029804 -2.484567573618897 6.250941283487495 -76.21709483006035 
2.8425853690263834 -1.0156888735730065 11.133260615905064 1.8402508186168869 -71.52325684344319 
7.68980333295426 2.3468872343171343 15.428469614447803 0.37614507870181096 -67.96610231409566 
9.084411436047573 4.7437298392896246 13.759021488560352 -2.415159906636991 -65.7654231137979 
7.628074029591006 5.064887756603504 10.849781562616403 -4.82768209879502 -65.38931864278655 
5.807064039638524 4.79854982433856 10.348738345083719 -6.801903866091776 -65.77509186896687 
5.196710526265647 3.614058338825726 9.277424732832761 -9.395884866983048 -67.6289669471682 
4.054983658652385 4.4837645807780975 8.166114237872042 -12.615148980890082 -70.71114683977669 
5.157193780728002 3.537323554665574 7.1413254817844125 -15.784680031327886 -75.61533404803755 
7.790616321513827 3.130727069930635 5.864254851334648 -19.58106169223066 -82.34374129594913 
11.562665520987162 2.256674150676418 4.846237526052916 -23.286057358783225 -89.96983423100629 
15.069282593626292 0.05479212328464976 4.879905994252183 -27.635462814265498 -97.98570826249237 
16.131920755586577 -0.45043319921088665 8.240164523908117 -34.00797982488844 -118.04701837560397 
15.209818695901369 6.233398574907595 14.093981882143682 21.08050091346195 3.392462420871658 
12.430404373372538 5.545128855321126 0.20501621222474958 -4.271975022856007 -2.52907994651769 
17.119589144037484 1.7621460778945648 1.2173242262215065 -35.575514503597574 -94.94006051698088 
16.84437152034008 2.286214469912022 5.573176717843044 -30.05592046571033 -94.81886007636733 
15.975940232392418 1.0709444478201982 13.987775156587837 -30.204528553624996 -94.63312592433762 
13.16269990116197 -1.184800998909129 20.310610051647032 -30.328229958849676 -97.08648433638646 
4.056109096505072 -4.006224569974162 24.348313729925604 -30.067760630798944 -100.69584223480231 
-13.63970604214626 -8.348567202318753 28.320638248568393 -29.095480658734377 -106.02790981575949 
-24.982471799501965 -18.07594175216905 35.84522038453744 -29.914022774933233 -122.77683916199837 
-28.27580455040698 -20.924781130308563 47.6564793955205 -31.385639860053736 -166.1530374246871 
-34.19583146516748 -12.138967764453596 52.54350335927605 33.62189904244491 5.050041804662821 
-32.991241882712366 -10.95660589681836 48.331545058994756 8.9976716040738 -1.7204505285216916 
-20.297239422979256 -10.312177120263181 56.637768487407115 -2.9609670515555058 -197.3725188127689 
-25.341666893825696 -13.573703643120412 -9.693425755579872 -6.806830767594602 2.9452323417914146 
-11.484099219418253 0.39945105855237956 -4.574763737701505 -4.960101349819822 -2.0320855107581526 
-9.680730281909975 36.361423279535295 -1.251701983733675 -0.8296479124477759 0.22559942728333188 
-9.872610037061449 53.267380510170916 -1.5956262143037463 -1.9631161331895615 0.4289745146268437 
-6.416897353062511 47.440567688872584 -6.047443419696815 -4.617114455078566 0.25192324694191537 
-3.35930691175745 41.09121150060044 -10.143028553071613 -11.578237713995607 -0.9482999285642895 
1.106822731296191 39.09604082551765 -5.2356027038621535 -7.483647992705236 -0.37894249691699455 
5.333324635282517 40.00383642534481 0.9848950948138587 -6.161961655480843 -0.20974167853466688 
8.72712538731468 41.96919835212634 5.659739348823644 -4.944040882124354 -0.0491153319499199 
13.198698974509323 44.08662735600395 7.630332929648953 -3.4405535082131458 0.0964836447216381 
18.2326734066683 46.0834923262947 6.184965211006756 -0.08203595928265539 0.5469849507551748 
21.337308553109693 47.74739883642256 4.504722385878726 1.6905479322753771 0.8296098352512432 
20.12742640714366 47.579990938534074 3.513067367465029 3.9168319468149915 1.1696715347362638 
16.088634056216826 45.4582872935535 4.088496282948801 5.224004862352021 1.2010412369130958 
12.647954507330343 42.95724765432909 5.066557188091792 5.413323065446708 1.0192028904496226 
11.252754548045395 41.400055469177836 6.466114814617225 4.627419430504929 0.7867061014784907 
9.285298654342018 40.052256281876566 8.166779145764194 3.3465508038809473 0.6989928211274387 
7.254326101440539 38.281981536604825 9.680742010204266 2.546260380283201 0.6789570952292264 
4.960066272570576 35.70040962963991 11.241648043737651 2.123705903665576 0.7000528131389646 
2.616487698033141 32.07034119687359 12.670375646510381 2.2270450582429007 0.7426970045677374 
0.6142707366340753 27.793566501194267 13.981790755082182 2.5326475622934232 0.8423632376228872 
-1.1064112409976687 23.45709128445373 15.29862462963585 2.9810183576381637 0.9648999058576707 
-1.610868739441712 19.970098265317283 17.08398988627162 3.6878972758530075 0.855881443397321 
-1.221950749891967 17.825568594949225 18.02565654678242 3.5502543259107364 0.9329777293417196 
2.170358093998886 14.752649663508214 20.864053792659952 1.961560217136957 0.9180643052915346 
1.5735251621626685 10.331086633898721 17.518541551929097 1.414066683248342 1.1643518324698563 
1.089879720341792 3.0461073884456877 9.680464608813537 1.3418916459731731 2.3602030234372346 
2.3430859678758957 -7.484318721629937 -2.0389012770503583 2.476143921903061 6.9589114907879885 
