420.506179263558 416.15499472290844 411.23043401581856 426.8781624915569 392.4826272770731 
-15.39159178735828 8.339099554219553 43.9870233572193 -21.914621347330232 -27.828704507359568 
2.1903502695042385 -15.83060439793094 18.576231316232672 46.375416533922895 2.4536965473043604 
-19.832308687885313 -6.0941088099135685 63.97096169468891 86.5282440743211 10.24693351860541 
84.04757661262039 5.676240729851763 -82.82074215451954 -38.153980680030614 -111.05281540380679 
16.25798196207634 15.019931573100639 -8.505939104922712 7.7398022771873904 -53.4628376821026 
18.880076672922208 5.987852577878439 6.872463677060002 2.2375070857416848 -16.539424445358407 
28.294918672690404 10.890579961284214 -20.768453461654254 1.527603239706365 2.006700660267154 
23.56679344769546 7.896898444132948 -2.8785983903649077 12.061776739320301 -5.028107953537287 
3.9134048797160363 -4.438245435084987 9.597433594537334 2.5007201510763526 -63.2476570081433 
10.689290651469834 -7.4985486826238965 5.876978476493909 36.99165648632219 15.999530284046502 
-1.1947068645209875 2.9663787909699644 20.905386616293708 11.102209467056081 -7.989234631422953 
-17.540767203204496 -6.045233299698112 23.268423435131353 -31.90011617806876 -112.28962102033108 
-15.50593490950699 -7.262837395019779 21.329222967731038 -11.632269503705492 -88.89069658294969 
-11.912230238624401 -8.492647811847485 23.073467276157366 -9.925590106479506 -97.28903476512583 
4.012134752582099 -2.7900968393001464 23.182019145438407 15.096116214213131 -73.6107479627181 
2.6721057300615483 -14.309486238526103 11.110348866610918 -8.953431975514977 -86.81655365959007 
7.734659934258286 -17.158602359048057 5.4123829337154685 -7.825073803347854 -76.32775800352555 
-20.435752229641906 -9.99448482312393 -0.6102889447988982 -10.383601896082917 -60.24486862892615 
28.441692008935537 16.386532913932164 -6.318193795840217 -9.34047796609039 -57.79849736936438 
29.95540526285254 9.48995267903121 -5.666944748213043 5.306285396588973 -42.51959437005163 
64.78397714741733 2.9542541948743595 -7.3841407183292755 1.5828591953529005 -59.97421125877844 
-10.05572581981944 27.996830873845607 1.2816308899679343 -14.707882803680715 -124.16953863916434 
31.53464382624542 27.054536222754354 4.253741292951792 6.773605541726313 -93.26625842226049 
38.67400786342132 21.0756743261356 -0.37466276072370386 14.582559967306285 -68.24834804659261 
43.84058642110591 17.1613625836424 -15.480137325526384 12.261916184820238 -60.416875400151156 
101.72544058468223 40.920174594629316 -72.88803646393767 -14.603054876316058 -48.555444280790276 
-96.82333970106777 -42.043723036046295 91.8570523216227 45.470359335309695 8.752634112160107 
-38.07942297207316 -10.225502161583679 7.977276977554497 -6.1228812859083135 0.13303483691046245 
6.8140306013757455 7.974291250862682 -21.93267170515205 -11.756266075999823 -0.4416803914664786 
5.618795273747951 7.460690687801374 -11.953990955610076 -6.826513916615154 -0.024554032745925387 
0.9525461506521478 4.370430503547863 -4.3243940354526185 -3.5076671095148724 0.18373053003292983 
-1.722319566063953 1.8298191094280059 0.013367490941117766 -1.1604549496377952 0.3541712279428526 
-3.2327540542826583 0.21178328672728525 3.225478943494795 0.9988125248807194 0.5058529693326284 
-4.05053449027254 -0.8951523556559671 5.266880906372376 2.462428592163783 0.604643738708872 
-3.980795887123726 -1.2878598017956764 6.295271586630847 3.0839974013694524 0.6517526753065568 
-2.6076893581418927 -0.46792405522272257 6.583161515220397 2.9538704754067657 0.6538461324143142 
-1.1714495098021849 0.3688934020958218 6.343035654060814 2.1335396136089133 0.6077201486835964 
0.36739852414848534 1.4371925457148111 6.1023678842194915 1.1602951734991314 0.5528268210290703 
1.5210363691039452 1.9571093058396023 5.621168144822848 0.14202346795245413 0.49349870200788076 
0.7930344153542247 1.6280801685081752 6.463197892719943 -0.26314127768560713 0.48588121809869556 
-6.349092994481768 -2.1963075724267567 12.340066382172116 1.2695155807474596 0.651349989033549 
-22.117223599491826 -9.900644008811954 29.393895527822675 7.593666505984727 1.2445072978735712 
-35.68555374543032 -17.052396982820284 46.66263150136701 16.88805369743871 1.9745494440771882 
-38.9436930349993 -20.37901627773518 53.48069919639748 34.691115185354164 1.1470180005056714 
-36.79277245622247 -18.463156160347804 52.47620689001068 30.470055668048055 -0.11419024727965864 
-29.816499408210262 -13.790184667079092 46.00533026317354 23.84638238990924 -0.9617641600398718 
-20.951190040005198 -7.916522611549312 39.63824706814545 17.34804349223919 -0.7520045465792545 
-9.510218792438586 -1.287083288436876 29.6881907902048 8.578993694535741 0.8881408277692221 
-9.39150857193272 -1.2960727581747666 30.404743580029997 8.941912621124 1.4174841554532722 
-33.38633105691939 -13.216086105621942 50.65426461158629 20.873200430184657 4.630090593354557 
-147.67150211504048 -87.61962474910352 158.72224392918966 139.99725840992556 50.01311517911728 
61.881732687236145 36.94562731990629 -29.567933637423728 45.33441035316996 39.142239204348044 
52.326923038074106 23.02808744092469 -52.85017599824233 20.254950195726124 32.52907175021467 
49.39615815922528 19.95495097675025 -49.9309146158998 19.788807323316284 25.904500304482642 
49.54379877265761 22.12115144269912 -64.37833277573262 -16.852764236397856 -25.663832839569768 
42.640031908095395 22.573352510355857 -66.47633739622597 -47.02237832156576 -89.01370352405209 
35.72621078908569 19.405857187687946 -47.901871057405366 -27.4254270656523 -79.18487214894893 
29.95272429513884 17.64238534580393 -35.75479490064474 -18.821585335187518 -67.19851787582 
19.8739078593988 12.82350216186565 -22.129047574573207 -10.32052400534103 -62.46957716229144 
0.5409789049660687 -0.9979073625384436 -6.363145540893624 -0.6698794843219318 -66.81958539220508 
-16.103741846038886 -12.98643758337162 3.7925229649416465 6.287099485205165 -75.05191823593523 
-10.044162268557638 -7.859567086609876 6.237199085675789 7.818226038000014 -74.2688219259779 
-3.608711543749824 -5.230364473021107 5.4444762743207455 8.528529977191402 -71.71273325768583 
-0.5602536189326518 -4.141086059280266 5.140663646679976 8.290321538212511 -70.17229914491196 
1.3793995373211054 -3.3071078034534196 4.844533117612135 7.316433293366686 -69.70171712560577 
3.644407018341461 -2.138604313475811 4.383587666250846 6.519181368230296 -69.66630466177295 
6.094222150753946 -0.7184040342056103 3.57933287847916 5.259072438840528 -70.06497332476364 
8.38767931994246 0.7535721551944908 3.569623257416 4.982192841081811 -70.16649877986978 
10.057718165778116 1.940117715368663 4.301430786416766 5.140931763797461 -70.32105672453856 
11.55129316098979 2.707726230778811 5.1778365412388165 5.872688565500682 -70.16219125605407 
12.698150506898203 2.979833365405759 5.682931837126042 5.694390520325442 -70.7918445410171 
13.987117385534004 2.9715004328344556 6.598417898298669 6.477594862880733 -70.97633092353149 
15.214385040275065 2.597152671715995 6.756297030958386 6.106927837507098 -72.75995418210219 
18.879001211754964 2.999382782970288 4.646219424694768 4.766921648946314 -76.1195812682717 
30.33748147676755 6.739941052123552 -5.412979058616761 -0.7007955434058325 -81.42971020257555 
60.752846121435724 22.37740924756896 -31.697895737607592 -13.836645154631105 -85.543969237078 
93.40908739248951 57.23943434374014 -58.52233120105321 -28.82177596709875 -82.38109508174253 
95.8796774892045 74.78215477743554 -63.23873248636428 -33.72514897845152 -70.9267217174362 
82.90346456516286 36.6990569457702 -76.69762513172483 -46.94503156163795 -77.26269167539151 
11.154244981348885 45.996834079243044 21.928257376538095 16.928432729616492 3.173634798951583 
-126.58062281541271 -18.167725363377375 106.59303804377372 40.77055502419262 3.5211160026258637 
-83.40520454401593 -19.76093828775526 53.14761400549481 23.193924608482632 1.9530609711921714 
-51.60333604049713 -6.223473998451308 28.80839408547911 16.568211227611272 0.8969515689355305 
-34.40791018157688 0.34985139066339166 17.25244663714519 11.638208595664056 0.39501078103795834 
-27.648140870287765 2.353754455300093 15.064690843969988 9.607297837754993 0.3595113923707082 
-36.667216530893995 -3.4998796765046025 27.92667085152127 15.904379312971892 0.6067813178067789 
-70.7704053920556 -24.3106038108913 63.1645525431654 34.25734226674149 1.3722660967251585 
-140.59642623781536 -65.83756650853269 133.83576334577455 71.21461727071117 3.1259712946470546 
-186.8808016121064 -95.1944604558634 190.511211937027 108.12931188351178 5.415140259390164 
252.17139336293712 127.33568312607406 -227.1733029509874 -109.08752606484484 -94.66782143343897 
125.27003756685843 71.19677774215317 -115.4128632938817 -55.254346832790816 -60.53486899644564 
53.71253287258184 26.22704315236243 -37.47975314625634 -6.650633579393546 -51.869383730471135 
32.48756640181167 18.858103686149878 -8.875340893002607 14.637698124238177 -34.480371430896945 
-82.14662462234588 -12.565610403315073 96.45846520596824 49.5132975227778 8.913728944216333 
-36.82701508927041 -11.257361769701843 38.02168826129059 21.818568686669984 3.8194887636109653 
-0.6804141883328902 10.026501598805975 -22.54413040340898 -22.71539710293807 -1.2788298942905363 
12.492004460974355 15.206131198919477 -14.292383087231 -9.274394960568543 -0.3496245266870431 
10.649058729125818 14.745175665286283 -4.386933753826038 -4.236054025725624 0.09312122341236359 
8.131306285645339 12.387840465709935 0.9229348608309098 -1.025052620138169 0.36011782617218846 
5.163050952249984 9.378496908723871 4.782171900371626 1.6367723183941563 0.5709381585856491 
2.398223976535678 7.052406459189218 8.283322396533697 3.9166867840396233 0.7489068123933886 
-0.016894593655418698 5.14636969496099 11.04168015619198 5.297078932229566 0.8584688056720762 
-1.0994493264231509 4.602233337214323 12.8822274167522 5.558068755269058 0.8872808814892404 
-1.4922046793946953 5.020983020297399 14.299559883127355 4.895441391388327 0.8516215129075461 
-4.085529758273578 4.95522861119507 17.670068574502793 4.180845301421538 0.8304003458713644 
-13.54113531866948 1.585602798743022 29.063359364241602 6.85548387582269 1.1431938999119995 
-28.966702233199126 -5.720130494669325 47.68491256035272 13.582103972572092 1.8534689675474425 
-43.137270736879124 -15.232069101230005 62.6729063965991 19.178342726743526 2.4734177569838187 
-47.01424672263623 -20.553209383833856 72.15853654893637 29.616600761937086 3.1383441138944006 
-43.15908011621654 -16.73210713883637 73.27807845801338 57.18065627182285 1.1571488035323214 
-81.87022484165267 -84.64256260382209 55.72932042052041 75.63746728148956 -3.9836020044015488 
-54.94093758013268 0.9438552550543 89.0383445278912 32.89233857449904 2.1550723292752796 
-43.51898795997716 -6.980331515101882 96.21042927681651 37.42725441237225 0.5037764496075979 
-56.62636325797719 -32.98507254772333 74.63874997451343 45.167100626175234 -7.642328503600545 
132.32445169827133 44.10647107024785 -232.96569211886776 -76.71335161247453 -173.76052264200246 
-184.9290559227714 -53.698656393371294 250.0504841957729 121.95974792715405 17.972579075092444 
113.1896923053842 38.50146066510605 -90.59239812681577 60.045698620723066 45.12821961411922 
62.00394833203573 21.9489866865786 -68.69102210415734 22.98111211212129 27.92085960254324 
48.65682362327273 16.913147971436107 -52.54890781175995 23.194538599036896 23.92181401451123 
60.611950113921125 26.939251419085473 -64.9559530399773 2.649658067638588 14.124819799016102 
75.97415734999967 43.71621283655524 -92.38496654024456 -45.015242359708665 -31.017035844633938 
71.26259108547383 42.24143060153176 -94.22241224876471 -67.30126069639911 -93.33658654223669 
60.806565273054524 32.83914183133552 -69.98141739443938 -37.68299585190875 -80.56198658728268 
52.93272361498327 29.232956921619536 -55.37565441471801 -27.33078026503107 -67.03999744792254 
48.08010834169529 29.7172278353117 -45.30336803845015 -21.4795747178595 -59.729582112808416 
34.34420326114874 20.70576409795341 -35.66303992278683 -15.652467033799478 -62.682497031212975 
11.278596091626806 -0.9667427226516525 -20.700882374941937 -4.346509116871999 -71.33730913666109 
-8.901489375199827 -9.152738084624636 3.323130009855371 8.562833737933627 -74.3801220406654 
-14.16785162454083 -9.723381928760094 15.19075733735284 14.592157983959723 -73.8404457122043 
-6.914220559035339 -6.510040937577363 13.823991581579863 14.497464995897808 -71.02134499857765 
-1.1651510012502344 -4.032853119157985 11.667154798564711 13.593201868157605 -67.50753173622334 
2.4324166988195994 -2.2281048460151656 9.72441124678291 11.717816354578652 -65.10159979889457 
5.9702369073632 -0.22059287477285974 7.766688530701623 10.064925451655036 -63.27963732665364 
9.76123930058806 2.0885083595439613 5.41190926707711 8.109554108398472 -62.002430339203485 
13.234816407566615 4.180999472493508 3.287437241459088 6.342490140974882 -61.557168896955346 
14.842781957801611 4.767059335129581 3.332556251702058 5.530460521201882 -64.84155912606205 
15.830081576504432 3.318478772133219 5.889124386805325 6.1060292729598 -77.11368598932316 
21.27504585965473 2.3922853969919085 9.189626023038832 8.112336496653938 -100.06410877646384 
47.13326747043262 8.460887009390701 -10.357202653975698 -1.5453858310447637 -124.0578065251097 
129.7686560328573 35.78788860983709 -129.14130271360798 -70.66007478114679 -137.97285847336622 
-114.60059812301873 -37.67940369593301 150.58650235724159 76.01417065188089 7.810701992720151 
-53.68140889493406 -17.431041408746967 71.55116098413141 31.967183743694246 1.90082958163885 
-39.38503447726514 -10.578856236045043 69.38606402754692 41.84267257079157 -0.7545521634104579 
174.87433156572305 88.65609575717073 -166.29320481030862 -82.35855218593794 -84.03245498395002 
110.20367208353895 73.86810557088738 -75.2195203797806 -53.19016105124944 -119.73776212253374 
69.68348799020151 34.58079953229272 -38.746763304420256 -28.264058146094435 -95.03096671324371 
46.702124278468546 42.34174144693924 -32.62926940651599 -12.78366050197204 -23.76895483168943 
87.44998410248076 39.06232795480515 -62.54617489596796 -44.56790338047273 -88.99868096725626 
-125.42560477329619 -32.46781842184147 108.58275636804079 50.158631197028896 5.528459082668779 
-103.15637305823294 -43.51967030471731 67.65086353489839 29.394988193584574 2.263399373623985 
-94.5979732388915 -39.60020537250068 72.38849664010239 38.55880280108509 2.2754758047748105 
-126.58333538943609 -56.548733104177586 107.08018913527287 55.4322052825006 2.6196795790957337 
-175.38221640009152 -82.60629315879672 160.3579900497802 80.63461947711743 2.936597519741128 
292.97066240383134 139.75223588969683 -288.3717682673006 -132.09570153517714 -49.67823442715157 
30.450052294791742 16.889245513516187 -26.318155316063983 -17.982713891092494 -44.47469679223503 
4.644539381951912 -1.7611227282611446 27.566463526752504 13.444589716195072 -78.36634212396693 
5.94402191232312 16.08312450462512 10.838307866375295 9.799220715558661 1.731436291117468 
-149.08869197768524 -63.046490177857805 161.4639300413279 85.04173293545483 8.690052521324265 
-131.16706558813453 -67.87948068368355 115.70171345417968 64.71975788340474 8.350201155531346 
-86.77734379851316 -47.696121451019906 85.14701861271577 56.75958612797384 -18.108213107179438 
-58.28902107712146 -23.407367703276435 39.958488292837984 16.371692581262828 3.8721477347727777 
-16.718581278708044 -1.5776984758985275 -2.136376865793586 -8.114560943488042 -0.05224744793146011 
23.696974484489896 18.782689602845025 -29.57945141653421 -14.649228206222713 -1.1929367725694895 
23.330060404999177 19.88865182516918 -21.37006537954141 -10.823522433087668 -0.6854747917710354 
6.655773172124306 10.531566458242018 -5.27302177467496 -4.704313095918437 -0.06492057894685985 
-2.914660286426058 4.425490631399212 4.2701531615631225 -0.7315227260048066 0.386543073369703 
-7.035657070388515 0.9525614937005797 8.728190389880718 1.4815917185181706 0.6024817499937829 
-7.546294621808341 -0.22258314443121088 10.750059346973082 3.043785493722774 0.7379772019581454 
-4.685153765504998 0.602525297101493 10.29921230061229 3.5141390855637686 0.7598242309858007 
-2.015113213055343 1.142738629814445 9.430440809779345 3.4788268572934524 0.7385344833133427 
0.455592411716676 1.5116497002435558 8.427044140271498 3.002760787519585 0.6915873789747005 
2.374961008300227 1.5560476182405065 7.576177598255922 2.198937840094928 0.628234088104987 
3.504946994596932 1.3112156117772296 7.18821794812218 1.2979348295984605 0.5666114938748268 
4.616868203958613 1.1810113068809858 6.995712393154091 0.49744489505171885 0.5204244190037455 
5.46482961963989 1.1641725794231237 6.727292588517409 -0.2997752300456899 0.47716655548966186 
0.1480362951191166 -2.204175694847523 11.120348449353173 0.5047534283018869 0.5817099023324219 
-15.219031012810825 -10.327014778643619 26.854945569401067 6.395073764992255 1.15878029213791 
-33.24705579237776 -19.714182613069358 46.811309923343686 14.56861197952321 1.9116785072724694 
-40.62205631323945 -25.621564148680527 59.55489571005581 37.9817085218701 2.3258652106748356 
-44.771811837378266 -27.32218392867719 64.5059450408222 39.83611521419034 0.5134972443110042 
-44.71220391890915 -27.118341596762985 63.266040986734765 35.6502101850854 -0.8404867765508364 
-43.58299532410568 -26.158620415237195 62.22757279394458 32.74383578049198 -1.9049038886346796 
-46.87001784763409 -27.184392863443477 67.10678550686096 34.98176304495939 -3.3048968146586444 
-49.16885588364486 -27.31481756125901 69.48930908613401 32.041598333186506 -1.845165677651433 
-66.93811806112214 -37.01650528549761 80.12944541372823 34.54944367501046 6.34537433884222 
-131.46383624002198 -71.35290559351577 168.63671348969902 151.2450671274798 47.38006971487719 
82.42788746711416 40.46604770501639 -62.339096169165245 63.322797057050145 42.340351694622726 
60.926065374700144 26.154778443746313 -59.831218897703565 30.96298017287752 28.92203351505172 
50.63255487359186 20.08984601472458 -51.39608192263214 23.151556753607018 21.25241436464544 
52.93924133942451 24.396740080739125 -65.12996026370045 -14.88655898610774 -16.676133475601294 
49.49120919823148 28.81240261858645 -66.94863534318407 -46.09028980917069 -77.00042538455702 
44.541523993180654 25.361355181033616 -52.35335678894577 -28.23543882276968 -75.17241942550393 
42.23861191627384 24.946835631417446 -43.53194038420892 -21.614223195424827 -66.55651013300123 
37.46862988494755 25.300325787307965 -32.17648104026336 -14.930596501636401 -62.188094389690626 
16.499435319110447 10.316694811926551 -15.327752497092414 -5.380114447244992 -67.2128838960549 
-15.110476815980283 -15.864306407141596 3.1681759413660777 5.4323568120468755 -78.0973193334963 
-18.10076028505524 -11.73849054266918 14.137779556857854 9.015249839437192 -77.91707855323895 
-8.667547797541628 -6.6543342481045 13.656694631400239 9.199763978009631 -72.14690077364781 
-2.1408512349144653 -3.553191079279993 10.752639850325586 7.267951171150303 -66.13552990364353 
2.6217617590717555 -0.9190300016531943 7.392902560935391 4.474024785860548 -62.184156953697574 
6.204112912164688 1.090174275870476 4.843546904697243 2.1041579992225734 -62.4129887781496 
8.956524806521657 2.2476898239401475 3.597884047236164 -0.31703553513398297 -69.94186884112554 
12.263933835635443 3.2813527491641894 2.650839302935071 -2.1613841579845294 -78.62112051671971 
15.993354352983099 5.36387535496712 0.7506507852290851 -3.404997032313505 -77.70028750192355 
19.85816327144279 6.931275708681565 -1.2806104022580247 -5.324014886123641 -79.05203384188935 
24.615206102557117 7.455224374387474 -2.9538046296091025 -7.794162884625178 -90.81341619170095 
31.206914195718458 7.1525499492820845 -4.061775275545895 -9.904489002351555 -117.37079033840888 
41.910702197232155 7.329870739827192 -9.555135081753406 -13.187960463098147 -157.4389134232713 
58.79990183379545 13.009128586091375 -33.73474169218418 -31.692730194143383 -153.72502183422222 
67.54523468939037 47.55017003793507 -42.05355113861317 -6.058414580146856 -4.243443522574144 
91.97522406147964 66.01933329959616 -72.1694937642904 -38.13942244439636 -3.850857502932205 
85.5627902053399 50.40440827204864 -53.705291711423556 -9.080137544702135 -2.973176332497344 
70.44279855725058 41.42181643921806 -37.64798781684202 -0.769140168098291 0.2366908072766326 
49.52073615556152 30.057051414440494 -21.92412917107141 -2.3266531085776627 -5.559102286860336 
67.11996344382474 44.275334048669166 -44.50448826679217 40.10630866092678 -49.97147433498695 
-170.4007630664858 -49.06257204170821 118.07271706907277 34.93565339215145 18.499523409528972 
-137.77234555829304 -63.3792920983795 56.467401567128235 13.52740543176407 1.928069023939958 
-97.08432977602405 -46.442970203003256 26.104597858566706 6.415065579413428 0.9489276961121913 
-69.09691137784569 -31.47857619227315 11.849684159031806 1.3853207436024366 0.37702228227693824 
-63.96061777418027 -30.806594309090503 21.3240632644818 11.766857905814833 1.5979597722196877 
-104.75821325088579 -56.28839748268728 76.53664128069687 31.542385568332886 2.7471562695555805 
-159.22588838495003 -93.54952591849602 133.93721431051452 54.96917020247787 4.753351588784243 
363.11060287069756 206.21242184209186 -344.5945646999605 -136.44786300948576 -10.588840474920834 
-88.21833173659313 -21.036272671075025 76.41610744915417 28.440379917368887 2.7203285672788784 
-73.17718219115834 -35.90538581303127 34.62838175134622 9.523321076480107 1.1681786784993364 
-22.239444506287924 -6.18576909566394 -6.306712226751578 -6.8982576320806555 -0.18466483059839983 
19.484983348738634 18.61699073359207 -33.84843672962271 -16.188658141032057 -0.9873942341214291 
13.673410601973657 17.415738043632427 -22.29843576513404 -11.089748571283724 0.4162920214441977 
8.521305434126164 14.74153707047007 -15.73379297232 -9.34403190423108 0.16466729873481184 
4.942035650366484 12.269571757198856 -10.777147036447559 -7.398377402190765 0.10425200234273357 
3.637415040571108 10.98300838029892 -8.122967808635781 -7.130783579410161 -0.09740952280667495 
1.138116037640297 8.910820446005959 -3.9259921989005337 -5.033278901447096 0.05796365707725594 
2.2150881100824042 9.131090831833212 -2.4722285026099486 -3.836587628626074 0.12857353212778438 
1.5189863280794182 8.688791691034321 0.23000349898864503 -2.04593436181617 0.2620348448112908 
1.5150536452916739 8.915150099776115 2.52426927836952 -0.058013088424238024 0.46178977421221773 
0.7474970402484775 8.969274389335048 5.217689858400396 2.0042235510493143 0.6500080008773341 
-0.11057461160514187 9.487678799794525 7.681810812121775 3.4242781914687903 0.7575326990628239 
-0.6465104487230977 11.083918937941965 10.20644505829538 4.017960602501597 0.7991655656107224 
-0.6509745353595482 13.73933339755131 12.34690627982019 3.3784628358295015 0.7606657762173774 
1.796402145113377 17.941370976639124 13.306829843905023 1.9101427288740171 0.6779943415627447 
7.438642198061068 22.332722649253213 12.746441944463832 0.7439427080808481 0.6358545667702997 
16.835789396116834 25.829523124708345 9.868606833165149 0.8906154636163899 0.6756880037850552 
18.36640032386901 22.984185582701187 12.20172001510546 6.172894033260375 0.43594299479176457 
-34.47559965625416 -1.8271202125614732 63.9527280076711 35.13581485571224 -1.106101938806654 
-69.14588330768856 -78.02332277457465 38.76767696947926 57.33922412556779 -5.694407584028024 
1.6067080137779277 32.0341787666868 27.088853289882277 19.70763085028675 -0.9991060535467328 
-10.83128757911228 18.523264459521148 48.165705178333056 21.712857883515582 -1.7176681858877805 
-33.31075837602663 -6.39890484898552 65.96129701299527 10.57917988631917 10.301678052801531 
-68.41766607308604 -30.72259796972253 93.6141767583086 45.079949845175214 -27.33830833501093 
-72.24608547826047 -32.264915241990806 108.30405545710306 38.59697604314822 -8.501646389243417 
