0.0 0.0 
7.67386260721157 4.365439336422506 
5.750557925215544 4.345890783734794 
5.004439514488928 3.4077337320302745 
3.726257012409581 2.431541022517095 
2.620922438312049 1.1245660965673037 
1.4584082018184394 -0.263299072133207 
0.06122159841615282 -2.1294011460608897 
-0.6464751814915876 -4.437770582593078 
-0.8410043463174055 -7.615160741799526 
-0.839699369564426 -11.969137562035753 
-0.5864426455395656 -17.259490421396954 
-0.3453165505930738 -23.107296566776284 
-0.49957769435873034 -29.480932922324264 
-0.900342341143806 -36.852767577594804 
-1.1202156711606999 -44.237265975246686 
-0.7611020137775029 -51.473650495842875 
-0.21387216763321215 -58.0983932713866 
0.3312575303988191 -62.527237868467516 
3.3510577705442826 -65.27698374815412 
8.104908431544457 -65.88127522722667 
16.54720067827611 -64.34518326257871 
22.369079850288283 -60.139353973037345 
24.003750539547525 -51.41577732289309 
22.00903272388754 -37.987301102601876 
22.892671517947537 -46.292206852092896 
23.53475614733208 -30.322013045756414 
24.103703790056013 -17.387991733684366 
21.661349097046106 -4.469657068373856 
20.74374107143008 4.126828454267971 
20.41990611147478 8.664515864840341 
19.78641847328189 7.9319608059499815 
18.823982646413178 4.259114824372097 
17.504899430411854 1.2224515126043574 
15.93679391333843 -0.19635133643949199 
14.079873071777222 -0.11776728383715795 
12.015980877290609 0.2772342279084987 
9.594535973462916 0.16632809630850343 
6.552928018008744 0.1276164426231403 
2.8691797647406148 0.8608108346391901 
-1.178922598389144 1.1020733115467778 
-5.436674940414809 0.5381493900199857 
-9.896994526079787 -1.389457468243135 
-14.454142905904716 -4.504133536342854 
-19.121714112067462 -6.7470489561753855 
-23.909690970781305 -8.187756682713959 
-29.27373488940258 -8.335634063744447 
-34.70664550938121 -5.307723859925067 
-40.193963247430155 -6.898857933897738 
-46.82471428558657 -9.941873059978802 
-52.99745428778728 -6.330537480228416 
-55.146082399161884 -7.990640421647725 
-55.96623221426917 -6.344949961445022 
-56.119482334721795 -5.415782722931824 
-55.87343209615148 -3.8559667569841265 
-55.24316753419728 0.5054782008883225 
-54.128582341925394 3.9483617149885637 
-51.60747436916144 8.021123233168854 
-46.90480060423358 6.665592834516236 
-39.888162722092815 3.8892863447070374 
-30.505508391933112 2.2628203044020223 
-21.807265209125312 0.8277138192716984 
-12.196614375992638 0.32156614496795055 
-2.7232544912730283 1.0774128553965494 
0.3012103305348184 0.914260314482662 
2.763773113812376 0.7066662368737147 
4.205036396656272 0.17197951455819982 
5.394309768944682 -0.8882513434535814 
6.072154225522498 -2.2863387958166337 
5.891830208465755 -4.138903818283768 
5.490023723227908 -6.241981679522941 
4.957045439135051 -8.050514853375354 
3.3483754249281126 -9.758613168568417 
2.248884789961304 -10.78572871064418 
1.0131863949705 -11.847406073623958 
-0.015583699517937144 -12.127956807711417 
-0.8215339738595901 -10.533204217638309 
-0.9202797788724608 -28.853769762319743 
-0.7862907763739575 -28.50909285944565 
-0.5548074171533304 -28.458285356751734 
0.04602316647295174 -33.67720504546989 
-0.08219063506640739 -39.12165991315001 
-0.4613379365849756 -46.243893027508996 
-0.8304782868319592 -54.08414330180018 
-0.4498361692972771 -61.331882144219556 
0.3669773502597293 -66.66425368427062 
3.936156472708131 -69.34008908287568 
8.147837889763245 -70.071043440788 
10.210811375487632 -68.78924367017656 
14.78809683662442 -65.38004756490845 
19.053488145475413 -59.09280162673354 
21.25656151256113 -48.75910767880818 
22.54240847865486 -36.56303992615666 
23.116148364849366 -33.74022254089696 
21.356022147816162 -18.354564885636528 
19.99440858383104 -8.466968084250833 
18.635241289955445 -0.9867775844940727 
17.25711145395612 3.956005196743595 
15.92958822018859 6.378551231842607 
14.484193469910055 7.358248418828294 
13.109208264911608 6.903825937235357 
11.678723195186812 6.036678274529128 
10.230182741123809 5.295905329207056 
8.63702431660073 4.611967028483502 
6.949341856112127 4.4365359118389955 
4.985605682138737 4.702686254123192 
2.696077142569007 4.78368648838791 
0.08995635778032296 3.7831104243415146 
-2.6354983691290945 1.702394132761926 
-5.392503161956769 -1.1560734589945625 
-8.44081739300956 -4.617388598897465 
-12.140294401537897 -7.848255173124453 
-16.504203438939342 -10.301602489839802 
-21.67896529822377 -11.74517697849997 
-28.07451599847479 -11.2650234012473 
-35.00303349430258 -9.385410132141216 
-42.16923258569989 -10.53578942692576 
-50.35272191552596 -10.522226139712222 
-56.16390035329369 -7.216829991687839 
-58.442251656399804 -4.213757765960768 
-59.63949949020364 1.2240153693039684 
-60.10272074315785 5.180693533277865 
-59.166566035347685 9.624286998841518 
-58.601794768753855 16.499990034893816 
-56.35466574277092 15.699817823924219 
-51.54763444010313 13.051525704526766 
-44.01505698342677 11.500087360211834 
-33.23987446043953 10.579301302420292 
-19.702876793062174 9.732643114152186 
-2.0836904512065972 9.273097537610836 
0.11343403875918856 9.297957679560213 
-0.15217191751971892 9.438552117826163 
0.5093064112138094 8.40794520252184 
3.0077273396212583 6.763204793346263 
4.70566359035447 4.537791323698646 
5.966807235779162 1.8000016747635634 
6.196798017623566 -0.7776519167879807 
5.349564920323637 -1.5026234564510184 
4.711248908919222 -0.6628458715859552 
4.649237113524703 0.3630177773654384 
2.684748131340644 0.9595429948187809 
1.6249070228547668 2.01366352834338 
1.078865346375439 -13.7675511146016 
0.4776072525845598 -13.64198250861475 
-0.44303331959067865 -16.48437967840586 
-0.5685087649846808 -21.942179626358406 
-0.7848289610491599 -27.634483673877433 
-0.8350458883168088 -34.05463282495483 
-0.7934453197291084 -41.21967634118095 
-0.9046675191815694 -48.55936715506506 
-0.919348699565494 -54.9412481341478 
-0.7124604298881582 -60.01415227512532 
-0.007235701343413392 -63.03721150436104 
0.62011954731678 -64.04205128674793 
1.9987978135302096 -63.21156612187183 
6.768341587164928 -59.91645474054311 
9.507528683421068 -54.19965610233728 
13.521923592047642 -44.619206340598424 
18.992951170511592 -56.89531760323518 
20.737177186724836 -37.125910657895275 
22.136800786517313 -29.19366768900872 
22.16445051467271 -18.186263259699977 
20.356599984184555 -10.296290368602628 
19.150729262677007 -1.0015353313174011 
18.401355521537653 6.477037671478012 
17.7163185873788 11.821120487199499 
16.98557805991094 14.538050907275606 
16.185356664105953 14.4390780178181 
15.383113462961758 13.318742351343868 
14.646030237984817 11.828796455702458 
13.891638322298233 11.031533268648216 
12.947449611310654 10.1237088868492 
11.747913247688034 8.633593658886134 
10.189346399267748 6.714601265762718 
8.15726245034121 4.783871477806394 
5.450003374545344 2.89577074128609 
2.1729858402253344 1.1346920318270488 
-1.697122873246095 -1.2693359560742428 
-5.809416935148298 -4.395849529829402 
-10.44732764143523 -7.494188368106379 
-15.772576547575667 -9.790634155559003 
-21.867940429663427 -11.133084683378941 
-28.779643242319562 -11.500602518328826 
-36.4406873507219 -11.380487770583573 
-44.167111784228204 -11.403845143657513 
-51.71052557472012 -11.14928185634899 
-56.63150865818871 -10.020524450007482 
-58.097229489213255 -7.7489938826003355 
-58.50181711803929 -4.324417925567411 
-58.14196987606308 0.7200110745981272 
-57.06201888485857 3.737232499602016 
-54.67557269089292 6.897400961102662 
-50.390674277948506 5.736643806571021 
-44.16474344651613 4.617584695530828 
-35.41137362191824 3.697566625021401 
-23.27800922434923 3.053421368285656 
-10.711918796952233 2.8996864996911187 
-1.5032130928793825 3.4975790288634228 
-0.7384382395747096 2.814421637002499 
0.1628808702299539 2.4138563698497806 
1.7035926574860496 2.7663908383006595 
3.4360332585318365 4.037663954385796 
5.436780754202393 4.994008732744534 
5.585125806403925 5.413277289483762 
5.638530576353514 6.384606789378008 
5.38880036148299 -4.489260474261518 
4.873296295090002 1.1608865305526777 
3.673422094467438 -1.4885098217249861 
2.564500422389667 -3.541985254526418 
1.4712139706918697 -5.572720199973743 
0.16106184326388362 -7.83465214963786 
-0.5850134713469213 -10.786925051604435 
-0.6566364134648633 -14.899639545370983 
-0.5306849049895028 -28.12309384791103 
-0.06591202394796691 -29.930402472002875 
0.45013137404488834 -36.233102276344965 
0.42361267927580915 -42.667428563528304 
-0.34068711699954624 -47.02696369257764 
-1.2594534755361053 -50.25211922200239 
-1.1618772617170667 -47.16097150391362 
-0.8483337886010561 -71.84639151997702 
-0.46952733540430036 -71.05187539023389 
2.5045966618637414 -73.93554804418312 
7.764109125729718 -67.58506254368491 
13.256233792585476 -67.2884245704455 
17.0926651547482 -64.38575412524159 
18.659603901917162 -58.14455248784145 
19.35241468259048 -50.95489058478133 
19.3528592216854 -43.680128603558884 
17.9931391876286 -28.657546513032848 
17.44550356546847 -16.830734414111472 
17.19110260296178 -6.179303006537778 
17.015524149787243 4.987033010873219 
16.59923308042714 14.478261317456168 
15.757714571168794 21.574748748644055 
14.394181296391194 24.006966437206273 
12.699769764099852 22.688240507955257 
10.791016663235412 20.4420308199761 
8.753732570876355 19.037128208306353 
6.6099456887293755 17.503891456143734 
4.350670953022981 15.5247664718751 
1.9013333297114265 13.072854729152953 
-0.9292633167002884 10.40069896993718 
-4.312414524751161 7.099822640477367 
-8.360239851452976 3.245291226882718 
-12.97964325742489 -1.2752983578233943 
-18.116355046143717 -5.847193883576201 
-23.878388931137756 -8.246838098217818 
-30.467579497939443 -9.695989995458547 
-37.70092533621496 -9.647376378117034 
-46.03689279461608 -5.3862086506387366 
