6.389434505954829
6.630792004429953
13.17555907456498
19.73441622813207
25.708338925527624
30.854165708356383
34.772951476848256
37.70388046557483
39.53422815707396
40.16574163720361
39.94827835549441
38.657592730942156
36.09671010257414
32.523002079224675
28.6015205902587
24.698664316307216
20.73206267498065
16.43798746761009
11.784574679417545
6.677548508860741
0.804342955505468
-5.593383070073774
-12.055854803777107
-17.198420777205676
-20.94363959565271
-23.903020479454963
-26.22556720559596
-27.603722169312636
-27.3775537987311
-25.21502282496392
-21.214891852661633
-18.45790597481946
-20.12424165613767
-21.327847555432445
-19.033259868944093
-13.903631609913427
-7.9401490003839665
-2.3182221246741426
2.8430800798277467
6.231907026799832
7.7847273252321285
7.536281500344136
5.902824681491103
3.9344248457368107
2.4840378397630953
1.7744481809175874
1.263222997226709
0.9368126981169518
1.3653116063136732
1.9848254128651857
