7.657935155308433
8.075347855686742
13.4867229657215
19.21660790343997
25.162722350749934
30.86469991724959
35.62410494792102
39.073677854314724
41.050715665510076
41.54813839823743
41.434877741033304
40.87977710555789
39.609967824217456
37.507733229608014
34.39788357977857
30.787870776111767
26.842251760501217
22.395524857242293
17.32590848914296
11.561810978880446
4.8076888795900015
-2.8641539906316384
-10.854418915657416
-17.443333636056707
-22.35853753242028
-26.285265100336208
-29.420722195443886
-31.49905164497108
-32.02248434169236
-30.118329534737267
-24.438912166394132
-19.922554669003247
-21.605711069329118
-23.30731677153813
-21.265165622294667
-16.013117994377723
-9.609404508530362
-3.3362938417538768
2.4354058016882028
6.257516736501733
8.073747639792344
8.044453892549043
6.551212470035526
4.571987660238806
3.017168054025152
2.232446944122069
1.7303008139725888
1.22198803211973
1.1685648343275643
1.293518538376914
