-1.9689424539839717
-2.3848120416661924
0.3355952387652121
4.215649917275456
9.124583627216646
14.934493400105483
23.25445131081995
31.293460214445414
37.7687117706005
42.93840725830443
46.322900229407715
47.84079901267903
48.01424497878254
47.437026430633466
45.997219116001254
43.32867230134184
39.71179263841524
35.13648052703754
29.544468523099706
22.8522573768611
14.498921413998394
4.345876045098615
-7.235036884048488
-17.83535738161195
-25.79634540040646
-31.89364362497146
-36.84896690099761
-40.75419906707514
-42.69919906241207
-41.101025375910744
-33.863663093797605
-31.462121029838276
-33.412978101518696
-34.43913016496871
-31.164013142011765
-24.041469869707004
-15.04419949605901
-5.850832662639981
2.5083694199913373
8.52022694045007
11.963607511141076
12.116487898387646
9.766958405528886
7.012179510545298
4.777831526237823
3.8984933868615865
4.559348334745217
6.172605610620785
7.4020541290472295
8.367861993894964
