7.577125372226231
7.61357125914533
9.128530186744541
10.576589205768176
11.063636293700787
13.616403695797414
18.368653239286957
22.32200353028789
25.445499556261108
27.662230282919666
29.018365841386842
29.690169963657535
29.662681289079508
29.084099025253217
27.899888319460498
26.046108006325216
23.55142145232406
20.208605149550426
15.95734977250654
10.718404489706725
4.058505373490905
-3.9268629848185275
-12.563820931186989
-19.6945694529497
-24.838408237087737
-28.754035646527658
-31.73603284950494
-33.55990369091554
-33.7684951729079
-31.99440215367918
-27.16035701780775
-23.357807323170185
-24.899453838862264
-26.038901335305404
-23.688117690047637
-18.01169271869343
-10.942862205996857
-3.927354464799579
2.4946720621137466
6.874439630629504
8.977077746379384
9.02606535833666
7.376810484159116
5.096819071475304
3.3338191817909903
2.4217599899939337
1.8426507830929424
1.3281623078120783
1.1930589590757512
1.3233857363248138
