974.792813552 28.2287998687 235.695253946 10.6109921685 0.000662425174637 -0.00148857095408 
973.273874541 28.7805642123 236.332401649 10.5926679034 0.000671532754932 -0.00151736304105 
974.897037543 30.1754443706 235.898923481 10.5696678181 0.000661182775072 -0.00150104199097 
970.672514651 27.8078186288 236.282151819 10.5888330238 0.000691192793712 -0.00151561858345 
971.580109228 29.9510950058 237.01712078 10.5581951855 0.000686175301891 -0.00157513842913 
972.811378338 28.6132521765 236.284393869 10.6038330606 0.000678341003631 -0.00152346515425 
973.751348765 29.7383421186 236.486356212 10.5819864405 0.000666147379557 -0.00152598963815 
969.248107059 30.4398086805 237.079075429 10.5339446913 0.000702980691223 -0.00158158145277 
970.43745886 31.6330156895 237.647346659 10.5480611547 0.000692492197052 -0.00160997821587 
971.029774249 31.4787025991 237.034665319 10.528035887 0.000687013498235 -0.00156307365908 
