-1.942890293094024e-14
-7.45931094670027e-17
-7.28583859910259e-16
1.124100812432971e-15
1.609823385706477e-15
4.163336342344337e-17
-3.344546861683284e-15
-5.1486592766991635e-15
-1.5482407023093003e-15
-205.45878624816953
141.80067458562294
-171.65783553446073
2.2621212566629225
0.10341094103226567
-4.461567915870957
-174.165597323487
-103.61506664920336
-13.197498847198247
4.773959005888173e-15
7.632783294297951e-16
1.3877787807814457e-16
1.4432899320127035e-15
-5.10702591327572e-15
1.734723475976807e-16
2.7200464103316335e-15
6.772360450213455e-15
4.440892098500626e-16
-90.73206095851873
300.77114108046453
-70.00160588630933
115.58158530897973
54.65584440275708
23.69678078727557
-186.3364644659547
-116.79798977981359
-11.29242313806188
9.325873406851315e-15
9.291178937331779e-15
2.0816681711721685e-16
1.4432899320127035e-15
-8.548717289613705e-15
9.43689570931383e-16
3.552713678800501e-15
8.645861804268407e-15
-5.967448757360216e-16
-310.6596760096623
238.8865736030387
-285.30974264103475
-31.584640137321998
-19.93667755324565
-11.908245877482393
-254.09632674264918
-160.46105289357146
-16.195976380182415
-1.0103029524088925e-14
-2.7200464103316335e-15
-1.5265566588595902e-16
-3.9968028886505635e-15
1.0880185641326534e-14
-1.2490009027033011e-15
-3.622102617839573e-15
-6.702971511174383e-15
1.2490009027033011e-15
-474.02348035351577
276.03963464121375
-435.4778840713203
-83.8213472814864
-44.556217654217654
-26.44444647723565
-351.84364024934064
-220.27774379316187
-21.338489963930694
1.4765966227514582e-14
-1.0559478638705322e-14
4.85722573273506e-17
1.4988010832439613e-15
1.2656542480726785e-14
2.220446049250313e-16
1.7763568394002505e-15
7.271960811294775e-15
-2.636779683484747e-16
-454.5527019573869
308.5738946191305
-412.75025024401754
10.03139111847689
9.435464266166763
-18.075282763840477
-422.59849482727327
-263.6279993285511
-24.712431930145062
-2.0539125955565396e-14
-1.3877787807814457e-17
2.8275992658421956e-16
-1.1102230246251565e-15
-1.4210854715202004e-14
-1.4432899320127035e-15
-1.2212453270876722e-15
-3.774758283725532e-15
6.661338147750939e-16
-512.5588608653885
281.53752363535745
-454.34973388864586
-17.122577295759452
-1.3296223783606536
-26.586144813471705
-437.0891724470608
-271.83757200829757
-24.525822008619134
1.1657341758564144e-14
-3.7921055184853e-15
-2.437286483747414e-16
3.1086244689504383e-15
6.938893903907228e-15
5.551115123125783e-16
-2.220446049250313e-16
8.881784197001252e-16
1.6653345369377348e-16
-510.2567272873648
286.97919326993934
-442.15930313813885
-12.006898730405686
2.173154841591824
-24.40944557799689
-430.01750350946793
-266.434756104413
-22.517203783682668
4.551914400963142e-15
1.1386724896311762e-14
-6.071532165918825e-18
-1.887379141862766e-15
-1.0824674490095276e-15
6.661338147750939e-16
8.881784197001252e-16
-1.9317880628477724e-14
1.0547118733938987e-15
-477.081248243882
298.4116235922089
-403.52542602824946
-12.377141864906037
0.5306431083015131
-18.41862449623052
-391.09110174270944
-241.44267730779188
-17.624078215393123
1.7763568394002505e-15
5.658667978636345e-15
8.933825901280557e-17
-1.2212453270876722e-15
7.771561172376096e-16
-2.220446049250313e-16
-5.717648576819556e-15
1.865174681370263e-14
-1.4988010832439613e-15
-398.6879991752571
257.6404085755788
-324.57220711438714
1.0299121201897012
7.2737429653182435
-12.543943614588084
-325.5604244751496
-200.52952253279886
-11.494926018610382
-2.3647750424515834e-14
-8.756884106730922e-15
-1.734723475976807e-16
3.608224830031759e-16
-2.886579864025407e-15
1.1102230246251565e-16
3.885780586188048e-15
1.887379141862766e-15
1.3322676295501878e-15
-290.7158879723935
300.2268733410083
-240.04346986193332
24.315693446012006
16.9358714357668
-1.5565418664388586
-264.38305876362523
-166.86672572812103
-5.534198382011233
1.7430501486614958e-14
-5.870304242705515e-15
5.273559366969494e-16
-8.465450562766819e-16
2.7200464103316335e-15
0.0
-2.275957200481571e-15
-1.2545520178264269e-14
-8.881784197001252e-16
-506.3574340076341
279.5344112092453
-445.86306482891564
49.51507578091898
29.66589166432439
3.2296542072298067
-495.4292481634422
-293.134078134247
-43.848631470499136
5.440092820663267e-15
1.827704654289164e-14
-1.5265566588595902e-16
2.55351295663786e-15
-6.994405055138486e-15
-1.1102230246251565e-16
-4.440892098500626e-16
-1.6653345369377348e-15
0.0
-160.92340124895048
175.06442358250092
-139.46753008364192
21.459564300642114
13.099665667116966
0.7560790706193536
-160.95186768315682
-101.42503298735804
-6.21290542389562
-1.354472090042691e-14
-2.5326962749261384e-15
-2.949029909160572e-16
-1.7763568394002505e-15
2.1094237467877974e-15
-1.1102230246251565e-16
7.771561172376096e-16
1.5265566588595902e-14
-7.771561172376096e-16
-119.06719642837169
12.872243956630541
-102.87521336583211
27.258940301992027
16.556484170281927
1.766722592786075
-130.14698786875738
-74.59119937385123
-16.42453301615531
1.7430501486614958e-14
4.3576253716537394e-15
6.800116025829084e-16
-6.661338147750939e-16
3.3306690738754696e-15
-2.7755575615628914e-16
2.4424906541753444e-15
-4.440892098500626e-15
1.3322676295501878e-15
73.94790865445137
-9.354938610397056
73.52725343389567
47.11304263570196
29.033042166264707
3.906684140891974
26.37794560416711
11.73244130934485
7.652799178352268
-2.098321516541546e-14
-7.0915495697931874e-15
-5.273559366969494e-16
2.0539125955565396e-15
4.440892098500626e-16
1.1102230246251565e-16
1.8318679906315083e-15
-3.0531133177191805e-16
0.0
-128.33939211639213
126.07521941068643
-117.74742175421153
0.2303048831734884
0.1413716113107526
0.6308160346854859
-117.97281439098757
-71.68607896918846
-3.594175856018026
-3.3306690738754696e-15
-3.698430450782553e-15
2.7582103268031233e-16
2.4424906541753444e-15
-8.049116928532385e-15
-3.0406233086921475e-14
-9.992007221626409e-16
-3.011479954295737e-15
6.661338147750939e-16
10.962401450485999
-132.40316941472625
19.926414972838202
4.5787909661655135
2.877098090532428
0.4325230663449027
15.323563711932053
15.51008606074597
-11.87635508507286
1.2323475573339238e-14
6.25888230132432e-15
5.551115123125783e-17
-2.220446049250313e-16
-4.884981308350689e-15
4.163336342344337e-16
1.4432899320127035e-15
2.0317081350640365e-14
-4.440892098500626e-16
-50.19416275328274
-136.40527721792833
-34.63003648168868
20.649237097901107
13.217125761890856
1.0579520167626857
-55.322086767782224
-23.04446308775428
-21.24334732639477
1.1435297153639112e-14
2.1371793224034263e-15
-1.0408340855860843e-17
7.771561172376096e-16
1.2212453270876722e-15
-6.38378239159465e-16
-5.551115123125783e-16
-3.186340080674199e-14
-8.881784197001252e-16
-22.665791208960513
22.4278314802699
-20.615509132158678
5.552200364718061
3.584598102490723
-0.029112060154142583
-26.17094676900649
-15.501895507229804
-0.3136628438405413
-1.9984014443252818e-15
-1.8318679906315083e-14
-3.0531133177191805e-16
1.5543122344752192e-15
-1.990074771640593e-14
2.7755575615628914e-16
1.5959455978986625e-16
1.4765966227514582e-14
-8.881784197001252e-16
-131.36369197556292
135.71047892751437
-122.51005455099966
2.9932572203376537
1.5376389174042338
0.9912825188741294
-125.47126760550907
-73.28336759882073
-1.8681115803741282
1.176836406102666e-14
6.369904603786836e-15
6.47051856539349e-16
4.107825191113079e-15
-5.273559366969494e-16
-2.319316613763611e-13
4.440892098500626e-16
-1.5543122344752192e-15
8.881784197001252e-16
21.19956642423014
-180.51504509218802
36.23646487793394
8.641743427081565
5.470679648113304
0.7469472168803666
27.542809442800035
24.11322381207775
-14.962403144509992
-3.019806626980426e-14
2.0261570199409107e-14
2.7755575615628914e-17
-8.881784197001252e-16
-1.0436096431476471e-14
-9.08995101411847e-16
-2.220446049250313e-16
4.163336342344337e-15
0.0
-54.06605203997884
-192.23797985963796
-30.829848106905388
17.598109614492955
11.25390574576457
1.0890779012081353
-48.49909989522462
-16.840659909156756
-26.253057444360266
1.4432899320127035e-15
-2.0565146807705048e-14
-2.862293735361732e-17
1.9984014443252818e-15
1.3322676295501878e-15
3.0531133177191805e-16
-9.575673587391975e-16
-1.609823385706477e-14
-8.881784197001252e-15
33.2532966542893
-31.89421886797902
31.38947984272471
14.101908837099998
8.969384155887974
0.33435204394784757
17.29903574817247
10.454028516540554
1.3231672405728974
1.9539925233402755e-14
-4.85722573273506e-15
-2.498001805406602e-16
4.996003610813204e-16
1.5543122344752192e-15
9.992007221626409e-16
1.1796119636642288e-16
1.6764367671839864e-14
-1.1102230246251565e-15
-2.2252758436952718
-0.2922589017301789
-5.350513263739316
20.5241572653418
13.636431364987345
0.4409593785595378
-25.836468249490153
-14.429849075058163
-0.7095164003797128
9.547918011776346e-15
1.6056600493641326e-14
3.608224830031759e-16
-6.661338147750939e-16
8.98586760555986e-15
1.6653345369377348e-16
1.3322676295501878e-15
-4.6629367034256575e-15
2.220446049250313e-16
-203.6396871205775
142.82513241086752
-204.97628107105155
-18.489516262975656
-7.281457963688197
-7.331043669932129
-186.36938054755404
-109.28785378586107
-8.856285870529543
-2.930988785010413e-14
-7.008282842946301e-15
-2.7755575615628914e-16
-1.3322676295501878e-15
4.9960036108132044e-15
-1.7590096046404824e-15
-6.661338147750939e-16
-7.771561172376096e-15
-1.3322676295501878e-15
-298.5336569933371
224.1615412141404
-290.5490701033
-26.17118032697715
-10.903887544575142
-8.41068657862931
-264.38338025678803
-156.09290261571363
-11.896331778168555
3.397282455352979e-14
-5.870304242705515e-15
1.5699247457590104e-16
-5.551115123125783e-16
-4.218847493575595e-15
7.771561172376096e-16
-5.551115123125783e-16
1.4099832412739488e-14
-3.3306690738754696e-16
-276.5060738836968
205.33701574473926
-250.84203050999736
-26.50786650702679
-11.048019817086782
-7.669428886796368
-224.3878892633971
-128.26134718562068
-2.634977444641695
-2.9976021664879227e-14
-6.25888230132432e-15
-7.806255641895632e-18
0.0
2.220446049250313e-15
7.771561172376096e-16
-1.7763568394002505e-15
-1.8485213360008856e-14
6.661338147750939e-16
24.48575382399405
-109.35066051532255
36.14391593308402
29.10084837505326
18.690604334949285
1.5138416227125688
7.062952797068817
3.852085862905554
-10.619734567648067
-1.1546319456101628e-14
8.465450562766819e-16
4.0245584642661925e-16
-4.218847493575595e-15
-1.0103029524088925e-14
1.3322676295501878e-15
1.3322676295501878e-15
3.7969627442180354e-14
8.881784197001252e-16
-73.56212107232909
-120.68991726978308
-57.116807200095664
31.441121404848843
20.27061817082577
0.7874340782061147
-88.49086876478836
-45.311076719829686
-23.775570531602042
2.19824158875781e-14
7.968452286899463e-15
-4.0245584642661925e-16
4.9682480351975755e-15
-8.049116928532385e-15
-2.5118795932144167e-15
3.3306690738754696e-16
1.3322676295501878e-15
-2.220446049250313e-16
43.69012231290779
-41.855135521460056
39.903119341557584
34.76298232659139
22.297811030402922
1.0725203733626794
5.158875251736859
2.8806605607757234
0.23804326414694543
-8.659739592076221e-15
-4.260480856999038e-15
-2.3592239273284576e-16
6.661338147750939e-16
2.220446049250313e-15
4.343747583845925e-15
-1.2212453270876722e-15
1.554312234475219e-14
4.440892098500626e-16
-89.48172633343812
-51.094363966964664
-80.0249608262059
-91.23701708504956
-47.035321986879495
-18.42664559550105
11.18563152741342
7.127459607054732
0.5781200500690442
4.6629367034256575e-15
1.504352198367087e-14
-7.979727989493313e-17
-5.551115123125783e-16
6.106226635438361e-15
7.216449660063518e-16
-1.2212453270876722e-15
-8.770761894538737e-15
-2.220446049250313e-16
-9.30042032155049
-87.43679611704744
-4.146639503797083
-35.23366566082905
-14.857949414833755
-10.441991945067514
31.04634636921915
19.392410166089846
1.2429645260403754
2.4424906541753444e-15
-1.6540588343438856e-14
1.1796119636642288e-16
1.0547118733938987e-15
2.886579864025407e-15
0.0
7.771561172376096e-16
7.91033905045424e-15
4.440892098500626e-16
27.42971168440389
-181.8653447992421
35.52945226529489
-18.64778724246247
-8.094672872231413
-5.386108424435143
54.111183174806115
34.449925263939974
-11.567051130610963
1.4876988529977098e-14
-2.192690473634684e-15
-2.498001805406602e-16
2.9976021664879227e-15
1.942890293094024e-15
0.0
5.551115123125783e-16
-2.2815083156046967e-14
-1.3322676295501878e-15
-60.65629101758306
-159.24881348014998
-43.14996451031316
6.67654227659375
4.3408988298455995
0.47224663042691617
-49.72542405349711
-20.38445012015043
-25.32943879528176
-7.771561172376096e-15
1.1379786002407855e-15
3.5388358909926865e-16
-4.440892098500626e-15
-3.3306690738754696e-15
-1.1102230246251565e-16
-3.3306690738754696e-16
1.5782947865305985e-14
4.440892098500626e-16
-48.91782525675265
-166.68111146643196
-29.01495194632639
11.4910908706143
7.281028569724413
0.0761666018505327
-40.42058655460917
-14.185137529513177
-23.27893922933393
1.9095836023552692e-14
2.3800406090401793e-14
-1.609823385706477e-15
7.549516567451064e-15
-2.220446049250313e-15
1.1102230246251565e-15
-7.216449660063518e-16
-1.3322676295501878e-15
-1.4432899320127035e-15
-181.44167264088972
-68.78832030117337
-152.01589122324168
-1.1969048198012615
-1.0690774069225313
-0.43225818705987074
-150.77540274067684
-80.35108973123197
-32.23457463044544
-4.3076653355456074e-14
-1.8797463585684682e-14
-3.400058012914542e-16
-3.1086244689504383e-15
-2.6645352591003757e-15
-3.4416913763379853e-15
4.718447854656915e-16
-2.55351295663786e-15
-4.440892098500626e-16
7.346320537637183
-1.701131593597097
7.5339682394646275
0.265369697933707
0.7026177855881457
0.09674823528093146
7.166233721839262
3.7923036260685876
0.6472696738979966
1.3766765505351941e-14
-3.6914915568786455e-15
6.175615574477433e-16
6.626643678231403e-16
-4.3298697960381105e-15
-1.1102230246251565e-16
-4.996003610813204e-16
2.3203661214665772e-14
-6.661338147750939e-16
23.87342074717631
-23.579125043097577
23.745431277483732
-1.452147537594378
-1.0234641817083023
0.5293697369039507
25.229762811123805
15.755146597176505
1.8827581599172092
-3.108624468950438e-14
3.802513859341161e-15
4.163336342344337e-16
-1.1102230246251565e-15
9.547918011776346e-15
2.220446049250313e-16
3.3306690738754696e-16
-1.2156942119645464e-14
-1.1102230246251565e-16
153.44551130258313
-61.23769871878035
133.5782308512665
127.12408926870157
75.08870171557837
11.15439968068063
6.3446351349874135
2.3095227902839923
2.543807927474802
1.6209256159527285e-14
-3.802513859341161e-15
-9.645062526431047e-16
1.9984014443252818e-15
1.4127587988355117e-14
5.551115123125783e-16
-1.7208456881689926e-14
1.1546319456101628e-14
-2.220446049250313e-16
-25.84314139707604
-89.71258359961536
-25.120367544466433
-38.97934936223436
-17.796574729236937
-10.755465701715352
13.77251077753894
9.390962005948595
0.43063769220636594
2.886579864025407e-14
9.270362255620057e-15
5.516420653606247e-16
-3.774758283725532e-15
-8.493206138382448e-15
-2.220446049250313e-16
2.7755575615628914e-16
-1.4960255256823984e-14
-1.1102230246251565e-16
22.858897791337675
-107.83939430891402
19.237845255939625
-18.474352386813734
-6.087908721036371
-8.968198459984848
37.80877739333316
24.731779549885502
2.4613752495959185
-2.3092638912203256e-14
1.536964999715451e-15
-3.157196726277789e-16
5.551115123125783e-16
1.4432899320127035e-15
-8.881784197001252e-16
4.996003610813204e-16
9.603429163007604e-15
-2.220446049250313e-16
22.686630492845964
-100.75591361734345
18.652287185267493
-12.837071316367698
-2.7011217534051557
-9.219671650127196
31.585113637448288
21.038302363453752
2.263920024481549
1.5543122344752192e-15
-1.6792123247455493e-15
3.469446951953614e-17
-1.6653345369377348e-15
-1.1879386363489175e-14
9.43689570931383e-16
-4.996003610813204e-16
-3.590877595271991e-15
2.220446049250313e-16
10.818997628493118
-102.67459955243595
8.4352833972276
-15.525133185319078
-3.445784778034108
-10.822853652092462
23.95990731839163
16.20895254926545
1.8873051641466239
2.55351295663786e-14
-2.046019603740845e-14
2.896988204881268e-16
2.4424906541753444e-15
2.886579864025407e-15
-5.551115123125783e-17
2.220446049250313e-16
7.244205235679146e-15
-6.661338147750939e-16
-13.17225490536907
-105.27173288752635
-16.293586096577748
-23.026849128016067
-6.255172145364307
-13.859665073341269
6.714558810374257
5.7286317138798495
-0.1446067581951027
-1.354472090042691e-14
9.322837640768356e-15
-4.137315490204685e-16
-2.220446049250313e-16
5.773159728050814e-15
-7.216449660063518e-16
4.440892098500626e-16
5.551115123125783e-15
1.1102230246251565e-15
-91.48635645422979
-57.839628547660205
-94.92367888099784
-32.172614151236445
-9.83097284555107
-17.08081731598783
-62.7731598777859
-38.21420361352557
-7.114182530562939
-1.3322676295501878e-14
-3.365363543395006e-16
-1.491862189340054e-16
-5.551115123125783e-16
-1.234429225505096e-14
4.440892098500626e-16
-1.2212453270876722e-15
-3.4416913763379853e-15
-1.4432899320127035e-15
-189.58207128060633
15.490818791565793
-186.11081989641488
-35.49988171590721
-10.361255127306448
-19.065937800291373
-150.69010886800905
-94.52590885985681
-13.948207848423268
1.84297022087776e-14
-1.5994150448506161e-15
3.122502256758253e-16
-1.1102230246251565e-16
1.0158540675320182e-14
0.0
2.220446049250313e-15
-1.5543122344752192e-15
4.440892098500626e-16
-218.60443994612547
45.69295031095088
-201.94478386876395
-39.90279054767362
-12.965666105741484
-18.737969274511933
-162.08826418379226
-101.24943142758134
-11.104269154999109
-3.9745984281580604e-14
-5.620504062164855e-16
-1.2736339760621718e-14
-1.7319479184152442e-14
-1.6986412276764895e-14
8.826273045769994e-15
1.6764367671839864e-14
-2.0761170560490427e-14
1.6542323066914832e-14
-137.67617423062632
-14.957101200972872
-122.26905469290669
-147.7508675208819
-83.73654955068469
-22.293235825076497
26.299373621715517
17.158129186750145
1.4637313093843272
2.2426505097428162e-14
1.5543122344752192e-15
2.2898349882893854e-16
1.5543122344752192e-15
-2.9976021664879227e-15
-5.551115123125783e-17
1.0547118733938987e-15
-1.2212453270876722e-15
7.771561172376096e-16
-88.12200691794703
-51.02077110047067
-78.3529336699704
-107.80549018891523
-57.76755291128607
-17.527888114067423
29.43642275016606
18.92664763067961
0.9684482215745951
-1.4210854715202004e-14
2.6853519408120974e-15
1.734723475976807e-17
-4.440892098500626e-16
-8.465450562766819e-15
0.0
3.3306690738754696e-16
8.396061623727746e-15
-4.440892098500626e-16
-54.059929312411725
2.870497024252188
-45.54834102601599
-30.985054490696342
-19.999326276569946
-0.06021573252799328
-14.962454945498592
-5.632298463002627
-6.423633154997873
2.886579864025407e-15
7.105427357601002e-15
-1.3877787807814457e-16
-2.220446049250313e-16
2.9976021664879227e-15
0.0
1.1102230246251565e-16
-2.220446049250313e-15
0.0
-22.755788513499944
-19.905325036108252
-14.1872869807506
-5.670227849581778
-2.7590391710232183
2.498215957057873
-8.745367048753934
-2.2187691688573423
-4.983588442104818
3.3084646133829665e-14
1.2406742300186124e-14
1.1102230246251565e-16
-3.1086244689504383e-15
5.10702591327572e-15
0.0
1.3655743202889425e-14
4.218847493575595e-14
5.10702591327572e-15
23.82637143767772
-83.12601783025528
26.694648047633137
46.60694602964722
27.681014194862755
2.9138726849440477
-20.08586540120382
-8.184771876466968
-6.858155111494867
-1.2434497875801753e-14
-3.1069764816482603e-14
-1.3114509478384662e-15
-1.3808398868775384e-15
1.1943571132100317e-15
4.440892098500626e-16
6.339373470609644e-14
-2.8005375796169574e-14
8.881784197001252e-16
28.512587893198088
-31.916004841277015
28.351164507707267
16.469918845056526
9.366272412768147
1.1718472733779444
12.11532039141872
7.736454277595968
0.7098544489793808
2.0650148258027912e-14
9.173217740965356e-15
1.8041124150158794e-16
1.1102230246251565e-15
7.549516567451064e-15
-1.2212453270876722e-15
3.608224830031759e-15
-4.6629367034256575e-15
4.440892098500626e-16
-29.279884508596837
-27.6466517754356
-24.32792465330988
-56.85715616536635
-32.18768181109002
-7.967634736927478
32.63119369822033
20.65862775755423
1.1701481450077837
-3.108624468950438e-14
8.781170235394598e-15
2.0296264668928643e-16
-1.1102230246251565e-16
-1.2184697695261093e-14
3.885780586188048e-16
-4.551914400963142e-15
-2.7200464103316335e-15
-8.881784197001252e-16
-10.974562470103827
-55.91423097252368
-9.121777027346987
-5.437061526033148
-3.9755160827042317
0.2744337536398387
-3.9363746652551583
2.0973937826670586
-7.035776521336601
5.10702591327572e-15
1.970645868709653e-15
-2.5049406993105094e-15
2.4313884239290928e-14
6.8833827526759706e-15
-5.551115123125783e-15
-8.115730310009894e-14
2.9698465908722937e-15
4.440892098500626e-16
13.640865533858651
-71.38402874546705
14.247376279929597
0.3457761225372167
-0.49480710214781354
-0.66258126680829
13.842288069928586
12.443597215925362
-4.23440029716572
-3.9968028886505635e-15
-7.896461262646426e-15
1.3877787807814457e-16
-3.3306690738754696e-15
-8.881784197001252e-16
-1.457167719820518e-15
1.199040866595169e-14
-5.551115123125783e-15
-6.661338147750939e-16
-7.591836688826419
-82.28096722716622
-3.181798176581623
-0.19273861908263257
-0.609156788019952
-0.5669973230822993
-3.149302195741143
4.785956388290067
-7.622051853151461
2.6645352591003757e-14
-4.9960036108132044e-15
-1.3877787807814457e-16
1.3322676295501878e-15
8.319733790784767e-15
9.992007221626409e-16
9.43689570931383e-16
-1.1657341758564144e-15
4.440892098500626e-16
17.745321063912712
-24.3504951963925
16.940483708751984
2.7400350607723
2.0733285993170156
-0.40621810601429864
14.326161838845962
9.054794814138234
0.7833593765877058
4.884981308350689e-15
-3.164135620181696e-15
3.247402347028583e-15
6.5503158452884236e-15
-5.218048215738236e-15
-3.2612801348363973e-15
-3.116951141635127e-14
1.1324274851176597e-14
7.105427357601002e-15
112.84174397819248
-153.64359794638654
100.72424837282982
52.94337646887347
33.59516552040805
-4.2560116736687625
47.89740013915753
29.720579591230397
2.2487239087258546
-7.638334409421077e-14
1.455432996344541e-14
-5.967448757360216e-16
-9.43689570931383e-15
-6.661338147750939e-16
4.579669976578771e-15
2.4424906541753444e-15
-3.6637359812630166e-15
4.440892098500626e-16
11.251510803661901
-170.90600592613902
8.822233910095271
73.30952046876828
42.13778543928149
-0.325622756391879
-64.51575096289054
-29.684352972729513
-18.36898460383759
7.505107646466058e-14
-5.828670879282072e-15
3.9898639947466563e-16
-2.4424906541753444e-15
4.440892098500626e-16
-2.7755575615628914e-16
7.771561172376096e-16
-7.813194535799539e-15
0.0
54.011138279968094
-179.64129578210913
49.750427895761305
75.43448472268605
41.36619689550413
-2.156412884202051
-25.643273669519942
-8.34019843655841
-12.54189959935647
2.2648549702353193e-14
3.774758283725532e-15
-2.0816681711721685e-16
2.4424906541753444e-15
-1.1324274851176597e-14
1.6653345369377348e-16
4.440892098500626e-16
-2.9976021664879227e-15
6.661338147750939e-16
-58.49425680721501
-121.75635417400191
-59.76666828173151
20.52692689206046
13.815360422882172
-10.883849330800896
-80.29035276931916
-43.89435051679574
-13.526999473253412
-2.220446049250313e-14
-2.7582103268031233e-15
-2.713801405818117e-14
4.3853809472693683e-14
2.6867397195928788e-14
8.104628079763643e-15
2.3284152383951096e-13
-1.1829981438893356e-12
-1.0647038806155251e-12
-50.56211772755165
-257.52489993231904
-52.39703531828782
-84.05384286388133
-39.983645648802195
-36.1170599986219
32.290695274339754
19.83902263746225
1.9047193080986826
-1.176836406102666e-14
-1.8665624601510444e-15
-3.8510861166685117e-16
-2.220446049250313e-15
-1.0880185641326534e-14
6.661338147750939e-16
-1.1102230246251565e-16
2.1198320876436583e-15
4.440892098500626e-16
-33.95479182261954
-158.87984130300563
-27.707771640236075
-72.86084214627382
-35.972325079632995
-23.00240680995075
45.49576486424172
27.947931217539235
2.818606177143475
1.2878587085651816e-14
-1.6292522886374172e-14
2.474756510828513e-14
-8.881784197001252e-16
-5.329070518200751e-15
-1.1102230246251565e-16
3.3306690738754696e-16
2.8657631823136853e-15
2.220446049250313e-16
149.8073246412245
-29.59095211545872
145.06831677356098
103.27746635585056
55.637992782260184
16.886278094078406
41.68543127223033
25.665546354274817
2.82040054848782
-3.019806626980426e-14
9.67628754899863e-15
-2.3592239273284576e-16
-4.785061236134425e-14
1.2212453270876722e-15
-5.384581669432009e-15
-1.7319479184152442e-13
1.052824494252036e-12
9.71889235756862e-13
17.39146875299251
-214.4785904805298
16.55429294609402
-23.97083450564827
-3.705049221560394
-20.030558307020122
40.3246775507522
24.53959101152762
2.301990542301943
2.6645352591003757e-15
1.3235940121703038e-14
2.7755575615628914e-17
1.2212453270876722e-15
1.1102230246251565e-14
-6.661338147750939e-16
-2.6645352591003757e-15
1.021405182655144e-14
-1.3322676295501878e-15
-7.227070195980218
-196.17575718859683
-3.39443855544598
-61.72970082628565
-22.959896903835457
-20.102636099717287
57.93106218254488
35.12384331797464
2.2110273445178272
-1.176836406102666e-14
2.2343238370581275e-15
2.1510571102112408e-16
-2.4424906541753444e-15
-1.1546319456101628e-14
-1.3877787807814457e-17
1.4988010832439613e-15
-4.6629367034256575e-15
1.7208456881689926e-15
-24.97233407169844
-199.6124148715205
-17.95815434978234
-119.40207236228237
-56.20427314703735
-24.721003983772906
101.20340840769443
60.97588447575164
3.2285796044180626
3.108624468950438e-14
9.020562075079397e-16
-4.579669976578771e-16
1.5543122344752192e-15
2.3314683517128287e-15
0.0
2.7755575615628914e-15
2.3869795029440866e-15
-6.661338147750939e-16
-77.4537781801198
-245.73345661245463
-71.00477247015338
120.24796315463749
74.55892008210873
5.467995123856403
-191.30831510045908
-100.09178881355201
-43.81809913746217
-3.6415315207705135e-14
-2.0816681711721685e-14
4.440892098500626e-16
1.3322676295501878e-15
1.3877787807814457e-14
2.0539125955565396e-15
-3.4416913763379853e-15
-1.3933298959045715e-14
-8.881784197001252e-16
82.23779888074955
-126.33571755993518
77.74791612331549
67.25230846675557
42.45829822111821
2.7779631795696575
10.724642496453136
9.00377332942709
-3.567513320270649
6.217248937900877e-14
1.8254061456834947e-14
4.0852737859253807e-16
-9.43689570931383e-16
-2.4424906541753444e-15
-2.7755575615628914e-16
1.1102230246251565e-16
2.531308496145357e-14
-8.881784197001252e-16
-102.51780639007347
-133.02304358123848
-90.95557992823231
-117.88399581602822
-57.02550680661111
-29.38305035090526
27.006847533598915
16.127105519218063
0.9558295895482845
-5.1736392947532295e-14
-1.8735013540549517e-15
-8.326672684688674e-17
2.3314683517128287e-15
-1.2545520178264269e-14
2.7755575615628914e-16
-2.7755575615628914e-16
-9.2148511043888e-15
1.5543122344752192e-15
-65.97010070126836
-125.15937053159138
-56.306440477021965
-95.36150726667783
-45.157866414571515
-22.90093525068865
39.05918476675403
23.364039743319452
0.994119159823712
4.285460875053104e-14
-1.2212453270876722e-15
-5.967448757360216e-16
-3.774758283725532e-15
7.66053886991358e-15
-9.43689570931383e-16
2.886579864025407e-15
2.6645352591003757e-15
2.220446049250313e-16
-39.031374832594366
-126.1910044357219
-31.702132159464725
-75.86748535758716
-34.03091384127176
-18.842881970546138
44.24753597040805
26.308705413115774
0.7461590081950087
-2.864375403532904e-14
1.8318679906315083e-15
4.996003610813204e-16
1.9984014443252818e-15
-6.661338147750939e-15
-5.551115123125783e-17
-8.326672684688674e-16
-4.551914400963142e-15
8.881784197001252e-16
-112.65918898231351
-106.76654837034643
-100.00257363415102
-175.90016797625
-93.03208790373702
-30.680456199896454
75.83758639825568
44.916818313726424
0.5767647678366346
-3.197442310920451e-14
-2.1024848528838902e-15
-5.134781488891349e-16
-1.4432899320127035e-15
4.440892098500626e-16
-1.1657341758564144e-15
1.6653345369377348e-15
9.992007221626409e-16
-1.1102230246251565e-15
-9.841936787586981
-106.21066891094966
-7.88782126379342
-3.1251076022926725
-2.039339297251516
-0.364638184137835
-4.8499016292732335
2.750193291721075
-13.990697112640092
3.108624468950438e-14
-3.4460281850279273e-15
-2.1510571102112408e-16
3.6637359812630166e-15
7.327471962526033e-15
7.355227538141662e-16
-2.9531932455029164e-14
6.106226635438361e-15
-1.071365218763276e-14
-6.256214409888145
-104.1909934660743
-1.66010469862551
-0.7626037136826511
-0.6341730844671218
-0.6572990973809105
-0.9451033258387298
4.906514222124299
-12.570331988336392
-1.554312234475219e-14
6.102757188486407e-15
7.979727989493313e-17
-3.3306690738754696e-16
-4.718447854656915e-15
8.031769693772617e-16
-4.440892098500626e-16
-1.3766765505351941e-14
-1.6653345369377348e-16
-59.05619540647515
-60.463614779517904
-50.46739698005521
-47.139323109042074
-30.394799877036434
-4.172248255036175
-3.3500863094327613
4.10923882004877
-13.047427314491202
3.9968028886505635e-15
-1.4883927423881005e-14
-1.5265566588595902e-16
-7.771561172376096e-16
-2.120525977034049e-14
-3.8163916471489756e-16
1.1102230246251565e-15
-1.6209256159527285e-14
9.992007221626409e-16
-85.41203647160226
-56.78636310861057
-71.57203148275968
-57.89365598750561
-37.46970265577137
-4.6028042370745865
-13.681055238575393
-0.5922581013798212
-15.407234754711965
3.3306690738754696e-15
-1.0174153186603974e-15
1.6653345369377348e-16
1.1102230246251565e-16
1.887379141862766e-14
5.464378949326942e-16
0.0
1.454392162258955e-14
-8.881784197001252e-16
-37.260781419782376
-142.22043497298392
-19.306516524043616
10.077944967609632
7.603388567224307
1.1791689953731304
-29.36808552799627
-7.834100406069332
-19.055727614200045
-1.9984014443252818e-15
2.3897550605056495e-14
5.412337245047638e-16
8.881784197001252e-16
-1.021405182655144e-14
9.020562075079397e-17
3.297362383136715e-14
-6.106226635438361e-16
9.325873406851315e-15
-132.11457369352652
-123.30175195555111
-101.90785015680174
-37.04478583990942
-22.10348960911511
-2.2315081705794135
-64.84138284213677
-25.239488237972985
-27.294273879485452
1.532107773982716e-14
-2.4494295480792516e-14
-1.249000902703301e-16
-8.43769498715119e-15
9.325873406851315e-15
-3.3306690738754696e-16
8.881784197001252e-16
1.3211653993039363e-14
8.881784197001252e-16
-185.65066144972798
-223.57183287214065
-129.1092212368265
-19.83063324659696
-12.420265964457954
-1.2580951422198705
-109.29836485885644
-46.17159467550652
-42.33856923544852
-1.9984014443252818e-15
1.2809198146612744e-14
5.134781488891349e-16
1.1324274851176597e-14
-7.993605777301127e-15
-1.6653345369377348e-16
-7.771561172376096e-16
-6.661338147750939e-16
-1.1102230246251565e-15
65.09108692051367
-64.4076223699841
70.61568934787383
-4.586305960756704
-2.8748524543439586
-0.690272822033406
75.2867754415442
44.7454191937729
5.679804161974516
-5.861977570020827e-14
-1.1934897514720433e-15
-5.551115123125783e-17
-8.965050923848139e-15
7.66053886991358e-15
-8.187894806610529e-16
5.551115123125783e-17
-9.769962616701378e-15
-2.220446049250313e-16
-26.604037380753027
-71.94837613474934
-22.31602246362735
-58.830533566687926
-29.332697140260585
-12.851198774709756
36.543551028624066
21.736825003234188
2.919213053373439
2.1538326677728037e-14
-8.559125630469566e-15
-3.885780586188048e-16
7.327471962526033e-15
-5.995204332975845e-15
1.4988010832439613e-15
5.551115123125783e-16
-5.773159728050814e-15
8.881784197001252e-16
104.74084646887755
-163.08467307665654
80.84817663357492
78.72535807564286
57.84152585908285
-2.2198367618384793
2.26112135968026
1.3239164726505344
-0.054933574600668944
-3.3306690738754696e-15
1.0658141036401503e-14
-1.5265566588595902e-16
-2.220446049250313e-15
1.3322676295501878e-14
5.689893001203927e-16
-2.220446049250313e-16
9.547918011776346e-15
-2.220446049250313e-16
-0.02659175385076651
-195.376103469601
-14.74444472154056
-31.40287569092618
-7.437367822280805
-22.581519905064653
16.986564839442224
10.289691220928859
0.6206539626409313
5.306866057708248e-14
7.299716386910404e-15
1.1102230246251565e-16
1.5543122344752192e-15
-1.0658141036401503e-14
-5.273559366969494e-16
-1.7763568394002505e-15
-1.7541523789077473e-14
-1.1102230246251565e-16
-89.92959883849122
-220.593964362368
-88.13736530188962
-159.3740130641628
-77.21909234365278
-39.02085284358205
71.30571458784391
42.11134745376518
2.6769030241341785
-1.6209256159527285e-14
-2.052524816775758e-14
-4.85722573273506e-17
-3.1086244689504383e-15
1.3766765505351941e-14
-1.2212453270876722e-15
2.1094237467877974e-15
2.6728619317850644e-14
-1.3877787807814457e-15
46.71856644475426
-160.13289263384718
51.58619267976758
44.22581030008769
28.73145641347905
0.9797978383881443
7.278203867828324
7.462434131193419
-12.443007247223587
2.886579864025407e-14
6.536438057480609e-15
1.3877787807814457e-16
-4.440892098500626e-16
-1.2989609388114332e-14
4.0245584642661925e-16
-1.7763568394002505e-15
-2.4369395390522186e-14
3.885780586188048e-16
-451.23651289020233
93.0364728162524
-411.8940390153799
-14.493521105919228
-8.614961153932825
-1.3092980458234873
-397.9145321010164
-225.56336261566514
-59.67794235999645
-4.9960036108132044e-14
-7.716050021144838e-15
-5.551115123125783e-17
3.1086244689504383e-15
-8.43769498715119e-15
4.996003610813204e-16
4.440892098500626e-16
1.5432100042289676e-14
7.771561172376096e-16
135.09862367299448
114.76473112521819
102.94526114090124
-13.840469861480187
-5.183451522553753
-1.8358786598042127
116.85808419130078
50.59846033743986
33.64211253576028
1.9984014443252818e-14
6.356026815979021e-15
3.469446951953614e-16
-5.551115123125783e-15
1.7763568394002505e-15
-8.881784197001252e-16
-7.077671781985373e-16
-4.3298697960381105e-15
4.440892098500626e-16
353.66285300603613
-137.11156247404776
286.89564902569407
331.7361849818004
196.29333634250312
27.41771759374167
-44.61568038599269
-27.9197260808335
-3.7510398262343685
-3.219646771412954e-14
5.856426454897701e-15
-3.191891195797325e-16
6.38378239159465e-15
9.325873406851315e-15
0.0
5.828670879282072e-16
1.534883331544279e-14
-5.551115123125783e-17
-34.09610113394235
-153.5615528428978
-44.95929567827639
-43.510884401041835
-13.254659270389402
-21.560252012530526
-1.4367027228922922
-1.326518375530533
-0.32261735262603786
2.3092638912203256e-14
3.58046925441613e-15
-1.3877787807814457e-16
-6.050715484207103e-15
-7.549516567451064e-15
2.220446049250313e-16
0.0
-1.5654144647214707e-14
-5.551115123125783e-16
-44.14412373889729
-161.15457933577505
-44.99968919593651
-68.24548142681391
-27.049214646406966
-23.804150632451325
23.15852265631912
12.528196079148756
1.0417654246542511
4.6629367034256575e-14
-6.938893903907228e-17
2.7755575615628914e-16
1.2212453270876722e-15
1.887379141862766e-14
0.0
1.9984014443252818e-15
5.10702591327572e-15
-3.3306690738754696e-16
-36.96983104712439
-166.71841810492262
-35.42122705436581
-61.293429718751604
-22.05317242167633
-23.58043886870781
25.958018668568826
15.047503640682159
0.9447932462797457
-1.1524114995609125e-13
-1.6792123247455493e-14
-2.0122792321330962e-16
-1.9984014443252818e-15
-1.2656542480726785e-14
1.942890293094024e-16
-2.1094237467877974e-15
-1.176836406102666e-14
-1.0547118733938987e-15
-265.3371633953586
-159.54803722262918
-252.56341523996505
120.56430439678655
77.88420535708204
2.0275465399072026
-373.50756856595615
-202.31569501711692
-63.480633561606986
6.927791673660977e-14
1.2377252001094519e-14
2.0122792321330962e-16
4.718447854656915e-15
1.8041124150158794e-15
-1.1102230246251565e-16
1.7208456881689926e-15
1.226796442210798e-14
4.440892098500626e-16
44.97327545274712
-91.92331467582355
35.727954654859076
67.70395601640011
43.84915177015954
1.4886830136461953
-32.12666175919503
-16.961807957271283
-6.770874300951943
1.532107773982716e-14
3.5457747848965937e-15
-3.885780586188048e-16
-3.2751579226442118e-15
-7.549516567451064e-15
2.220446049250313e-16
-1.887379141862766e-15
6.827871601444713e-15
0.0
54.68976983637564
-126.17778142243684
32.42119072677473
37.16689953555256
27.717085299465914
-6.149023771333178
-5.074701910882268
-5.377124973875444
0.3870477013280471
-4.75175454539567e-14
-1.201816424156732e-14
9.020562075079397e-17
7.882583474838611e-15
1.0325074129013956e-14
1.1102230246251565e-16
-1.457167719820518e-15
-1.0436096431476471e-14
-3.885780586188048e-16
-48.938719152061765
-208.27630349509434
-58.393833723027875
-92.75791449316435
-43.188640627179296
-31.003233942605284
34.37495158529262
20.447476744724923
2.7789746124626244
5.684341886080802e-14
1.4328815911568427e-15
2.7755575615628914e-17
-4.218847493575595e-15
-2.55351295663786e-15
3.3306690738754696e-16
8.881784197001252e-16
5.162537064506978e-15
-2.498001805406602e-16
-549.008403988594
-6.500336538603108
-551.4474467982936
-314.20570258759835
-162.5700589191012
-67.05857086783534
-237.6749592931265
-146.54888572729843
-25.77445821032693
-7.105427357601002e-15
7.445433158892456e-15
2.220446049250313e-16
-2.4424906541753444e-15
-1.7763568394002505e-15
7.771561172376096e-16
6.661338147750939e-16
1.1435297153639112e-14
2.220446049250313e-16
-329.4123377312283
51.09940893938682
-349.84087232629577
-15.668619395321928
6.050050338161316
-31.279571017437178
-334.807198215537
-208.0205007850867
-33.91643946844612
2.6201263381153694e-14
-2.2343238370581275e-15
5.551115123125783e-17
1.9984014443252818e-15
-9.547918011776346e-15
-9.228728892196614e-16
8.881784197001252e-16
-1.8318679906315083e-15
2.220446049250313e-16
-325.60049809413385
119.56459042126859
-324.01213659851015
-12.54361299477149
6.26680459230105
-24.00378404786992
-311.82937996303383
-196.61387446756294
-31.24659082721587
-5.218048215738236e-14
-1.348639082354719e-15
-1.1449174941446927e-16
2.220446049250313e-16
6.661338147750939e-15
-5.551115123125783e-17
1.2212453270876722e-15
-6.8833827526759706e-15
6.661338147750939e-16
-300.2878953721568
-8.195646093693313
-269.49981257024865
-200.88585921048497
-105.33602541187724
-38.324104423399696
-67.9689644989034
-53.74271605682159
-11.83217656083811
1.6653345369377348e-14
-4.912736883966318e-15
-1.491862189340054e-16
0.0
5.981326545168031e-15
3.885780586188048e-16
9.992007221626409e-16
-2.2926105458509483e-14
-6.661338147750939e-16
-237.03801995818228
43.72010387956122
-205.10572537734558
-82.34853193950342
-37.989258248768415
-22.727434141111267
-122.7715537341688
-87.60999394100108
-13.03277356707508
-6.217248937900877e-15
1.363145707422575e-14
1.942890293094024e-16
0.0
2.2898349882893854e-15
-3.885780586188048e-16
-2.220446049250313e-15
1.3211653993039363e-14
-4.440892098500626e-16
-57.34452443448765
-59.406573747312265
-22.227409212910587
-35.905713992054984
-12.244635756208382
-13.007424334867622
14.415038307493376
4.281297090545834
4.2906180253039246
4.241051954068098e-14
-5.658667978636345e-15
1.0408340855860843e-16
-1.3322676295501878e-15
-1.3988810110276972e-14
3.3306690738754696e-16
-1.3322676295501878e-15
1.021405182655144e-14
-9.575673587391975e-16
-126.53580102701108
-131.99442038642928
-115.88277837896968
-185.09612193377052
-97.10884737305996
-36.386469108772594
70.33289496842787
46.03628579981208
2.619115542013059
-4.440892098500626e-16
-1.0283440765590512e-14
-7.632783294297951e-16
1.3322676295501878e-15
1.9317880628477724e-14
2.220446049250313e-16
3.3306690738754696e-15
-5.551115123125783e-15
1.5543122344752192e-15
-173.87342557485633
-64.16870355272295
-153.0760046505898
-181.57583837636153
-95.95718761352249
-33.999907480462284
28.629283006973623
17.77083770426856
0.3185918963372687
-5.750955267558311e-14
1.6958656701149266e-14
8.257283745649602e-16
-1.2212453270876722e-15
-6.8833827526759706e-15
-1.6653345369377348e-16
-7.549516567451064e-15
-3.3306690738754696e-15
1.1102230246251565e-15
-248.02756997644155
2.129760460680643
-224.1554115940727
-216.49931421944922
-117.84186241754836
-38.8679597150544
-7.308802103236204
-4.867461039650763
-2.7386254675190145
-4.440892098500626e-15
-1.0581813203458523e-14
-1.0408340855860843e-16
-1.6653345369377348e-15
-6.994405055138486e-15
-6.591949208711867e-17
3.1086244689504383e-15
-4.6629367034256575e-15
-5.551115123125783e-16
-1.5482761702338053
-157.4779122811866
-18.885260569778097
-13.47188068519705
-8.475882372717727
-1.2934616456130748
-5.724737396416728
9.2574019842008
-16.94457349138439
6.283862319378386e-14
-4.2847669856627135e-15
4.163336342344337e-17
1.7763568394002505e-15
2.135791543622645e-14
-5.551115123125783e-17
1.9984014443252818e-15
9.547918011776346e-15
-4.163336342344337e-17
-38.51626257376115
-125.20573695844968
-45.265793857590445
-6.711979457115774
-4.471921734082997
-0.3652848092670107
-38.82477925304651
-11.839047578067667
-18.669073423616254
-2.9976021664879227e-14
2.373101715136272e-15
-3.608224830031759e-16
3.3306690738754696e-16
-3.091971123581061e-14
4.440892098500626e-16
4.440892098500626e-16
3.774758283725532e-15
-1.27675647831893e-15
-59.10020194609827
-89.263147467738
-62.23652621086081
-28.0004131128333
-18.36647009157535
-2.4003202276979163
-34.42799879669947
-10.005535535302663
-17.01787025204075
-3.1530333899354446e-14
2.8171909249863347e-15
1.3877787807814457e-16
-4.440892098500626e-16
4.884981308350689e-15
1.1102230246251565e-16
-8.881784197001252e-16
-5.329070518200751e-15
2.220446049250313e-16
-27.486265137894968
-107.13078145244671
-28.63297506345592
-4.548535125164918
-3.989114267207526
-0.13041930162761073
-24.321740114655128
-4.280703607812903
-15.214280088171307
-2.19824158875781e-14
1.4488410471358293e-14
-2.220446049250313e-16
-4.440892098500626e-16
6.772360450213455e-15
-1.1102230246251565e-16
1.7763568394002505e-15
7.771561172376096e-15
2.220446049250313e-16
-27.432166875959723
-135.37510357226955
-23.596453402322055
29.065462608468664
16.6754571508734
1.9833063821036259
-52.88705295533805
-20.085385095155885
-18.790415641488806
1.6431300764452317e-14
-2.2790797027383292e-14
1.8041124150158794e-16
-1.0824674490095276e-15
6.661338147750939e-15
-8.881784197001252e-16
-2.220446049250313e-15
-2.0095036745715333e-14
1.3322676295501878e-15
24.77093897254578
-31.125976731777882
23.98978626531978
10.451009466124447
7.2541061358617895
1.2232255068396052
13.725542890320042
8.627754926278243
0.5792845203230979
8.881784197001252e-15
2.5340840537069198e-14
-4.5102810375396984e-17
1.2212453270876722e-15
-9.46465128492946e-15
1.3877787807814457e-16
7.771561172376096e-16
1.2656542480726785e-14
-8.881784197001252e-16
-115.15096499408342
-19.502230434579076
-104.64826521433235
-132.78590887511587
-73.20400227439235
-19.701912389991072
28.34468560921664
17.816392399559305
0.44173896254906153
2.5979218776228663e-14
4.7878367936959876e-15
-4.215378046623641e-16
2.0816681711721685e-16
-1.3322676295501878e-15
7.771561172376096e-16
8.881784197001252e-16
7.771561172376096e-16
-2.220446049250313e-16
42.14940393846871
-134.63409785984413
41.45951594956357
37.751728602871054
19.171142544372984
0.9294832490576805
3.438636783122348
8.742939462269263
-11.091790675263297
-6.661338147750939e-14
-1.0411810302812796e-14
-3.122502256758253e-16
1.942890293094024e-16
1.887379141862766e-15
-4.996003610813204e-16
2.220446049250313e-16
5.773159728050814e-15
-4.440892098500626e-16
5.424447152948023
-104.30648984469188
4.639894292707456
4.505542037155269
1.1936113365571934
-1.0535033086648022
-0.16942518266464646
6.52572684169086
-11.118584092083267
7.260858581048524e-14
-6.602357549567728e-15
1.457167719820518e-16
4.440892098500626e-16
4.884981308350689e-15
4.85722573273506e-16
-1.3322676295501878e-15
5.440092820663267e-15
-5.551115123125783e-16
-13.59885964899084
-105.37011957934666
-12.350667592516468
-6.8422273130655356
-3.5091401333010506
-1.385892301079511
-5.635563228179091
3.8061265809239373
-12.522277134729542
-2.2648549702353193e-14
-9.034439862887211e-15
6.106226635438361e-16
-1.27675647831893e-15
-1.1213252548714081e-14
2.7755575615628914e-16
0.0
-1.2323475573339238e-14
1.5543122344752192e-15
-13.28105586963931
-124.36894860246191
-9.805817323814162
-0.6570734402448579
2.1466157064532823
-0.694134587423795
-9.121471735563063
2.603486403622618
-14.058165030479138
-1.021405182655144e-14
6.9111383282915995e-15
6.106226635438361e-16
5.551115123125783e-16
-9.769962616701378e-15
-5.551115123125783e-16
-6.661338147750939e-16
3.747002708109903e-15
-4.440892098500626e-16
-50.28532401863802
-112.1312884489837
-41.56505552977325
-22.539194897260025
-10.036232024886576
-1.4664942770866363
-18.90396119606413
-1.9007280400304367
-16.492446780859694
3.6415315207705135e-14
1.6930901125533637e-15
-4.718447854656915e-16
8.881784197001252e-16
9.103828801926284e-15
4.996003610813204e-16
-8.881784197001252e-16
-2.9976021664879227e-15
-8.881784197001252e-16
-59.18808132547866
-132.0847840693487
-43.7508415880972
-17.44196211368076
-8.642548387019481
-2.0489967089253174
-26.1989792007344
-4.499779120313397
-18.38105767665951
-4.285460875053104e-14
-1.1962653090336062e-14
-1.1102230246251565e-16
-1.4432899320127035e-15
-1.1102230246251565e-15
-7.771561172376096e-16
1.8318679906315083e-15
-6.661338147750939e-16
8.881784197001252e-16
-71.22996310375996
-113.17746597354795
-50.0562745721987
59.78334823506046
32.41002646786698
1.488992960862884
-110.04280062173696
-55.72624490967164
-23.159486799290217
1.0658141036401503e-14
4.066191827689636e-15
5.620504062164855e-16
1.3322676295501878e-15
1.7763568394002505e-14
5.551115123125783e-16
-1.4432899320127035e-15
-8.326672684688674e-15
-2.220446049250313e-16
-78.6935232130774
-47.241171141816096
-40.17249058726766
-49.26822615706176
-29.677233014756297
-10.042987703683142
9.993157636568334
5.886704894961408
0.8404232267148251
2.6423307986078726e-14
4.385380947269368e-15
-1.8041124150158794e-16
-6.800116025829084e-16
-1.554312234475219e-14
-1.1102230246251565e-16
9.43689570931383e-16
1.609823385706477e-14
4.440892098500626e-16
-140.37546202043782
-123.42051082735466
-126.97112790352574
-162.31876668939543
-83.06077072239044
-37.72942391311348
34.07776560085563
20.358488051531886
2.5897451130010642
-4.063416270128073e-14
3.649858193455202e-15
0.0
-1.5543122344752192e-15
-2.942091015256665e-15
3.3306690738754696e-16
1.4432899320127035e-15
4.773959005888173e-15
-8.881784197001252e-16
-25.34044465153209
-193.7613158770672
-9.742611945790262
-47.05998850212457
-20.179143066629162
-23.19832789031804
40.3138570917135
24.96110840381425
2.538890526250741
2.5979218776228663e-14
-3.635980405647388e-15
-1.734723475976807e-15
1.3322676295501878e-15
-1.0547118733938987e-15
-2.0816681711721685e-17
-3.3306690738754696e-16
-2.2870594307278225e-14
1.5543122344752192e-15
-2.606481684575586
-107.2033317845188
4.198895626123742
-30.76239462470734
-12.634477991825701
-10.851027761031276
35.15575696218238
22.330377506722513
1.8149153798082072
1.3766765505351941e-14
6.855627177060342e-15
1.1796119636642288e-15
1.887379141862766e-15
1.2545520178264269e-14
5.551115123125783e-17
1.1657341758564144e-15
1.1102230246251565e-15
-1.9984014443252818e-15
30.850988591881876
-73.53067076919272
31.941357434670774
-17.94151642082136
-9.483082578163888
-4.8712743963996985
49.61290936293183
30.911272424457835
1.838945443251821
-3.352873534367973e-14
-4.704570066849101e-15
4.85722573273506e-16
-2.6645352591003757e-15
-2.4424906541753444e-15
1.6653345369377348e-16
-2.1094237467877974e-15
-5.551115123125783e-16
2.0539125955565396e-15
86.7913611244835
-110.18324056588779
80.97280981908919
-8.183365359100385
-5.23240533952986
-1.5167719225692853
88.98457492758396
54.24210898028335
-0.3821017846531447
-2.220446049250313e-15
2.4077961846558082e-15
2.7755575615628914e-17
5.551115123125783e-16
-4.107825191113079e-15
-2.7755575615628914e-16
-4.440892098500626e-16
1.0658141036401503e-14
6.661338147750939e-16
-74.19020960001754
-175.4483962155615
-60.584863112930506
-23.279892802968817
-16.691603002956867
-1.9057474893113557
-37.81255635801591
-8.93794782145602
-29.0610516116882
-3.219646771412954e-14
3.3029134982598407e-15
2.1510571102112408e-16
6.661338147750939e-16
3.4416913763379853e-15
-3.3306690738754696e-16
-2.220446049250313e-16
5.773159728050814e-15
-6.661338147750939e-16
-215.89454994102147
-40.696931832938105
-187.58097199179878
-151.56194852513102
-99.24231240423211
-9.587204831709172
-36.49781054913289
-7.601485747695802
-29.02607355201559
4.5075054799781356e-14
-1.2906342661267445e-14
-4.874572967494828e-16
1.5543122344752192e-15
-5.551115123125783e-15
7.771561172376096e-16
-3.3306690738754696e-16
6.022959908591474e-15
-4.440892098500626e-16
-188.7556308026725
-97.52254113927779
-148.30297071998447
-109.29699152626753
-71.68107115477284
-4.978290003996028
-39.47862951062992
-7.905957181039287
-30.66058575821195
1.4654943925052066e-14
1.5126788710517758e-14
2.7755575615628914e-17
4.440892098500626e-16
8.881784197001252e-15
-1.0130785099704553e-15
4.440892098500626e-16
-1.0824674490095276e-14
4.440892098500626e-16
-106.4083584184772
-274.523237313002
-65.70590461034104
20.146900984319387
13.318366459757357
1.3735151179482985
-86.39262847508687
-30.298010997479608
-39.706577709413764
3.2862601528904634e-14
2.983724378680108e-16
-9.020562075079397e-17
-4.884981308350689e-15
8.881784197001252e-15
4.440892098500626e-16
3.885780586188048e-16
-3.9968028886505635e-15
-6.661338147750939e-16
41.62609052651992
-46.9614106666026
44.14741488334068
-3.1591573040418837
-1.4346325225314018
-0.006439152716276375
47.55717294294951
28.70626577981229
3.394885714986155
6.661338147750939e-15
-6.2727600891321345e-15
-1.0755285551056204e-16
-1.4432899320127035e-15
-1.7319479184152442e-14
4.718447854656915e-16
1.1102230246251565e-16
1.532107773982716e-14
-2.220446049250313e-16
29.35623690653027
-38.22854660876567
33.94846821074114
-1.3029995010692375
-0.4112310342284218
-0.22281962725529958
35.427840835288166
20.310191108595156
2.3389251137960576
-7.505107646466058e-14
-1.582067810090848e-15
-4.163336342344337e-16
1.0269562977782698e-14
6.661338147750939e-16
-1.942890293094024e-16
-1.096345236817342e-15
-2.298161660974074e-14
-4.440892098500626e-16
79.02039502033213
-97.67073441094584
79.79866728321099
18.62700450055701
12.91536540760767
0.1701728714663222
61.57442254240583
35.36000469689231
2.245397729973268
4.04121180963557e-14
3.219646771412954e-15
5.273559366969494e-16
-8.770761894538737e-15
7.549516567451064e-15
-4.649058915617843e-16
2.220446049250313e-16
2.185751579730777e-14
7.494005416219807e-16
-52.00143309796405
-53.94245424959789
-36.81044512390324
-12.495121507636725
-6.327888925978172
0.6117858601132529
-23.87241470506666
-10.986219254990047
-10.893138865750494
4.6629367034256575e-15
-9.56179579958416e-15
-5.273559366969494e-16
-4.551914400963142e-15
-8.548717289613705e-15
7.216449660063518e-16
2.914335439641036e-16
-1.149080830487037e-14
2.220446049250313e-16
105.39946302347644
-215.147228906757
82.17082004690648
30.622666428068158
28.10676042222164
-15.794567124596014
51.934948617656005
21.74475023712023
4.646199650697465
-2.864375403532904e-14
4.718447854656915e-15
7.91033905045424e-16
4.218847493575595e-15
4.440892098500626e-15
-5.551115123125783e-16
1.27675647831893e-15
9.547918011776346e-15
-1.2490009027033011e-15
43.50697890886121
-222.2646842400955
48.62826834206482
-47.744748862645025
-15.759909295795403
-21.40867854380393
96.1845981381615
47.99346843324004
8.991178290867415
-1.2878587085651816e-14
8.104628079763643e-15
-6.904199434387692e-16
3.7192471324942744e-15
2.220446049250313e-15
-8.326672684688674e-16
-1.1102230246251565e-15
-1.942890293094024e-15
1.0408340855860843e-15
19.82146875135259
-161.38043371525382
19.58545923940573
-16.14281625016352
2.105236060551432
-16.74631608428423
35.59161395658579
14.104291434319288
4.04076178873782
-3.3306690738754696e-14
-7.466249840604178e-15
5.629177679544739e-16
-3.774758283725532e-15
-1.0658141036401503e-14
6.106226635438361e-16
-1.3877787807814457e-15
-2.0872192862952943e-14
-2.498001805406602e-16
0.6086114870793651
-132.30440403543065
-4.586806844167317
-10.271862941390928
5.300961807573347
-15.894346205450944
5.682790938338975
-0.8936321617701708
1.458921979808958
5.750955267558311e-14
2.8033131371785203e-15
7.112366251504909e-16
3.6637359812630166e-15
1.709743457922741e-14
-7.461479351045242e-16
1.5543122344752192e-15
-9.992007221626409e-16
1.5265566588595902e-16
-32.80474207846129
-110.19493996655996
-47.27388490070271
-20.44545475796022
-0.18999256310779078
-17.757987062575545
-26.806857686162182
-14.849600737658953
-1.3226236627762198
1.687538997430238e-14
4.163336342344337e-15
-1.1310397063368782e-15
-1.9984014443252818e-15
-4.385380947269368e-15
5.551115123125783e-17
-1.5543122344752192e-15
2.4452662117369073e-14
-1.0269562977782698e-15
-35.15529818038563
-131.8899293110706
-47.830689925776284
-32.889553946571446
-6.591987823364121
-19.632415284320153
-14.900883779454105
-9.366074366740506
-3.64322649770805
-7.993605777301127e-15
-2.0261570199409107e-14
-5.551115123125783e-17
-1.1102230246251565e-15
-5.981326545168031e-15
1.6653345369377348e-15
9.992007221626409e-16
-1.992850329202156e-14
9.43689570931383e-16
-118.05316906195512
-79.54893267464561
-138.6483758195848
-41.98459446472052
-10.5966711371434
-22.29650471423104
-96.76202403018759
-57.476231742544925
-12.296501415528155
-2.2426505097428162e-14
6.813993813636898e-15
2.7755575615628914e-16
5.218048215738236e-15
8.659739592076221e-15
-3.3306690738754696e-16
9.992007221626409e-16
1.041527974976475e-14
-1.1657341758564144e-15
-20.65851391926424
-232.01808749053458
-13.056676508580642
-79.8763840297778
-31.209755309224747
-29.019266135373805
66.65207652962471
40.80357293909109
5.401678536609886
-1.1324274851176597e-14
1.5824147547860434e-14
-1.5265566588595902e-16
-1.2212453270876722e-15
-6.217248937900877e-15
5.551115123125783e-17
5.551115123125783e-16
-9.103828801926284e-15
1.9984014443252818e-15
-573.9234255507926
415.15654840123904
-612.8848368136903
-82.74285687787035
-40.780327497623844
-19.26147286924939
-530.0899578050366
-307.2663254842552
-46.7246945429864
3.530509218307998e-14
-1.3877787807814457e-14
1.3183898417423734e-16
1.5543122344752192e-15
-9.325873406851315e-15
7.494005416219807e-16
-8.881784197001252e-16
1.5681900222830336e-15
-8.881784197001252e-16
-42.89889292462493
-150.41197713416852
-41.20193563066749
120.40624542507533
76.60129408954649
2.925991413258533
-162.17203347114742
-88.90372104407942
-29.709472122409366
-5.395683899678261e-14
-2.5777990853015353e-15
-7.216449660063518e-16
-2.55351295663786e-15
1.7319479184152442e-14
-1.4988010832439613e-15
-1.1102230246251565e-15
5.9396931817445875e-15
2.220446049250313e-16
-349.3931473818717
172.1502343900214
-368.6268853356321
-42.93597708429718
-13.553449218266763
-20.014884190873005
-325.648594910429
-188.76883056129256
-22.87903421458427
-1.1546319456101628e-14
1.893971091071478e-14
5.551115123125783e-17
1.5543122344752192e-15
-8.215650382226158e-15
3.3306690738754696e-16
-6.661338147750939e-16
2.220446049250313e-15
-6.106226635438361e-16
-49.25358505400729
-186.17851300679763
-41.45989751816521
103.76914406828166
72.38756064739033
-1.6937337536840502
-145.00669120589953
-78.97215033207158
-24.63778024505897
-3.197442310920451e-14
-1.2906342661267445e-14
4.163336342344337e-16
1.5543122344752192e-15
2.886579864025407e-15
0.0
-2.220446049250313e-16
-5.828670879282072e-15
6.661338147750939e-16
-108.16306877973975
-256.56466721919855
-93.21101960897829
-93.60546095477935
-32.183234960981295
-39.409469200512234
0.22650224354811144
-0.5278364085713889
-0.5179049903232951
1.474376176702208e-13
1.887379141862766e-15
5.134781488891349e-16
-3.552713678800501e-15
-5.10702591327572e-15
5.551115123125783e-17
-4.440892098500626e-16
1.3100631690576847e-14
-8.326672684688674e-16
-238.8135875427734
-173.15835185076656
-210.2519695319712
-213.24345557575435
-104.63988331136514
-48.11730336936852
3.08226930305554
1.2205776772277233
-0.772700089541213
1.354472090042691e-14
8.382183835919932e-15
1.3877787807814457e-16
1.5543122344752192e-15
-2.8033131371785203e-15
0.0
-1.3322676295501878e-15
-2.886579864025407e-15
6.106226635438361e-16
-3.625277303585321
-134.5382715932569
-2.2125324978546956
-42.46265479075788
-15.120443180060612
-15.866447003045124
40.53904085993945
23.724383918996857
-1.2162512646466865
-1.2723155862204294e-13
-1.429498880378688e-14
-5.134781488891349e-16
-6.661338147750939e-16
-2.6645352591003757e-15
2.7755575615628914e-17
1.970645868709653e-15
-1.5765166949677223e-14
-4.440892098500626e-16
40.13756812077709
-195.5369081160976
23.172712404269177
45.53295099824459
27.63864153208838
2.31714352781505
-22.45257390403384
-5.203842107036209
-21.275200817696266
6.661338147750939e-14
6.494804694057166e-15
1.3877787807814457e-17
-1.7208456881689926e-15
-8.271161533457416e-15
0.0
2.3869795029440866e-15
1.7541523789077473e-14
1.3322676295501878e-15
-10.099167272640784
-187.26245939997477
-22.735426308001934
4.4666341878937175
1.8442564548363904
0.0999307409469754
-27.40366262723053
-4.956468508469065
-24.803010099718836
1.2212453270876722e-14
-4.579669976578771e-15
0.0
2.55351295663786e-15
1.3850032232198828e-14
2.220446049250313e-16
6.661338147750939e-16
-1.354472090042691e-14
-1.6653345369377348e-15
-304.3198272443576
-56.98758123752313
-284.5900830684076
-55.518491206187974
-35.52763040209177
-1.8787188954542557
-229.24960191578558
-118.80130317155042
-46.689150397347426
-4.39648317751562e-14
6.9111383282915995e-15
-1.3877787807814457e-17
1.1102230246251565e-15
-4.690692279041286e-15
-7.771561172376096e-16
-6.161737786669619e-15
2.525757381022231e-15
-4.440892098500626e-16
81.20039990022505
152.36279344100922
69.4636489255282
49.9214308276766
13.54617715721664
27.267268509450716
19.53603918455451
12.49905338675741
1.0946483085181766
-1.3766765505351941e-14
-5.551115123125783e-15
4.579669976578771e-16
-8.881784197001252e-16
-3.3306690738754696e-16
7.771561172376096e-16
4.1494585545365226e-15
1.1324274851176597e-14
2.220446049250313e-16
56.15385654651945
-69.28748021012964
50.112992630201035
20.39774259423922
12.886707213485447
1.0347591641232157
29.713804896432023
19.229235990635917
0.9926895877606128
1.1945999744966684e-13
2.123301534595612e-15
5.551115123125783e-16
-3.9968028886505635e-15
2.0650148258027912e-14
5.551115123125783e-17
1.887379141862766e-15
1.0103029524088925e-14
-2.220446049250313e-16
-20.12718126255146
-220.04498804050166
-13.986817509033187
-76.4450567035499
-33.340223398907334
-24.13344402165462
62.50864365610758
42.694355549052354
0.26572713028833306
-1.7474910407599964e-13
-5.037636974236648e-15
-3.885780586188048e-16
3.9968028886505635e-15
5.995204332975845e-15
1.0408340855860843e-15
-1.1102230246251565e-15
-8.604228440844963e-15
1.3322676295501878e-15
66.07314307799595
-256.56997037754945
75.15513896202285
28.818267633874484
17.87204292812777
0.4082847081740244
46.39546846552696
43.01466404413267
-13.00926630674337
7.349676423018536e-14
3.4139358007223564e-15
-9.159339953157541e-16
-4.440892098500626e-16
-1.9872992140790302e-14
-5.551115123125783e-16
-4.440892098500626e-16
-9.880984919163893e-15
-1.5543122344752192e-15
1.653619223983796
-224.14676501192528
17.451705332822684
24.340824543272873
15.408496152048556
0.0698381335603635
-6.835752746999475
13.095824102078346
-18.291132975345377
1.9984014443252818e-15
-5.842548667089886e-15
2.7755575615628914e-17
1.5543122344752192e-15
6.106226635438361e-15
-3.885780586188048e-16
9.992007221626409e-16
-1.5543122344752192e-15
-2.220446049250313e-16
-117.17399846684219
-155.95012994796596
-93.57552805099462
35.98219654620715
23.48922197741595
0.7466688812374507
-129.6089019621167
-59.46488328002352
-32.56016125801501
-3.3306690738754696e-14
7.647745284278251e-15
1.9845236565174673e-15
-1.4155343563970746e-15
-1.2129186544029835e-14
-4.440892098500626e-16
-1.6653345369377348e-15
6.966649479522857e-15
-2.220446049250313e-16
41.779268669122445
-38.99900800116899
38.10042711298317
37.103068173732886
24.850074349331408
3.0596153763061915
1.037985291871351
0.3989983038039995
0.20847941881373888
2.3314683517128287e-14
-1.3527373665667142e-14
-9.298117831235686e-16
-6.661338147750939e-16
4.0870085094013575e-15
1.1102230246251565e-16
-4.440892098500626e-16
-4.3298697960381105e-15
4.440892098500626e-16
-39.44225157349761
-136.06438752944223
-29.010152832178832
-41.29512028210644
-14.121302088257764
-18.015549281627898
12.697633142782252
7.852736284489268
1.3037289375113206
-1.7985612998927536e-14
1.7687240561059525e-14
-1.1102230246251565e-16
0.0
-1.1962653090336062e-14
-1.1102230246251565e-16
2.7755575615628914e-15
1.587618925213974e-14
1.7763568394002505e-15
-31.79525819251476
-152.66399574214148
-20.175300240013037
-48.023582767946095
-17.69521712758785
-19.250749568406064
27.871249268448963
18.20388609512147
1.9884695227343174
7.66053886991358e-14
3.0531133177191805e-16
-8.049116928532385e-16
2.220446049250313e-16
8.659739592076221e-15
-1.3877787807814457e-17
-3.6637359812630166e-15
-2.1538326677728037e-14
-3.1086244689504383e-15
-88.20646759719669
-97.54088217573425
-77.42958122310932
-125.84434845313095
-66.74208173642421
-24.77854207613173
48.32054727370024
31.095231343186185
1.6617208762459668
-1.8207657603852567e-13
4.6351811278100286e-15
3.465110143263672e-16
-4.440892098500626e-16
7.771561172376096e-16
5.551115123125783e-17
6.661338147750939e-16
7.105427357601002e-15
4.6629367034256575e-15
-62.756410490475616
30.04826219911638
-62.91528807619943
-27.043481856062144
-15.19295276728159
-4.6366418731107295
-35.98156779912196
-21.82725422077918
-4.283753240351279
1.0746958878371515e-13
-1.1664280652468051e-14
-7.632783294297951e-16
1.3322676295501878e-15
6.328271240363392e-15
0.0
1.3322676295501878e-15
-2.220446049250313e-15
-1.3322676295501878e-15
-49.89787832835484
-108.3082114214053
-51.62100257909333
-34.614280964230744
-21.168262462659527
-2.2984952468255777
-17.139311876349637
0.981824760655865
-16.327254637650725
7.749356711883593e-14
-5.336009412104659e-15
1.0824674490095276e-15
1.6653345369377348e-15
7.105427357601002e-15
0.0
0.0
-1.176836406102666e-14
-1.7763568394002505e-15
-63.925532155632744
-84.5353404706193
-60.803205481597274
-42.90571141908879
-25.622367205635456
-2.3092021234307136
-17.936553023239526
-0.36280085757056213
-14.723233045018574
-3.6637359812630166e-14
1.607047828144914e-14
-6.38378239159465e-16
-2.1094237467877974e-15
-5.35682609381638e-15
1.1102230246251565e-16
-2.220446049250313e-16
1.5154544286133387e-14
-1.5543122344752192e-15
3.469078803806255
-141.87400333177894
7.6272861324054695
10.358623491932597
6.531328496470536
1.0444670643052856
-2.697539478057916
8.759376297932466
-12.086532936677997
5.81756864903582e-14
-1.559863349598345e-14
3.3306690738754696e-16
-2.220446049250313e-16
-1.2656542480726785e-14
1.1102230246251565e-16
3.3306690738754696e-16
-6.661338147750939e-16
2.220446049250313e-16
-40.26305524023124
-145.0934345691268
-30.15500039499676
9.536308611069899
5.2776133124398115
0.8365558739333316
-39.686222684037716
-10.268680010528321
-17.86670177257801
-1.5187850976872141e-13
3.58046925441613e-15
-8.326672684688674e-17
1.7763568394002505e-15
6.494804694057166e-15
-5.551115123125783e-16
-7.216449660063518e-16
-1.4432899320127035e-15
1.5543122344752192e-15
34.11539304509702
-35.715215295098744
32.54534751456596
6.49285708410244
4.044723526852209
0.7355281542642
26.150757017298616
16.402218303942803
1.6166320781850434
4.196643033083092e-14
6.217248937900877e-15
-5.689893001203927e-16
-3.1363800445660672e-15
9.880984919163893e-15
6.38378239159465e-16
1.887379141862766e-15
-1.555526540908403e-14
-2.220446049250313e-16
71.21909344813102
-74.95898123025705
70.13428733851231
22.14893996383701
13.186524324211478
0.5438023872741393
48.055460271551866
29.143322956686646
2.602425559638644
-2.6423307986078726e-14
1.8041124150158794e-16
-1.1102230246251565e-16
-2.220446049250313e-16
-2.3869795029440866e-15
-1.8735013540549517e-15
-2.4424906541753444e-15
1.3822276656583199e-14
-4.440892098500626e-16
-8.939498789269663
-196.96187878898496
-0.6730021268799362
46.911839277456295
27.497786058938445
0.9953195200583824
-47.516325958359374
-16.29144914215277
-22.17985082105156
4.04121180963557e-14
-1.802724636235098e-14
-3.3306690738754696e-16
-2.220446049250313e-15
2.3314683517128287e-15
2.3869795029440866e-15
6.661338147750939e-16
2.157996004115148e-15
-4.440892098500626e-16
-22.03003096106829
-166.35086592520815
-12.409036538964259
31.6671082036288
18.54790434348881
0.34416213219276237
-43.95269339893696
-15.15000909421461
-20.31193255630498
-1.3322676295501878e-15
1.148560413444244e-14
2.6645352591003757e-15
4.6629367034256575e-15
-1.5987211554602254e-14
-1.0512424264419451e-15
8.881784197001252e-16
-3.164135620181696e-15
8.881784197001252e-16
-37.96249464598148
-67.5462487357962
-34.392041301272286
40.15311141787598
23.180099087856796
-0.1902767563774832
-74.8309401638123
-39.116018677536324
-15.775871261777866
8.570921750106208e-14
8.28503932126523e-15
-2.1371793224034263e-15
-3.6637359812630166e-15
4.440892098500626e-15
7.632783294297951e-17
5.551115123125783e-17
8.43769498715119e-15
-2.220446049250313e-16
64.67314281888633
-141.39717657776757
55.55092763540483
34.85810336112601
24.278190731151845
-9.546851983353326
21.02466693686199
12.708540392646512
1.2092079124144064
3.042011087472929e-14
1.426636586643326e-14
-5.551115123125783e-17
3.219646771412954e-15
1.1324274851176597e-14
-2.220446049250313e-16
2.7755575615628914e-17
-8.215650382226158e-15
0.0
14.994841154850747
-100.38568690027918
11.596359130311818
-1.6503736550030226
3.2318965918213802
-10.178937390368425
13.424255095145554
8.5164982459888
0.5669565230654943
-1.4943601911454607e-13
-2.8185787037671162e-14
-1.2490009027033011e-15
-2.220446049250313e-16
-7.771561172376096e-15
-2.498001805406602e-16
3.0531133177191805e-16
1.7763568394002505e-15
4.440892098500626e-16
-8.657900820345725
-107.41483463095099
-9.16610463821277
-30.321668305829647
-12.469860090112935
-13.90778547049365
21.246282695807082
13.345157265115198
1.2203236425901531
3.241851231905457e-14
1.5612511283791264e-14
6.661338147750939e-16
3.9968028886505635e-15
8.881784197001252e-16
9.992007221626409e-16
-1.582067810090848e-15
8.465450562766819e-15
-4.440892098500626e-16
-24.58517185712535
-141.30133435756818
-21.61329121206263
-51.748750299753794
-22.02312229302966
-20.008116085542227
30.173535896157425
18.565722880849105
1.902512546472825
1.1102230246251565e-15
-6.786238238021269e-15
1.1102230246251565e-15
-4.440892098500626e-15
-1.6431300764452317e-14
3.3306690738754696e-16
1.249000902703301e-16
-1.3627987627273797e-14
-4.440892098500626e-16
-8.696535621529454
-149.91325991088254
-3.5954970134258524
-41.34911512165199
-14.931662958985413
-18.409185337443525
37.77837951573112
23.32956955435135
2.3590883191553216
4.796163466380676e-14
1.2101430968414206e-14
-3.3306690738754696e-16
2.55351295663786e-15
9.992007221626409e-15
-6.661338147750939e-16
-1.304512053934559e-15
5.828670879282072e-15
-1.1102230246251565e-15
-4.3385306381520365
-166.41120973564023
4.520687039767701
-48.4690844478493
-17.616079864786073
-18.957315859430537
52.95874565410732
32.780885420064955
3.142501874094852
9.370282327836321e-14
-1.4488410471358293e-14
2.275957200481571e-15
-2.886579864025407e-15
1.5543122344752192e-15
3.3306690738754696e-16
1.304512053934559e-15
1.4432899320127035e-15
-1.1102230246251565e-15
-100.9336761305646
-180.24587638399385
-80.84907132196557
-164.86702158878288
-82.17913384967797
-35.450066094356856
83.94246861295332
51.480410851207864
3.9989847098398092
-2.7533531010703882e-14
-1.4988010832439613e-15
-2.525757381022231e-15
7.771561172376096e-16
2.220446049250313e-16
5.551115123125783e-17
-6.661338147750939e-16
-2.085831507514513e-14
2.6645352591003757e-15
24.737675876732766
-145.16759068006735
32.67315421943212
-76.70796415169124
-38.05044566895812
-15.305395714861161
109.37621691933762
66.85915322417245
4.941893950386579
-1.0147438445073931e-13
2.7200464103316335e-15
1.887379141862766e-15
2.4424906541753444e-15
2.6645352591003757e-15
5.551115123125783e-17
8.881784197001252e-16
1.5265566588595902e-14
8.881784197001252e-16
-38.64492558427958
-156.17163591707302
-21.264063306568545
19.481174796248183
13.052604413858575
1.8246629526151619
-40.62782259042177
-11.516478931106331
-21.395292147030958
6.128431095930864e-14
8.770761894538737e-15
-2.6645352591003757e-15
-1.3322676295501878e-15
3.3306690738754696e-15
1.6653345369377348e-16
-6.661338147750939e-16
3.372302437298913e-15
-1.7763568394002505e-15
-16.061887768800318
-159.9921200936413
2.0200040328427065
9.076882891791115
6.175052733884499
0.3698035662438919
-6.8885572287417745
7.776103376381592
-17.679625971159837
-1.3677947663381929e-13
-2.0469737016526324e-15
2.886579864025407e-15
-2.220446049250313e-15
-1.099120794378905e-14
5.551115123125783e-17
3.3306690738754696e-16
-3.1086244689504383e-15
4.440892098500626e-16
-67.66428054434263
-206.59961122441294
-41.07824697496578
15.018114445914279
10.318384029100308
1.0764726357105001
-56.000380103499396
-16.606055065604963
-28.973446693970942
1.1524114995609125e-13
5.828670879282072e-16
-4.6074255521944e-15
5.551115123125783e-16
9.325873406851315e-15
-1.1102230246251565e-16
-1.2490009027033011e-15
-3.774758283725532e-15
-4.440892098500626e-16
75.28561884520855
-78.89156492697913
77.31308431972519
5.046117919660929
3.7390626317762283
1.148410331190263
72.20949967417974
44.51677232872136
5.522671116611448
-1.865174681370263e-14
4.773959005888173e-15
2.220446049250313e-15
1.8596235662471372e-15
-2.220446049250313e-16
1.1102230246251565e-16
3.3306690738754696e-16
7.618905506490137e-15
8.881784197001252e-16
99.09890901477664
-104.46753993814593
100.1558938874545
19.68822176929536
14.441963686365025
2.736259679095399
80.36412991184469
49.7050909174243
6.190511316925249
3.019806626980426e-14
-1.6681100944992977e-14
-2.7755575615628914e-17
-3.552713678800501e-15
-1.5210055437364645e-14
-3.469446951953614e-17
2.220446049250313e-16
5.551115123125783e-15
1.3322676295501878e-15
-179.47120116156447
-141.3761024737189
-145.41319370719032
82.74525308918666
59.84677787646575
6.466011788878404
-228.4154948234444
-118.2735913342647
-40.48053885528395
-5.728750807065808e-14
1.1955714196432154e-14
2.1111584702637742e-15
-1.3322676295501878e-15
1.1435297153639112e-14
1.1102230246251565e-16
0.0
-7.66053886991358e-15
4.440892098500626e-16
-174.12640655425687
-103.4305092367693
-158.42909937471782
101.22715581029328
72.78134377613563
5.120587847985739
-260.43991353224544
-138.4901486886718
-41.60664982763076
1.2434497875801753e-14
-8.375244942016025e-15
-2.67841304690819e-15
1.3322676295501878e-15
2.1316282072803006e-14
4.440892098500626e-16
1.27675647831893e-15
2.4771851236948805e-15
1.7763568394002505e-15
119.3818768552751
49.083527010521095
108.54651300116717
37.87089921089162
25.62274326283513
-0.18341512472640265
70.15340970375044
40.100904227384525
23.522279123008843
4.729550084903167e-14
2.040034807748725e-15
9.43689570931383e-16
-1.6653345369377348e-15
-1.7319479184152442e-14
-1.4432899320127035e-15
-1.5543122344752192e-15
1.7763568394002505e-15
4.440892098500626e-16
-80.71822461297194
76.7385157755574
-101.34985699634876
70.20952394939047
49.543741817300614
2.181540251401101
-170.6338580250381
-97.3484338673306
-5.775988336997727
-2.8199664825478976e-14
-2.609024107869118e-15
1.7763568394002505e-15
2.609024107869118e-15
4.884981308350689e-15
5.273559366969494e-16
-1.3322676295501878e-15
-8.43769498715119e-15
-1.7763568394002505e-15
-92.07945128647324
25.882214302404776
-119.97135188346482
43.30193849034984
41.9315090410544
-4.154973857842776
-161.86560167139925
-88.86770980895737
-4.046710755052409
-8.570921750106208e-14
-4.593547764386585e-15
-1.0547118733938987e-15
-5.218048215738236e-15
-7.105427357601002e-15
-3.3306690738754696e-16
4.440892098500626e-16
5.773159728050814e-15
1.3322676295501878e-15
-134.05456474044922
-104.89422234522942
-153.53992377847263
-44.94476051024577
0.5886708247108672
-25.442113537997535
-107.9758834770283
-53.903524359905504
0.7819445378194203
1.318944953254686e-13
7.591149930874508e-15
-1.3877787807814457e-15
5.773159728050814e-15
2.19824158875781e-14
2.220446049250313e-16
3.552713678800501e-15
-1.3322676295501878e-15
4.440892098500626e-16
-105.0615836611224
-206.1375259232368
-111.73195853035885
-91.55367435707842
-24.75019682155842
-34.60475658569707
-19.90207800844709
1.463079143543979
7.079839248763477
-5.81756864903582e-14
-2.498001805406602e-16
2.220446049250313e-16
4.718447854656915e-15
-9.325873406851315e-15
-5.551115123125783e-17
0.0
-1.5543122344752192e-15
4.440892098500626e-16
-123.46297231341464
-254.56772561559842
-104.3674935548475
-232.8130549786315
-119.65939721102542
-48.1963026115374
128.67655755759037
87.25451825499138
10.102489463845112
-1.2811973704174306e-13
1.0325074129013956e-14
9.43689570931383e-16
-3.9968028886505635e-15
-1.6209256159527285e-14
9.71445146547012e-16
-2.9004576518332215e-15
4.440892098500626e-15
0.0
-21.40468889528222
-85.50180888938138
-16.98504713850212
34.28881266255502
21.41243633887116
0.027415529584560616
-51.65608121082499
-18.581582280087225
-13.57514894129232
1.176836406102666e-13
-1.0380585280245214e-14
-1.970645868709653e-15
-4.440892098500626e-16
-8.881784197001252e-16
-8.881784197001252e-16
1.3322676295501878e-15
-7.438494264988549e-15
4.440892098500626e-16
-253.47466493275186
-306.26211825837083
-206.41332401208447
58.29543783836468
40.11372041595878
-0.30177476558054117
-266.22263758303234
-109.72834471518618
-69.05384223133179
6.794564910705958e-14
6.453171330633722e-16
3.7192471324942744e-15
-1.1102230246251565e-14
4.884981308350689e-15
4.440892098500626e-16
1.8839096949108125e-15
1.6653345369377348e-15
3.552713678800501e-15
28.583613174742197
-567.9262564375965
39.67630024675748
138.24134753093426
88.3514427387723
0.021939427492912777
-100.2306982825483
-1.6791102132126667
-48.00156501597627
1.3322676295501878e-14
2.386112141206098e-15
-3.6637359812630166e-15
1.2434497875801753e-14
4.440892098500626e-16
1.1102230246251565e-16
-2.6645352591003757e-15
3.552713678800501e-15
8.881784197001252e-16
39.39434752965748
-353.6917144507981
37.542061482416344
12.18608648062144
22.360775622617474
-18.34338228005532
25.60438616801102
33.187394043060195
-7.01333587455197
-1.3322676295501878e-14
1.0200174038743626e-15
2.1649348980190553e-15
-7.771561172376096e-16
-8.548717289613705e-15
-6.661338147750939e-16
-8.881784197001252e-16
1.3100631690576847e-14
-6.661338147750939e-15
108.74551357506341
-323.41429423836894
62.88609359692147
30.553931051191114
45.492503616289945
-32.11717930553426
32.622427138134796
17.953331198230003
8.121838694452496
-5.906386491005833e-14
-9.950373858202965e-15
-2.275957200481571e-15
7.216449660063518e-15
1.199040866595169e-14
1.5959455978986625e-16
3.552713678800501e-15
-2.9976021664879227e-14
2.220446049250313e-15
15.383078047073376
-389.3335488614142
-16.528907810795623
-13.99084277461894
25.757056273832536
-40.131840590726966
-2.4467945848506076
-1.4419073482305436
-1.030038358108761
-1.0391687510491465e-13
-4.163336342344337e-16
2.609024107869118e-15
-1.174060848541103e-14
3.885780586188048e-15
8.881784197001252e-16
-4.884981308350689e-15
1.865174681370263e-14
-1.1102230246251565e-15
-40.50297485525357
-302.6586046320467
-38.29017399668778
-90.20460070645962
-27.629969142920437
-35.034080113575975
52.15018103310253
37.05293338099683
0.9664516625653605
-1.4876988529977098e-14
7.188694084447889e-15
-1.7763568394002505e-15
3.4416913763379853e-15
-4.440892098500626e-15
-9.43689570931383e-16
1.7763568394002505e-15
-1.9068080447937064e-14
6.661338147750939e-16
96.22048362570057
-427.2527393674815
67.628058836573
-37.838872180036674
10.233032806951506
-34.43697661662897
105.7333525663274
74.58526584827422
3.6860641823823053
7.30526750203353e-14
3.2231162183649076e-15
3.608224830031759e-16
0.0
-2.886579864025407e-15
8.743006318923108e-16
2.220446049250313e-15
3.2862601528904634e-14
1.4432899320127035e-15
-33.427659080764876
-753.8533058234968
-101.19795243344949
-180.79425459331387
-35.99143702716336
-88.33749908075521
79.60675003789905
55.10134128312721
0.47650053948886084
1.3367085216486885e-13
2.9698465908722937e-15
1.4710455076283324e-15
-1.1102230246251565e-15
-8.881784197001252e-16
-6.106226635438361e-16
0.0
-1.5987211554602254e-14
2.4424906541753444e-15
-170.17086005326763
-741.7107547106384
-228.10434430751047
-203.13560238572515
-28.177137167666302
-101.77764803642972
-25.382288721406695
-16.80261546831975
-0.7799871505782132
2.4424906541753444e-15
-8.743006318923108e-15
1.096345236817342e-15
4.871103520542874e-15
4.440892098500626e-16
2.220446049250313e-16
-3.552713678800501e-15
3.774758283725532e-15
1.3322676295501878e-15
248.35684931066595
-250.12022525536048
206.47256545770225
199.65578821637254
136.00954587553778
18.311564398239202
6.889259491901498
3.526896272528816
-10.451539431921292
-1.1080025785759062e-13
-1.0325074129013956e-14
-3.1502578323738817e-15
-4.440892098500626e-15
-1.3322676295501878e-15
1.1102230246251565e-16
3.4416913763379853e-15
8.881784197001252e-16
-2.886579864025407e-15
51.407947543293275
-185.2979430143945
52.28153395414633
85.2332546053562
55.23376349442774
4.94744470746712
-32.647730975697584
-16.58846186191883
-14.673271963755093
2.6645352591003757e-14
1.7763568394002505e-14
1.1102230246251565e-15
-1.3322676295501878e-15
1.3322676295501878e-15
1.1102230246251565e-16
4.440892098500626e-16
-6.217248937900877e-15
-1.7763568394002505e-15
-111.94122810985489
-111.27048250833519
-119.43821503499507
-130.47051034789092
-51.002984718890986
-28.64434530679251
11.016413551987057
5.3320352616674995
0.07812620408760118
-9.103828801926284e-15
-1.3211653993039363e-14
-5.551115123125783e-17
3.552713678800501e-15
-1.0880185641326534e-14
0.0
-9.325873406851315e-15
1.9984014443252818e-14
1.7763568394002505e-15
8.054641464876887
-266.9562540543382
-11.76876078043562
10.874089685781115
19.798208621526577
1.2315795896954267
-22.237415454117112
-4.9519417102908605
-28.629231876869607
2.4202861936828413e-14
1.709743457922741e-14
-3.9968028886505635e-15
-6.661338147750939e-15
1.609823385706477e-14
1.1102230246251565e-16
6.827871601444713e-15
-3.3306690738754696e-14
2.220446049250313e-16
-9.941566315537989
-273.44682243461335
-51.80104501360936
15.404762862804006
26.413257580769155
1.9347451987668869
-66.9533257924999
-26.12223666331952
-36.207059749872734
-5.906386491005833e-14
-9.880984919163893e-15
3.9968028886505635e-15
1.787459069646502e-14
1.3322676295501878e-14
-1.1102230246251565e-16
-4.884981308350689e-15
3.7414515929867775e-14
-3.1086244689504383e-15
71.94462775367694
-113.40542279672536
30.6383243002594
10.683011426278313
8.555069745186032
5.584661728697715
19.79000807077213
14.888969519210903
-11.73799944921101
1.0103029524088925e-13
1.3600232051658168e-14
1.609823385706477e-15
0.0
-2.3092638912203256e-14
2.220446049250313e-16
4.524158825347513e-15
-2.5757174171303632e-14
-3.608224830031759e-16
-93.84781003352643
-170.16303047228217
-141.3984788280709
-40.082126118060714
-7.504228812179274
-14.6683103105871
-100.62899815764702
-62.35072394691203
3.515056372855784
-5.773159728050814e-14
-1.9262369477246466e-14
3.885780586188048e-16
-8.541778395709798e-15
2.5646151868841116e-14
-5.551115123125783e-17
3.0531133177191805e-15
4.440892098500626e-15
0.0
503.887259279496
-128.15012913204907
619.8662662359177
6.399336932838395
-43.40253761886633
15.910661922587007
616.0017464273053
345.303694815198
-3.2366077655958634
-3.397282455352979e-14
4.829470157119431e-15
-1.1102230246251565e-16
-5.329070518200751e-15
-3.108624468950438e-14
-2.7755575615628914e-17
-8.881784197001252e-16
-2.6645352591003757e-15
2.4424906541753444e-15
731.6703423731202
-1388.330731218534
281.0034092213268
21.74830031571537
16.540419943654385
1.3028242814224424
256.2609385943851
252.7333933581494
-127.80272850500245
1.000310945187266e-13
1.2712053631958042e-14
-8.881784197001252e-16
7.105427357601002e-15
1.7763568394002505e-15
-6.661338147750939e-16
-4.884981308350689e-15
0.0
8.881784197001252e-16
39.5657445091868
-722.8618306182191
-111.37688445595793
19.65368682643309
13.576340793038982
-1.078761072690707
-130.89280312852364
9.125161006863927
-69.42724302686753
-1.0080825063596421e-13
-1.837419105754634e-14
-2.220446049250313e-16
-7.549516567451064e-15
1.7763568394002505e-14
1.1102230246251565e-16
-3.885780586188048e-16
3.552713678800501e-15
8.881784197001252e-16
-129.28836737445948
-308.16413792224705
-143.23154281110504
66.61180047036407
37.85124136423664
-1.2880541902828035
-209.48152709805288
-89.97112552930787
-53.507000763455366
-2.853273173286652e-14
1.787459069646502e-14
-3.4416913763379853e-15
8.43769498715119e-15
-1.8263168755083825e-14
-2.220446049250313e-16
-4.440892098500626e-15
-1.687538997430238e-14
2.6645352591003757e-15
84.23727949256993
-280.40159641526805
61.105209872600526
-1.8657425837875152
7.306314073336338
-21.97074557677516
62.82210966239822
41.13285106543059
6.146906716379759
9.414691248821327e-14
-1.8762769116165146e-14
1.887379141862766e-15
-1.0880185641326534e-14
1.9539925233402755e-14
-2.220446049250313e-16
2.831068712794149e-15
2.842170943040401e-14
-8.881784197001252e-16
-3.981268177057752
-230.04713418909364
-19.80145051638591
-20.267092839788177
-2.900991029121478
-26.496159253382512
0.4529449763073288
2.750011422243917
0.12375774280335872
-2.3092638912203256e-14
2.964295475749168e-14
3.3306690738754696e-16
8.43769498715119e-15
1.4654943925052066e-14
2.220446049250313e-16
5.88418203051333e-15
-1.1102230246251565e-14
1.7763568394002505e-15
5.859072415950268
-210.81648635136236
-5.9585358144279255
-12.455208101915915
0.4472693889226682
-23.841701771008275
6.483739605314735
3.247339715160267
0.4278891713751598
5.3290705182007514e-14
-1.1546319456101628e-14
2.4424906541753444e-15
-3.3306690738754696e-15
-2.1760371282653068e-14
-5.551115123125783e-17
-1.4988010832439613e-15
-8.43769498715119e-15
5.329070518200751e-15
-14.122586647522525
-203.90959983361228
-22.02973569610934
-34.64295494453566
-9.890318349472526
-19.525470453473385
13.085986520013433
11.699976965138493
1.2974067078862703
-1.1324274851176597e-14
-1.509903313490213e-14
-2.220446049250313e-15
-1.7763568394002505e-15
-7.549516567451064e-15
1.6653345369377348e-16
-2.1094237467877974e-15
-6.8833827526759706e-15
-1.7763568394002505e-15
3.6541226985478237
-88.8553528762526
0.5692198237540147
-24.39122093671436
-13.266419953817646
-6.157433889670813
23.995419390118986
19.497539200205726
0.7041683803076393
-1.5165646516379638e-13
1.454392162258955e-14
8.104628079763643e-15
3.9968028886505635e-15
2.6201263381153694e-14
0.0
4.884981308350689e-15
-4.440892098500626e-16
3.552713678800501e-15
73.17746080431006
-63.07179824499917
31.86595002224816
18.8235900835122
11.324555241469188
1.1081000560815844
14.10184683226339
14.540944778539888
-2.651350073746327
1.056932319443149e-13
-4.496403249731884e-15
-2.6645352591003757e-15
-2.886579864025407e-15
-3.952393967665557e-14
-1.1102230246251565e-16
-1.2628786905111156e-14
6.439293542825908e-15
-6.217248937900877e-15
-28.726657223948727
-30.033752391294115
-9.320404722987389
15.482642412017057
7.657496163534354
0.5986014023340642
-25.060223803108464
-10.576401538929424
-8.874736350608437
5.5067062021407764e-14
-3.608224830031759e-15
2.7755575615628914e-15
5.384581669432009e-15
1.865174681370263e-14
1.1102230246251565e-16
-1.3322676295501878e-15
8.881784197001252e-16
0.0
-13.70002714378873
-44.294830540764565
-9.611536100320938
13.702335105519113
8.810611857544293
0.8238089648710682
-23.399912806774235
-9.564004045675425
-7.390081660524417
-8.215650382226158e-14
1.2212453270876722e-15
-8.215650382226158e-15
-2.886579864025407e-15
-2.6645352591003757e-15
-5.551115123125783e-16
2.220446049250313e-15
-2.4424906541753444e-15
-2.914335439641036e-15
9.982586437406026
-64.41941525041591
2.473716299754672
23.03259294831023
16.89887753521056
0.3771707080137938
-20.823132078967056
-7.430442753654537
-4.545844760079356
1.0103029524088925e-13
1.2545520178264269e-14
-1.7763568394002505e-15
-4.884981308350689e-15
8.881784197001252e-16
5.551115123125783e-16
-8.881784197001252e-16
-1.3322676295501878e-14
9.2148511043888e-15
34.49241787548074
-103.79874285286354
26.159938570510395
19.37545467498768
14.814092065069424
-4.187161034258678
6.170861501216947
6.360865155201964
1.0567800795758346
2.4424906541753444e-14
-6.2727600891321345e-15
6.8833827526759706e-15
1.7763568394002505e-15
5.773159728050814e-15
7.216449660063518e-16
6.217248937900877e-15
4.263256414560601e-14
-1.687538997430238e-14
-327.34484774151997
248.20061525981154
-181.5114400149514
-8.206432354705058
-5.621841970738231
-10.883722667121777
-173.7432539798532
-216.96212918274625
-61.4198806360955
-6.000755448098971e-14
-1.992850329202156e-14
-7.438494264988549e-15
-3.9968028886505635e-15
1.4654943925052066e-14
-7.771561172376096e-16
-5.88418203051333e-15
-1.8984813721090177e-14
1.0658141036401503e-14
-641.3180032537946
1028.570994406807
-523.0860214967072
-8.747504352520636
-0.44756076771962583
-10.40192162783342
-515.0334876735498
-403.2129861504295
-29.82641754541413
-4.7156722970953524e-14
1.4155343563970746e-14
3.941291737419306e-15
-8.881784197001252e-15
-1.3322676295501878e-15
5.828670879282072e-16
1.5543122344752192e-15
2.1815882433884326e-14
2.6645352591003757e-15
470.02242705130277
-1070.1440348197534
237.92798064745884
-19.826777880119963
-11.219627420657751
-11.088576030914005
253.97762060838477
317.92712660606287
-20.069302425486317
5.767608612927688e-14
8.590350653037149e-15
-9.992007221626409e-16
-3.552713678800501e-15
-7.105427357601002e-15
8.144526719711109e-16
0.0
-1.2434497875801753e-14
-4.440892098500626e-15
435.38225092086793
-46.975849540030026
406.9301147249747
-28.730690112762602
-13.684408176002222
-12.47899510499636
438.04315595754497
283.3413126934531
63.17698227694669
3.241851231905457e-14
-3.0253577421035516e-15
-3.3306690738754696e-16
2.4868995751603507e-14
-1.6653345369377348e-15
-4.718447854656915e-16
6.661338147750939e-15
-7.327471962526033e-15
-4.440892098500626e-16
341.776357003212
110.1026635765351
418.41675361045174
-47.81238892056281
-21.708672483094148
-16.945869401352077
465.78910177319096
339.0680470253724
89.59456734323864
-1.5021317523178368e-13
2.609024107869118e-15
1.1102230246251565e-15
-6.661338147750939e-15
-8.659739592076221e-15
6.8833827526759706e-15
-3.552713678800501e-15
1.021405182655144e-14
1.7763568394002505e-15
-754.710434775508
394.4699493838648
-672.223208112247
-52.98386828374028
-16.77950297116449
-21.040509316190736
-622.0752418622312
-285.01652425224296
-48.823823096075785
-2.6922908347160046e-14
-1.354472090042691e-14
1.6653345369377348e-15
-1.687538997430238e-14
4.440892098500626e-15
-2.220446049250313e-16
1.9984014443252818e-15
-5.662137425588298e-15
-8.881784197001252e-16
20.2662416256496
105.96088119860448
-58.889381271107666
-49.43960848705561
-12.797218058645356
-10.920077342654311
-8.604188083596824
6.667909727153869
7.604095304237838
1.18849374786123e-13
-5.051514762044462e-15
-4.163336342344337e-15
1.9984014443252818e-14
1.6431300764452317e-14
-1.6653345369377348e-16
7.549516567451064e-15
-8.881784197001252e-16
0.0
398.6844431307403
974.4867273177811
367.4472988941781
86.53332946090538
27.639579071613255
32.606020657822654
280.89930865318223
118.75526154388984
104.1727213379553
-3.808064974464287e-14
1.4099832412739488e-14
1.3877787807814457e-15
-1.3766765505351941e-14
-2.6645352591003757e-15
3.3306690738754696e-16
-1.7763568394002505e-15
-1.532107773982716e-14
4.440892098500626e-16
983.1261692387459
609.5519761889218
854.5672674371212
219.3895827119992
104.60392314092599
37.73925156424332
636.7069716479575
306.52503105520043
110.21082989016308
6.27831120425526e-14
-3.608224830031759e-15
-3.3306690738754696e-16
5.440092820663267e-15
-2.1760371282653068e-14
5.551115123125783e-17
-1.7763568394002505e-15
3.1086244689504383e-15
-2.220446049250313e-15
302.00650403142055
257.2996177559065
328.2428711735637
-366.64181694315573
-187.60274443098595
-86.52237080721926
697.1346877182146
361.30733960139696
119.07501047819504
-5.689893001203927e-14
0.0
-9.992007221626409e-16
6.772360450213455e-15
-2.6645352591003757e-15
5.551115123125783e-17
-1.9984014443252818e-15
2.220446049250313e-15
4.440892098500626e-16
-138.28263584861546
158.99556385136248
-78.84881911450279
-243.1451994144835
-129.08440792629983
-49.95227243599306
165.38487530387602
77.0636415162173
11.349932997239108
9.336975637097567e-14
2.7200464103316335e-15
2.609024107869118e-15
-3.885780586188048e-15
6.217248937900877e-15
5.551115123125783e-17
-3.9968028886505635e-15
1.7763568394002505e-15
-8.881784197001252e-16
-127.9885434568695
102.06591419204041
-42.942789988960726
-11.359487548476842
-47.41710808718621
18.87327999009595
-31.34156918113142
4.412878283311983
-33.99175996122181
-6.861178292183467e-14
4.274358644806853e-15
-1.9984014443252818e-15
-6.661338147750939e-15
1.3322676295501878e-15
0.0
3.3306690738754696e-15
-7.993605777301127e-15
3.1086244689504383e-15
413.0322415816023
275.95861768065936
464.8153864198683
625.3418144146649
285.63474899942787
151.161995047295
-161.36101957466695
-44.729646419897435
-62.66121202675912
-3.674838211509268e-14
-6.2727600891321345e-15
2.581268532253489e-15
8.215650382226158e-15
1.712519015484304e-14
-1.1102230246251565e-16
-1.3322676295501878e-15
1.5987211554602254e-14
-1.4432899320127035e-15
-13.018911067169427
-187.95297597488985
38.27077922133091
167.2292548777946
75.03740697106105
41.8665862976644
-131.58790252892715
-22.42375038364299
-66.54111241950223
-4.4297898682543746e-14
-8.93729534823251e-15
-1.1657341758564144e-15
-3.9968028886505635e-15
-5.995204332975845e-15
5.551115123125783e-17
8.881784197001252e-16
-3.9968028886505635e-15
-2.6645352591003757e-15
-31.966815113951476
-356.56662613209465
-36.32599610936057
15.219815658867233
7.627050141288817
4.398616936638241
-51.22008148687632
-10.85594723025326
-53.828299509380976
4.0745185003743245e-14
1.6764367671839864e-14
2.220446049250313e-15
7.771561172376096e-16
-1.1102230246251565e-16
-1.1102230246251565e-16
1.3322676295501878e-15
-6.661338147750939e-15
2.886579864025407e-15
-53.757257600159406
-637.8999606088613
-31.87390642894422
-1.4015376507189785
-0.053391313927276585
0.8372995429495369
-30.32521711766092
29.619283091002238
-73.54742675217992
-7.37188088351104e-14
4.107825191113079e-15
-3.802513859341161e-15
1.5543122344752192e-15
1.9539925233402755e-14
-5.551115123125783e-17
-8.326672684688674e-16
1.021405182655144e-14
1.7763568394002505e-15
-120.25142641485513
-600.5220878769145
-98.18209809093744
-2.710855373753489
0.08827272558582422
0.5131137823007541
-95.63346469140943
-6.567343823819471
-73.7710795442276
1.5731860258938468e-13
-1.3933298959045715e-14
2.3592239273284576e-16
-6.439293542825908e-15
-3.8746783559417963e-14
4.718447854656915e-16
1.2212453270876722e-15
-5.662137425588298e-15
-9.992007221626409e-16
5.738313827797743
-133.72700478458353
12.783231519073333
-1.9283865247296053
-0.38346185496178364
0.008547965587459405
14.434133522331695
14.954088191018407
-11.021840349309654
7.216449660063518e-15
8.271161533457416e-15
1.9567680809018384e-15
6.439293542825908e-15
1.0880185641326534e-14
-7.771561172376096e-16
-2.220446049250313e-16
-6.217248937900877e-15
4.440892098500626e-16
-8.04234505120022
-132.85243474922174
-1.1488819709934184
-2.1259848070807013
-0.3101743586935255
-0.27257382596347046
0.9362726174957157
7.456296308358104
-12.664033231862994
-1.375566327510569e-13
-1.5057399771478686e-14
1.4155343563970746e-15
2.4424906541753444e-15
1.354472090042691e-14
7.216449660063518e-16
-8.881784197001252e-16
4.440892098500626e-16
1.5543122344752192e-15
-10.431066232956969
-128.51590374561636
-1.95917120206256
-3.5151174147960536
-0.987071422601006
-0.5601383996326603
1.598323355412762
7.706619572697959
-11.999032187049684
1.1723955140041653e-13
1.8041124150158794e-14
-2.373101715136272e-15
3.3306690738754696e-15
2.609024107869118e-14
-4.3021142204224816e-16
-5.551115123125783e-17
9.103828801926284e-15
0.0
-11.856122135328537
-121.64833585820003
-1.9932849372244448
-2.52654005728167
-0.6772657319644635
-0.048077776346740375
0.5882682382356474
6.923910712269247
-11.493749512383875
-4.463096558993129e-14
-1.2573275753879898e-14
4.0245584642661925e-16
-9.769962616701378e-15
-3.93574062229618e-14
-6.661338147750939e-16
3.3306690738754696e-16
-2.831068712794149e-15
8.881784197001252e-16
-20.032375195650474
-109.16046168076787
-9.401734587043862
-3.7388667955448263
-2.2834240320333254
0.1699351335189334
-5.661555673010298
2.7795524748443263
-11.377183661562544
2.0095036745715333e-14
5.717648576819556e-15
2.636779683484747e-16
2.220446049250313e-15
-2.0969337377607644e-14
1.4016565685892601e-15
1.1102230246251565e-16
3.3237301799715624e-15
-2.220446049250313e-15
34.87889752439371
-116.72506031949143
35.828585073958166
-18.060975754557752
-12.12533350812219
-0.9570565269102863
53.61610472429023
36.45052694246614
-1.7084822640231963
-1.5432100042289676e-14
-1.0380585280245214e-14
-1.5265566588595902e-15
2.4424906541753444e-15
2.90878432451791e-14
-6.938893903907228e-17
2.220446049250313e-16
-7.771561172376096e-15
2.4424906541753444e-15
-229.03824369947264
-50.999722804859005
-205.4997835045361
2.783289503478985
-0.2508077053444926
0.5605018328782116
-208.43725902314694
-107.05541372197979
-38.79449247724129
1.8096635301390052e-14
-1.0103029524088925e-14
3.1780134079895106e-15
-3.219646771412954e-15
-1.099120794378905e-14
-4.996003610813204e-16
-1.1102230246251565e-16
-3.219646771412954e-15
-1.1102230246251565e-16
53.512745930010425
381.0529327591149
-28.947645962488743
30.23249799306669
4.25037212994339
10.580058205039585
-58.757931815945156
-71.66483856941423
13.577046505560183
-1.2068124277675452e-13
7.327471962526033e-15
1.2715523078909996e-15
6.106226635438361e-16
1.9984014443252818e-14
-2.498001805406602e-16
-2.220446049250313e-16
1.459943277382081e-14
-2.9976021664879227e-15
584.0577726738826
-109.23522148221696
507.43236869316485
79.82893240075775
50.92718994060307
12.147179149566131
427.0485353008102
232.09215682761118
80.80690176655948
1.5198953207118393e-13
4.107825191113079e-15
-2.7755575615628914e-15
3.5110803153770576e-15
-7.771561172376096e-15
3.0531133177191805e-16
6.661338147750939e-16
-1.1657341758564144e-14
0.0
-780.2708048762194
1116.4058086647174
-948.5568177449079
-4.549752637321369
-2.6508319083460483
3.806585676013224
-943.8203004563723
-626.4013779918329
-70.63116126093917
