-1.2212453270876722e-15
-1.8318679906315083e-15
-2.3592239273284576e-16
-2.220446049250313e-16
1.3877787807814457e-16
0.0
6.661338147750939e-16
-3.9968028886505635e-15
-2.7755575615628914e-17
164.74358592897173
-30.83660688416404
149.98741951638252
147.4941153291254
79.75348417801024
16.75811202771864
3.311446552517973
2.0214065281659446
-0.24175027318276587
3.3306690738754696e-15
2.8033131371785203e-15
2.0816681711721685e-16
9.992007221626409e-16
-6.661338147750939e-16
-4.440892098500626e-16
-2.220446049250313e-16
8.881784197001252e-16
1.942890293094024e-16
23.22349319791158
-27.61517480422907
21.00702846414731
14.136726053047994
7.945050339023737
2.2348178873421176
7.026408841198702
4.270813036109082
-0.5216815125733243
2.220446049250313e-16
1.1934897514720433e-15
4.510281037539698e-16
2.220446049250313e-16
2.220446049250313e-16
1.3322676295501878e-15
0.0
-2.220446049250313e-16
3.608224830031759e-16
51.11839457346307
-34.048382573257356
35.85180749869974
8.303978097936067
4.564295277005002
2.8404147326297338
27.852546710349202
16.649687933989917
-2.0701206478201177
6.661338147750939e-16
2.248201624865942e-15
-7.91033905045424e-16
1.942890293094024e-16
8.881784197001252e-16
-6.661338147750939e-16
5.551115123125783e-17
1.3322676295501878e-15
-2.220446049250313e-16
19.21828331044067
-29.441912171018316
17.59387801450038
13.03100071532122
5.959727505124171
-1.193531551052942
4.856713826704819
3.2395364599141985
0.48699900923767814
-2.4424906541753444e-15
-3.469446951953614e-15
5.689893001203927e-16
-6.661338147750939e-16
-1.1102230246251565e-15
6.661338147750939e-16
7.216449660063518e-16
-8.881784197001252e-16
1.8041124150158794e-16
21.65564627734374
-25.075508975578543
19.94649830813119
12.29890640202251
6.0763818459704275
-0.3130306466543544
7.725043372615339
5.246861371485627
1.1297873241422036
1.3322676295501878e-15
1.0547118733938987e-15
-2.7755575615628914e-16
7.771561172376096e-16
2.220446049250313e-16
0.0
-1.4710455076283324e-15
-4.163336342344337e-17
-8.326672684688674e-17
3.0805248040761413
-13.09519673210886
3.7762618922890674
2.7516459757106695
1.1539027292679886
-0.9810325075481217
1.002131888324767
0.634529685444232
0.06172067097018091
8.881784197001252e-16
2.220446049250313e-15
1.249000902703301e-16
-1.0824674490095276e-15
-2.220446049250313e-16
0.0
3.8163916471489756e-16
1.3322676295501878e-15
1.6653345369377348e-16
-1.9913579346349621
-11.35542921551901
-0.6210020374529144
-1.0584394066355909
-0.7746797338125582
-1.2611417706506671
0.3905887232865517
0.2362431806979639
-0.0051051847827711105
-4.884981308350689e-15
-7.66053886991358e-15
0.0
8.881784197001252e-16
1.3322676295501878e-15
-6.661338147750939e-16
-2.914335439641036e-16
-2.1094237467877974e-15
-2.498001805406602e-16
-6.627924749480755
-11.909213102297414
-4.36608353935015
-4.622934689991886
-2.5795956720209903
-1.9343019411252769
0.20410755090753696
0.10561599552426904
-0.002087713520581791
2.886579864025407e-15
6.265821195228227e-15
9.71445146547012e-17
2.220446049250313e-16
-1.7763568394002505e-15
2.220446049250313e-16
1.5681900222830336e-15
1.3322676295501878e-15
2.220446049250313e-16
-11.249491969408162
-14.953267709526358
-7.760656768922928
-7.95695170710858
-4.202526474925092
-2.828434791718344
0.1286820012777845
0.06608455829673066
-0.0029735803750793877
8.881784197001252e-16
-8.604228440844963e-16
1.1102230246251565e-16
-9.992007221626409e-16
-4.440892098500626e-16
-4.440892098500626e-16
0.0
4.440892098500626e-16
-4.440892098500626e-16
-0.4129066015446341
-40.02619702929027
-0.22706830139523504
22.63008733611173
12.85160136149723
1.8751273427882538
-22.98662539621671
-11.99013704332961
-5.282958510895455
-3.1086244689504383e-15
-4.5102810375396984e-15
-2.42861286636753e-16
6.661338147750939e-16
1.7763568394002505e-15
3.3306690738754696e-16
0.0
-4.440892098500626e-16
0.0
5.904562065642722
-40.72107762981916
4.765623146193903
16.728586902546652
9.56928854292569
1.3461923571306293
-11.984135140329897
-5.961240982246679
-4.569424906571825
3.1086244689504383e-15
1.0859368959614812e-15
2.862293735361732e-17
4.440892098500626e-16
1.3322676295501878e-15
0.0
-3.3306690738754696e-16
1.1102230246251565e-15
0.0
19.7507255161884
-26.371460381930262
17.474997860778032
9.239491860013558
5.348390584837794
0.8615535321982666
8.209628705283109
4.920878983138749
-1.147812491994614
-1.5543122344752192e-15
-9.08995101411847e-16
-8.326672684688674e-17
-6.661338147750939e-16
-4.440892098500626e-16
-1.1102230246251565e-16
-7.771561172376096e-16
0.0
6.661338147750939e-16
13.637410069388586
-19.552461681078142
12.742566987520377
8.751732416911395
5.1708461351292385
0.8331927152712755
3.9818354885843092
2.4717821180407142
-0.9195736342957446
-1.3322676295501878e-15
1.672273430841642e-15
1.1102230246251565e-16
0.0
0.0
0.0
0.0
3.885780586188048e-16
-4.440892098500626e-16
12.680833166699173
-17.837978855827544
12.420065549737615
9.76519323383814
5.877061658701816
0.9378434807668699
2.65378075187526
1.70492414567574
-0.7916568983807011
2.4424906541753444e-15
-2.4147350785597155e-15
3.8163916471489756e-17
2.220446049250313e-16
2.220446049250313e-16
5.551115123125783e-17
4.440892098500626e-16
5.551115123125783e-17
-7.771561172376096e-16
9.997757382230887
-14.62792298505724
9.846876869767708
7.508383006201797
4.5658312700568295
0.735314898433022
2.336353529217728
1.5393054180626269
-0.6983312606413392
2.3314683517128287e-15
3.316791286067655e-15
1.0234868508263162e-16
0.0
-4.440892098500626e-15
-1.942890293094024e-16
0.0
-2.220446049250313e-15
1.5543122344752192e-15
3.427629128758335
-6.9834336944142805
2.9012012429829497
0.12052718074540714
0.0478687400749962
-0.025989525894473176
2.7636160426072927
1.777628846595979
-0.5640672011794265
-7.993605777301127e-15
-2.3522850334245504e-15
-1.3877787807814457e-16
0.0
2.220446049250313e-15
1.1102230246251565e-16
2.220446049250313e-16
-4.440892098500626e-16
-9.992007221626409e-16
5.728200919565509
-6.008989722025177
5.152331205004483
0.009611847643950178
0.010720536082665433
-0.029799892688485374
5.1361918548301
2.9568692167550363
-0.13198058969446436
3.9968028886505635e-15
1.0894063429134349e-15
1.5265566588595902e-16
0.0
-1.3322676295501878e-15
-2.42861286636753e-17
2.220446049250313e-16
1.1102230246251565e-16
3.3306690738754696e-16
6.631214001543345
-4.712665066677523
6.054988991488852
0.011457643419458208
0.007123560082381353
0.0058903961161722584
6.041749011227827
3.375234267997472
0.1462440567489267
-1.7763568394002505e-15
-1.3739009929736312e-15
2.220446049250313e-16
-4.440892098500626e-16
3.219646771412954e-15
2.7755575615628914e-17
-2.220446049250313e-16
6.453171330633722e-16
4.440892098500626e-16
1.0292651908883386
-4.023997162483795
1.044006413876815
0.03594078140963575
0.008516756928983682
0.0919661398095073
1.0009165688022392
0.6294596732007989
-0.42631425170942805
4.6629367034256575e-15
4.996003610813204e-16
-8.049116928532385e-16
7.771561172376096e-16
-2.6645352591003757e-15
1.6653345369377348e-16
-2.220446049250313e-16
8.881784197001252e-16
-4.440892098500626e-16
4.054539262589685
-4.332968428649281
3.8093813256875535
-0.06964760646818036
-0.017622258653233303
0.2585743584350171
3.8938380125595984
2.115247956900717
-0.09832123745446308
-4.107825191113079e-15
2.6645352591003757e-15
7.112366251504909e-16
-4.440892098500626e-16
1.3322676295501878e-15
-2.7755575615628914e-17
4.440892098500626e-16
1.1102230246251565e-16
6.661338147750939e-16
4.866204330768028
-4.90520680364051
4.596088780276226
-0.34418020851343556
-0.25822851327484386
0.2607486490589759
4.9365384251645565
2.6209033926869125
-0.12108963929350125
5.10702591327572e-15
-4.2674197509029455e-15
1.1796119636642288e-16
8.881784197001252e-16
-2.886579864025407e-15
2.7755575615628914e-17
6.661338147750939e-16
-2.220446049250313e-16
-1.5543122344752192e-15
1.6489738600340047
-3.43168201289717
1.8479450007911709
-1.0179625423150043
-0.7166815695827751
0.11212517623048512
2.864460717333486
1.513959781229314
-0.21901394648799055
-2.220446049250313e-16
2.525757381022231e-15
1.9949319973733282e-16
-1.1102230246251565e-15
3.1086244689504383e-15
2.7755575615628914e-17
4.440892098500626e-16
-6.661338147750939e-16
0.0
18.078946491025718
-10.632801623419482
16.704447988442766
6.371529665758629
4.389377150919081
0.6109244501039273
10.33315906232373
5.563443944404042
0.9868790937971141
-4.218847493575595e-15
2.3314683517128287e-15
-4.996003610813204e-16
8.881784197001252e-16
-3.9968028886505635e-15
0.0
-2.220446049250313e-16
9.992007221626409e-16
1.3322676295501878e-15
15.383862068070698
-3.3122873623850637
14.504373709736484
-0.07782252191705652
-0.08776642666276047
-0.055135650465206965
14.573311007423115
7.951975417436088
1.7419998226229438
2.4424906541753444e-15
-2.220446049250313e-15
8.326672684688674e-17
1.3322676295501878e-15
4.440892098500626e-15
0.0
-3.3306690738754696e-16
-4.440892098500626e-16
-4.440892098500626e-16
0.2884708922967292
-0.43572049164890814
0.36272949745314875
-0.04765981800277075
-0.02753469129557473
-0.0458500520820031
0.41258087693022105
0.22157677766250572
-0.0029019606270432874
-2.886579864025407e-15
1.0842021724855044e-15
5.551115123125783e-16
-1.9984014443252818e-15
-4.440892098500626e-16
-5.551115123125783e-17
6.106226635438361e-16
0.0
8.881784197001252e-16
0.13185039907817497
-0.1907297390957865
0.13047950137607955
-0.026536916233965258
-0.0037065036840537857
0.02406211249337087
0.15753188136983454
0.08168721288559055
-0.0014147511585576034
6.661338147750939e-16
2.858824288409778e-15
-5.551115123125783e-17
4.996003610813204e-16
-3.552713678800501e-15
2.7755575615628914e-17
-6.661338147750939e-16
2.220446049250313e-16
-6.661338147750939e-16
1.4523935906010905
-1.6067657017377996
1.4017032293142222
-0.01191978961720963
0.0011978746290637332
0.04270379672223257
1.4151830037368427
0.7257317722938836
-0.03990925435483195
4.884981308350689e-15
-3.552713678800501e-15
-7.771561172376096e-16
1.6653345369377348e-16
1.7763568394002505e-15
-8.326672684688674e-17
-3.0531133177191805e-16
-5.551115123125783e-17
2.220446049250313e-16
5.995681757804789
-6.394257688442735
5.687683336371208
0.03915722319065651
0.036494758423854634
0.05771025128112872
5.650496455257873
2.883642814461915
-0.18565823580704333
-8.881784197001252e-16
-6.38378239159465e-16
2.7755575615628914e-17
1.1934897514720433e-15
-4.440892098500626e-16
2.7755575615628914e-17
4.996003610813204e-16
1.1102230246251565e-16
-8.881784197001252e-16
-1.6008486918322795
-9.158295381920993
-0.7036333224769749
-0.003655825407342661
-0.02079602358447552
0.06331828429956676
-0.7061559316699508
-0.547747766887718
-1.434977367494099
2.220446049250313e-16
1.6653345369377348e-16
1.1102230246251565e-16
4.510281037539698e-16
1.5543122344752192e-15
-5.551115123125783e-17
2.220446049250313e-16
3.3306690738754696e-16
0.0
20.957277421832558
-7.303888540591515
19.746491871975937
-0.028948844217129732
-0.018631609093123558
0.05658944805267341
19.763825460757943
10.643594586613077
1.7063607572789579
-5.551115123125783e-15
-1.8006429680639258e-15
4.718447854656915e-16
-1.7763568394002505e-15
-2.220446049250313e-16
1.1102230246251565e-16
-1.4988010832439613e-15
-1.5265566588595902e-15
-8.881784197001252e-16
0.8264897784014664
-1.2181581191953228
0.9447521876578975
-0.20210237127305675
-0.10705897178739576
0.10164899208705203
1.149440087102107
0.6133438405459231
-0.022024247151021026
-8.881784197001252e-16
4.579669976578771e-15
-1.1102230246251565e-16
2.220446049250313e-16
1.1102230246251565e-16
-1.942890293094024e-16
1.2212453270876722e-15
2.213507155346406e-15
8.881784197001252e-16
19.069157407637093
-2.395621233462691
18.52368554119016
14.289271000278063
8.080991380194973
2.184027842274599
4.230897186387978
2.186048169317111
-0.09634048598196698
-4.440892098500626e-16
-5.273559366969494e-16
-8.326672684688674e-17
-1.1102230246251565e-16
8.881784197001252e-16
2.220446049250313e-16
-4.996003610813204e-16
-1.3322676295501878e-15
8.881784197001252e-16
20.414725156546737
7.202366537036369
21.711047052885398
27.836753101330046
14.933002571384918
4.8672777292017075
-6.077286697133289
-3.4270915512580444
-1.8399649815024475
3.774758283725532e-15
-3.7192471324942744e-15
1.1102230246251565e-16
7.91033905045424e-16
-3.3306690738754696e-15
1.1102230246251565e-16
4.440892098500626e-16
8.881784197001252e-16
0.0
-5.5255552283730935
-5.067063251936247
-4.272872100731917
-0.28065649330709164
-0.1963734658364693
0.11206502162730159
-3.9951642420858064
-2.1864220959153258
-1.2993954197696382
-1.7763568394002505e-15
1.6653345369377348e-15
-2.5673907444456745e-16
-2.220446049250313e-16
4.551914400963142e-15
-3.3306690738754696e-16
2.220446049250313e-16
-4.440892098500626e-16
4.440892098500626e-16
1.6746204001346214
-1.6002046005518196
1.8409944951527635
0.0029154512875209093
-0.037956531157774975
0.09601729091701827
1.8399714387676767
1.0237330109057865
0.054229422483953016
1.1102230246251565e-15
-5.689893001203927e-16
2.7755575615628914e-17
-4.440892098500626e-16
-3.3306690738754696e-15
-5.551115123125783e-17
-2.220446049250313e-16
8.881784197001252e-16
-7.771561172376096e-16
-1.6056595930823807
-1.5778226150433738
-1.6712849383739687
-1.7763489989313683
-0.9506166953354231
-0.34566385269285327
0.11641794698466157
0.07013377938339005
0.001168121068808925
2.886579864025407e-15
-9.71445146547012e-16
-1.5959455978986625e-16
4.440892098500626e-16
-1.5543122344752192e-15
0.0
2.220446049250313e-16
4.440892098500626e-16
7.771561172376096e-16
-1.3177710266786207
-10.766516065239387
-2.412159503826107
-2.230198900520838
-0.3751337869714728
-1.2332199985396457
-0.19401342947997868
-0.13030477186988687
-0.024887379985451374
-3.774758283725532e-15
2.3869795029440866e-15
3.226585665316861e-16
-6.661338147750939e-16
3.552713678800501e-15
-2.220446049250313e-16
-2.220446049250313e-16
-2.6645352591003757e-15
0.0
11.561675981537686
-19.1222430234929
10.35551262277983
3.17262303111994
2.8935128010804334
-0.5368154199560848
7.176199759259617
4.242110815708237
0.46407859588337397
-1.3322676295501878e-15
-2.2724877535296173e-15
1.1102230246251565e-16
-2.220446049250313e-16
-1.3322676295501878e-15
3.885780586188048e-16
-2.220446049250313e-16
0.0
0.0
22.38809730105808
-24.63344257038699
21.43160454518152
-1.8905762809629891
-0.014149509861688614
-1.382087296865791
23.311644824511433
13.461118580114345
2.955890238615382
8.659739592076221e-15
1.582067810090848e-15
-5.204170427930421e-16
0.0
1.7763568394002505e-15
-2.7755575615628914e-16
0.0
8.881784197001252e-16
-4.440892098500626e-16
-8.876666645919965
-9.592218335831774
-8.265743279041217
-9.475458043542332
-4.8545430715354065
-2.42653289216868
1.2089713983409212
0.7553700307408135
0.127226528673269
-5.10702591327572e-15
-7.632783294297951e-16
1.3183898417423734e-16
-4.440892098500626e-16
-2.220446049250313e-15
-2.7755575615628914e-17
0.0
8.881784197001252e-16
3.3306690738754696e-16
-8.166363861074956
-5.927466089610945
-7.4864868953607555
-7.832581781178504
-4.194019208347278
-1.9785024993859963
0.3497049974197495
0.22656571719141283
0.04502219723050871
1.1102230246251565e-15
-3.2335245592207684e-15
2.42861286636753e-16
4.440892098500626e-16
8.881784197001252e-16
6.38378239159465e-16
-4.440892098500626e-16
-6.661338147750939e-16
2.2898349882893854e-16
-2.972841396959481
-6.518783291890678
-2.456649766453822
-4.592811419049937
-2.4429301761167537
-1.380823051244434
2.1426985769411147
1.391686593290217
0.24596977381167306
-9.325873406851315e-15
5.523359547510154e-15
1.7694179454963432e-16
0.0
8.881784197001252e-16
4.85722573273506e-17
0.0
-6.661338147750939e-16
-2.220446049250313e-16
-2.2689615057991688
-7.369341234037269
-1.8817359460401946
-3.618406559150401
-1.860001533068342
-1.2875523647800122
1.7466998074010007
1.1548921373793775
0.1532671467382034
2.6645352591003757e-15
-4.440892098500626e-16
-4.440892098500626e-16
1.5265566588595902e-16
0.0
-4.3021142204224816e-16
4.440892098500626e-16
4.440892098500626e-16
0.0
-6.077018028613871
-9.90763694852103
-4.415694098738893
-5.643513783542176
-2.3480677938430574
-1.378486993167023
1.2027845032483953
0.8168018721742385
0.06174597731305731
4.218847493575595e-15
1.2559397966072083e-15
9.71445146547012e-17
0.0
-2.220446049250313e-16
1.1102230246251565e-16
-6.106226635438361e-16
2.886579864025407e-15
-4.440892098500626e-16
13.567388567002126
-12.963305470793046
13.61856325593834
12.9520944884718
7.649174665438721
0.4949991048860767
0.6713123736480213
0.4313077989834646
0.0991114228515464
-1.1102230246251565e-15
1.3235940121703038e-15
-2.42861286636753e-16
4.440892098500626e-16
-6.661338147750939e-16
-8.326672684688674e-17
5.551115123125783e-16
-4.440892098500626e-16
0.0
57.12042743733894
-23.239843371722614
54.084187262196664
55.015389058812076
30.562360783008316
5.701370166116362
-0.9199931495780618
-0.2837473596961786
-0.2561844125200352
-6.661338147750939e-16
-3.747002708109903e-15
5.551115123125783e-17
-6.661338147750939e-16
-1.5543122344752192e-15
-2.498001805406602e-16
-6.661338147750939e-16
8.881784197001252e-16
0.0
-21.78794415478879
-24.141498723643338
-16.2532846743553
-16.87821214861478
-7.999266287063065
-4.787546939889104
0.6082363044265833
0.4668057588673804
0.02992326822516489
0.0
2.275957200481571e-15
3.3306690738754696e-16
0.0
1.4988010832439613e-15
5.967448757360216e-16
2.220446049250313e-16
-4.274358644806853e-15
-2.220446049250313e-16
-5.194433803981184
-17.501791290844352
-2.36928605641441
-1.4815432519937133
-0.40735375940590046
-2.042985837612634
-0.8577256921611678
-0.2588750178348107
-0.23956121661240815
1.1102230246251565e-15
-4.527628272299467e-16
-3.3306690738754696e-16
-3.3306690738754696e-16
5.551115123125783e-16
-6.800116025829084e-16
-6.661338147750939e-16
-9.992007221626409e-16
2.7755575615628914e-16
1.805142621682844
-6.372936448185612
2.4700860586264937
4.485915597722922
2.578478092864067
0.17969342110208508
-2.0088289423533965
-0.9343201522024458
-0.43186702025819557
1.5543122344752192e-15
-1.9290125052862095e-15
2.220446049250313e-16
1.3322676295501878e-15
8.881784197001252e-16
2.3592239273284576e-16
1.1102230246251565e-15
2.6645352591003757e-15
-9.71445146547012e-17
-0.8170570751082984
-4.7130939239354745
-0.16453553641933105
3.8288734348385276
2.076380214999304
-0.04067666720505825
-3.9842463607688714
-2.1043809411812333
-0.7203283993853944
-6.661338147750939e-15
2.1371793224034263e-15
-1.1102230246251565e-16
1.1102230246251565e-16
-1.1102230246251565e-15
2.7755575615628914e-16
2.220446049250313e-16
1.3322676295501878e-15
-1.1102230246251565e-16
0.5792140185150103
-1.986172928632982
0.581441968686569
1.9522793329236734
0.9634289338265312
-0.14325169732381826
-1.3765690097650278
-0.6755074069017937
-0.31828472909542427
4.440892098500626e-15
-6.022959908591474e-15
2.914335439641036e-16
-7.771561172376096e-16
-1.3322676295501878e-15
-5.551115123125783e-17
-6.661338147750939e-16
-1.1102230246251565e-15
0.0
7.90195476330581
-1.5982083434106755
7.1795568924872555
0.983185739189878
0.41620373396096255
-0.14717410707418166
6.180027200033038
3.565095991586503
0.8525495020327156
-8.881784197001252e-16
3.885780586188048e-15
-1.1102230246251565e-16
-7.771561172376096e-16
1.9984014443252818e-15
3.608224830031759e-16
-6.661338147750939e-16
4.440892098500626e-16
0.0
1.257988339440118
-1.1887930623713032
1.0720656297307727
0.10966678768457427
0.09017012945674452
-0.20150186645670498
0.9746670285659889
0.5978217219345936
0.01499103897750409
-3.9968028886505635e-15
2.0816681711721685e-15
-6.938893903907228e-17
7.771561172376096e-16
-4.440892098500626e-16
-3.3306690738754696e-16
2.220446049250313e-16
2.6645352591003757e-15
0.0
5.96315511593636
-3.7039713567110653
5.6156008322468125
0.27506652518189867
0.05620603284067727
-0.11191003603109362
5.312897015805305
3.2598357113796084
0.452361618070924
1.2212453270876722e-14
-1.0824674490095276e-15
-2.914335439641036e-16
4.440892098500626e-16
8.881784197001252e-16
5.551115123125783e-17
0.0
0.0
3.3306690738754696e-16
-6.124891604928479
-1.0609487159462674
-5.442364491154365
-0.12120090702924813
-0.09433191006069563
-0.07913327692502392
-5.335389923685426
-2.709353411369584
-0.9660758410958579
-7.105427357601002e-15
4.85722573273506e-16
2.7755575615628914e-16
1.249000902703301e-16
-1.3322676295501878e-15
-4.996003610813204e-16
-1.1102230246251565e-16
-3.1086244689504383e-15
0.0
-6.312411463907797
5.530121087307066
-5.957575709975805
-0.38289162588193904
-0.17021782956794596
-0.026992826329036212
-5.560560508980359
-3.3551749257917294
-0.26797958089963014
3.3306690738754696e-15
1.6653345369377348e-15
-9.020562075079397e-17
2.220446049250313e-16
-3.3306690738754696e-16
3.3306690738754696e-16
4.440892098500626e-16
-4.440892098500626e-16
0.0
-50.88501571613864
44.692905576891405
-47.52246583156243
-34.62206412499967
-18.30490289779999
-0.30177956607696377
-12.8531934676639
-7.499461617586256
-0.22878779876031707
6.661338147750939e-16
-2.4980018054066022e-15
3.469446951953614e-17
-1.1102230246251565e-16
1.5543122344752192e-15
-1.3877787807814457e-16
-1.1102230246251565e-16
0.0
0.0
-0.855011377875531
-14.288018581117626
-0.6462246133150114
-3.3072461898215693
-2.2138283972973625
-1.8310060985092633
2.69671475443738
1.4858380334799328
-0.09303341845801982
-8.659739592076221e-15
-1.7486012637846216e-15
1.942890293094024e-16
2.220446049250313e-16
-9.992007221626409e-16
-8.673617379884035e-17
-1.1102230246251565e-16
1.3322676295501878e-15
-3.885780586188048e-16
10.827445850538812
-15.959850011969365
9.334070380640462
-0.6491279212193461
-0.30450085970429797
-0.5239402867504168
9.915424778335357
5.361244057714593
-0.41626388159204764
1.1546319456101628e-14
3.1502578323738817e-15
-4.0939474033052647e-16
-5.551115123125783e-16
-2.220446049250313e-16
-1.5265566588595902e-16
-3.3306690738754696e-16
-2.4424906541753444e-15
3.3306690738754696e-16
7.837433796870977
-10.82965882314599
6.585811562185171
-0.3042313304422173
-0.15472002227662784
-0.35351988978854365
6.837837209458641
3.677107754873038
-0.36628979576374254
-7.549516567451064e-15
-1.7277845820728999e-15
9.020562075079397e-17
-6.661338147750939e-16
-2.220446049250313e-16
2.7755575615628914e-16
0.0
-3.3306690738754696e-16
1.1102230246251565e-16
11.152809772694248
-13.901167104537762
8.88504001122812
-0.5208035089225098
-0.31866105920967414
-0.3662940974596438
9.38890274308445
5.10364646492191
-0.5135886921651971
2.6645352591003757e-15
-1.0928757898653885e-15
1.942890293094024e-16
9.992007221626409e-16
8.881784197001252e-16
-1.1102230246251565e-16
2.220446049250313e-16
2.4424906541753444e-15
-4.440892098500626e-16
12.716641855063994
-16.068303723925414
9.899421035491876
-1.0297937854565378
-0.6287383428864626
-0.35819162592665066
10.938398846989546
6.0183128771049486
-0.5811395904887409
4.440892098500626e-15
-5.204170427930421e-16
-1.8735013540549517e-16
-1.1102230246251565e-16
-6.661338147750939e-16
1.1102230246251565e-16
2.220446049250313e-16
-2.275957200481571e-15
1.6653345369377348e-16
4.8460118800718845
-9.846917699164322
3.7295184087055913
-1.8856599849636257
-1.122429329524138
-0.5241290278997752
5.637805225097555
3.121232905284524
-0.3143341330656654
-9.547918011776346e-15
-2.636779683484747e-16
1.3877787807814457e-16
-5.551115123125783e-16
-1.7763568394002505e-15
0.0
-5.551115123125783e-17
1.27675647831893e-15
5.551115123125783e-16
2.4964594094039683
-11.842438749588183
1.9250920374382599
-3.8232811395381088
-2.1839046603237
-1.11226692920431
5.769956003125635
3.2095952473474334
-0.3422167193261929
3.3306690738754696e-15
-1.1102230246251565e-15
-8.326672684688674e-17
-1.5612511283791264e-16
4.440892098500626e-16
1.6653345369377348e-16
3.885780586188048e-16
-2.220446049250313e-16
-4.440892098500626e-16
-1.7122769489383671
-16.93045435939345
-1.3479614129567183
-7.850722244867178
-4.272766064738828
-2.26469210147215
6.509742512199935
3.5450690937522182
-0.49331392901990334
-4.218847493575595e-15
6.106226635438361e-16
4.85722573273506e-17
-2.220446049250313e-16
0.0
-1.1102230246251565e-16
-2.220446049250313e-16
-8.881784197001252e-16
2.220446049250313e-16
-16.44328653949867
-14.25743430704668
-10.692374490535887
-11.902050856671892
-6.013590180953493
-3.6339014371369274
1.1726551432111876
1.0770595242550058
0.8372078822038098
6.439293542825908e-15
2.248201624865942e-15
-2.7755575615628914e-17
3.608224830031759e-16
1.3322676295501878e-15
1.1102230246251565e-16
-1.1102230246251565e-16
1.7763568394002505e-15
-4.440892098500626e-16
4.507063847384359
-9.033263535024737
3.7495018313704236
-0.10335951860322723
-0.049206559468863986
-0.047152947149400326
3.898276186780606
2.596666629581776
-0.08876519380324233
-2.886579864025407e-15
0.0
1.457167719820518e-16
-6.661338147750939e-16
4.440892098500626e-16
0.0
0.0
-9.43689570931383e-16
3.3306690738754696e-16
0.8072174265261793
-7.363686152578055
0.37703213061297447
0.14834756933871063
0.04330654774860676
-0.008134446891327585
0.23624519769518315
0.4475745421163495
-0.28829542209152237
5.10702591327572e-15
1.6792123247455493e-15
-2.0816681711721685e-16
8.881784197001252e-16
-1.3322676295501878e-15
5.551115123125783e-17
0.0
0.0
-4.440892098500626e-16
-0.38037510782370987
-5.325373238859925
-0.5917289581454384
0.2434296014162527
0.10417388511436698
-0.013057580251225609
-0.8396923045320079
-0.28119023977917834
-0.44694761708726105
2.4424906541753444e-15
-1.6202317265623378e-15
0.0
-4.440892098500626e-16
2.6645352591003757e-15
0.0
-3.3306690738754696e-16
-1.1102230246251565e-16
-4.440892098500626e-16
3.2654423786790785
-3.395448424351031
2.850241129654414
1.0811362865523577
0.6345877508641209
0.04819477055576726
1.7652737770738298
0.9433474643683013
-0.1503687789168282
7.771561172376096e-15
-8.743006318923108e-16
1.1102230246251565e-16
0.0
-3.552713678800501e-15
-5.551115123125783e-17
4.440892098500626e-16
1.5543122344752192e-15
1.0547118733938987e-15
8.88571186321295
-7.494301927586349
8.980749538378362
6.140449875138572
3.751640618764071
0.5826819432015586
2.837510593994992
1.5304347072642344
0.05322865455093506
-1.7985612998927536e-14
-2.4702462297909733e-15
0.0
0.0
3.9968028886505635e-15
0.0
0.0
-2.4424906541753444e-15
-1.3322676295501878e-15
12.168208514471118
-14.197518790276831
13.029286389196244
13.198682672589825
8.248388857572024
1.2530178947040511
-0.17360349610055437
-0.0714440047413234
-0.27808536305309417
7.549516567451064e-15
1.8596235662471372e-15
5.551115123125783e-17
0.0
-4.440892098500626e-16
1.5265566588595902e-16
0.0
8.881784197001252e-16
0.0
0.2002183008914642
-0.47562745345067015
0.1893776152115123
0.010368487019746908
0.011338493442131892
-0.1359147400154308
0.1813985656467878
0.08342005016403675
-0.07106721780314018
-9.992007221626409e-15
2.3869795029440866e-15
-1.8041124150158794e-16
2.220446049250313e-16
0.0
-5.551115123125783e-17
-2.220446049250313e-16
1.1102230246251565e-15
4.440892098500626e-16
12.080557274679961
-0.8936542739185143
10.835324807131514
-0.0027360323567080513
-0.0006768025063954575
-0.11828093010779084
10.840474141122712
5.780615112810459
1.1658376290224695
1.6653345369377348e-14
1.5057399771478686e-15
0.0
4.440892098500626e-16
-5.23192600354605e-15
-1.249000902703301e-16
-2.220446049250313e-16
-5.204170427930421e-17
-2.220446049250313e-16
3.0671739844594867
-7.539523402664884
3.537064219687295
6.245691538299923
4.1221285178475
0.5946800050137462
-2.714215483452165
-1.4201060875073495
-0.5198557725819057
-9.547918011776346e-15
-4.6629367034256575e-15
2.983724378680108e-16
-4.440892098500626e-16
1.3322676295501878e-15
5.551115123125783e-17
0.0
-9.992007221626409e-16
1.7763568394002505e-15
3.79427031189951
-4.2522595145458695
3.48563141063579
0.22951849024275361
0.15245381487517307
0.059329505604758914
3.2613674386263938
1.732362428579279
-0.21576570470962686
6.661338147750939e-16
3.927413949611491e-15
-1.5265566588595902e-16
2.220446049250313e-16
2.886579864025407e-15
8.326672684688674e-17
2.220446049250313e-16
1.1102230246251565e-15
-2.220446049250313e-15
-8.694912042342224
-7.061240628910923
-7.194975935693947
1.8486332779898476
1.256526650256383
0.3781487190376662
-9.046078977699352
-4.750912124595139
-1.86822528208819
-7.327471962526033e-15
8.881784197001252e-16
-1.1102230246251565e-16
0.0
-1.2212453270876722e-15
-2.7755575615628914e-17
0.0
3.885780586188048e-16
4.440892098500626e-16
-0.42791465571511367
-8.133555181424867
0.2646579557828588
1.876487748533279
1.2910606678388774
0.41740703591621386
-1.6157417846394253
-0.801458054706174
-1.0622249035644131
1.1102230246251565e-14
4.996003610813204e-16
4.440892098500626e-16
8.881784197001252e-16
1.5543122344752192e-15
-5.551115123125783e-17
-3.3306690738754696e-16
-1.1102230246251565e-16
0.0
-10.262097518287817
-11.039934431552183
-8.300007791470165
1.235404198168112
0.8741405429763063
0.2543700677720899
-9.539609515068634
-5.009019747014278
-2.5863756442799968
1.7763568394002505e-15
-6.106226635438361e-15
-4.128641872824801e-16
-6.661338147750939e-16
-1.9984014443252818e-15
0.0
1.3877787807814457e-17
-8.881784197001252e-16
4.440892098500626e-16
1.5202930518057798
-2.308828676716132
1.5250409291862468
-0.6139109433145791
-0.4202556506265509
0.047033776984658715
2.147964753749278
1.1050468729009566
-0.12573714151548376
-1.1102230246251565e-15
3.566591466608315e-15
-5.551115123125783e-17
1.3877787807814457e-16
2.220446049250313e-15
-5.551115123125783e-17
1.942890293094024e-16
-8.881784197001252e-16
-3.3306690738754696e-16
6.567432451174
-8.199193636731025
6.066684847063485
0.3035865205865633
0.2136070589038095
-0.005734950072859402
5.773054456717645
2.9879900910642476
-0.3215958740532545
-1.354472090042691e-14
-2.9073965457371287e-15
-7.632783294297951e-17
-1.3322676295501878e-15
-1.3322676295501878e-15
2.7755575615628914e-17
0.0
2.4424906541753444e-15
0.0
-10.866271163809465
-42.39330063617956
-7.150548603959045
0.76696807357078
0.5451505636122533
-0.12337140420060777
-7.892803623653435
-4.423594267474812
-6.627998540639311
5.995204332975845e-15
5.204170427930421e-15
-5.551115123125783e-17
0.0
8.881784197001252e-16
-5.551115123125783e-17
4.440892098500626e-16
-3.3306690738754696e-15
4.440892098500626e-16
3.193329432449403
-44.37075244010276
6.825203022146127
-0.4618524653058955
-0.3130474574305424
-0.014825573149036764
7.325915561790765
3.569913386538559
-5.081434362148613
5.329070518200751e-15
-2.6645352591003757e-15
2.185751579730777e-16
1.5543122344752192e-15
1.887379141862766e-15
1.1102230246251565e-16
-1.4432899320127035e-15
2.220446049250313e-16
4.440892098500626e-16
16.610580715012304
-11.277998465509938
14.155040575813985
8.582482564925954
5.104990990491395
0.5473746429902562
5.588582247798712
2.7416337091790695
-0.314466753799695
-1.0880185641326534e-14
4.5102810375396984e-17
-4.163336342344337e-17
-1.7763568394002505e-15
1.1102230246251565e-15
-2.220446049250313e-16
6.661338147750939e-16
3.1086244689504383e-15
-1.2212453270876722e-15
48.06641134669305
-49.88683554832767
44.000500146028
2.916277929446778
2.019593163377749
-0.10752894835816562
41.04975310483053
20.71355375027663
-1.7449816324628094
7.771561172376096e-15
-2.1094237467877974e-15
-2.3592239273284576e-16
1.7763568394002505e-15
-3.164135620181696e-15
3.885780586188048e-16
1.1102230246251565e-16
-4.440892098500626e-16
1.3322676295501878e-15
13.41833167693045
-15.512375175933983
8.89440481540182
6.6455221110065565
4.4154675561979815
0.19983424898784108
2.233867508473253
-0.04581381267882989
-2.0216803483141845
1.9984014443252818e-15
-3.3306690738754696e-16
1.5265566588595902e-16
-6.661338147750939e-16
-2.886579864025407e-15
-2.220446049250313e-16
9.992007221626409e-16
-5.551115123125783e-16
-1.3322676295501878e-15
56.11168845019722
-137.84856830908035
52.028748856530854
3.472103753524067
2.41356622459368
-0.3600428764122583
48.52288922363326
21.405013217928847
-13.167090644471863
-8.881784197001252e-16
5.245803791353865e-15
-1.3877787807814457e-17
-4.440892098500626e-16
1.1657341758564144e-15
-2.7755575615628914e-17
-1.0547118733938987e-15
-9.992007221626409e-16
2.220446049250313e-16
-32.450470354361286
-94.92705112322955
-26.909129795418274
-0.6457463891852058
-0.3833684961400934
-0.6119405175889163
-26.315260420760694
-17.543534708255983
-16.0955976622946
-1.9984014443252818e-15
-2.609024107869118e-15
-2.3592239273284576e-16
1.2212453270876722e-15
-9.992007221626409e-16
1.1796119636642288e-16
7.216449660063518e-16
8.881784197001252e-16
8.881784197001252e-16
46.03878929133924
-53.80574604843089
44.951735222179394
16.29625511905121
10.041073505143501
0.45817442834806243
28.650286228395885
15.538632084418708
-0.8106234106491712
9.547918011776346e-15
1.6375789613221059e-15
2.7755575615628914e-16
-2.220446049250313e-16
2.3869795029440866e-15
1.1102230246251565e-16
-1.1102230246251565e-16
-1.1102230246251565e-16
-4.440892098500626e-16
-19.103443652085907
-1.597492584834356
-19.169177349327526
-6.188592497603963
-2.812673707590392
-2.446966232017452
-13.014803136767341
-6.898229061601668
-0.062466971067559385
-6.661338147750939e-16
-4.649058915617843e-16
4.440892098500626e-16
-1.1102230246251565e-15
7.771561172376096e-16
-4.440892098500626e-16
-2.220446049250313e-16
1.4432899320127035e-15
1.0547118733938987e-15
-7.709621986169779
-1.4150995072926662
-7.982080228507499
0.2328294506018409
0.6823061748082608
-0.9332883888168908
-8.216760936182098
-4.3505863053226435
0.1536833954101966
-5.10702591327572e-15
6.800116025829084e-16
4.163336342344337e-17
2.220446049250313e-16
1.9984014443252818e-15
5.551115123125783e-16
0.0
-1.7763568394002505e-15
-8.881784197001252e-16
33.54028490008865
-39.874193441367325
33.350883934226104
-6.599922373414017
-3.3536995735344703
-1.5813765989265178
39.961795589116235
21.935589764068624
1.538910331531234
-6.8833827526759706e-15
-2.060851489460447e-15
-3.608224830031759e-16
1.3877787807814457e-16
-2.886579864025407e-15
-6.38378239159465e-16
2.220446049250313e-16
4.440892098500626e-16
0.0
16.82956041324428
-38.1813769761892
18.91492209117986
3.437549442767221
2.126610565174836
0.13611941557108942
15.497759399844739
8.97451476654966
-1.7248050723413542
8.43769498715119e-15
-4.0245584642661925e-16
3.608224830031759e-16
-2.0816681711721685e-16
-1.9984014443252818e-15
1.3877787807814457e-16
-3.3306690738754696e-16
-1.3322676295501878e-15
0.0
8.790117969984664
-34.14468912816239
11.721934374070557
1.9523217874936023
1.186135720422314
0.0889649719414094
9.764050303676896
6.226651222082772
-2.024727087897446
-1.1102230246251565e-14
1.2351231148954867e-15
-1.1102230246251565e-16
6.661338147750939e-16
1.3322676295501878e-15
1.249000902703301e-16
4.440892098500626e-16
1.7763568394002505e-15
0.0
-4.774197127384866
-35.658097117235265
0.3511866773542067
0.03753375632420841
0.012335611264774116
-0.0006533234373495844
0.2931034082815813
1.7874077748261428
-3.609001219067281
1.8207657603852567e-14
5.551115123125783e-16
-3.3306690738754696e-16
-2.220446049250313e-16
-2.7755575615628914e-17
-1.3877787807814457e-16
-2.220446049250313e-16
1.7763568394002505e-15
0.0
36.46102007639439
-38.25594587208923
37.66644337842962
8.091492661754131
4.838373007945407
-0.03061243825764226
29.599029153217387
18.122277185700604
2.846594705979642
-2.6645352591003757e-15
-2.248201624865942e-15
3.3306690738754696e-16
-4.440892098500626e-16
9.020562075079397e-16
-1.1102230246251565e-16
2.220446049250313e-16
-4.884981308350689e-15
-5.551115123125783e-16
2.140136338205565
-12.70143259068493
1.8307157861639354
1.8624450945315036
1.527617033205253
-1.125671070570121
0.009422798985205816
0.0027105324689671306
0.011121686903702521
-1.176836406102666e-14
-2.6367796834847468e-15
-8.326672684688674e-17
4.440892098500626e-16
-2.8449465006019636e-16
6.106226635438361e-16
0.0
2.6645352591003757e-15
2.220446049250313e-16
-4.097051944793492
-15.226192767329106
-2.936532447501577
-6.869665784851293
-3.271223202183279
-2.1460175275456095
3.940214216703964
2.5150455435795607
0.4127105426943203
6.661338147750939e-15
1.4432899320127035e-15
-2.220446049250313e-16
0.0
9.992007221626409e-16
-4.718447854656915e-16
0.0
-2.220446049250313e-15
4.440892098500626e-16
4.158172755097752
-17.227989415776563
4.6401056213973035
-2.49193153034372
-0.9939189342308694
-1.5163142344784575
7.134538244369992
4.50659270446279
0.5349629724057419
8.659739592076221e-15
1.700029006457271e-15
1.6653345369377348e-16
0.0
-4.440892098500626e-16
4.163336342344337e-17
0.0
5.773159728050814e-15
-4.440892098500626e-16
3.2296108495935103
-17.47193248256734
3.3064655595932653
-3.550008871137919
-1.615560300203633
-1.700333153720294
6.856071605528456
4.351492299628518
0.23924148986134774
-1.6431300764452317e-14
-2.5118795932144167e-15
-1.249000902703301e-16
1.1102230246251565e-16
-5.551115123125783e-16
-6.938893903907228e-17
-5.551115123125783e-17
-2.4424906541753444e-15
0.0
1.8282656161396744
-14.895188899805987
2.5820271893051085
-2.771998513917101
-1.256730280243218
-1.4066090816843584
5.350574861584292
3.7758920939798486
0.3302123925762892
-1.3322676295501878e-15
2.1510571102112408e-15
2.636779683484747e-16
0.0
-1.1102230246251565e-15
-3.0531133177191805e-16
0.0
-1.3322676295501878e-15
4.440892098500626e-16
-0.16838897951534193
-12.335970386028777
0.5695824519689481
5.4382583116263845
3.105745051126263
0.10774633746104456
-4.8677365217468775
-1.9570962837071058
-1.3575449905305135
9.992007221626409e-15
-4.163336342344337e-16
-5.551115123125783e-16
1.6653345369377348e-16
1.3322676295501878e-15
1.6653345369377348e-16
2.220446049250313e-16
-1.7763568394002505e-15
0.0
-10.09454117127953
-5.586947921670543
-8.87106019248344
0.21802096784352898
0.10152198304615467
-0.10985379193165468
-9.092349822471306
-4.405460177470609
-1.965664793348111
-1.3322676295501878e-15
2.55351295663786e-15
1.6653345369377348e-16
-6.661338147750939e-16
-4.440892098500626e-16
1.8041124150158794e-16
-2.220446049250313e-16
2.831068712794149e-15
-1.7763568394002505e-15
-4.167697548161414
-5.913030450052741
-3.294246087581172
0.09534571744234199
0.04114464299979659
0.0629557456095009
-3.4018615706666537
-1.1922477725444907
-0.9366194717777745
8.43769498715119e-15
-8.743006318923108e-16
-8.847089727481716e-17
2.220446049250313e-16
4.440892098500626e-16
3.0531133177191805e-16
0.0
1.7763568394002505e-15
1.7763568394002505e-15
-0.48666513550439916
0.3029753461277096
-0.43883626258630315
-0.2627062955417614
-0.14457038853441162
0.16788728310514411
-0.17042588739306552
-0.08531966082857423
-0.005513904551822435
-1.354472090042691e-14
2.498001805406602e-16
2.1510571102112408e-16
0.0
1.7763568394002505e-15
1.734723475976807e-17
-1.3322676295501878e-15
-1.8318679906315083e-15
-8.881784197001252e-16
-15.068522431083252
13.358239404068058
-14.107799220217672
-13.700027600403857
-7.515728402490085
-0.03088004720378823
-0.3904493803263023
-0.2511553716243
-0.023867111128071272
2.220446049250313e-16
-1.6375789613221059e-15
8.326672684688674e-17
4.440892098500626e-16
-2.3314683517128287e-15
-8.326672684688674e-17
5.551115123125783e-16
-4.440892098500626e-16
4.440892098500626e-16
21.25667821743201
-17.86391020452342
19.556195407715222
13.596045727626873
6.90621631954042
0.7417156127842333
6.03910559811122
4.010358800573627
0.3011566599310349
1.3322676295501878e-14
2.1441182163073336e-15
4.85722573273506e-17
-5.551115123125783e-16
1.5543122344752192e-15
-1.1102230246251565e-16
0.0
-1.887379141862766e-15
8.881784197001252e-16
7.867917752897853
-10.955203750157239
7.527770184074399
6.144107887019061
3.224477504907739
-0.24294943110922151
1.3862523138193126
1.0793504312626698
-0.25805050810292585
-2.531308496145357e-14
-1.249000902703301e-16
1.6653345369377348e-16
2.7755575615628914e-16
-4.440892098500626e-16
0.0
4.440892098500626e-16
4.440892098500626e-16
-1.1102230246251565e-16
-2.316954202828626
-3.6101853928129515
-1.97400443919188
0.9876309619720871
0.4969438831862689
-0.14825914183511246
-2.989076543631782
-1.3736625553957786
-0.6737820948971631
2.1094237467877974e-14
7.077671781985373e-16
1.3183898417423734e-16
0.0
0.0
1.942890293094024e-16
2.220446049250313e-16
-2.220446049250313e-16
7.216449660063518e-16
-0.15304987325735908
-2.1185685145527913
0.003995730828123101
0.07762677802291762
0.026478151336149836
-0.22238834252980055
-0.09988993463268514
0.15206550878158964
-0.15884513768733655
3.9968028886505635e-15
-4.7878367936959876e-15
-6.38378239159465e-16
-5.551115123125783e-16
-8.881784197001252e-16
-6.38378239159465e-16
-2.220446049250313e-16
-1.1102230246251565e-16
-2.7755575615628914e-16
0.4872269147828092
-2.344746914924798
0.6285606765689522
-0.05431875206946302
-0.03827750417192988
-0.14059103578561993
0.6651593397062783
0.5815330358079578
-0.07730293869320093
-2.5979218776228663e-14
1.7763568394002505e-15
-1.5265566588595902e-16
5.551115123125783e-16
2.220446049250313e-16
1.6653345369377348e-16
-2.220446049250313e-16
6.661338147750939e-16
0.0
0.22469119274404648
-0.5556782509092955
0.28264953518590374
-1.2946932474110895
-0.6570439785917443
-0.045749623286162056
1.575618823304609
0.9941058977419743
0.07548363264149671
1.7763568394002505e-15
-1.7486012637846216e-15
3.7470027081099033e-16
4.440892098500626e-16
4.440892098500626e-16
-1.8041124150158794e-16
3.3306690738754696e-16
8.881784197001252e-16
-8.881784197001252e-16
-1.6710175637439946
-4.229268786374831
-1.5307328258705128
-2.324887063130859
-1.4066523398413864
-0.53667471947508
0.7794285245993251
0.4549437968503085
-0.024278999150461722
2.1538326677728037e-14
3.6637359812630166e-15
-4.0245584642661925e-16
0.0
-9.992007221626409e-16
7.632783294297951e-16
-1.1102230246251565e-16
-1.7763568394002505e-15
2.220446049250313e-16
1.4702641457184953
-4.926024433478233
1.2959133778449328
-1.4672935336175854
-0.8418314400206555
-0.3741722615033609
2.7301671161308647
1.5707252325964518
-0.03908466762749696
-1.3322676295501878e-14
1.8596235662471372e-15
5.689893001203927e-16
-1.1102230246251565e-15
1.1102230246251565e-15
-6.938893903907228e-17
6.106226635438361e-16
8.881784197001252e-16
-4.0245584642661925e-16
7.710600090876811
-9.894673508776549
6.2872834219570315
-0.8098436466587629
-0.47350092868359184
-0.2994149553662311
7.082263449822523
3.968839343388346
-0.2544454116194488
3.774758283725532e-15
-6.1825544683813405e-15
-3.469446951953614e-18
1.1102230246251565e-15
-5.551115123125783e-16
-3.3306690738754696e-16
-4.440892098500626e-16
0.0
-1.6653345369377348e-16
0.856052301292543
-2.136699149214749
0.6882603724899463
-0.4330295210764161
-0.27522430391269737
-0.25448858912682226
1.1236116420522073
0.6326912589951603
-0.050501582810444284
8.881784197001252e-16
2.400857290751901e-15
2.0816681711721685e-17
-1.5543122344752192e-15
1.1102230246251565e-16
2.220446049250313e-16
2.220446049250313e-16
0.0
3.608224830031759e-16
-0.7817727160563877
-0.789738915735235
-0.6224464394532507
-0.5411686220277439
-0.3464627170551857
-0.2917758790224241
-0.0660364100602493
-0.04056715981796666
-0.013895390985934064
-7.771561172376096e-15
9.71445146547012e-16
-2.498001805406602e-16
-1.1102230246251565e-16
-8.881784197001252e-16
-2.220446049250313e-16
-2.220446049250313e-16
8.881784197001252e-16
6.106226635438361e-16
-1.461424049906526
-0.9604552995443143
-1.1548665559265947
-0.9378739712536399
-0.5741060528322404
-0.40918095693673706
-0.20301329780892274
-0.1200446263157553
-0.032846659280228785
1.554312234475219e-14
8.604228440844963e-16
-4.440892098500626e-16
-1.6653345369377348e-16
8.881784197001252e-16
5.551115123125783e-17
3.3306690738754696e-16
-8.881784197001252e-16
-1.2212453270876722e-15
4.394294635734859
-9.219634159135218
4.271594603571906
-2.132043329957298
-1.2334248397718461
-0.5683816875849104
6.406759005772312
4.0858331929612675
1.0441002038515332
2.886579864025407e-15
-2.706168622523819e-15
8.049116928532385e-16
1.942890293094024e-16
-1.3322676295501878e-15
-2.220446049250313e-16
-3.3306690738754696e-16
8.881784197001252e-16
4.996003610813204e-16
7.688325942993401
-16.143058102648894
7.588298439631316
-3.74307430782191
-2.078934974715839
-0.963164288357305
11.333723383749195
7.229153517842164
1.852929604284114
-2.3314683517128287e-14
-1.1102230246251565e-15
-1.6653345369377348e-16
9.43689570931383e-16
1.3322676295501878e-15
3.3306690738754696e-16
4.996003610813204e-16
-1.1102230246251565e-15
1.1102230246251565e-16
-3.082288041283622
-11.149639334812093
-1.1705532957621685
-6.023903478631851
-3.1618180010842707
-1.7580830499534414
4.846392572725186
3.1169772571311576
0.7998940668599204
1.7985612998927536e-14
6.800116025829084e-15
-1.6653345369377348e-16
1.5543122344752192e-15
0.0
-1.1102230246251565e-16
-7.771561172376096e-16
-8.881784197001252e-16
7.771561172376096e-16
31.854113956186218
-7.2591863075084575
29.07322918963764
-17.90022459762746
-9.371791153390205
-3.6296266463132856
46.98568757101339
25.558687175493354
3.8934269125562517
-1.0658141036401503e-14
-1.887379141862766e-15
0.0
-1.4988010832439613e-15
8.881784197001252e-16
-1.1102230246251565e-16
5.551115123125783e-16
-4.440892098500626e-16
0.0
-4.788373989562416
-12.203154310889829
-4.4999467948194365
0.015429628466094414
-0.009725718710548392
0.015818941530277186
-4.392302817988536
-1.4824551881880268
-0.9494598107406214
1.0658141036401503e-14
-4.676814491233472e-15
1.1102230246251565e-16
-8.881784197001252e-16
-4.440892098500626e-15
1.1102230246251565e-16
-4.440892098500626e-16
2.0539125955565396e-15
-5.551115123125783e-16
-5.180112913159945
-11.200463481772033
-5.216786950063749
-0.03262375435824083
-0.042725701597618126
0.012626152019566739
-5.197530569751365
-2.206446101804616
-1.0214368595736971
4.884981308350689e-15
1.2455314557513475e-15
-4.0592529337857286e-16
0.0
3.9968028886505635e-15
0.0
2.220446049250313e-16
-1.887379141862766e-15
4.440892098500626e-16
-7.676879422144552
-5.104750084080024
-8.055830994785168
-2.828717417022446
-1.6893731616568957
-0.25112737480820524
-5.252225518257561
-2.606306203542914
-1.201943949865722
-1.3766765505351941e-14
-6.418476861114186e-16
3.191891195797325e-16
4.440892098500626e-16
-3.1086244689504383e-15
-5.551115123125783e-17
0.0
1.5543122344752192e-15
-1.1102230246251565e-15
6.052888313528619
-11.26580322933242
6.245943024937814
6.711168049516424
4.124976990291035
0.6874802997793568
-0.47676810022077376
-0.2151048128221582
-0.7355182162515348
9.547918011776346e-15
3.4330177589581012e-15
-2.3592239273284576e-16
0.0
3.1086244689504383e-15
5.551115123125783e-17
2.220446049250313e-16
6.106226635438361e-16
-2.220446049250313e-16
8.035292979744753
-9.326828870570235
7.7680428289305175
5.253906009774717
3.2710606202195116
0.52276909517078
2.508012847712777
1.3868488085593995
-0.3662957872786734
-7.549516567451064e-15
1.1622647289044608e-15
-8.326672684688674e-17
-4.440892098500626e-16
-4.440892098500626e-16
-2.7755575615628914e-17
0.0
-1.4155343563970746e-15
1.4432899320127035e-15
8.889796125064201
-13.069928068593168
9.216821964247252
9.162792488393706
5.835587039675644
0.9751955989955299
0.050025122412051815
0.07340510263600208
-0.6244554003386185
2.220446049250313e-15
-3.0531133177191805e-16
5.273559366969494e-16
0.0
-8.881784197001252e-16
1.0408340855860843e-16
-2.220446049250313e-16
-2.220446049250313e-16
-2.220446049250313e-16
1.8976102003021253
-4.682708922917016
1.7019170431597672
-0.014297467321625845
-0.019071983245083857
-0.11809084624373956
1.7265691591199186
1.0124216834998947
-0.49399832353335427
-3.1086244689504383e-15
-3.9968028886505635e-15
-4.579669976578771e-16
0.0
-4.440892098500626e-16
-1.5265566588595902e-16
2.220446049250313e-16
7.771561172376096e-16
8.326672684688674e-17
-2.2705280512226693
-5.406370505632687
-2.1217763368909885
0.04224815384725389
0.03013493521516608
-0.12448746868367166
-2.177504361225715
-1.1176020904325341
-0.9907561735432608
0.0
8.760353553682876e-16
4.3021142204224816e-16
-4.440892098500626e-16
1.5543122344752192e-15
5.551115123125783e-17
-4.440892098500626e-16
-5.551115123125783e-16
1.1102230246251565e-16
-2.674836089875143
-5.354510141261329
-2.4387146834299074
0.025805022676763656
0.025112158206258783
-0.08938111047232189
-2.4845917382728544
-1.2999592577737324
-1.012505713633061
2.886579864025407e-15
1.8596235662471372e-15
-4.440892098500626e-16
8.881784197001252e-16
-2.3314683517128287e-15
1.3877787807814457e-16
4.440892098500626e-16
-4.440892098500626e-16
-4.440892098500626e-16
1.2519507932293266
-5.056588413734346
1.124050904038242
0.027175812815656286
0.02830975805057534
-0.019593780806371974
1.0706829039017123
0.5908622126330769
-0.4989510194385218
8.881784197001252e-16
-1.1102230246251565e-15
3.3306690738754696e-16
0.0
3.1086244689504383e-15
-1.942890293094024e-16
2.220446049250313e-16
1.7763568394002505e-15
-8.881784197001252e-16
-2.853103468999393
-10.786513340951956
-2.254581905866445
4.758918386124293
3.309547882137366
0.5450809158220338
-7.03668163285505
-3.6898302667759992
-1.6968141463222253
1.7763568394002505e-15
2.831068712794149e-15
-3.608224830031759e-16
-1.1102230246251565e-15
-4.6629367034256575e-15
5.551115123125783e-17
-3.0531133177191805e-16
-1.3322676295501878e-15
-4.440892098500626e-16
2.633189687311443
-2.6358320899141745
2.510413117516748
0.4599880517625081
0.3037865459313309
0.2733751325743885
2.03007740696944
1.0959288838877086
-0.051423382065312495
6.217248937900877e-15
-3.3775066077268434e-15
1.6653345369377348e-16
1.1102230246251565e-15
1.3322676295501878e-15
-5.551115123125783e-17
2.220446049250313e-16
1.3322676295501878e-15
1.609823385706477e-15
7.1499415737433765
-7.383678181571895
6.3859633849286865
1.326982549051671
0.9305246494166917
0.3132552812018359
5.043497359526711
2.642551202830532
-0.23300181623149596
-3.1086244689504383e-15
1.5751289161869408e-15
-6.938893903907228e-18
0.0
1.7763568394002505e-15
5.551115123125783e-17
-1.1102230246251565e-15
1.6653345369377348e-16
-1.5543122344752192e-15
8.2783805160297
-11.346390788348412
7.7671618274515595
2.114003833154129
1.4760980413752236
0.19472959176993854
5.66474802245375
3.0224887937207434
-0.5418376158368403
-1.4654943925052066e-14
-2.7755575615628914e-17
2.220446049250313e-16
-9.992007221626409e-16
8.881784197001252e-16
0.0
6.661338147750939e-16
-1.4988010832439613e-15
4.440892098500626e-16
1.5005527618797316
-10.808251640162595
1.7260140195840563
1.9329924195687909
1.3587737550827725
0.08406380135816893
-0.19272114652142136
-0.08810396387905328
-1.1809960857086423
1.021405182655144e-14
-1.1275702593849246e-15
1.6653345369377348e-16
-4.718447854656915e-16
-8.881784197001252e-16
-1.1102230246251565e-16
6.661338147750939e-16
2.914335439641036e-16
-2.220446049250313e-16
11.579089950950738
-13.431840715658552
10.810664547362116
2.0407335391510344
1.4433967569061892
-0.09183650416910005
8.776564557699604
4.655088672134294
-0.31790423484937946
8.215650382226158e-15
3.406996906818449e-15
-2.7755575615628914e-17
1.4432899320127035e-15
-3.1086244689504383e-15
0.0
-6.661338147750939e-16
-2.498001805406602e-16
-6.245004513516506e-16
-0.7049007995798133
-11.309065190498501
0.3496406864801962
0.9222758954087809
0.624587923645116
-0.04295855807616422
-0.5641792181152354
-0.3566024305244788
-1.4508587915917701
-5.551115123125783e-15
-3.191891195797325e-15
-8.326672684688674e-17
-1.1102230246251565e-16
1.7763568394002505e-15
2.7755575615628914e-17
-2.220446049250313e-16
6.106226635438361e-16
1.304512053934559e-15
-14.659568301686335
-12.272397840891415
-10.940076368856694
0.03050986176445747
-0.015208060965640868
-0.005360824478220394
-10.968534733175318
-6.051950024147757
-3.2418287253716755
9.769962616701378e-15
-1.1102230246251565e-16
-1.1102230246251565e-16
9.992007221626409e-16
8.881784197001252e-16
-8.326672684688674e-17
-1.1102230246251565e-15
-1.7208456881689926e-15
-7.216449660063518e-16
-2.8466753304117987
-15.535232306040257
0.49612204880050115
0.009855895833689843
-0.014139180526756334
0.024022064962840373
0.4757027534902676
-0.025492691223526265
-2.25789084656671
-1.2878587085651816e-14
-7.771561172376096e-16
5.551115123125783e-17
-2.4424906541753444e-15
1.7763568394002505e-15
5.551115123125783e-17
2.0816681711721685e-16
1.7763568394002505e-15
2.220446049250313e-16
-7.5193014664965006
-32.38794845227855
-2.302438681757792
5.169812944219586
3.683861047001919
1.3879248190348683
-7.474529460937333
-4.035141584029546
-4.66402109594862
7.771561172376096e-15
-6.938893903907228e-16
1.1102230246251565e-16
1.3322676295501878e-15
8.673617379884035e-16
-1.3877787807814457e-17
2.220446049250313e-16
-2.220446049250313e-16
8.881784197001252e-16
30.379668900124145
2.3340527465045966
26.884774322763207
28.528303092413637
15.574666486728042
3.1669658564487104
-1.4959105593916888
-0.8372761638583341
0.001799669517315472
-4.440892098500626e-15
8.049116928532385e-16
-2.498001805406602e-16
-4.440892098500626e-16
-1.1102230246251565e-15
0.0
1.3322676295501878e-15
0.0
4.440892098500626e-16
9.384593059192056
-11.204376001680771
5.254123399874402
6.624927894364703
3.962529740261445
-0.3347132774381123
-1.3672065889653027
-0.7712245551739443
0.0453737596167727
-1.4210854715202004e-14
1.1102230246251565e-16
4.440892098500626e-16
4.440892098500626e-16
-2.7755575615628914e-16
0.0
0.0
8.881784197001252e-16
-7.771561172376096e-16
14.134728485627843
-14.775278048306916
12.608627378873877
3.8105442962418863
2.220600488730753
0.3035681461409041
8.762902343536567
4.343723495262964
-0.41220703168935624
2.042810365310288e-14
2.525757381022231e-15
-6.106226635438361e-16
-2.220446049250313e-16
6.661338147750939e-16
-4.5102810375396984e-17
4.440892098500626e-16
8.881784197001252e-16
-1.3322676295501878e-15
-17.12280112859036
-11.586734864158785
-12.81574083476648
-6.431344466686824
-4.265442033186076
-1.002637702473903
-6.388262053221467
-3.963550065697376
-3.499632482176196
-1.2878587085651816e-14
-2.498001805406602e-16
1.249000902703301e-16
-2.7755575615628914e-16
0.0
1.1102230246251565e-16
-6.661338147750939e-16
-6.106226635438361e-16
1.3322676295501878e-15
-8.624436321406378
7.0406362826107625
-7.3261304546456
-8.189157992641498
-5.266855276332805
-1.1721954354350403
0.8433116915191761
0.414571252760382
-0.03590944305956967
3.552713678800501e-15
-9.43689570931383e-16
5.551115123125783e-17
1.1102230246251565e-16
-8.881784197001252e-16
2.220446049250313e-16
1.1102230246251565e-15
-2.4424906541753444e-15
3.3306690738754696e-16
154.5083790613038
35.046245329631006
142.70469892814359
144.7544717137871
78.18665701950982
15.253922650312164
-1.9766130886065554
-1.1673400967781475
0.04101957035974846
1.1546319456101628e-14
-2.067790383364354e-15
5.551115123125783e-17
-2.220446049250313e-16
2.7200464103316335e-15
-1.6653345369377348e-16
-8.881784197001252e-16
1.7763568394002505e-15
-4.440892098500626e-16
-83.90387893380802
145.181778380815
-37.99670243900235
-21.106746403398716
-12.673138943404211
18.724971988732477
-16.970775741003024
-9.063961751226373
-4.971232248022233
-1.9095836023552692e-14
2.886579864025407e-15
3.3306690738754696e-16
6.938893903907228e-16
-2.220446049250313e-15
0.0
5.551115123125783e-16
0.0
-8.881784197001252e-16
-49.75280012441101
16.66283858443603
-37.116354705019354
-25.28063389603612
-14.223469859953003
1.93894070088474
-11.87000024332427
-5.940547988307077
-4.062054995643507
8.881784197001252e-15
-1.942890293094024e-15
-1.3877787807814457e-16
-5.551115123125783e-16
2.220446049250313e-16
-8.326672684688674e-17
-1.1102230246251565e-16
-3.1086244689504383e-15
8.881784197001252e-16
-42.02106011986043
-8.48280941335856
-36.06574519728621
-3.1317746619143065
-1.8395664903058346
0.21950660186525095
-32.94768273750875
-17.60255727017468
-6.5110640711562695
4.884981308350689e-15
7.216449660063518e-16
-2.220446049250313e-16
3.3306690738754696e-16
1.9984014443252818e-15
-2.7755575615628914e-17
-4.440892098500626e-16
4.884981308350689e-15
-8.881784197001252e-16
-58.10096522532862
-25.91047452930556
-50.48224878813787
-0.44759863783233556
-0.31913683337160315
0.0036305034048562668
-50.020629512967325
-25.589420179585836
-11.001462969755053
-2.220446049250313e-15
1.3877787807814457e-16
3.885780586188048e-16
6.661338147750939e-16
-1.4710455076283324e-15
2.0816681711721685e-16
0.0
-2.6645352591003757e-15
0.0
-24.912579669683055
-22.64735950726407
-20.35951211976598
-0.039923624557062
-0.03479939584454428
-0.019508589035827306
-20.305379390966465
-9.041476205646816
-5.4579922227690005
-2.1538326677728037e-14
-1.582067810090848e-15
-5.828670879282072e-16
-1.4155343563970746e-15
-1.5543122344752192e-15
-5.065392549852277e-16
0.0
8.881784197001252e-16
-2.220446049250313e-16
5.819423039036177
-6.5792098766456775
5.626716448987056
-0.24491547661037316
-0.10488772340139718
-0.030931856435989058
5.883409366316329
3.722108091616718
0.5810441849608132
3.219646771412954e-14
1.5404344466674047e-15
7.28583859910259e-17
0.0
1.887379141862766e-15
5.204170427930421e-16
4.440892098500626e-16
5.551115123125783e-16
0.0
20.173967259951596
-21.966112659625537
20.21528596766028
-0.5563620791630512
-0.18763360062860102
-0.007640720010782864
20.814409069429473
13.410286334758396
1.6670920639795241
-1.1102230246251565e-15
-1.1379786002407855e-15
4.3021142204224816e-16
-2.220446049250313e-16
4.440892098500626e-16
-2.1510571102112408e-16
-4.440892098500626e-16
6.661338147750939e-16
0.0
76.37679439601675
17.071665141393567
74.96759955256545
48.608281265886376
26.30925450659994
11.487809897648944
26.10556854663662
16.75374698950307
1.41872544086225
-4.729550084903167e-14
-1.2351231148954867e-15
-3.122502256758253e-16
4.996003610813204e-16
-1.27675647831893e-15
-9.71445146547012e-17
4.440892098500626e-16
4.996003610813204e-16
-8.881784197001252e-16
-31.346948410182023
3.0480696655756674
-23.60470943044361
-18.833757257739535
-10.65439325878441
0.7370266645172237
-4.821476057604173
-1.231508418115478
-2.625446422163577
2.6201263381153694e-14
4.579669976578771e-15
-5.551115123125783e-17
-2.220446049250313e-16
7.771561172376096e-16
-6.938893903907228e-18
-1.1102230246251565e-16
-1.1102230246251565e-15
0.0
-0.7625172593128582
-11.464771612480263
0.08648232684964796
-0.18933397357966442
-0.10121007475343902
-0.024744867197885156
0.30783786510858135
1.3231933945523338
-0.7089354929438514
-6.661338147750939e-16
-1.1518563880486e-15
1.5959455978986625e-16
6.661338147750939e-16
-4.440892098500626e-16
-2.0816681711721685e-17
4.440892098500626e-16
-2.6645352591003757e-15
4.440892098500626e-16
6.139813931694164
-7.136283153178567
5.7665477765894195
-0.26505685684756486
-0.11806958191592543
-0.08138089853467978
6.05119575175155
4.219182819229118
0.6545108228683958
-1.6431300764452317e-14
-2.3175905639050143e-15
-2.498001805406602e-16
-5.551115123125783e-16
4.440892098500626e-16
3.608224830031759e-16
-4.440892098500626e-16
5.440092820663267e-15
0.0
5.5434153337224075
-6.173949841573858
5.052129874911756
-0.21986358980285559
-0.1291760752637785
0.06798023325413216
5.278859865282257
3.6719621487871734
0.49123247375171
1.199040866595169e-14
2.1371793224034263e-15
2.7755575615628914e-16
4.440892098500626e-16
4.440892098500626e-16
-4.163336342344337e-16
-2.220446049250313e-16
-1.1102230246251565e-15
4.440892098500626e-16
14.802552566824687
-15.278522366636423
13.122987395862125
-2.245231281372938
-1.3618594906827137
-0.1721074330570016
15.350747846342202
10.478513089306624
1.1234526362814767
1.0436096431476471e-14
-8.881784197001252e-16
1.1102230246251565e-16
8.881784197001252e-16
-1.7763568394002505e-15
4.440892098500626e-16
-3.3306690738754696e-16
-5.329070518200751e-15
8.881784197001252e-16
28.81351563824515
-49.33711396172464
15.853479680264513
-16.787705763284805
-7.427296166020653
-2.5485679040658766
32.63677498480706
21.74803798287047
1.3169226090307617
1.1546319456101628e-14
1.1136924715771102e-15
-5.551115123125783e-16
-4.440892098500626e-16
1.7763568394002505e-15
-3.3306690738754696e-16
-2.220446049250313e-16
3.9968028886505635e-15
0.0
-376.4665578651104
105.47163252733174
-353.5451833234441
-372.65591516141166
-208.8429925982306
-42.155075608185655
19.24642306323795
14.358228702797163
-0.8233285489838238
-1.7763568394002505e-15
2.7755575615628914e-17
5.828670879282072e-16
4.440892098500626e-16
-4.440892098500626e-16
4.163336342344337e-16
6.661338147750939e-16
-2.6645352591003757e-15
-1.1102230246251565e-16
47.34914574582382
-42.307917203101
42.51771439446581
9.4822215065102
5.777622210462113
1.8493225753613736
33.18493866963013
21.40339214453273
2.121717165162565
-8.881784197001252e-16
-4.274358644806853e-15
-1.6653345369377348e-16
-4.440892098500626e-16
8.881784197001252e-16
-4.2327252813834093e-16
4.440892098500626e-16
3.3306690738754696e-15
1.1102230246251565e-16
-4.416580156812216
-23.83299340145217
-2.3952938591356485
-13.489963878271041
-6.752317918358003
0.4191473898286411
11.019341165694513
8.993496185477218
-1.5529901356170939
-2.9531932455029164e-14
5.162537064506978e-15
-2.7755575615628914e-16
2.498001805406602e-16
0.0
3.885780586188048e-16
0.0
-2.220446049250313e-16
4.440892098500626e-16
6.203163809065785
-42.704592931382706
7.930558609633664
-0.6691607602620735
-0.4079270096472918
-0.11268214042481661
8.627372367734353
8.426466680138027
-2.1864075856645115
-5.10702591327572e-15
1.1657341758564144e-15
-1.249000902703301e-16
1.1102230246251565e-16
1.1102230246251565e-15
-2.220446049250313e-16
0.0
-3.1086244689504383e-15
-5.551115123125783e-16
-79.71515080962939
-2.9272334399196893
-70.75043613193642
-0.9626464145387388
-0.6832139225714187
-0.16992889580800208
-69.82725002091445
-37.878396902803715
-12.03102087062786
3.108624468950438e-14
-5.93275428784068e-15
3.2612801348363973e-16
-1.1102230246251565e-16
-1.8596235662471372e-15
1.942890293094024e-16
-2.220446049250313e-16
3.1086244689504383e-15
8.881784197001252e-16
-2.974756861310187
2.6061922318694997
-2.570943844322788
-4.122429350135519
-2.320618275142259
-0.4723671691801403
1.5225999785762383
0.9586931708751081
0.1199494377431023
-2.9976021664879227e-14
4.0245584642661925e-15
2.220446049250313e-16
0.0
7.771561172376096e-16
-3.885780586188048e-16
1.3877787807814457e-16
-1.3322676295501878e-15
0.0
44.48900578063308
10.27805128759178
45.985673274756834
40.74353060033202
23.443911890568835
7.765964372269011
5.013812153238732
3.000697217612082
0.1789692824903648
2.930988785010413e-14
-1.1657341758564144e-15
3.469446951953614e-17
6.661338147750939e-16
5.551115123125783e-16
-2.498001805406602e-16
-5.551115123125783e-17
8.881784197001252e-16
0.0
-14.347348778742472
-30.305079435426492
-11.99804579747763
-19.355626466627513
-11.289247884209658
-5.482197283714029
7.192064245301502
4.162450811253279
0.09666491814410505
5.773159728050814e-15
5.689893001203927e-16
-1.1102230246251565e-16
-2.220446049250313e-16
-4.440892098500626e-16
4.3021142204224816e-16
2.7755575615628914e-17
-4.440892098500626e-16
-3.3306690738754696e-16
3.2847647132130575
-36.872378481430246
2.980280309902576
-10.04294461182208
-6.2323482875023934
-4.2829766736541615
13.071094853336174
7.51206471177144
-0.017146692964948973
6.661338147750939e-16
1.6792123247455493e-15
-4.996003610813204e-16
-4.440892098500626e-16
2.220446049250313e-16
1.3877787807814457e-17
1.5265566588595902e-16
-6.661338147750939e-16
9.43689570931383e-16
16.6388897335106
-47.63258511869594
13.98671441556343
-7.53296316411347
-4.596419634356796
-3.825166384204607
21.627696264065907
12.387967346796566
-0.23657989105303012
-2.930988785010413e-14
-2.9837243786801082e-15
2.636779683484747e-16
2.7755575615628914e-16
2.220446049250313e-16
1.1102230246251565e-16
-1.942890293094024e-16
4.440892098500626e-16
0.0
23.596210075014397
-52.538918369085195
20.080825148767943
-4.027891829576626
-2.322515617119649
-3.4544839368167573
24.212987179548534
13.85382248152017
-0.2502868099480533
2.353672812205332e-14
1.4155343563970746e-15
3.0531133177191805e-16
-5.551115123125783e-17
-2.6645352591003757e-15
-2.7755575615628914e-16
8.326672684688674e-17
-1.27675647831893e-15
-6.661338147750939e-16
22.793262382879348
-50.803773193703904
19.932529972731075
-1.13329743449429
-0.3114811585824402
-3.206778644484473
21.141925551064574
12.125491844776327
-0.1225271193541384
-1.6431300764452317e-14
-2.3245294578089215e-15
-5.551115123125783e-16
-2.7755575615628914e-17
1.7763568394002505e-15
2.7755575615628914e-16
1.6653345369377348e-16
1.3877787807814457e-15
4.996003610813204e-16
17.991594781585913
-47.97890308370418
16.543213255935743
-0.7748592741905362
0.3038711239398122
-3.1718421310304024
17.356461896070297
9.98091189322125
-0.031885442881595116
-1.1102230246251565e-15
2.258609965721803e-15
6.661338147750939e-16
-2.220446049250313e-16
4.440892098500626e-16
-1.1102230246251565e-16
-2.220446049250313e-16
-1.1102230246251565e-15
5.551115123125783e-17
12.182664489250005
-46.630516630550176
12.279545673034741
-3.331811831258854
-0.7601858242132806
-3.5537002612444084
15.616117961051849
8.985876571698107
-0.023943866574310677
-5.10702591327572e-15
4.440892098500626e-16
-6.38378239159465e-16
3.885780586188048e-16
-1.3322676295501878e-15
-1.1102230246251565e-16
-5.551115123125783e-17
2.498001805406602e-16
-2.220446049250313e-16
3.4882796808335588
-44.28412622326482
5.140782243596114
-10.0925164750754
-4.233779242683575
-4.504410873043469
15.219417607508078
8.728953053050652
-0.08637388403152685
-9.992007221626409e-15
-1.1102230246251565e-16
-2.7755575615628914e-17
-4.440892098500626e-16
8.881784197001252e-16
1.1102230246251565e-16
0.0
9.992007221626409e-16
-2.220446049250313e-16
-59.518788360768085
-25.248057637193767
-51.0922770401013
-58.100535078914575
-30.573215559715933
-11.82704216423246
6.976933460960197
3.9838532856293085
-0.04322215395474727
3.7969627442180354e-14
-2.3592239273284576e-15
1.0408340855860843e-16
7.771561172376096e-16
8.881784197001252e-16
0.0
2.220446049250313e-16
-1.3322676295501878e-15
1.1102230246251565e-16
2.6089219099194167
-7.769108904024677
2.9132215812822437
0.17105668095035753
0.08484108252469014
0.02802936649194443
2.797602045097179
1.699693409755099
-0.5749733213693062
-7.105427357601002e-15
1.8041124150158794e-16
-9.71445146547012e-17
-6.661338147750939e-16
8.881784197001252e-16
1.1102230246251565e-16
-2.220446049250313e-16
-3.3306690738754696e-16
-3.0531133177191805e-16
-4.183102774841217
-7.888502916521645
-3.633845899688552
0.015568651043153636
0.018943923863041334
0.0026219127747899584
-3.6266335563507823
-1.7808075048928487
-1.441558678427711
-1.3322676295501878e-15
5.811323644522304e-16
4.718447854656915e-16
4.440892098500626e-16
1.3322676295501878e-15
5.551115123125783e-17
-4.440892098500626e-16
1.2212453270876722e-15
9.992007221626409e-16
-10.226740875765955
-6.760297848294954
-8.942316155136325
0.019291250417282413
0.0030166733555248015
0.003489897732837033
-8.94904831673032
-4.688410994379993
-2.0944798412560317
-1.9984014443252818e-15
3.3306690738754696e-16
2.220446049250313e-16
-4.440892098500626e-16
0.0
0.0
4.440892098500626e-16
-5.551115123125783e-17
-8.881784197001252e-16
-16.395318431820243
-7.421618882096311
-14.39020774113601
0.04109638333532928
0.006831892167120657
-0.023839413216323546
-14.411855798842275
-7.64721110032297
-3.0015345791284034
2.2870594307278225e-14
-1.6653345369377348e-16
-1.1102230246251565e-16
0.0
2.220446049250313e-16
-5.551115123125783e-17
-1.1102230246251565e-15
-9.71445146547012e-17
0.0
-12.217314396372046
-12.190879503118026
-9.88917779747149
0.08918734255288996
0.010425718448985322
-0.054308479709940904
-9.938222474854683
-5.105966724739808
-2.943657370480551
-1.9317880628477724e-14
-2.55351295663786e-15
-5.273559366969494e-16
0.0
-4.454769886308441e-15
0.0
5.551115123125783e-16
-4.440892098500626e-16
1.3322676295501878e-15
8.721333067451553
-9.212648038195198
8.60824005255968
-0.12299360633573997
-0.03550703842492453
-0.039051614661933964
8.723019140602673
4.883805944076016
0.17689741767180855
9.547918011776346e-15
3.941291737419306e-15
1.0408340855860843e-16
0.0
6.8833827526759706e-15
-2.7755575615628914e-17
2.220446049250313e-16
8.881784197001252e-16
-6.661338147750939e-16
9.537887163034846
-9.97258901614748
9.478167518721165
-0.41782726019547667
-0.2610601637948129
-0.1630633780182641
9.880550900904595
5.410451674220742
0.08073004249058857
-4.218847493575595e-15
-1.8318679906315083e-15
-1.942890293094024e-16
2.220446049250313e-16
-3.9968028886505635e-15
8.326672684688674e-17
-1.1102230246251565e-16
-1.9984014443252818e-15
0.0
-65.88387522054387
61.210290504384034
-56.067331823028276
-78.05295073297088
-53.73063425872838
-6.442193939195409
21.924612206587142
11.744886287937227
-0.13207800406382614
-1.2212453270876722e-14
1.609823385706477e-15
2.7755575615628914e-17
-4.440892098500626e-16
5.551115123125783e-17
-5.551115123125783e-17
2.2898349882893854e-16
8.881784197001252e-16
-8.881784197001252e-16
462.45047562812783
-57.72648742394587
417.40778230995244
404.1063384261223
229.4970043952576
64.17153088993655
13.159792156300071
6.919918946612022
-0.29272535405727607
3.774758283725532e-15
-1.7486012637846216e-15
3.400058012914542e-16
4.440892098500626e-16
1.6653345369377348e-15
0.0
2.220446049250313e-16
-2.220446049250313e-16
1.7763568394002505e-15
-29.383190756791002
-39.04542853503631
-25.278586555488676
-38.67666734338803
-18.308276792303595
-8.326136467841039
13.418417759422567
6.9085205311555455
-0.5521831046449361
6.217248937900877e-15
7.216449660063518e-16
-1.1102230246251565e-16
-6.661338147750939e-16
-2.886579864025407e-15
1.1102230246251565e-16
-1.3877787807814457e-17
0.0
-1.6653345369377348e-16
5.6821404891851515
-34.86867455069492
6.27753203042631
-8.987876958635354
-2.508845177212642
-2.6502196938037486
15.298760306385361
7.756116633947229
-0.8842353846882975
-2.7977620220553945e-14
-2.2794266474335245e-15
-5.551115123125783e-17
-2.220446049250313e-16
1.7763568394002505e-15
0.0
7.771561172376096e-16
-1.1102230246251565e-16
-2.220446049250313e-16
-11.424468680234568
-22.22912700303897
-9.396353931390209
1.3750396444265789
0.8661346117862934
0.33783920273242574
-10.763626739256807
-6.175692319445922
-4.290586705383106
2.0872192862952943e-14
2.609024107869118e-15
-3.2612801348363973e-16
3.3306690738754696e-16
-1.609823385706477e-15
0.0
-1.2212453270876722e-15
-2.7755575615628914e-16
-1.1102230246251565e-15
-10.510126762789554
-15.892347916705887
-8.869035802580093
-1.5029354982421523
-1.0154372480440372
0.060439744272485996
-7.397210376400935
-4.32871995320977
-3.3234269782632992
1.8207657603852567e-14
8.881784197001252e-16
3.2612801348363973e-16
-3.3306690738754696e-16
0.0
2.7755575615628914e-17
0.0
9.992007221626409e-16
8.881784197001252e-16
10.44134283808603
-20.210164671842847
10.37406927480098
0.6060897839530242
0.4954637707636387
0.12800760687510282
9.726650428945653
4.9238844193245015
-1.2248856031677207
-2.930988785010413e-14
-2.831068712794149e-15
5.412337245047638e-16
1.0547118733938987e-15
-4.440892098500626e-16
-2.7755575615628914e-17
1.1102230246251565e-16
7.771561172376096e-16
0.0
16.814443512994053
-19.775356851717376
16.548413605467218
2.4617814878057516
1.7049824648569896
0.19109922804906887
14.079902760938374
7.473374027847527
-0.24085627111654162
-1.9095836023552692e-14
9.992007221626409e-16
-1.8041124150158794e-16
-1.4432899320127035e-15
1.7763568394002505e-15
2.7755575615628914e-17
-2.220446049250313e-16
-4.996003610813204e-16
0.0
12.726003984107138
-19.637471986485195
13.857932413121503
0.14979468142666974
0.11716563731299345
-0.12650787086856674
13.716151265432444
7.407424139325698
-0.31892584805393653
1.709743457922741e-14
1.887379141862766e-15
1.942890293094024e-16
4.440892098500626e-16
8.881784197001252e-16
1.3877787807814457e-16
-2.220446049250313e-16
-1.4988010832439613e-15
-2.220446049250313e-16
-45.45157832982221
-13.869498619717916
-38.67890447822788
0.12036559820987236
0.02415270819634685
-0.040235138996596476
-38.673026616144654
-21.412570171936068
-7.6196473240109555
4.374278717023117e-14
-2.609024107869118e-15
-4.996003610813204e-16
1.2212453270876722e-15
0.0
-1.3877787807814457e-16
-1.0685896612017132e-15
8.881784197001252e-16
0.0
-0.23025331761495949
0.5222802836735809
-0.4179924727178026
-0.03630543148889842
0.006343470127582407
0.00710801157775709
-0.3878623137675561
-0.21407830004697814
0.00022130304885337182
-2.708944180085382e-14
2.4702462297909733e-15
-1.6653345369377348e-16
-1.970645868709653e-15
0.0
1.1102230246251565e-16
1.5543122344752192e-15
-4.440892098500626e-16
4.440892098500626e-16
0.1455898567565228
-0.007396015910103415
0.010057640825347214
-0.04429168684741569
-0.004494093777061892
0.02684741992336015
0.050141787482942846
0.023557301058190205
0.006772380230176012
1.7763568394002505e-15
-2.6645352591003757e-15
4.163336342344337e-17
4.718447854656915e-16
-8.881784197001252e-16
-2.498001805406602e-16
-3.3306690738754696e-16
8.881784197001252e-16
0.0
3.8098602121282426
-3.2515959731620114
3.8525029117601406
-0.027157037601938327
-0.014276321081258203
0.04777798322479354
3.893991405324087
1.9563403766596537
-0.03943742195288236
-1.2656542480726785e-14
-1.27675647831893e-15
-1.6653345369377348e-16
8.881784197001252e-16
2.1094237467877974e-15
1.1102230246251565e-16
-4.440892098500626e-16
2.220446049250313e-16
8.881784197001252e-16
21.443577787251314
-22.364711143533555
20.594301437299606
-0.21342774058086889
-0.11722266607964116
0.02181757549436636
20.81235587851947
10.710359525031237
-0.619626540449298
2.1538326677728037e-14
3.3861802251067274e-15
2.498001805406602e-16
-5.551115123125783e-16
-2.55351295663786e-15
2.220446049250313e-16
1.0547118733938987e-15
-4.440892098500626e-16
2.220446049250313e-16
-15.187509555149887
-23.457267664994617
-10.912620731532428
5.667852475389715
2.820685828597796
0.45518542106891413
-16.537838140923355
-9.183332592023476
-5.825169993527055
-4.6629367034256575e-15
-1.7486012637846216e-15
8.326672684688674e-17
1.1102230246251565e-16
0.0
-2.914335439641036e-16
-7.216449660063518e-16
-1.3322676295501878e-15
-3.885780586188048e-16
16.43824978326616
-6.655424762919779
19.192268953975272
35.849885244289005
18.35308847308396
3.801360143896664
-16.61060483081651
-9.130925368332736
-5.84233793398883
3.9968028886505635e-15
-4.822531263215524e-16
4.0245584642661925e-16
-4.5102810375396984e-17
2.220446049250313e-16
1.249000902703301e-16
7.563394355258879e-16
1.7763568394002505e-15
-2.220446049250313e-16
-10.700521725863553
-57.480695346394555
-13.744014299362007
18.437232253897236
10.62269951918627
-1.8292584434111907
-32.19525603436847
-17.21887156698446
-8.3595814521845
7.105427357601002e-15
2.6645352591003757e-15
-3.3306690738754696e-16
0.0
-4.440892098500626e-16
0.0
1.3322676295501878e-15
1.1102230246251565e-15
0.0
-34.1079958334291
-16.971331527717382
-27.006762330572755
-1.2716549763247542
-0.9287268896263043
-0.03225577887044473
-25.65372469326772
-13.459516430160406
-6.179769755093503
-8.43769498715119e-15
3.552713678800501e-15
-3.608224830031759e-16
6.349087922075114e-16
1.2212453270876722e-15
-2.220446049250313e-16
-2.1788126858268697e-15
-3.1086244689504383e-15
5.551115123125783e-16
-37.944054940857455
6.406131944502732
-22.350367711815323
-25.82294840744845
-16.853073989458903
-2.0143856688754305
3.4809556320493016
2.4037570088447637
-3.4470005129483923
-6.439293542825908e-15
-8.43769498715119e-15
1.1102230246251565e-16
-1.6653345369377348e-16
-9.020562075079397e-16
1.6653345369377348e-16
4.440892098500626e-16
8.881784197001252e-16
-1.3322676295501878e-15
-304.5132224225623
275.6045540297073
-181.03809265986442
-192.18048520870084
-115.1153654176328
14.524535778683557
11.056034529333381
6.842774136008002
-2.464424627845574
-1.4210854715202004e-14
5.592748486549226e-15
1.1102230246251565e-16
7.771561172376096e-16
4.440892098500626e-16
-1.942890293094024e-16
4.440892098500626e-16
8.881784197001252e-16
1.1102230246251565e-15
-237.3456585367797
199.59724071706992
-145.1532029408645
-144.81165201529956
-88.94506631419789
7.194027434652526
-0.35692849686928696
1.1798392137619444
-3.779164102463895
-7.105427357601002e-15
-6.38378239159465e-16
4.996003610813204e-16
8.881784197001252e-16
8.881784197001252e-16
1.942890293094024e-16
0.0
1.7763568394002505e-15
-4.440892098500626e-16
-92.23722660649523
43.667318817873316
-55.39313955446124
-59.485757030315526
-39.18673375090236
-2.78430106045883
4.0478499868146045
4.753724704360337
-3.876720629484133
3.1530333899354446e-14
1.27675647831893e-15
-4.440892098500626e-16
-4.440892098500626e-16
-4.440892098500626e-16
-1.3877787807814457e-16
0.0
-1.3322676295501878e-15
8.881784197001252e-16
-42.63912063016201
-58.02999825080219
-19.69092908275273
-2.217842298556988
-1.742430286765675
-0.2272196397029127
-17.5018398982848
-4.418094426781648
-9.431649313239753
-1.2434497875801753e-14
-3.0531133177191805e-16
-4.996003610813204e-16
2.220446049250313e-16
3.1086244689504383e-15
1.1102230246251565e-16
2.220446049250313e-16
-1.7763568394002505e-15
0.0
8.601947417616913
-64.75799122500354
18.55481304906378
5.972423762662757
2.9001032159022717
-2.5053386642539976
12.437544538331323
11.776367057148981
-1.68844055156363
2.531308496145357e-14
-4.0245584642661925e-15
6.661338147750939e-16
-8.326672684688674e-16
-5.773159728050814e-15
4.440892098500626e-16
0.0
8.881784197001252e-16
4.440892098500626e-16
-79.36126394104787
-41.62755966271209
-76.39073100080776
-81.0823224706057
-43.75043358948906
-13.528578747300742
4.506378803462411
2.6997918568332153
0.5984361939339689
-1.1324274851176597e-14
5.2735593669694936e-15
-4.163336342344337e-16
2.220446049250313e-16
-4.579669976578771e-16
-5.551115123125783e-16
-4.440892098500626e-16
-1.3322676295501878e-15
-8.881784197001252e-16
-63.6332342939545
-29.278868321535924
-61.064134844822945
-63.4821826210933
-34.403650209563175
-10.191333585880813
2.377156467543088
1.5841258777404068
0.35875907688609
-3.597122599785507e-14
-2.9976021664879227e-15
6.661338147750939e-16
-4.440892098500626e-16
8.881784197001252e-16
1.1102230246251565e-16
4.440892098500626e-16
1.3322676295501878e-15
6.106226635438361e-16
4.8234600438912025
-27.94879218209894
-1.6604839868441132
-2.3547625168012303
-0.3239798666753302
-3.797224816550113
0.6494792441828778
0.42006270690351855
0.09703065512543696
1.84297022087776e-14
8.881784197001252e-16
-3.3306690738754696e-16
-8.881784197001252e-16
2.6645352591003757e-15
-1.3877787807814457e-16
8.881784197001252e-16
4.440892098500626e-16
-2.220446049250313e-16
15.136978531185733
-28.884406659487354
7.364221042379583
7.387686468216913
4.52247910851219
-2.957666101639745
0.09769010997014504
-0.014564125568888642
0.006767796616739208
-1.3322676295501878e-14
-1.2212453270876722e-15
1.1102230246251565e-16
4.440892098500626e-16
-2.886579864025407e-15
5.342948306008566e-16
-4.440892098500626e-16
-2.220446049250313e-16
4.440892098500626e-16
-1.6065825816679933
-39.40835717001679
-7.921411502520527
-17.45612777549246
-8.848572734686769
-4.6289943136211775
9.717965995951403
8.851588696564079
2.4775645923320226
4.218847493575595e-15
1.4432899320127035e-15
-5.551115123125783e-16
0.0
-1.1102230246251565e-16
-4.3021142204224816e-16
-4.440892098500626e-16
4.440892098500626e-16
1.1102230246251565e-16
-82.74005344267832
-143.6864493478518
-78.37058111047207
-167.80186032747955
-89.84247432216259
-25.700108742253416
89.51782373497181
64.78897243680736
11.258040664128071
3.441691376337985e-14
-1.3877787807814457e-15
6.661338147750939e-16
-4.440892098500626e-16
7.771561172376096e-16
-2.7755575615628914e-16
1.3322676295501878e-15
4.6629367034256575e-15
8.881784197001252e-16
17.38860717313745
-17.398761808588347
14.251079719426109
14.198967830657836
8.292847397101617
-0.4231113065855885
0.02623411115328622
-0.29146693424945624
-0.06387761067778808
-1.1546319456101628e-14
-1.9550333574258616e-15
-1.0547118733938987e-15
4.996003610813204e-16
2.220446049250313e-15
2.7755575615628914e-16
-6.661338147750939e-16
-5.551115123125783e-15
-4.440892098500626e-16
13.662587507917019
-18.737720682945337
10.503729376486275
10.449384825038663
6.514827482883305
-0.39644046617901907
0.03614168799859385
0.013486635188774798
-0.005209051804863973
5.10702591327572e-15
-8.326672684688674e-17
8.743006318923108e-16
0.0
-2.9976021664879227e-15
-8.326672684688674e-17
-1.3600232051658168e-15
6.661338147750939e-16
-4.440892098500626e-16
30.782056503240973
-28.23763698638686
23.57170033686107
23.55001686893447
14.03710379045642
-0.753305042381748
-0.004404492586786546
0.027746156678878364
-0.002427558450742051
-9.769962616701378e-15
3.4416913763379853e-15
-3.469446951953614e-16
4.440892098500626e-16
2.3869795029440866e-15
1.249000902703301e-16
1.3322676295501878e-15
6.661338147750939e-16
0.0
18.952929307450525
-13.400470206689874
14.02660079213527
14.146526437435625
7.723538151910276
-0.9809144656231537
-0.14462145138654137
-0.0863861330402731
-0.006374598399806253
-2.4868995751603507e-14
-8.326672684688674e-16
-1.1102230246251565e-16
-8.881784197001252e-16
-4.440892098500626e-16
0.0
0.0
-4.440892098500626e-16
8.881784197001252e-16
113.86049243423602
-86.30130082963353
83.80930599776968
82.89701752424834
49.487141336850506
6.415714655485171
0.5030495314545931
-0.0659487543492503
-0.007542206541937602
1.6986412276764895e-14
-1.6653345369377348e-15
5.551115123125783e-16
3.3306690738754696e-16
1.3322676295501878e-15
-3.3306690738754696e-16
-2.220446049250313e-16
2.4424906541753444e-15
-8.881784197001252e-16
-12.20679470642176
-64.4671421732561
-19.885150294683655
-19.71044480073467
-6.085184354014828
-9.016576879325953
-0.07177824762576535
0.2073640562760275
-0.02043777652576484
-3.552713678800501e-15
3.066991105526995e-15
-2.7755575615628914e-16
-2.220446049250313e-16
-1.7763568394002505e-15
-8.326672684688674e-17
2.220446049250313e-16
-3.774758283725532e-15
1.1102230246251565e-15
29.46602166261556
-5.96750810368269
25.157474170429047
-25.248452543663433
-8.028410689285877
-8.168788985544566
50.40635168732584
25.07562792687959
13.068608142924347
-2.19824158875781e-14
-1.1934897514720433e-15
-2.498001805406602e-16
0.0
0.0
1.1102230246251565e-16
-6.661338147750939e-16
3.774758283725532e-15
-4.996003610813204e-16
-21.610541698658864
-46.668132487543744
-26.736698231628385
-21.71885975775885
-9.141363831419824
-9.341184469522744
-5.029322959729143
-3.1023362159313024
0.5833786422626064
4.8183679268731794e-14
5.551115123125783e-17
3.0531133177191805e-16
0.0
-3.1086244689504383e-15
-1.6653345369377348e-16
6.661338147750939e-16
-3.9968028886505635e-15
8.881784197001252e-16
-12.608039427191997
-43.3010381283778
-17.64229328876651
-13.026267446156723
-5.554230124673612
-7.842065833877527
-4.6198514777287585
-2.854404660731973
0.2601123128592844
-3.3639757646142243e-14
-1.8318679906315083e-15
-3.7643499428696714e-16
0.0
1.7763568394002505e-15
0.0
2.220446049250313e-16
3.3306690738754696e-15
-4.440892098500626e-16
2.4304020820766112
-38.35708041902882
-3.9536568384039654
-0.6786075573568269
-0.07800886764974102
-5.961530100166911
-3.24526397359147
-2.366139740920797
-0.06147829028037785
-1.7985612998927536e-14
-1.1657341758564144e-15
5.238864897449957e-16
-4.440892098500626e-16
-4.440892098500626e-16
5.551115123125783e-16
-1.3877787807814457e-15
-2.220446049250313e-16
0.0
1.366206050516606
-35.10783447712929
-4.009393872292698
-3.4735338134813922
-2.259156548474058
-5.199059019711349
-0.47980379106676097
-0.3948580185410435
-0.034531351880617844
2.942091015256665e-14
3.469446951953614e-15
-2.7755575615628914e-17
3.3306690738754696e-16
3.1086244689504383e-15
1.1102230246251565e-16
6.661338147750939e-16
1.3322676295501878e-15
0.0
-17.21535441625599
-25.38546512362865
-18.689027043384726
-18.08237164439167
-9.46267467661329
-5.034226628358873
-0.5849230714901559
-0.2766912119153311
-0.026566004989846626
-1.609823385706477e-14
-2.4424906541753444e-15
1.6653345369377348e-16
-2.220446049250313e-16
-8.881784197001252e-16
0.0
3.3306690738754696e-16
-2.220446049250313e-15
-2.220446049250313e-16
306.9794036137479
-195.3431055770851
273.4070688866955
273.9095078040564
160.66965074003465
23.725838287686045
-0.38393015731325875
-0.18688683844453102
-0.011434536223893677
-1.1102230246251565e-16
-2.275957200481571e-15
2.220446049250313e-16
2.220446049250313e-16
-2.220446049250313e-15
-1.6653345369377348e-16
-4.996003610813204e-16
-4.440892098500626e-16
-5.551115123125783e-16
135.42017350353802
-38.50461997864619
120.63250638493912
120.4876866338256
68.82558281681442
13.667472633856086
-0.05575369062073321
0.3928939938332503
-0.023830810319379614
-5.551115123125783e-16
3.608224830031759e-16
-1.6653345369377348e-16
2.220446049250313e-16
1.7763568394002505e-15
0.0
-1.1102230246251565e-16
1.1102230246251565e-15
-1.1102230246251565e-16
-73.16220170186136
-57.59820863306243
-62.25821995858437
-62.02798456133126
-28.78207584408611
-13.192781810052727
-0.04307786911683387
-0.3004009978186728
0.022628894839625158
2.5424107263916085e-14
3.4416913763379853e-15
-6.106226635438361e-16
-2.220446049250313e-16
-3.552713678800501e-15
1.1102230246251565e-16
1.1102230246251565e-16
-1.3322676295501878e-15
2.220446049250313e-16
-402.2181975878957
12.890659320222824
-364.3560723321118
-365.5370250712516
-200.62665515581938
-54.29771589568724
0.9624127589487443
0.8192924702825675
0.030350177173090742
-6.217248937900877e-15
-2.609024107869118e-15
5.551115123125783e-16
4.440892098500626e-16
2.6645352591003757e-15
1.1102230246251565e-16
1.5543122344752192e-15
4.440892098500626e-16
4.440892098500626e-16
-146.76069829141744
39.43390150748252
-134.18908418208227
-302.0227135894181
-191.32911682023357
-26.0040085625307
167.79520950608557
111.31823426385326
28.64665660393597
-1.532107773982716e-14
3.0531133177191805e-15
5.551115123125783e-16
-1.1102230246251565e-16
-2.6645352591003757e-15
0.0
-1.4432899320127035e-15
8.881784197001252e-16
4.440892098500626e-16
306.9613214453979
-124.16797886016997
272.62893303368645
279.48594253273177
158.62815215471682
46.01307451810122
-6.785846010089422
6.44511429671117
0.862891194193284
1.3988810110276972e-14
3.3306690738754696e-16
-7.771561172376096e-16
-5.551115123125783e-17
4.440892098500626e-16
-5.551115123125783e-17
1.1102230246251565e-15
0.0
-4.440892098500626e-16
-52.36230134257127
50.254743347240336
-13.32844594987781
16.061354366022503
11.44987547591532
1.8031434928917136
-29.43917008751248
-15.818157702963344
4.207581975578943
6.994405055138486e-15
-1.3322676295501878e-15
1.5265566588595902e-16
0.0
2.6645352591003757e-15
0.0
-8.881784197001252e-16
4.440892098500626e-16
-9.43689570931383e-16
67.66811898548265
-66.26606668893066
68.36132556019263
8.198310591236073
5.595519809744829
0.6738019020912418
60.12657546754954
45.735888149756704
17.312497258364548
1.4099832412739488e-14
-9.71445146547012e-16
-4.163336342344337e-16
-2.220446049250313e-16
-4.440892098500626e-16
-2.0816681711721685e-17
4.440892098500626e-16
-3.552713678800501e-15
4.440892098500626e-16
-146.13160141189846
136.3199428685682
-119.09956994349406
4.003037952033651
3.194138480028471
-0.05771221137570137
-123.14529919222645
-89.5202243973213
-22.54339820906915
-1.432187701766452e-14
5.551115123125783e-16
-4.718447854656915e-16
-4.440892098500626e-16
0.0
5.551115123125783e-17
0.0
1.7763568394002505e-15
1.1102230246251565e-16
-3.1707814516034887
-6.369955217330926
-2.8297049865075508
-3.0724543717383312
-0.5385677984847206
-1.2692560419161794
0.2749329305570427
-0.12788198524836503
-0.01630662603170485
-2.3203661214665772e-14
1.6653345369377348e-15
1.7208456881689926e-15
4.440892098500626e-16
0.0
-2.7755575615628914e-17
0.0
1.7763568394002505e-15
-4.440892098500626e-16
-16.18895540518065
-7.162990008229144
-13.4064664972326
-13.971297637347533
-6.412998601900753
-3.095787941954427
0.6743294910733653
0.2334112808907065
0.05235596718198998
3.9745984281580604e-14
-1.942890293094024e-15
-1.3322676295501878e-15
0.0
2.220446049250313e-15
0.0
0.0
-4.440892098500626e-16
-1.3322676295501878e-15
-15.910644315887097
-11.470068817281344
-11.912005268269333
-11.752822826496143
-4.5117544060356565
-2.57221117816065
0.07002772295757609
0.12646983439427117
-0.021629763228168564
-3.11972669919669e-14
-3.3306690738754696e-16
0.0
0.0
-2.220446049250313e-15
0.0
-2.4424906541753444e-15
0.0
1.887379141862766e-15
0.5201512273101252
0.3725805225225258
-0.10302771340680827
0.11838893244402016
-0.11173454541617645
-0.22799166346829125
-0.23121293641651164
-0.15944811260195735
-0.014636435548094795
-1.2212453270876722e-14
2.248201624865942e-15
8.881784197001252e-16
0.0
-2.220446049250313e-15
0.0
2.7755575615628914e-15
-4.440892098500626e-16
-5.551115123125783e-16
0.1851208366706607
-1.7428693994958167
-0.36370117038073113
-0.05491366392627128
0.011851793001724786
-0.25022826111733387
-0.3068497953173335
-0.15118502414820512
-0.044261352224138406
2.5091040356528538e-14
1.519617764955683e-15
-8.881784197001252e-16
0.0
-7.771561172376096e-16
-2.7755575615628914e-17
-1.4432899320127035e-15
-6.106226635438361e-16
4.440892098500626e-16
-1.6501517084694042
0.22917313119251048
-1.4847288161169958
-1.2198952523234539
-0.8629307052660948
-0.27284044885773184
-0.29834531142722653
-0.13975435362674915
-0.04545894307932752
-7.771561172376096e-15
-2.4980018054066022e-15
6.661338147750939e-16
0.0
4.440892098500626e-16
-1.734723475976807e-17
6.661338147750939e-16
2.220446049250313e-16
-2.220446049250313e-15
16.220441063109845
-16.412728237829015
13.0316356901249
13.119287852533986
9.188501303631988
0.7412494211693188
-0.08567284778307993
-0.04663809209559888
-0.016744983123358426
4.884981308350689e-15
-7.771561172376096e-16
-3.885780586188048e-16
-4.440892098500626e-16
3.9968028886505635e-15
3.469446951953614e-17
4.440892098500626e-16
7.771561172376096e-16
1.4988010832439613e-15
22.569685515956678
-24.913207168914198
17.45348436243725
17.579689956868776
12.471823489602869
0.6301549557553674
-0.14831102684556186
-0.07152706318432678
-0.10574934369427069
-2.7755575615628914e-15
1.2490009027033011e-15
-2.7755575615628914e-16
7.771561172376096e-16
-6.217248937900877e-15
-2.7755575615628914e-17
-1.7763568394002505e-15
4.440892098500626e-16
6.661338147750939e-16
31.444668372777755
-33.897068715539945
23.029522980353647
23.173865709887338
15.907868812764235
0.061157021779554066
-0.27980929107063446
-0.10934257608420239
-0.01912934363179586
-2.0095036745715333e-14
-2.3869795029440866e-15
6.661338147750939e-16
6.661338147750939e-16
5.440092820663267e-15
2.7755575615628914e-17
1.7763568394002505e-15
-4.440892098500626e-16
8.604228440844963e-16
64.5017759338337
-68.07636680144299
44.850212640195025
44.82175824180888
31.81243573205245
0.0006625860237754466
-0.06895125475159603
0.018847220057928382
-0.026357897157669008
3.574918139293004e-14
4.052314039881821e-15
1.1102230246251565e-16
-4.440892098500626e-16
-1.7763568394002505e-15
-2.7755575615628914e-17
-8.881784197001252e-16
-8.881784197001252e-16
-2.220446049250313e-16
25.258503418404416
-26.72447814588776
17.52409261693252
16.884680510861415
11.40480692892909
-0.5560441872722506
0.4965281659756329
0.4148176335014
0.05042284008394793
-1.2434497875801753e-14
-1.3877787807814457e-15
-4.440892098500626e-16
-1.5543122344752192e-15
1.9984014443252818e-15
5.551115123125783e-17
-4.440892098500626e-16
8.881784197001252e-16
-4.440892098500626e-16
1179.5130119638982
723.6674870942331
1063.8426522652767
122.98085082560148
86.68337680975941
-10.040908058079587
941.0739284595827
410.28113396178225
50.56372968837012
-3.114175584073564e-14
-3.3306690738754696e-16
-5.551115123125783e-16
1.4641066137244252e-15
-3.552713678800501e-15
1.1102230246251565e-16
7.771561172376096e-16
0.0
-1.7763568394002505e-15
-604.6738942438078
35.875625115439675
-512.1760072456416
-262.27706457557804
-216.67963296895022
-85.06923178402937
-248.75756601630374
-85.37462985468498
9.8310070841252
1.915134717478395e-14
-1.8318679906315083e-15
-5.551115123125783e-17
-1.5543122344752192e-15
1.3322676295501878e-15
0.0
-8.881784197001252e-16
0.0
1.3322676295501878e-15
-615.8127384974184
-426.86561535876024
-599.3343351621672
-280.3572395084461
-121.69722797222988
-26.57383581457915
-318.8194500068092
-167.34536618546065
-29.456169566945825
