-7.13525694971113 -40.0434784896903 -1.2238595680832638 -7.4852804965311295 -2.417939792648546 
-8.718452465522583 -53.201442378668055 -4.201408827301099 -7.366490714557107 0.182745213315493 
-9.766167319829833 -46.216083588492495 -5.821245956116165 -0.7835086764664901 3.6106514321456267 
-2.8940259175455867 -43.217266782433 -11.085770055937333 -4.213970516919108 4.817188107607121 
6.347433081250038 -38.55818815159381 -19.08553579987791 -13.597260454417675 0.8664283025292684 
18.317898504623276 -29.95539957973005 -17.47858708943409 -16.56442151765845 -0.5243925832292397 
27.63709566495206 -18.962682129373476 -19.608972446865288 -8.548434399831407 3.08637134131465 
35.79523789637039 -8.53769242197256 -17.358241389481638 3.9814161566485518 15.758628133459995 
37.14310117989076 0.669450665118747 -7.221909641811386 4.236950839593052 10.05286846331087 
37.140120278499026 6.049390271660444 -4.643809792646812 0.28236006795135044 4.310204132785858 
41.148948430194785 11.000143785645784 -12.955263603287408 -2.4681196480512066 2.8020025016473142 
45.13304463621401 22.183455663901807 -27.972130405986448 3.555724632627835 -4.01886933673592 
35.07477735995063 23.485670957728686 -31.67015518144764 15.579962753558181 -9.989044965129699 
0.42449914835438984 -20.45198366365301 -35.11569923977008 37.06090570969181 -17.97763230089664 
12.990600877926678 -1.248488699991468 -19.191645363631235 42.17085373373166 -24.12030814765995 
20.923543805800605 0.6600999168984888 -8.046586675676261 38.33307833380116 -27.138817635241562 
24.683423705621117 6.3384725936248865 -0.6490880972760543 29.77800507361509 -26.01920814425598 
24.71652502983306 19.788162574137395 4.600711674926842 22.875713864579488 -21.392910473341626 
26.106245403693418 18.246230942569184 5.5616132299329735 20.1558320647166 -17.591142471408567 
24.920356029168122 12.908364214043065 1.0152490727256112 20.36186178890942 -18.30466939396221 
21.52273980966517 5.270814217224492 -4.182066466099271 19.7166980821588 -25.869159145020955 
11.955448128120763 1.6338826864306517 0.9576986460220605 2.5330165381507856 -48.87178792865054 
-0.3724944193681671 3.266094126260502 13.42850813320027 -27.068420183927387 -104.30869622517613 
5.929399572415491 -4.533463101248695 3.502548061462451 -14.528524254573458 -103.2399376522702 
6.19355040453059 -3.321499825990911 6.57726748618402 -27.790737692957233 -117.66197674190502 
6.504470326564779 4.157857156115916 23.71852136997203 27.472743405884124 4.461856817564753 
2.6178936533119033 2.297006982619207 15.055264045957996 2.501719592247663 -0.8897527127315451 
-1.0306159304345028 -1.3963921831282642 8.181542883212563 7.464238402357973 1.8023904880824009 
0.4558305286789161 -8.36949336357764 20.025111946356105 -11.780329367060187 -56.756881901017756 
-12.704437276000187 -15.118492527233663 34.82876604435526 -14.95008601285353 -68.57788133379375 
-28.389815369894002 -21.138204636926176 44.99107695145417 -14.784468147517403 -76.99996020571845 
-39.50152364974853 -24.690511762303792 51.41054482521036 -10.780473958143531 -82.84965868276 
-44.93801009946895 -19.87372163220425 56.397902746037275 -5.880794448438223 -89.35333330105057 
-45.13707135801522 -4.867434005759886 62.17080420158529 1.159508070659423 -90.29134071519239 
-34.79349527662138 10.54295900041832 59.04546590770299 8.00032714616529 -86.38529660016236 
-27.550560174842982 25.834475475671482 55.33622623875469 12.40175948999701 -76.8836597555835 
-21.809006528493413 33.24331326015308 50.97234170955184 17.566623574567245 -66.68925273907061 
-16.76931673598864 32.96340962457772 46.12209445689902 23.92897447676105 -54.52696070238349 
-18.431542230548057 29.06569811615962 27.853539338882143 26.083389346177498 -3.266726023506312 
-25.194967931180493 37.7861807416477 -5.283313985127552 -23.75243732072496 -1.1570713282183085 
-9.744620127174157 53.71652598535312 4.556390849344415 -3.6484082021616144 0.1854920801674231 
1.459744090684633 56.35844335715821 12.91740530366316 4.796162162878459 1.3143784639764413 
5.91336686615574 51.19433333845624 18.151039638063644 9.154884190239507 1.6734560952154112 
8.465570473584366 44.043699524091444 19.576621737821974 11.72529431863228 1.7403478364503155 
11.951795854867504 37.641705961362014 17.208380853154996 11.648764083596248 1.558752485691502 
14.12461277825246 31.059076092492656 12.37884113638991 10.041332362089884 1.3253210812931688 
12.932097578734682 24.211229701875855 7.403412968593277 7.68687560483081 1.1117897513302182 
9.911207153348828 18.74292730090794 4.181078686736572 5.401999686357443 0.9535708207639778 
6.347996305531897 14.275671568515909 5.235341436982383 3.5403917150689126 0.8779779646613761 
3.2921190950444306 9.389632466598512 6.733022057039346 1.5295366606824996 0.7914496070972337 
2.1805972280111674 2.196941026259608 6.089777273550107 -0.14716622466634915 0.7363759737659353 
1.9218003209508834 -7.628389185439578 3.688609187496007 -1.0619460388947857 0.6987239986253653 
2.7477293595742833 -16.615398117108597 0.773480441962733 -1.29282397993035 0.5645126807763652 
3.765268380319048 -22.79229296633358 -0.6562735634793465 -2.781346254803731 0.7627215089455064 
4.482323654323664 -26.64814633177245 -0.17869441380733408 -3.5156763696666795 0.7355518533733559 
3.753041474349004 -30.744093976159128 4.656937447798566 -1.8788546999321398 1.1160512485150638 
1.5158166954403878 -36.81353691155073 8.09620936429321 -1.227232162582066 1.7045379400808593 
-1.2502437621343736 -42.76206541491392 0.24630964547646453 0.067333277243223 2.169200026353899 
-4.3419163989814935 -43.945084992159906 -9.373203476902374 -8.631424730340669 0.48667446809964326 
-4.199033806337033 -42.601909091959406 -7.246092654762398 -12.103661625273407 -0.5449537143265102 
-1.6324388552754312 -38.43614072036205 -2.739986906473225 -9.275609311885788 -0.1523039781244724 
3.0177912965861693 -32.79080333431172 -0.2395994505117988 -6.582982498426091 0.47394634137178715 
7.9618450258796125 -26.326323942139094 0.7511065017332159 -2.344895192946761 1.6309628593928918 
11.948630350866866 -18.269451332416008 5.193405924190659 5.557734566872232 3.400365339015256 
22.42968140761637 -9.985845975374291 17.559814076202606 12.887544971133924 4.013279320538867 
27.931279977732363 -2.004883500780274 18.38797638711537 17.07892361495157 5.863127585997793 
32.8861999405816 3.7086218953880423 7.210988103118539 16.092963931623355 9.946291616168583 
37.10609733039163 11.198386632329548 -5.7073364825314075 16.002230926305476 12.94349104194417 
42.762267808206744 21.845209881513014 -16.097770151913164 18.183947319802925 13.704317719699192 
41.765131712110936 25.806082613911038 -20.871153363658507 22.76276869945423 11.973114314237495 
14.128716711670032 -16.99256865156043 -36.82928525117972 40.81809882377892 13.271506436637294 
18.20100750903242 1.3126970485770824 -20.957072551827213 40.81882641008726 0.9745106003810612 
10.58997979125109 -4.046276622629502 -14.8230237809788 26.00403384701737 -13.803978755790313 
2.129212117635391 7.689705107858155 18.480645214515878 -18.363701928545744 -84.89600369013851 
15.989503833207136 13.701607274673796 34.21811284885749 44.14908774602092 6.5771151882144725 
20.799958924515757 10.985782647596169 5.889310232347548 42.15642442161536 -3.8533141034935423 
18.89315903997649 11.952054541103328 13.365897922428505 33.108936819055934 -11.295026834481444 
18.597115121600165 9.751992336566286 13.977258123230936 29.616362915002213 -18.69774183357443 
18.136408844860703 8.365521575844124 11.621661561762958 25.739321126132406 -23.863489904704736 
17.998547030367593 7.32687861748299 7.873471658548573 20.6992568088842 -30.3614807516456 
19.717078714709817 5.189842221861487 4.655672881204167 13.504647233865642 -42.6424818277361 
18.254409062220052 2.214936956115031 4.865769217637307 0.9972553971311109 -63.703637997456646 
12.58773109270433 0.988442057306752 8.32513503870976 -15.143132315488767 -91.02527451038706 
9.627908519977124 -2.6656288082158075 5.560974873071987 -17.0020706733355 -102.00043090797101 
3.1319135990057103 -7.146563860108519 5.50416783925918 -25.472443604948303 -107.96772992695776 
-9.62181409411699 -11.926155507786149 14.013211020295408 -42.27312011869237 -131.5555662244798 
-20.88853108382351 -10.837147621099978 40.558416843056726 35.845666029350966 4.68842727685361 
-30.888674268651855 -15.245862327313796 35.71852696987716 4.828334031518229 -1.7588367489537364 
-28.160680681991817 -20.57299133152784 49.69760030723432 -17.056475180019262 -102.78373432465875 
-20.127135959010936 -18.369036237136463 67.89721091817019 2.111746448511517 -92.89233819692801 
-19.367134110230094 -14.022891151354443 72.88088706554817 10.803629199036282 -86.2362165592475 
-13.830140488408817 1.9038695994918293 71.72425369233005 14.542599697746404 -83.33851323612902 
-9.365658026030456 5.516852865904836 59.06057127387042 18.870850274912474 -88.39152326222042 
0.615482729574115 28.78456766454497 53.90286544176361 22.627636235069335 -81.42094639332733 
9.478135544561852 43.073965551465854 52.131374514601916 32.38556357228466 -73.01526966869586 
13.932259119980747 41.39233602790567 42.23930273896469 44.13177166223186 -42.409708307611155 
-25.91448579957411 31.61662163443761 -18.031308662030074 -30.93985249242237 -2.157131579999132 
-21.820592649728447 28.744095400203136 1.9357225659179695 -4.014126349266169 -0.08943648128412585 
-28.667821026964017 44.11559217987835 14.423288813873384 -0.14463905276629985 0.6227010118058229 
-28.501444397387477 44.43478514650761 18.98736132640407 3.4256018369450825 1.1121028544476577 
-20.14402443463934 41.83818208231967 21.636488260810935 7.427757047176661 1.5612833206891954 
-5.403836346339717 37.79654732702963 24.26061168957119 10.49530248936352 1.724773330380986 
8.59430154656343 30.64684152561145 23.72306559838798 11.277328152501578 1.5347645257376672 
12.070161167640226 22.405563614458465 15.955030858430735 11.52813742602288 1.3750856395317486 
10.391576112863577 13.966568066510666 11.645845058916747 11.383475473079042 1.3414285862752917 
6.681678290952826 8.659907586694427 13.008214699698732 10.830858573347133 1.396201964799163 
3.185984304800279 8.30552054347555 20.3794463412757 9.221124717958148 1.4427549848277832 
-1.66792847025121 9.891107737769486 30.98833586743373 6.674746509241573 1.457831435045711 
-5.702592781311971 -0.24213080036330598 33.293001328228286 5.099798142113839 1.440621636842171 
7.992182503689372 -19.792026992329745 15.237853272765376 13.244081571250591 2.237527388823368 
-3.7304536069576923 -38.58938575369622 5.433459060448489 11.586787857064387 0.14603424774708929 
-10.92916398344924 -39.65101406137583 -6.179882987834247 -8.64520953896836 1.421445562422294 
-20.343090801224392 -46.00477183165946 -47.98955667466452 28.352235403893577 -72.49301165684209 
-15.290390815235325 -41.38995839055875 117.35257250952552 80.54239574909039 11.031830385437374 
-29.682909761012056 -42.82158069834843 82.50908122897057 26.388536626867378 2.2484309902442554 
-30.975773412081953 -44.89824762117995 39.00899432832389 14.323682796431216 3.250829262572454 
-23.142139921019854 -40.573003714088024 1.3496404452600637 -4.715880299759766 1.9047195069930005 
-5.997795620927706 -29.069301391270113 -14.489976659281565 -20.97255118522817 -1.2067411579899214 
17.313158075271506 -13.010118890589467 -12.719929585261095 -12.943653817266016 -0.004962069277929387 
40.87006362053933 1.8433457584366055 -6.5450650518600435 -0.0406542384213318 6.680936523459657 
49.40850568377791 10.960164467476503 -18.50075534437355 12.763858437427334 17.378750151659613 
51.0961844880626 21.25452760368124 -22.28913388040287 16.057562129178848 17.439671631350098 
50.5085364979939 31.08247698418155 -26.82073162466754 21.779208890398962 23.382481046446255 
18.336112129565397 -9.888561639421122 -51.79627482724038 39.497970472541716 34.74786483465791 
17.188128176262026 -4.135646093196133 -44.27902581958589 40.705990924659154 25.14651532789211 
21.55501091259599 0.18733828818102094 -32.88444374471823 42.37358656905918 13.079228376124735 
34.82153023301553 6.852217809057516 -7.3504977981525474 46.119280294185096 1.3739671458183509 
30.292136056740244 2.796163970241902 -1.9019623996581425 56.95313521105235 -4.091169132334683 
21.399790502281473 4.232148646042429 0.89838882135403 61.6737899643074 -13.17304142357023 
9.964151209434318 0.6928142384248771 10.910085965445164 38.702002439785055 -33.77607258228463 
-9.681871720493094 6.874661953009237 34.11061580246862 -7.90261933843415 -96.386503221339 
-11.61923377016551 0.6809672625080566 21.463998194660547 11.323252207032443 -92.59326689425832 
-9.196057170553628 8.505628445547126 36.629302188008865 26.047408417502876 3.5157476417369464 
-4.494283511323678 10.984797993743799 32.72232802898324 12.369414040796146 0.30703005298966474 
6.322663931435268 9.825391509697953 25.236662187474025 22.7966743480759 4.884693411295777 
20.582712302539797 1.1335053102791428 11.750907006495437 42.95099154437167 -9.845622366546227 
23.86261864961715 1.213299329488825 18.152809899119404 34.768362277207416 -11.67994987874336 
19.667417921690458 -0.26676359228606483 16.566963930168544 28.05140245601647 -12.991475707458605 
13.32841967192669 -0.22034444993267147 12.562217893317934 19.381991869754888 -14.574339607748602 
7.1287603022429025 -1.668016990424334 8.222574094721425 10.261543869860324 -18.425580495683892 
0.4708262437367512 -5.09514205359311 6.416465426307791 1.7733841534390347 -25.558638495396234 
-9.347235934352613 -7.566136656823983 10.919005734222054 -4.884951732580488 -35.11002332734488 
-18.75853208884497 -15.156138328662816 22.477493089902534 -6.978003280040799 -46.48627306218725 
-26.417006207769745 -20.3615075592772 36.58276005016038 -8.08353099887832 -64.42668581461118 
-27.4959888044157 -20.721430967406132 51.43231049172887 -4.983392982385332 -87.17792551436327 
-23.257091317558146 -14.367564350355089 65.84736861487075 2.473103450085622 -112.22749632134803 
-13.274663678608828 -3.5617556777681787 84.8175178440794 11.349230379087611 -136.0579037961335 
-3.2644294637702918 17.355176949524957 100.08843606520796 12.249716336104811 -176.2699709508705 
-58.48775282039893 10.401220591395278 48.57409100195594 26.85217670899665 4.246428726115252 
-74.89572792010969 6.2522986717835 38.66957621623302 6.938186014997903 -0.5858489581611088 
-82.31367781811107 17.004623757584525 43.66388398345695 8.755566119680719 1.5782132268955955 
-79.04331649352861 32.42011498420206 49.778678531149104 16.27649308456221 2.5597076173572497 
-28.781211410621943 1.9900257214376933 45.78219305790492 32.90675656246024 5.940010459064405 
87.67525518667371 50.64328189301667 37.74356035770494 65.06982909208304 18.49535655701657 
-59.26405158403892 105.80152435239475 -23.331655878479612 -61.74350780339922 -4.712181308350538 
-2.2420124531749317 54.61583308123289 7.414648218784168 -6.296687078766303 0.365951906440854 
16.54464254941871 42.346328625721966 23.550284236281385 7.418529000927317 1.599965465181735 
23.493157068477842 33.651059525145975 18.511646697311942 27.3461700661277 2.9530517004345236 
22.956236431602154 24.098386042864014 13.03467130063728 21.047118220390335 2.15876378228202 
17.763343613734644 16.694497294579293 7.610261584409913 14.788055879042684 1.564240914226163 
14.015466343172243 13.18615239703483 6.926889601684672 11.29621943681768 1.360653049547139 
11.397296813872849 15.644704936973604 14.335238616028684 9.209375575368757 1.37999465836323 
5.4965435161688845 24.77873007128403 25.681493901723503 5.200190664100325 1.2743275537236152 
-2.2226654916036304 25.06215668804705 29.65569547390114 -1.3574947077979662 0.850488525420813 
0.5391090656563691 -15.81957246264207 9.731899191890706 0.4752000035630788 0.8778640171829195 
0.9142239553180656 -40.79896387608474 -17.46310748970078 -0.9164171720546163 0.6421841232933619 
-1.2110234532042632 -17.13778703590189 5.076006096928188 -5.3337736822215716 0.4281987197732324 
9.095749391250365 -18.432280823138594 10.94039915512419 -1.6872994331886644 0.8710677291896759 
20.093334651449393 -20.603798079210602 7.443683978157823 -0.6700342107002338 1.788660496942848 
29.772215587109937 -19.841889046804088 -0.08658145989049937 -8.084256545649543 1.9185377313502798 
35.48762292717824 -19.005917252797065 -22.12063639378333 -5.966722265321593 3.5239680324583222 
36.40726162440218 -16.305146028783547 -34.58460964188836 -18.343119259268338 2.163899722201685 
38.522148627761815 -10.355975224159724 -35.53296592480303 -10.456879524004481 3.5968212771727828 
39.28895047792072 0.11988088577583166 -29.044562340912773 -24.991671854527304 -2.5610664735963726 
50.96025288765513 9.855643671482975 -17.583110420539303 4.5710401022074345 2.4142737966457903 
58.19975582446443 25.799556872922803 -24.126693399732968 5.000790132491706 11.939281047773406 
40.324848698892055 52.0993366359533 -23.381346849095028 -42.167425822686255 -52.19731820467612 
0.19056603887402832 -31.087841076764825 -56.471343731671624 -6.390916016064945 -79.17920551313053 
17.30187511453048 3.367776418302937 -31.826000884707124 -9.18981301257939 -66.19101778124839 
29.75908457931412 6.039394544009757 -15.534465954427352 -1.8899478929403055 -58.41420294476808 
28.648042923640187 4.439753682949816 -1.8315639174666336 3.9214789806787316 -57.24523988394805 
22.375654191347973 11.03291467463799 7.207665683244972 4.027793643853646 -61.79262015709515 
19.694777232988812 12.002831681157312 11.874698559726554 1.1309887538832568 -69.65650569216363 
15.347054179590659 10.0063723240505 12.571374431830245 -3.644705255948471 -78.80368286229225 
9.56094434668481 6.400357838901238 11.123532408772798 -8.994255236419779 -91.84076846523331 
3.0987275387753743 8.404495151304955 6.115487620163025 10.136315245670074 -0.5613731779440277 
0.33534541934309936 -0.8488689296528135 4.928648056966809 -26.571937907543248 -99.49049788812394 
-11.323601683036504 -3.950758138822671 -6.449632944648354 -23.35222916920189 -99.18659589928913 
-5.556884433974336 -4.5454533435329925 11.488940393712323 -27.412317600446364 -118.45260637454615 
-2.8410806165509244 2.2682118531676227 43.118126624687356 35.912029294396866 5.256083276180085 
0.2948707559947937 2.7517163273974825 36.69007247295237 9.210078200510694 -0.6224433743128717 
9.611546012348539 4.35911813012113 25.490148075634654 21.4748639712732 5.089123523394504 
25.342882082737674 -0.026480001528344593 16.199064027187003 37.11139324931721 -10.414413346856827 
23.432831057398605 0.46821443369384547 27.639404072566666 25.444116890772758 -18.908289104048784 
10.987076057325714 -3.3586266301093213 29.720613102688283 17.49262142239239 -23.896943571442268 
-4.71259802955224 -9.029751190639852 34.345289773886876 11.397513453893144 -28.637265377001764 
-19.161068189010333 -14.485273746679534 41.407911525271814 7.15421254031756 -36.39894993792481 
-22.74000030441013 -17.337863441296108 46.333638697276385 1.340212022179314 -48.22620481139748 
-24.19097239953182 -17.35782096604432 43.17874288855484 -4.262523836891763 -62.83323321571555 
-21.56271641428106 -15.955640921092366 42.60836430897969 -6.473162075136395 -75.5910333464343 
-15.475298612203643 -12.430386250219916 46.44057528794799 -4.475969180592972 -85.84244542447897 
-10.989642234479879 -9.025688714873287 48.013019440964605 -2.61591094204504 -97.71655084536216 
0.39624730598774976 -9.152261989447268 48.57527490310312 -0.9075904336887178 -109.52127719674361 
9.125919430055175 21.18102908539944 50.9831257141645 3.546168076480272 -114.64776195827942 
9.612950036836706 32.98761505022243 55.653641764336 14.660208290059622 -115.86644688926006 
10.287852193224202 31.430635589723046 55.06685936135916 40.53982806841137 -92.49274067519525 
-28.025731836589316 25.094767070338897 -7.811527451603666 -22.076773610535636 0.06362743619286483 
-16.757383957709482 25.180971542800616 5.087041425224169 -2.023803741809889 -0.9748889757857694 
-9.183562114454586 39.76808999259906 16.967672212594714 0.4123499906979915 0.3290470764809801 
-2.416016412020003 52.161983105777054 21.121829905043864 1.4353429216845308 0.6538543662066958 
7.275347678353485 53.17901925860514 15.774006775107333 0.1707345634321412 0.599309976485399 
14.515104233441708 48.177518499526585 8.18419571900145 1.343877767406076 0.8998957689856177 
11.648657893661206 38.4205716190444 9.473345803599758 5.0996700866173255 1.3314459001113554 
6.990147795595937 30.157505094138862 13.46258092374491 8.26302727584867 1.5043632725683567 
9.918013530717593 27.113480257494643 10.617750549635696 8.573024084525047 1.3029951863537126 
10.047856184455446 23.280236409646704 7.421761646618997 6.846975633561653 0.9954628740213125 
8.783690398866955 18.277589036562382 4.277348248386328 5.985546676377006 0.8361262074687875 
5.179592013973594 12.0276154443221 6.030802441557011 4.927873482936085 0.9139202638914101 
-1.5208422694918309 4.321597438178505 13.174798925535546 5.953239733371017 1.0909964668481695 
-9.294759480826334 -2.8370434485835063 20.748414726307185 5.5562152995310505 1.176168747144961 
-12.635008599475025 -10.697813962764814 22.928962486776744 3.162559910463658 1.0503036186922403 
-9.967087939867243 -22.69965690047442 15.836600782219158 2.592431189049641 1.04445695638468 
-4.413262911433741 -31.77510034848435 4.41207082140975 2.1994545429063206 0.9914520875240783 
-2.6413853783619663 -28.946134525777445 2.5040595537937413 -3.9974945523626486 0.559419496550471 
1.3839770423137148 -30.62353337838397 1.045305740860896 -5.397463101592597 0.5876537253714265 
4.9610583448027725 -32.29816148778444 -0.6987884570903196 -5.945883938938314 1.0031173924692385 
8.25601956138959 -32.47016004366374 -5.29177875214041 -8.069839497918077 2.101438267532069 
11.199767644901792 -31.60558205527422 -17.34711115040046 -9.784334771329961 2.6487651174917315 
14.329822821023576 -27.57846748385775 -25.569808858445384 -14.127072806160058 1.42876957427024 
20.58697307075001 -18.33992407140131 -19.876727637269717 -14.300367540041806 0.21800489534134418 
31.793040586731443 -4.527641484942377 -6.7380827526085305 -6.026160319364867 0.30567305578651605 
43.67905756800863 15.462617411146272 3.3080810111741554 6.5307915686952285 1.6822674430726434 
42.42749754948003 40.97071717768998 10.739565351871057 8.548310714786439 -15.630821565219609 
-14.931847822087924 -38.99135335342362 -15.192041468756695 29.13113672293962 -12.067897786086426 
-5.499884425190695 -6.7353499343074645 -12.849789430604533 25.814496139062367 -14.365487699520362 
12.976511335636939 1.1013822136279592 -5.98891791833021 30.07724616320361 -24.27076168963572 
21.206153958858117 5.40329315808687 2.055174672756422 28.439910544267594 -28.94736909487781 
23.49458491045977 9.579354561263731 8.28859187937599 26.318063305157327 -30.34211134710888 
21.155228531756965 11.579624817188018 12.645702102107581 24.804354928963015 -29.49458596904539 
16.664199018235614 10.370027990188238 15.531952597916764 23.63223555461436 -27.948811284441874 
12.431797231745803 8.24445464851858 15.876989488415363 21.93459470149567 -27.254117245382997 
7.869350170875122 6.752256837536216 14.621414960582868 18.48726753793223 -28.64560245641185 
4.000726127241474 4.338819157066641 12.946133926146308 12.273841890056138 -35.17641990443779 
-0.22392845944301665 3.432903999219907 14.440387676481542 -0.41395075897727945 -52.826316543513265 
-0.7307640723152865 2.349572948286268 17.47709120809176 -10.191518683667145 -70.93799956999673 
3.1063537611688106 -0.9962130242375076 15.26325125907093 -4.726455786205731 -69.63085495163348 
2.7141278481473172 -1.922717891376065 16.29612635934659 -3.812818085597109 -65.3807247972552 
0.8584793119932441 -3.4687880430106164 18.382675202660117 -2.6771135042606558 -62.044036492272454 
-0.4873413430163777 -3.7875299757086123 22.125683221504787 -0.8489927517138424 -61.03033462880496 
-4.8772304574516365 -3.050298966541345 29.97752785509527 0.8138420325738868 -62.64282904230091 
-22.09027602379532 1.407589901456441 35.89221718710255 2.8897607122534597 -66.16403035641562 
