1069.1514060438071 1046.227808713399 1073.2798869964258 1068.9070531277407 1072.445689291815 
25.867777135134016 21.862894971974402 -7.8583942720870485 3.989777615226136 -0.9881564395571683 
194.7082155312782 94.59959000268627 -171.58964268601568 -57.698115231496615 -6.806064016973732 
-150.05926907961467 -73.40764324634193 133.97317366369094 66.7754517299906 -4.605037741993053 
-28.41554231731586 -50.86060615782013 41.76810780087999 20.808633283586364 3.9394952251893374 
-1.163298262344785 -28.89227349057374 20.011878625464306 9.161094802469085 3.054543524852265 
7.760085249145832 -15.69028274889238 12.368941993345654 0.7747014435070975 0.3536912470071738 
9.586323241223235 -6.350452865854692 8.278542196633769 -1.0833336941549254 -0.17580065901228903 
5.697913626532249 -3.213947676972635 10.353762942797069 2.457792004210295 0.1314688840649414 
-15.280641067669993 -11.010207162163987 21.186439463303333 5.861873348011125 0.4014818404776247 
250.20729022465318 129.59613179910286 -238.7431325584929 -109.50585954915385 -28.382739068223565 
167.21075358164302 86.3438009662974 -178.3206211746002 -97.81240415388966 -65.89252144308043 
118.2164226672622 56.93332228351942 -131.73794533000617 -60.027155304327124 -104.05543814867562 
86.07394833151942 44.17444995020555 -90.71228989533999 -36.99056056118618 -70.09464252971331 
57.004917261550105 37.65468458792211 -49.36470143405842 -16.08836093215252 -52.12448640269065 
31.265540548145598 25.428396092654364 -27.541040918843944 -6.297174543190133 -60.52698799135256 
8.725726713503823 -12.33029948264636 -18.68755125617507 5.967142808346835 -77.17506103135898 
-3.740713372924911 -8.636008339040833 -2.924943983070891 9.12835505025387 -90.92921041903392 
16.332536364872766 4.767291977085304 -12.9742307104954 0.4409631220533485 -77.75958450989452 
130.7927328941897 54.635039189677876 -153.67624290586437 -81.45407796260244 -70.04141659714949 
-194.37164337182796 -71.2250871685365 240.3339823624137 120.10434539523872 -1.2010079606265194 
125.06064618862442 48.45337823610535 -106.6764029104343 -45.039615533187046 -118.66035725766697 
82.09424622321866 37.89620667711851 -58.87088631062991 -31.566734816199233 -141.54502125601218 
113.44785552033557 45.80402374283212 -79.78635754775492 -41.33654737864689 -154.60809468604293 
145.37061916054273 47.871917132386564 -157.3571393235038 -93.4144404050352 -146.6495348061333 
-77.22245327631829 -26.336684031113652 98.17717866490268 46.26229901097976 4.580311322811559 
-80.3238575658466 -29.697807769425935 90.26977034273744 35.587532190391855 2.043981378561201 
-98.02646380019544 -35.11390432794641 106.21959470390699 43.02100314012705 0.8240327605273434 
-16.907269229949968 -6.684793281725213 42.024163869434894 37.24061474831433 -9.931965468917351 
45.70760099169655 7.892319547588535 25.760836910369637 -7.331534064699711 -175.25994902021012 
-30.980612001999294 -28.540989145928947 57.86139295231768 1.7167604547981736 -166.89403640886312 
-91.34063601126527 -33.2480308130819 105.04453148291785 51.42941177074931 3.1609415933513603 
-116.69996045941798 -46.81129087801474 140.07186780384365 63.12235696396527 -1.2342544800405288 
142.37479020936993 56.267669402842316 -116.4761158450813 -76.20063755600282 -172.11970019354249 
84.65449852521992 13.05815939850384 -92.06981102517021 -60.3702311085142 -162.77817133729948 
-61.50018783489672 -18.156113932898855 81.34616545556996 42.459252792201 4.403233093344807 
-54.90456427120782 -23.471076886922003 50.006103426387085 18.251324555268823 0.949862799353256 
-4.111492511441545 7.438066132829335 -7.188007999592454 -2.5537273841665566 -0.22263785571821199 
-73.4926124699212 -18.816277104652368 66.76877106249324 37.87253574758243 4.397326333210742 
-154.73526080534788 -48.011053712713924 185.89346926776932 119.37671836614128 17.051569020925697 
-117.71450637020818 -15.150406997470938 106.34375588868969 33.47012655107425 4.732991369565815 
-103.39373904693802 -30.554319305821025 90.51593897294717 33.97203219217002 4.179202928625811 
-120.55385883476538 -50.03764081312586 124.55442454959017 63.93657422001034 8.60137033669358 
-143.86013835316032 -69.18339196130732 157.54753619120774 94.67760839316573 11.781631925719276 
-115.54022858362725 -85.34381457717393 124.00590541770639 105.72535382254006 9.555891919176103 
173.22827340935325 112.58369050023649 -138.779826960756 -13.323829030778828 -29.308188191806227 
166.5401283036099 96.7357871583257 -161.06871374349484 -69.21781505001125 -49.11899273021629 
-188.48175232950047 -91.18145149076163 230.3104818888647 124.04334468869756 12.818312006781355 
117.7132956065802 49.19531614210286 -124.2615436309924 20.125841750734452 -45.91947698656672 
65.12096009346638 31.46668762708149 -55.830023930394184 35.702911286739216 -65.3996815675354 
57.52304466833038 27.85042556987439 -44.225413146180024 37.21015342538725 -66.62799939216646 
50.23779224151254 19.437186808020417 -45.87976575821844 34.63500208539968 -73.91229713081 
85.39735036862257 29.539593011951517 -116.90807586118004 -24.516671660890083 -87.28895752418386 
-141.61824855073726 -50.67777616697702 182.7900887386983 98.3252866922939 9.825242159892335 
160.2479861435755 54.43822532733414 -199.6434327135419 -45.61139444000908 -116.19447701087421 
125.86351546933251 50.38401100409367 -119.46109225003975 -40.834354907271255 -63.352699758421004 
-185.4188311121045 -69.30177428947724 189.86369414125642 78.22787255910308 7.666215475976851 
-108.36194776042058 -41.818813854364464 101.60893248849614 40.07827838011971 2.8216285269261587 
-57.09666976319491 -48.0382360545 61.17514977824192 22.98201575804157 0.21672314137917975 
-29.015313413399312 -38.322037338628945 38.10851544746973 17.334091491228378 -3.0215540055244396 
-13.453187330135945 -26.243570197536904 27.768661677013263 11.315110138332136 -3.247879149716611 
-4.40123272330147 -18.262692264732785 22.98109164272882 12.046334559672504 -3.6051144739084027 
-4.253444858670746 -15.550630594171638 23.309654171368994 14.910002638853758 -3.4595936492118664 
-16.803232981686868 -18.46192255329375 32.247855049053314 16.387933634532924 -1.2747407519463163 
-14.656680306819174 -13.31760571005059 31.078034057930473 17.07138214812898 -2.1686162086339404 
-32.7153365437924 -20.536349430248674 52.11234186755137 30.219966816648448 -1.94493997352196 
-64.7640045865694 -41.665963404022335 76.99165578676747 56.81063319856805 12.099428581616294 
-91.20096109994796 -34.380065407632294 98.54165030912219 90.45142863040722 -8.24445502364074 
129.9844393765281 46.037571506904214 -143.7081374112021 -43.84913535884487 -82.3318694979289 
80.3246796310034 28.1408571957318 -111.5242583665866 -56.503182002095194 -90.92566284404082 
43.928755914518334 16.796992594204713 -64.26822044313876 -34.94350439630881 -90.2753489083295 
69.2564842179535 32.7752714600084 -82.62001016807264 -39.474597222849894 -99.49900864027447 
242.19242570737308 125.8114917762233 -268.38394814960714 -142.53469161919 -123.91167114758177 
-163.3820504037232 -63.74373585165571 193.29543038049096 99.28656202017352 -2.8811104778312693 
-11.642518507533543 -0.3205876407592121 38.71271781180809 36.371735859400125 -17.114778212254542 
302.2716333837837 137.99245335820797 -327.1674332871446 -167.80301587556553 -151.38025211303398 
-206.48351797675448 -80.30544838233325 260.3582027689278 137.66683542327473 -4.482735531531001 
147.76317961575347 60.96673809818589 -139.0905544367444 -62.46056498965761 -144.71194089315782 
106.81028813767468 50.02102879238693 -82.40120797962717 -38.565527509772565 -153.2648308330809 
215.9564988936923 89.05314844640662 -228.4044452319906 -120.95590889516694 -158.27181403785886 
-160.35107549088923 -49.05711049066563 205.61143412167976 95.35163893981088 6.812871321980569 
-37.14210826595287 12.542458191080419 71.92348023588346 37.1289026068807 -0.8602054824360968 
250.62114159592736 129.90642824544557 -260.29561361554124 -121.51140494744283 -72.6672282692319 
145.6393847683563 56.08279981804246 -115.96640921028109 -50.74480178047686 -56.797943690234895 
-261.63903921894587 -49.429303331364046 259.04671159973964 102.8820476141299 6.304357356288657 
-237.030234645384 -92.01569950529324 206.20052550551918 95.49570851628734 -2.04906077414615 
-187.97297850888927 -74.7384663329703 176.4279922835048 87.5244813328184 -7.277722628153632 
146.72021458910547 108.50284884647147 -131.10660438936372 -49.18127078239275 -44.960296670853275 
113.20368788491191 78.81807796651556 -98.19830445112507 -59.05975778624633 -50.47556111826095 
222.25889316840508 115.93659893978106 -244.5722155243892 -138.6920379586858 -73.21812841543937 
-146.80826583909808 -56.169621545776344 149.78760511315267 61.95988651289696 6.547611483904295 
-38.159232266194415 -5.161249227505024 44.82575879893406 21.15403108017562 1.4373573003681255 
-189.02350370304833 -96.01781282781283 190.06481794243422 108.08411333459307 -10.943482231831627 
170.7735845381258 62.5652350452444 -155.4680348906811 -66.78735852435425 -102.8911737927235 
100.62811756670426 50.33397223275482 -88.29693749047622 -38.90399128020809 -81.325410498285 
113.00483392749894 43.125805043157875 -119.30686935839456 -51.631581231787045 -77.05447340371983 
-137.75713090688933 -43.79383673072781 148.11667540685383 76.84650258716347 4.378204260919457 
7.139456754799335 33.86393380256043 23.407354572727 13.636306179489708 2.6300993112221644 
-218.48591014070263 -98.92239786891665 211.4222151053218 92.92339878076467 10.38714022568704 
-160.0204671239768 -63.867220542983475 175.5028701210736 92.63948264642741 11.72302811182067 
-118.02069658156852 -48.14734173700095 160.71864306878314 100.01693142380091 8.070614939919677 
-21.300936673043992 -19.705157175298325 65.08230746098765 131.91566593813687 3.143070916354379 
149.03060886539726 71.10766175895209 -135.1543623187522 -11.338964697387635 -72.48871987921953 
86.320201726591 35.44932672867501 -71.39006791928674 39.0752019864611 -67.78583898105413 
159.66528997081429 56.76640083403377 -189.88168460884538 -57.76748068075951 -72.3298442729245 
-171.77904738913372 -55.171208747488166 192.88035717593144 65.16905427075612 8.257359887000057 
-54.34671719954437 -13.659043729251708 70.62140005983336 42.93032319603168 4.518804052000162 
-36.25759208894069 -14.555136564748238 89.77575617571087 93.99210357896916 8.511300981931589 
203.79196116807137 90.6410529690684 -206.24749449975116 1.1463004908329015 -103.48001551736768 
111.14699880963371 48.17828844536668 -94.47096424719633 6.937418497087407 -71.84599915370922 
85.98791072047017 32.26358974154106 -80.28430671745801 -0.5060127746863761 -57.85030856040577 
85.08048069313234 32.44466530917503 -86.3947040904999 -21.86282367962178 -48.41175018920076 
-202.29149888282535 -74.31049085443519 212.45734335466761 88.97455296498575 9.176511007281194 
-112.95346989796019 -67.99961347391745 111.59539402899827 52.09218488353746 4.030940145487632 
-52.96393841184536 -47.82592806300543 63.07531190043557 26.662724537189163 0.9109764657266246 
-20.261009276336374 -34.56309281248798 36.410126716524616 17.774385932642243 -2.015422234475278 
-6.979707465503904 -24.995975792048718 21.09287727993146 4.3231348381247985 -0.14982279613421357 
1.0874807776447897 -18.223720561495643 15.085703841266904 1.1619190270800783 0.6550956538904097 
4.476170705899272 -14.238851601674652 15.927438869203769 3.547923639075402 1.1963839979744193 
2.6972403897929973 -11.664899699485321 20.897469026409606 16.333330563201688 6.681344598207311 
-4.781318332320968 -10.633750475161897 27.233893010214878 31.46629800074186 15.062668173956475 
-20.841394370916817 -14.506367917367353 37.72256019961417 35.087409615128415 13.628559719576081 
-44.03767730670294 -30.341288554079526 49.85397341867289 58.87613137163902 4.733164077534081 
-80.07641144104184 -32.01794843768032 82.16577391586983 91.57656617156839 -8.711378171129699 
189.30117794226763 68.46165332741563 -210.38227522454935 -75.41960651951315 -97.98275401132565 
91.51559583334192 38.39872591017991 -114.48050460203642 -54.239153064773724 -91.22701731965802 
52.06057564534411 30.483855957652032 -61.70621429863822 -27.769899793704443 -80.25957044129713 
58.857080121870595 35.236614195204844 -61.17243577912386 -26.10324425524738 -77.75664191080415 
178.65808797181512 98.98209775062149 -190.03277258582642 -98.57302387714789 -85.26999085452532 
-166.8309447616927 -70.39554722444586 192.3526204042385 104.28953283774679 -21.316498048944105 
103.7354802866689 38.9366923501204 -100.97444757814831 -42.27487985453531 -90.9112916662509 
46.90600341115703 16.520203918630383 -41.14568742568849 -16.86733993951115 -120.4563044117455 
83.10566281662277 28.402518830942444 -73.75474566178455 -31.66720159196418 -145.7671980495832 
232.1317577032943 100.45841031196031 -265.1705887021722 -144.614281233292 -163.138872594376 
-175.38815281967018 -63.86068950263767 226.31740419074538 106.00240782764516 7.630251113338001 
-44.26176262127839 -3.121152509661092 86.13557724667007 45.86874194081502 -2.870781821136257 
138.30324711811863 72.51129558095866 -114.7602386877785 -31.32078890261182 -57.46224862144928 
60.66341663725532 57.68438278849795 -42.92838483138273 -26.073423342597515 -49.65359910962092 
52.97799297668125 49.57602644013659 -30.44726867006145 -23.936375671932467 -84.56398227334998 
59.57753979039644 33.805261006606194 -35.492074155030465 -17.788363466225714 -60.546223460768985 
122.43394614367826 41.64366950948673 -124.5319487611771 -68.69506878380616 -66.87478482586192 
-14.84585675238006 -5.950924933326743 64.17558655275585 34.842551480402726 -37.57246503585936 
-192.2238849062362 -51.08614011978333 206.32934073513266 83.6823269217615 -41.691470840057654 
-186.38885780859914 -44.76278074209605 161.3813284776185 74.51215743293209 6.3819357999248 
-290.81993155455933 -75.67173743209105 215.6194454835369 76.22893408506316 5.0458865644008 
-176.22350085449236 -89.87457913232208 136.65006811993712 61.52768965671216 -1.122134387608149 
380.66244240009274 142.58708321171034 -369.29541451123487 -149.41454593161757 -98.59599104676637 
-173.2566908832618 -49.119515554988844 213.51523420357822 93.32992646832304 7.967821036371555 
-75.54922678481633 -25.929305817671363 77.17583051827852 34.73724791125285 -1.318243498135608 
168.88661669595274 85.27264778759198 -143.71534188941104 -52.18108639043203 -152.4541327522543 
67.89387944135257 10.005538744839544 -57.41905519425961 -9.818033264527974 -139.0882387625355 
50.672995278745404 17.412314986997455 -24.529080296565343 18.21870648269788 -73.86906867311684 
56.02179801338544 12.861776733585184 -44.33409535368598 18.334026396696224 -92.04832089871012 
127.57996072594655 48.42063717779381 -148.53816269415515 -60.62129927965657 -65.7676698233351 
-118.46915704044348 -32.12773285799571 166.40129128488454 73.72552145175062 9.363378146847882 
-167.81241057360222 -64.33564475828429 188.63992794126844 104.65816901973345 11.944263633632247 
-143.0042815720068 -61.598184431445446 197.18829945361557 158.749930812001 14.063767124884606 
279.4510719234223 102.44114357671799 -255.15548647956686 20.53055766114814 -128.26451458624942 
208.4314264893345 67.78448146626737 -244.01459330616947 -34.816677166433735 -124.34303395273714 
-169.7437102364289 -56.230371496316415 204.95231982934854 88.83741851097956 13.563696724992482 
-38.82436325252951 -10.167235114902516 79.08320691869339 57.077166930778255 6.707335381037642 
-8.701480164315697 0.012946436776537507 48.666746882175836 57.54113011386519 6.787143355133036 
-307.46402238873384 -138.59852135719012 335.5563671783347 224.44096354303298 14.380440176138507 
-6.972326991204934 5.267650531421009 43.43480799624404 147.1731963522661 -73.625315116617 
244.1845385146951 121.96531314873296 -262.9939208395647 -80.71496103364343 -119.77644374404423 
86.70237715229831 1.3265286158260245 -106.31171696192153 6.02402041231698 -88.27658246447407 
64.14019763722592 30.317857353805415 -83.86918332114982 1.5139790117429972 -92.42091837088618 
94.15133598047383 41.15246604759311 -86.32424724560455 -27.857822210918403 -25.333208003033015 
-171.33736474197445 -62.61073083061416 179.14205019656768 75.3743242527719 7.493243683675773 
-94.93777890568695 -41.40743475718639 84.42663598030546 34.484439367591214 2.559234082812721 
-39.82937737195228 -46.44136478022004 40.710949750342884 16.89338319792983 0.7875322580201607 
-19.420444088588102 -30.468823330458562 22.902375140967603 9.632670549214632 -0.5979827346584924 
-10.252964273490578 -21.112932953779836 16.580827554073128 8.697625487980753 -1.7144304710517004 
-8.295439079735473 -15.078648260415648 15.310370253802418 10.368069988171209 -1.9774551236034366 
-12.7931845871192 -11.559424553110581 19.836306445166798 13.263161790906638 -1.4145647551535152 
-24.508731446242958 -11.578778719465019 32.9853579079713 19.396657628941252 -0.6145022350678266 
-45.82229816510654 -17.87214514481232 56.48340572808504 30.85972127029753 0.03403044813828243 
-81.91233243593226 -37.89888262467857 92.54430273494525 52.67068475160393 -0.1635707527491907 
-126.36331796312486 -65.85584638947644 131.8803591582237 80.64017974287978 -2.681763836505094 
-70.26018856748834 -35.41699558035859 99.3961334318464 79.70421088167625 -52.951582415670565 
113.19642816809946 32.71537325403024 -108.86718117078931 -34.876942144370666 -127.44107239146156 
68.38672715485221 18.90901591498308 -67.51324105105401 -21.78131966763688 -124.40264106702134 
79.70708695003214 25.257128741740818 -72.00858215364345 -23.681319785782556 -123.26689159613457 
132.2086733999847 47.73199565465257 -146.0479023749953 -68.82373575077624 -123.31711724544442 
-76.89020178657995 -25.204613059023085 117.95330725694421 64.88065498477539 4.801502341730863 
-32.097434345562135 -6.43409197279245 63.23496989116111 35.27825023089602 0.8155020246556797 
-90.8535273422439 -37.149698159855284 123.99551276681154 65.8219775921709 -0.22049119538657505 
-110.12469507584763 18.80657865223081 121.43382908613422 50.98970964530188 -0.587018287613766 
-137.9370276507152 12.710075167157319 157.29233981430562 70.19285535474165 -0.797656904570879 
-137.68546062312979 -46.3457509003436 136.51534365310175 74.8146806008838 -10.651579178390216 
106.4318049671945 22.9112365160672 -77.66093082740855 -36.314720208923326 -130.56416801259996 
94.80881596700779 46.06256212188421 -77.04350513075508 -57.86337456512006 -126.89671283831137 
56.66554002845246 26.995709404774793 -42.02884004255559 -43.89489546501042 -129.07814851431567 
68.66343953797721 41.31968122932561 -35.45786153246336 -20.36390544902068 -76.64456564620386 
112.80455021855421 42.017515811837335 -85.67750639817687 -53.56748630463973 -102.99045566775933 
188.82074443969185 59.55428427611653 -218.3091007050555 -119.349933510522 -76.01802935271596 
-146.03123739345526 -56.18729582342576 153.47186445989058 58.63977244080191 5.540354151389521 
-120.31213806884172 -48.158972179581646 118.75507531312977 45.55665456484128 3.1875159572304583 
-62.19421448050099 -25.86129130709266 75.37821562373648 37.2213512195504 -2.5607090610524836 
-117.55308021544715 -51.29448211878223 129.01583026063048 76.7161190535435 -11.081449779513283 
-56.00688297082308 -29.339924646069733 133.28035337969456 74.73154831328931 -100.37018759544921 
26.103750204406232 3.9185672353352476 23.139215806412896 3.4672403691326865 -139.8628490699493 
186.50451649823086 80.37677497673194 -173.8320356973413 -103.26837010874175 -161.4459683212791 
181.42857872002585 71.146829121188 -174.20399509977847 -79.12737446311169 -55.693539711033345 
-107.37382379537709 -29.046031551764916 163.74558671788955 82.32440779596952 -31.730944174289107 
38.19079417668968 31.920942763324717 14.97593569163611 18.036174042566497 -94.78269163547606 
125.60730559239215 67.53380562685525 -103.11723546885746 -38.60860745603979 -80.73784836519566 
20.111759912514575 7.01200656939371 26.232513927014576 44.56174578451933 -63.38818319229923 
112.63561657535581 33.74171088851775 -86.9321567098558 -6.215449432892898 -70.43319729754475 
-38.55388221201437 4.919823816366767 52.292902459592426 29.8568491104203 -1.617099749970507 
-216.01621633526216 -57.58496146982567 146.14097695394133 49.47124454568001 7.3434324710121555 
-124.09895073103668 25.276613286745615 61.24776754725409 16.93171344620661 3.271093555060172 
-82.80456773513336 31.02819167489288 41.51310938171983 4.572496992217516 1.7310762066759637 
-93.36407401533458 -28.876124699820426 67.47648426984713 25.93203788256599 3.65132658274409 
-171.81232277532433 -101.09943763300934 144.530814057303 83.35653005232538 14.340002466878683 
-93.4025341683712 -66.0098097775907 120.73586969670339 128.34163621050845 25.56102346249139 
156.98879539348437 66.53424212161622 -151.08727143709424 -74.84052646642348 -5.97646432729858 
78.78464430413072 33.17431862261361 -49.34769819145178 -9.818126503989992 -0.8034159058345547 
74.81539163995497 31.78379230584123 -56.04961799702766 -9.844966886051537 -0.8895320998591739 
81.7009888350337 27.06477701958473 -63.95364454208928 -10.049830574916166 -0.9234441053854561 
87.09001836315282 60.88405662530203 -47.968062339386165 -10.840669891849226 -0.6988357694060935 
43.83967251949765 116.34464040968392 -54.30653392035806 -39.719812982161876 -2.430164638829755 
70.95930342609033 77.07197446822329 -93.79723979096087 -42.48139857329727 -17.82049440618745 
-176.29370952027634 17.434271429915896 154.28399094278538 42.573163582778406 4.30569775912244 
-103.44912436700194 -21.156029555418336 85.05756047062815 45.1328649508327 2.041738174999693 
-66.1749251890701 -15.057669082617213 55.39826363563106 3.899726310206092 0.03336906967868025 
-28.911389047266265 -16.301474162661094 25.84346805737898 10.024325830689435 1.0272355477890922 
-55.206097768872596 -82.46379860606714 4.85219659349283 12.511596652858703 1.4167231809668097 
-32.151892611990895 16.109426448637056 20.437181048524288 4.916334164800503 0.689318154462098 
-51.26480569073379 -6.492507168662981 27.444702427462246 -3.5210995707694726 -0.0056727121400683145 
-27.761133631820186 -54.429698403500936 15.909277714513168 7.620187491895256 0.7637538107928352 
-27.927094590750155 -5.062507059929368 27.147022041691102 16.15671068493061 2.221191565417663 
-14.38789309310043 -24.54283609620496 19.204581404168742 60.64579566354361 28.120189623444816 
-32.94450082035053 33.996101691223174 40.58086968863185 2.1063272394594605 -1.6281901355279569 
-30.2980151994465 87.15464955644124 72.33552719903201 19.11860123144221 12.805802863817988 
-41.019014455321866 83.59364979324619 143.2502502553333 102.54791771535396 26.295654264531848 
-125.58708831971347 142.477938444967 234.49102546328794 104.44497667884983 13.698646489737524 
-204.19307481211595 115.14871976844603 281.89543603826405 97.55561803065416 10.850369229575882 
-177.84482324669324 31.88159157579824 204.36469447834548 65.65230531641765 8.228085668390582 
85.30350567451245 59.403093817621304 -130.53089151118414 -71.98558895653535 -5.423645619923938 
173.8032281512761 26.973386550440715 -175.2934587252035 -61.02999301110261 -3.5991553857823058 
151.71689946673385 55.050487091450165 -155.45522838770754 -57.86944050978817 -3.823569719368095 
146.24024747690254 63.60107522072842 -147.27619049873798 -55.09862707611904 -3.827518504444514 
63.5313535536157 60.507535231646614 -12.475937926552366 -2.860970940820295 0.1656358768443787 
170.75663803963994 137.83352603004784 -130.6441137227088 -53.17976946716995 -3.790094522889265 
178.73865968736627 139.6033655494299 -124.95849435769243 -50.06454541554107 -2.8935557341828684 
195.08069778553784 152.24182918123896 -137.45448000637936 -56.476439327168976 -3.1039555344895984 
207.91472659223214 120.64207709693514 -156.9545436687753 -65.53288276395581 -3.4405229017271837 
210.72279516568383 161.04027025583324 -175.21914280740316 -87.27752073482854 -5.7780481131899055 
168.16112381304845 122.15047213149548 -178.45895606247691 -84.02023433655357 3.9828813280456288 
-87.63104983074459 68.30519233815866 -0.052838318410779905 -14.147208120819077 -0.6610664096653284 
