-6.989953779143031 -39.89585587098667 -1.0789709422156095 -7.339952758918525 -2.272967485512073 
-10.865703054539782 -47.49499936926397 -5.040980078282646 -6.616949823271526 0.5105889249959427 
-11.223702315267554 -45.26677139032856 -9.324611746562784 3.8595703243133856 6.885444929966182 
-6.165255767650391 -42.782225200398805 -19.578476435502974 1.381897719626801 8.099272628245092 
3.2745108340596962 -37.261911525625365 -22.911751034637415 -15.956875993083372 0.7232171349950334 
15.890782267026307 -26.931238562452236 -18.360656979706196 -17.2938055698223 -0.6169461395248793 
28.20161827047318 -13.930854509192876 -12.557235861198796 -12.035820015112048 0.22993201378853953 
38.12506288585697 -2.4715335264991425 0.8091796699319193 -4.62007475538399 0.634397520333801 
38.61167185138194 5.5706949824201475 5.656815774169991 -0.12034920162172726 0.6679310558735521 
38.45348579239943 8.913343815040504 0.977506843399783 0.8949964203507634 0.8893411426924838 
43.97654919900584 8.01012218437287 -17.695909231457286 1.459470349448178 2.566441297693724 
45.1347355519597 15.93691646942014 -56.029935884762054 16.454107104889932 0.5376502649479761 
42.6626325041009 33.75196194034747 -53.63211587152555 19.105031918194655 -3.293867202579327 
7.0401464830937375 -21.65750265569499 -45.45241241576102 31.026833247558898 -8.565341054081173 
19.945790437008913 0.5626983779021617 -26.41442880146654 39.147567365116224 -16.239750674881844 
27.465872495826353 3.5007206886291327 -12.060538603300865 36.268171974103964 -19.232373352009233 
30.20755610228549 10.965957073983322 -4.514212560932879 31.929819161232917 -19.086418263723022 
30.486271902627102 17.338590134265143 -1.7735448009947072 31.017383900852806 -18.203440734132478 
27.412967726308153 12.15941118998373 -2.644291859216644 28.001560345815122 -22.564307026119685 
15.831996282764987 7.954557463605415 -0.1089734427211205 8.088146360545686 -41.22969360470229 
1.2004466935421192 7.097225225129597 10.50985658115137 -20.018901319675564 -88.34094720956479 
-0.1734762916089406 -2.0374033058582453 4.264799751439123 -3.2917479883481073 -81.93504580205077 
-1.7026849723149744 -0.15455448853866102 14.903147918389985 -14.300271453555911 -92.23758337352805 
4.308491336454982 6.496605192942866 39.055269699949385 34.94857444042958 4.652461598720225 
8.923072619739262 7.349824894467363 19.53908842363392 9.826887658920775 1.4221718472500666 
19.87531228155293 1.8424541883554357 -1.3896709738653537 4.718380857594064 -34.88530103162824 
16.335105440794624 0.8509407087881133 5.694803479199102 -4.16741115163404 -44.549641451538314 
6.459880288755643 -4.108388997751811 16.104894223847662 -11.944332831460345 -52.596722029927605 
-5.6269892712841605 -8.375198590407638 27.97322068901243 -15.341350785177807 -60.27592853767005 
-18.78413581556873 -15.991030105485137 39.389483742004515 -15.208334215094222 -66.70385508443435 
-34.69966024615281 -22.509251445577974 48.081368042719795 -13.6878986461189 -75.03418566837946 
-47.96380795370382 -25.810192560876132 54.420306389794895 -10.87698347753863 -85.12864693447588 
-57.1256823825058 -15.081537397258787 57.72454972862459 -4.23552504987454 -89.98227466069628 
-51.891501013967535 -13.938077698562275 62.31073701039916 3.8642744703652054 -84.62281738285712 
-41.846877827431264 -3.268284313181033 64.80365412044708 -3.5813783095782723 -96.15873941285905 
-72.89151593223856 25.57590260651367 43.939434613855724 26.955251106442216 3.0985167362002826 
-82.77345759900325 31.043882097657846 19.328625065806587 7.103874952848243 -0.3686417385767981 
-13.201410150757784 -16.19664314853337 31.820779168550132 10.17496334017262 -79.25512445652761 
67.35139895173529 34.22038057670181 19.69460246211896 37.01409591636436 -49.01250678782378 
32.65227009299921 32.05107372239455 11.318891973900778 21.37451626265218 5.926230795905513 
-25.90105435169822 66.21506032102475 -15.585691456098841 -29.361857686140322 -1.5552799256846348 
-3.22385061120987 67.33716403488111 5.6042975181138575 -6.215070270838856 0.16468769746376355 
5.6122368394988476 64.71798397243323 17.15621418594319 11.23245914836144 1.9671465212120205 
10.808701337268342 57.755048262892366 23.68566526862041 14.445869821005694 2.0410908508521413 
14.851456830919846 48.33819390246951 22.5778260669621 14.060959514468385 1.8000719112033874 
15.51131866634236 35.14972049683889 16.079875846647802 13.04131803448447 1.5690690698201568 
12.555916465239704 33.317175803600264 9.785540098223132 8.25258232300058 1.144766088133947 
10.04790064264642 29.545719578991307 5.571606594436177 5.329524483712968 0.9178622161131923 
7.529229849499863 27.164030017856323 5.567103374253842 3.8434458056905925 0.8454651868176947 
5.46266210720204 26.598724139588807 8.797246375233614 3.3017440555262025 0.8769464918345845 
5.447124027406983 27.462886441900828 14.026740403631962 4.124624643531279 1.095803162422708 
9.737216974797729 25.408754189842192 23.02800162916214 7.583149420484456 1.5695971885113138 
5.830376764940531 19.94661544459602 17.807285249487325 18.506172554506772 -0.046393653689763135 
4.942470485470918 11.059797533745678 20.838363835271007 2.8727334218973066 1.7947729845386962 
5.205713340475692 0.02246057482150485 12.001528507070898 0.7776234551944402 0.7775413556629518 
1.6431656546701934 -11.504638880466816 2.69710517881998 -2.9174899704489126 0.8946790154397252 
-0.8268734093435088 -21.69509833096348 -0.8972196454642768 -2.9314541357085475 1.5436345117705916 
-0.6236764559329365 -28.365013010644557 1.2438634890214721 -2.4844694872469533 1.6403003710209132 
-0.5426472690982217 -33.48187985816882 2.7175814739268658 -4.562788326354969 0.6648014320356194 
-2.494305354246541 -38.288633298938194 -1.5954029420172975 -7.892413465061396 0.016690578290120075 
-1.6122458334025649 -38.189395118183526 -1.8516953799451894 -8.60002935029395 0.010087418670650227 
3.366767723670125 -33.56458527742094 -0.07237453676656952 -5.7538696851928455 0.8074200801092809 
10.42048679855853 -26.035484467936474 2.4078755344472627 2.9702836594604753 4.209141944931391 
19.223355470437617 -17.569979939175564 9.716930211006392 15.770369958345475 9.906901323220618 
26.165839945327132 -9.810219912803147 17.366032901534663 21.903890652356676 9.706315228807581 
26.683547028413 -3.452180133194931 13.850224423989697 19.556728405531334 9.565310927365928 
27.39525298349905 0.821004414440036 2.1633297328032373 14.681195390370606 10.918421408830186 
31.361571875863987 6.455712717035348 -14.276708812991487 13.81909105684817 13.970612099240705 
39.002287431809044 18.187473254557492 -27.62458650878398 18.44159011099927 16.05719767824047 
40.210589226067974 26.905720399075932 -27.823868109539596 23.161598772234733 13.350535304203994 
6.169158427890125 -21.77789820212116 -33.95229658771101 35.97245424257379 10.924888123695732 
16.04245389249929 0.36194815804700525 -13.32621068252235 35.59423742811496 2.8457531527119744 
22.667022620652588 2.3831202698553433 -1.969385234540045 37.374255990214074 -1.7341246604979579 
23.6479344033983 8.24229017172908 4.296570427770327 35.59402167306964 -2.8518260978361236 
22.547811814514912 15.169889975162377 8.871716688464538 32.68281377918985 -2.034993600697127 
22.58955404445431 16.37786772045321 11.152923351534843 30.878813434021023 -2.4639331033677503 
22.635355398973736 12.704605271928694 9.311068121294351 31.5572032564474 -5.4969123413154755 
23.803519993884006 7.409964791444907 5.393442720513251 31.142844734356835 -14.259963969769514 
18.708003559760535 5.512375802428833 4.039309759397435 18.599640108757352 -36.17674640592372 
10.037689043550294 8.91611915378049 12.618752176345879 -11.511114588021979 -80.72635449038715 
16.77840861426257 2.7310311301577332 6.741856311821003 -3.4037100017500674 -96.99311597449739 
19.16551649487002 0.4654012550810519 9.042716484801437 -7.406001206015578 -110.90845666867727 
10.882014100732185 1.7523640568771637 13.917976934011087 -16.359108190323802 -136.87285100011462 
-3.3600185913020213 -2.846851883663784 19.072303282776016 17.62514096973165 3.1321304118047313 
-20.56624846496439 -9.525876502472403 25.010485739734627 9.365577567603317 -0.9278290174745883 
-46.95069906107633 -16.651458766935846 30.510920825210782 13.551679943709217 0.7924517388849219 
-108.41669956397719 73.37470674450806 39.38288358593206 16.626208605921274 1.4790796563205233 
-94.07801311661704 -50.62048126330598 -8.147876746301572 -0.3579472435709659 -0.17171145026160378 
196.43637163505383 92.22265928224269 4.265639235203317 -79.38458865728067 -199.61387442575804 
19.620847976977025 25.544238290751892 -28.0886180184503 -63.149062819623076 -141.2497625101717 
-32.90538150904428 -33.56235024317082 9.84718026593297 24.29929872715003 4.2072279075533014 
-41.412152660659466 -23.140822059370723 13.403982947326908 -3.023511541588079 -1.6379606538427023 
-1.5373579251764833 -3.7105855000037553 29.878992124792088 -7.424038313880444 -69.16072606953836 
21.815724235185126 12.037208619914038 40.62680792335493 22.15253909733846 -70.74654298023025 
31.379804664690667 23.159872994078025 49.64420405338541 34.51065008494505 -83.34907088588612 
48.85615434178824 26.82024909685049 60.46603047759221 56.72470672947202 -107.04632799458112 
53.694504759566456 16.81265286844793 48.75550610328013 74.1067826900503 -73.42279251381561 
-3.2095055055201174 9.629424053083845 23.835916672803936 19.448306831334992 -14.346867766749162 
-75.48471867535271 19.062902247045606 57.96608445699612 0.7826842146973789 1.229313976226531 
-63.04059534179318 37.09942950305626 46.67011870926554 15.93371138872878 2.0904818494672757 
-17.444210344772266 52.91080632193749 52.76471606300537 42.07716580985861 5.245054190522502 
18.444051490748073 63.126287529543355 25.336579092101637 62.75549004506516 15.112669840396316 
-1.8172157402294309 80.00048353355123 -36.34970509186684 -103.69002709593356 -8.436358749665548 
21.247357545989786 27.970903168681385 -23.149399145064844 -17.291452218072227 -1.4838786370085315 
24.29296666330541 24.58922717924533 6.1728809279778885 31.351946890511044 2.8804407030468426 
17.595428671329415 23.003128974901188 32.988570511956524 40.67865622507613 3.833452869471351 
9.653968076796668 21.518335048267964 60.185710766770164 33.057833612376605 3.558387282924331 
-3.2713525987109406 41.65213977352441 79.86481765917031 25.06185573996773 3.357085868215974 
-8.557064202705748 43.36494306084938 81.79781282435553 15.776644305960236 2.722544501698374 
-0.3852663978244764 -14.822237354601706 27.77931706738926 15.116688290706799 3.6194389787338843 
80.37594740283362 31.965522259587047 -77.14345689300563 151.57021728658472 -27.19710334021844 
63.57960597085474 37.015567153548666 -9.027784638102785 40.98690905285392 -59.83762019647946 
12.632068381819815 6.450485552628637 -22.349607228078877 13.253843960330485 -51.7809189801394 
-42.84793772138913 -57.57449727955665 -41.836635858219836 -35.95461580517286 -33.06585764021965 
-95.90740024290996 -53.37545851330606 -40.34257560089968 -95.94854004340161 -155.07050527454987 
-73.6301519264404 -54.93089466616193 162.8008669241269 112.27745583611697 12.74843967932372 
-64.68548049137333 -51.90583252488773 81.08253964249138 27.1424574364488 2.52901957820339 
-40.52639723084503 -44.273801336352776 21.113227007307025 -4.180136309517645 1.3649222705338113 
-10.348522950999826 -30.255408727684642 -14.284477184459389 -15.887990008572284 1.8000886210450449 
28.25179597755376 -10.925805827914925 -26.439676439351615 -5.14629611586415 4.368909712893708 
69.5057574354219 8.587533212123748 -23.606157320235273 19.099918660198785 15.249386112536879 
80.46792571536109 29.65355878660712 -40.37044441304501 17.790238540857544 23.66640083145167 
45.20051210582186 51.9204015548926 -36.56140941020617 -59.04937824091449 -51.34614402844427 
-12.772510660196184 -35.55401637621167 -62.87095624017707 -4.7428493708593065 -100.5930108724688 
13.152760656811015 -0.292785446491798 -47.07820822968702 -5.3468704416957555 -78.61806525632733 
25.819468899725372 4.093303545046962 -42.69422779329085 -0.9138248153620755 -62.82746191455678 
39.417915197788474 9.414502030920008 -23.58387617835333 6.603215742999629 -57.19311950722345 
38.532513223122294 8.039756096201298 -11.355200686121506 13.457496278745007 -55.89621157383227 
30.781872119732384 11.807100906162455 -2.2405913982798893 13.889717742472333 -59.53296266692365 
22.70562493902458 15.050383593905282 3.6940968663796854 10.822417263458883 -64.66280020260398 
18.339877796565897 11.585768876246313 8.545596330953211 5.793180899069612 -71.31492131523062 
12.237922446760228 7.000798339795247 3.197269186940054 0.8831541139177821 -79.8925667479413 
8.771657006682156 4.860662287031414 -3.483229967896918 -5.853138272545021 -91.28889496719468 
8.327806618489303 1.4252562166389295 -5.2943862598825335 -13.23934587576092 -104.27287520119762 
10.159153863911444 -1.3399587134916982 7.830553467828846 -20.7633596560619 -153.24515016365686 
6.8940667606471715 5.637426637500988 38.47266260342251 39.42150142405732 6.2183416047660645 
2.049554258202124 3.5859924353304797 18.307002527241668 0.6460620694773357 -1.4875975000759771 
2.1783824916122865 0.06019745816103691 -0.23944156028725372 -1.8249135147741986 -0.2032863393048937 
7.319244748729459 -6.8897026079506745 1.604461579257714 -20.87768097423757 -132.65276782382722 
4.922788806945797 -7.6280605846224026 10.644897132307769 -27.975984270073837 -158.40313919847995 
-2.0825772434956495 -2.4130620334468853 28.11927837360885 30.524167581923717 5.0148807064660375 
-13.50871724386002 -6.374352296335515 17.4880414039826 2.450453973352516 -0.5896204720279288 
-18.424846892637493 -17.93098749365113 24.614802038191076 -31.104146118108446 -117.86184572073792 
-27.66648049838878 -22.485257418904425 37.95982078418639 -26.019413122184005 -126.24081927017475 
-28.50125300413258 -17.599083295909317 54.17994416753849 36.85550590204312 5.158431593024879 
-17.980896172275106 -18.090716262385936 52.247378757105366 -6.5932252812335435 -97.56504244243558 
-21.28228313027793 -12.85442557316207 52.82214539444223 0.1345287582849911 -112.80345464016366 
-21.077800389889468 -3.1309933419790874 55.240942936510635 7.433337077017289 -119.59260477690037 
-6.560734394692307 8.139345635176175 62.25963797226758 19.875624141699895 -111.3460979380095 
3.3283482844825683 18.31684492897756 63.50453354867414 32.79340683737506 -94.00967224479186 
7.696989861714259 20.355129824216313 58.367680089104454 45.41825466672683 -74.84858946125537 
-7.1765878091036965 28.684411830066402 36.66093272240653 43.520703574355196 -15.410637613908788 
-40.33039105936413 47.899133151036644 -8.795785339299059 -30.40190673683574 -1.5744605876440076 
-11.672728188304148 46.73584301120426 11.538883531337259 -4.229270338031717 -0.14914519162484446 
-0.5362623862735154 48.23108168635044 22.998762360869623 8.442933874367458 1.6642676020898692 
5.602821049697275 45.80857047240299 27.514267316992743 13.852269138862372 2.2612019113115536 
10.193563965578564 42.053091777260654 24.24962155486536 14.310683906818825 2.1547448260296993 
12.888974952819366 38.07707553196787 16.27832199838794 11.394034310016906 1.5901528098379636 
11.998923333763791 33.35993278501945 10.204653972423326 9.822494081884576 1.2402351569498282 
10.340174724814448 29.02883141766546 11.220808172431134 10.752785139033234 1.3179191394083511 
11.072954873998006 28.473336438734897 19.486297031775052 13.3105434967495 1.6992014723485096 
12.348794135996904 33.426655325594105 33.42190002581648 16.200453288134515 2.226474852687757 
7.463036568574527 43.51909355807301 41.49001694804546 17.62744262567718 2.6262363776777837 
-1.918402762860671 37.227412436758414 30.208657555777155 6.325391889042099 1.7526112540383434 
24.465000380386027 -11.90126860727854 -9.655294685990784 16.944955020513362 -0.4183479227750077 
81.10380938495929 41.17633799646241 -79.99069545114979 132.55226819261796 -75.4588837238329 
38.161289458675 18.623021251754984 -41.34696051259314 5.151142580040304 -59.87407631998529 
-46.07734696904518 -15.355495749130972 -64.40344088569526 -38.73328627533355 -173.5310820991303 
-47.1581623839079 -34.45902632427224 118.85458819419252 94.24261812804251 12.316451154354738 
-60.90334330378706 -38.05151659870686 63.39081146009527 17.464563496650154 0.5791674529681156 
-41.1237448622004 -39.444821348019644 15.64788167057013 2.308812867735599 1.444599254078758 
-21.460383503619276 -35.637976744178026 -9.886847200162023 -23.596477866263978 -1.1893369133320706 
-3.5536482724453236 -28.102305742193046 -23.368066547090162 -16.48928305085517 -0.22116298038145696 
14.908945748439024 -14.48074184748324 -12.952429482968663 -8.688529829417647 0.2577460720086269 
35.59104179983003 2.4228524798826143 4.213392392624887 0.05480655684408295 0.8497727420849124 
50.590430200105956 20.92340202312096 8.182978448591836 12.799619191313418 3.9363512834182894 
60.58743830323643 37.59047462554819 -5.179337087620149 32.23460225215517 9.447021160082148 
45.29633703202893 45.72100496697699 -1.8448199166924406 32.960457142116994 -2.1474673076277933 
8.34089750419953 -21.31136219981573 -15.169761623079497 44.43670656577309 -9.677036001290613 
11.640203371341935 -0.3615332140079893 3.3243379770620423 35.95487383675001 -12.201185982090026 
15.827981346016157 0.2010491730975038 16.682883424129983 35.48900121526258 -15.079779030052398 
16.793519146850606 6.826587294219128 24.23334598252129 32.83657941517185 -16.64644922351208 
16.86487262887174 15.289823593272189 26.67224112033599 28.447281213245127 -17.99781615709221 
15.800297928882827 12.24222998018957 23.489346938666326 24.540269806595887 -19.839028310898104 
11.80158031411204 6.383797676820824 16.15325463979843 19.82217949073246 -23.950888768360805 
5.721930427921261 3.8870429759369434 9.59076483391278 7.251272102526235 -35.66057070132032 
-3.407496377557145 4.638685386671638 10.233017866465323 -15.847933704108755 -68.24229376280617 
-10.312504925259748 1.5555775901905915 1.0360360012458052 -18.235603794881268 -77.31459222945475 
4.0036015864535495 -0.21005544164111095 7.668155448249924 -12.617431377174759 -71.86341219494369 
8.170440590022748 -0.014402076938668268 10.032829879983309 -10.099213471045386 -65.51864753630976 
9.315076604284517 -0.33042003063846753 10.75664093112416 -9.40370475589782 -57.96163349837925 
9.655794869403273 1.5044737688687477 15.086739098544976 -14.9883454155091 -61.42660134086605 
14.338590328241681 5.584495580539918 28.255453351267143 32.905501414713655 4.682555956882075 
20.833319250874652 1.5314688638474485 10.235756129414963 0.10431798788943554 -29.821452155176353 
14.495218366144522 -2.688869456875379 12.626829660435334 -1.6860295779167485 -48.3609758891593 
-2.7908586617733313 -10.206765072357818 26.18221109774549 -17.46319174301067 -78.81460701540972 
-23.886917139961874 -16.546657470622527 43.833629146895134 -35.410198349008645 -128.60301067845063 
-18.534990028865 -19.841137753994662 56.582012488107104 -31.11228905847186 -147.108213910733 
-30.385779925356672 -17.237656917868055 39.73255233752676 24.387217467788304 3.655010198016118 
-31.74504526997763 -17.42552045693161 37.25633785762067 8.53862736058202 -0.397619785281063 
-26.140119299991834 -20.708755696337374 54.22898369605662 -26.094605029742414 -169.06022413559796 
-38.29670091601827 -12.812697449959362 41.47854589748545 27.688020864817517 4.053739352463974 
-37.50667176649341 -16.578751433171128 36.315529052200404 19.05062161006259 -7.108267351725557 
-6.904458429378792 -21.216392686643278 45.08808412779692 -13.888964325866883 -173.10188852069663 
60.37043124441959 32.59745814225684 48.722750931151346 6.248544375580305 -153.10986711168067 
22.781909628416308 19.724814660019806 44.31145822903024 19.619369892120258 -106.60173784911098 
-0.46424414781936824 12.780287745708712 50.481064141338216 28.224816402435366 -66.97850954437185 
-20.124238940552573 9.802051020302223 54.3966660513514 34.9903811701746 -27.913802536820004 
-27.59657841068876 31.539267194000796 47.54159333456253 36.03180487499791 6.996061985211752 
-38.85312894381468 48.63610519842647 23.091020242813666 -21.377825299683895 -0.9736837750676667 
-21.459194012166513 39.89011925992568 28.130179750474436 3.699452669458313 0.808895930796901 
-8.522137344068746 29.85558757247891 31.972484612503337 10.631819042870431 1.781004788950156 
-7.2690750332678915 22.621866913406077 36.66044815743128 21.389926355858638 2.8914806950474246 
-2.0893211862742693 26.275261677189704 51.08525651174058 39.01163843882896 4.515646485554266 
20.177315863870945 34.38066070167707 72.07793353886468 58.18113233336485 6.579970060699978 
28.862622478904047 41.02754864166252 29.025437331493954 118.53158307799747 33.85564473883587 
-21.901517839095927 68.20817050683688 -7.197206105572062 -119.86757024658532 -7.628679430123159 
3.4747690757415155 21.26891857507126 0.7037501100472711 -5.4441860673710964 -0.8724822078150012 
0.7039050378126795 13.42093619277489 21.309860802654118 54.26402876313526 4.589520822226136 
-8.242933203515433 11.310119687029387 45.74952081045031 34.42976874173152 3.3614084376157827 
-17.146444369629926 7.951456287008404 52.7252838003683 22.919958472693924 2.600875000808089 
-23.05666347830575 6.836064897676344 47.84520461983026 19.322679918451133 2.528461001202468 
-25.970788685226786 1.5912128474886365 33.38490430738036 6.2065272730898675 1.4590744392797235 
-28.47238055068322 -20.821367804108807 -0.3334385133821163 -7.540151300225065 0.4092155996767084 
-37.471163994847615 -40.36202582412606 -66.98761507408221 38.05497126439532 -118.02630224413662 
-20.997941005030675 -29.917904733938727 95.57213848183189 76.12747970150821 11.115963015334154 
-30.357611316883162 -33.161447391383376 54.11497339970856 11.365917621951368 0.180252481226879 
-26.771689695974484 -40.108771422917954 12.182702547211923 -10.154266860770312 0.2941018792565322 
-16.501643206151105 -39.61066445674752 -15.263107013829991 -14.544031326324703 0.006029990403218192 
-0.9920402222287734 -29.72808627434415 -19.201167618273708 -14.57391919055538 -0.32293306813246375 
19.630841488433152 -13.703449899068632 -9.50527449395241 -5.748997982840295 0.1825805371641512 
38.12624684083464 7.158407687209588 -1.4888726053604935 5.262942032370323 0.9606041506737302 
22.895695629641384 40.29650694925358 -4.364385128991614 -3.887217880306546 -73.28770151040773 
-21.286422834591125 -46.97063513489993 10.061588181429945 31.781391283836605 4.690472851530351 
-4.25080902567114 -8.987961088548577 -8.906953242884267 26.290096262777148 -13.855062759345753 
13.387315760308404 2.086456691864683 -5.266627921639963 33.70230851939033 -25.637678808083933 
21.394609171272933 5.4887828326857875 3.3291754214773333 33.3392540896034 -31.520362449978517 
23.385655005456098 9.360798471695489 10.25850975062234 30.963001692621788 -32.59514379787073 
20.311606540546556 10.502933391119033 15.234413462910494 28.16122405337989 -31.351801067700027 
14.717092714687054 9.286077833626178 18.48513805887348 25.153786816334925 -30.1506589004208 
9.344987015350972 7.909237255859856 19.218983448769134 21.417295788174382 -29.84908937108099 
4.35000879629551 7.623548620192816 18.578689118516003 16.68112457170257 -30.037904801560444 
2.68309892991731 6.391944375765395 16.880162176562546 13.067555844375514 -30.772815167240278 
3.775374918466304 5.087597355712811 15.053199450466751 10.144281746616462 -33.28039917950974 
6.507902514619316 2.963936375524751 14.376689051083135 7.342846282101908 -37.49795510797296 
7.746505473252266 1.441444033932028 14.553482161348883 5.401375302757115 -41.98499135446258 
5.842331181486941 -0.0090423029216592 15.731433628011745 4.080394575841671 -46.37540407051452 
3.5618748506666296 -2.8811494123299908 18.617943670582058 3.756697166156651 -50.81474892879686 
2.0948712449418725 -4.052776698566636 23.877291670662274 5.170058477063729 -55.14765670494662 
-0.20968216936240267 -0.8304581076298734 35.30760327066319 6.054215318924862 -59.56248946244421 
-18.534559497322903 6.684473391651216 38.7758636827014 6.367874287689032 -64.2958115427054 
