-7.1021434719419965 -40.010185817129866 -1.1907818512733703 -7.452164933862104 -2.3848547695473767 
-9.64681531877919 -49.306965239434156 -4.221724036372844 -6.6918746811986365 0.48374241593730055 
-14.367348702021317 -38.61166018655701 -7.136047445783007 -2.817557762419627 2.223836166220274 
-7.6798861995560985 -31.183257375661867 -10.318374125324738 -7.61438694206033 1.843723750301208 
5.900169975670813 -24.077158694926347 -14.889878642202982 -10.618121227722202 0.56633859716416 
24.97206507128396 -17.916791724048313 -17.74442718599654 2.195955892811459 12.14118478987024 
29.164019870773394 -8.936027498113962 -32.79393656117959 10.177435869431156 29.857125272740614 
29.988102926815746 -4.1499011172405265 -29.29806471428092 6.862902161362596 23.36148105044416 
30.81891707377926 -1.0809459236932895 -21.821535906796708 -3.717291943932638 10.971990810631112 
32.1579734759593 4.963268609108496 -10.795920491125445 -14.434477135049448 -2.8331152650549685 
21.714127916758617 21.054044811203084 -30.87682048898495 -19.03095059569495 -59.707665218229444 
-3.789752498675619 -21.883167236688195 -56.33191982463373 -16.771343376274096 -57.12795633367364 
13.51027221248062 -3.3394591337344637 -56.775013079414684 -17.906221355493454 -59.46948147024583 
24.028018761736345 1.0759993104806915 -51.96926524473436 -7.730633684603113 -62.57389840085584 
32.902072434294794 7.211671334363628 -32.302338229142165 2.137917151085637 -70.47960419241454 
32.133799896314606 5.995681804314366 -21.1101721083181 6.727841550938093 -74.34243457422116 
28.0563913742018 11.762823230528019 -13.48736341216744 4.449805559772968 -74.4716012715052 
25.031919656262364 15.341136719216792 -7.180813788322822 1.0499017730939282 -70.68109448116141 
21.31970202638209 13.807101910149308 -3.7132904396702067 -2.263558770586784 -66.9183888945723 
15.991715796181573 10.594598175125661 -3.402510837910261 -6.4193272143606155 -65.994915394623 
12.61360906028894 7.01399829892008 -3.4793665636330995 -8.544944021389464 -66.68102744872344 
12.109089635912467 5.415343288656152 -0.3323031733810646 -8.881329742052417 -68.87216438679087 
15.147007241970888 5.067977227167372 1.603199991374134 -10.714188807595413 -73.59734248932214 
19.52639740970122 4.824733744916642 -0.31392501447347054 -15.770014632976425 -81.30042585263239 
22.65176539230055 3.73112726019264 -4.344054565926221 -22.99082836023189 -90.41746679677374 
21.079454590440353 2.2972969372495213 -7.387662575024472 -30.799557314481632 -97.8200010133541 
10.390251847496227 -2.269867834107625 -6.260236634582459 -40.15618708432088 -103.78317281225328 
-4.4777264676564394 -10.804490206452344 10.914456737777375 -56.815320402943314 -143.19548157563582 
-16.1365220183223 -9.288526880454365 51.537671294050966 43.090567912802236 6.336941413255417 
-31.004561760849207 -16.48018602896238 43.72822106998758 4.846528736989307 -1.413224056227829 
-40.20435320170193 -21.00496184879919 32.20980152032311 11.106491778115641 1.9925391284747942 
-35.83697103668886 -26.773158381713788 42.10328144266993 -11.261523269055239 -96.07063459572524 
-38.02897817670652 -23.37354051686298 52.75944388538438 -9.412351189176333 -109.71840113348144 
-34.33000560848742 -10.345923815138857 62.31894147457049 -3.9279378806457443 -111.64985371500421 
-34.888076813973484 9.945595465036986 66.69245974715804 4.811407569858423 -104.54724589210537 
-25.20274976300183 20.691042041310762 64.40198724890645 12.055498458247284 -99.48505043299056 
-9.19157051139359 10.167455028882035 58.090679900266615 19.943006886151217 -93.00542031859058 
22.759865631895064 -3.4563122689010597 44.44720688906631 33.3774553311467 -87.70543327725686 
39.39572353562598 36.1891233530638 34.34108600378813 41.63782037174175 -54.32525499888152 
-8.500872545091001 41.26394206093453 24.665132102289654 20.8369179125251 5.302383714718602 
-12.352826082972687 58.44601272988915 -11.371422914631776 -27.706487392746535 -1.4320544252698963 
-0.1019504955816227 69.55985140600966 2.059536877854955 -7.616682839545071 -0.08704811559349221 
7.7134134154795895 67.03134373076794 13.648493468236053 9.840173958638763 1.8084259079357397 
13.702816156142585 59.00640261349707 20.46873694511111 14.880303830444575 2.0357646662676174 
18.207486963927384 54.71770803550684 20.15165188924709 13.097552124612406 1.7026763918828802 
20.81268914556992 47.98385459122359 15.369109063512125 10.787844954083312 1.403337205505758 
18.99657043151647 38.905881184280055 9.677168079506199 8.357504966094572 1.161626423970283 
14.080521503196433 30.621121413300926 5.801115892674219 6.3474306701180385 0.9971754722690339 
8.03588846899396 24.205784002096426 5.4757332584035865 4.668765119298649 0.8944707087649164 
2.0965209174654325 18.971594843571904 6.636045667249001 3.208532569642827 0.8154768627499794 
-1.420951419583601 13.75336210774096 7.579848297266193 1.8084849104933185 0.7942409387229206 
-2.4772844242908607 5.746903457368213 9.666448654594106 1.3823967045411631 0.9229560148316216 
-1.143577659109609 -3.367276370405226 13.182327294982707 3.1169310467759286 0.8938701910736517 
0.6573543349601905 -9.601798864033672 17.98100049020067 4.659428966680429 1.214676000828288 
3.046165629200269 -13.64636610152289 23.133927197026814 4.400150843300137 1.5414773628237406 
4.512799726603557 -20.73508551862035 22.65379778420178 4.617570402953183 1.8868682264683239 
1.9139397726011032 -31.744595609888837 10.182730543175946 -1.3206043269144 1.3917681544146179 
-6.761545342332578 -43.494735509355344 -22.725690539018995 -5.1510355031418555 1.28208172727066 
-22.050253861523267 -68.36054312965958 -70.61674781654487 24.17138094333445 47.03309156103122 
70.4657060442996 87.50605309395173 -48.28674125429804 -6.300518137844218 32.03193367822539 
23.09224141408969 5.793839152114541 -10.70553805230693 -49.42813747015301 -9.085370321638012 
-28.15199301023603 -99.3516881976769 -9.180126662306522 -14.633960303919281 0.6637436093395268 
-39.303092278086474 -26.758269418021342 33.60661558738722 38.46227490515065 5.337623173472527 
-22.264719528769636 -19.318341847482746 19.7365087870232 -0.08701561830667041 1.857014395192908 
10.45320946077085 -18.371869033781373 20.528942559153514 10.715772771272947 2.0654397700585525 
27.6193490447292 -6.30278329276878 15.670512106801285 10.406422316498626 1.930086770620495 
45.21862068526948 3.276343149930981 2.617067234059139 19.55432955276091 8.092157521880072 
50.201518076638905 16.728498947735844 -19.275451553066564 9.045712532663137 9.294165184659443 
28.55087651630835 30.78788569360239 -28.334535651579483 -34.43278182746093 -56.28128284118122 
-2.7519246495754293 -25.55246852710532 -60.40850949295626 -11.749352460860239 -92.21592934576502 
13.668347318853872 -3.659366701092805 -46.06867127568301 -13.16734454717567 -69.64879518537816 
27.553052909370106 5.672011258521678 -28.06481140544091 -6.70708775354521 -60.52732559954396 
32.363370640333756 7.363757336471558 -16.932417001569245 -0.15134039885621395 -54.611381064988606 
30.047610251511482 12.198132977363477 -11.271320839622241 0.896059013385982 -53.62083208775215 
26.63651957294843 15.133663002379134 -6.808875197806246 0.04159820531919171 -56.84372569339466 
23.846674804528078 15.105116430218745 -3.70998123496006 -0.9098698837389124 -65.37389132853696 
21.26330566461925 10.807161323003053 -2.3499346340973317 -1.5211679358937567 -79.12488544439454 
20.581783101097734 5.338772768906562 -1.3883638477847764 -3.089216049787643 -96.02168844752698 
16.506621776388116 1.074181593277502 -1.6472550678203963 -7.175102342537865 -114.65062824060276 
8.493158255929046 -0.775166029806775 2.143500746830568 -13.03156034518677 -160.49758358549576 
4.14604103808076 6.930685924461653 24.357593473048723 29.319017812693662 5.469592303722697 
0.7378137059695243 1.0912792377412197 7.799022640553737 -2.000842897351534 -1.3829508259400745 
2.7628978288188293 -7.141405267798516 5.220659362596572 -28.807319937504538 -139.46338086007987 
3.0244109779945045 3.0806600415513534 23.085580529743957 31.640148221562974 6.878055252814076 
8.38738207445677 3.509933260936215 18.98019001405028 11.47504110173501 1.6226845992833723 
16.89614649863935 -5.092837410599801 12.234001996482446 8.077804397196168 -66.54806870407147 
-4.628612576478101 -9.748054365078502 27.591501324538807 -16.10959455127464 -84.0473200584536 
-26.388471733520092 -18.8080050061867 40.555178608226484 -25.96742888677987 -101.86320410517965 
-40.391190044121835 -24.815641799109795 53.348934156352556 -19.115567336120122 -104.37845287325838 
-35.379750501204725 -24.273814406028293 70.32935081736328 -5.206556399601911 -98.45028624365551 
-26.32508909069591 -18.88777115965119 77.85487877400553 8.763482079863447 -92.14456141924788 
-12.089163643329321 -10.613966718902153 74.81079252136686 18.26435290845846 -88.3595092134268 
7.330567154901505 0.38562758579592066 66.17785981894262 23.037562724625133 -87.89855086271189 
21.19132692234594 7.072866059263256 58.31019492515536 24.39106562445728 -92.35226828287094 
25.931044051444953 7.366828529974934 55.65467764413494 25.034169395234443 -119.40051833147639 
4.195386895369223 25.521359449626107 44.98833728288102 52.053615171284136 9.501257996065513 
41.93121228622278 14.459762652842729 36.79287158317428 68.3501526365051 -46.277243376456724 
5.938960756108419 51.75830974005008 41.82778739929221 45.38888922938294 -16.387010132632554 
-44.73032242111383 77.21750183575051 -0.7904787890580796 -40.13829287628802 -2.828126039899564 
-32.32672378156667 61.39344196964793 7.41914674544912 -7.3801913753021084 0.07635343763356589 
-25.009942666918995 55.57574929528505 20.393136043645796 1.0204067943732293 1.0971405735675006 
-10.347051094388403 37.811458421049146 25.72813594794529 18.868681426345802 2.493456744556971 
-3.7171517246028802 27.136281313408986 20.699944293333896 16.15313947112434 1.9384152086968893 
3.4020345874100424 14.945561263559881 14.793608407447516 13.760111461366483 1.4638698757446584 
7.533000699555824 6.91974436771681 14.8773873091686 15.688080550964049 1.5764990824042484 
2.795890650838276 3.7926408665786733 20.708075642301807 19.092162406828976 1.9834323172503954 
-3.5401874632304784 6.32761198830961 37.80333061115028 18.731685149607717 2.307883137548672 
-21.493985599806 46.30409810738546 63.601181913877234 13.937330155828494 2.45317213492643 
-14.131422600242443 32.83303784125741 84.33860115645734 3.484271220081515 1.8265328991322014 
-21.097151953540294 -31.60191560441583 38.32225385491824 6.840535720588987 1.810457651685688 
-20.497917152197093 -67.3073078141115 -43.03479128083679 57.451812061424526 2.0124655317060935 
-7.0766657634397205 -17.217844492798147 26.01140755718606 3.5728288802450416 2.680726921800902 
10.622736692566464 -6.112958789711793 36.64844696251031 10.053681911075195 1.0946265173957155 
24.685842886462414 -7.450724962238013 41.13767250744578 14.029962752812372 2.908361720096117 
28.1481969355893 -12.197028133404512 28.034414593198658 24.198846920479845 10.809824237658013 
33.84132936858303 -9.768948698702651 -14.9743963983749 68.97126255923789 51.02050790727267 
9.594287076114208 -1.119218511763508 -71.0633250248923 58.88144548953557 81.61591966146949 
-11.165213055926479 0.7940398835217035 -44.7918432798635 -0.7278956862071501 42.22363268316184 
-8.64117485558614 -7.930946595664375 -43.001948019028255 -9.08967322551979 23.60484237023943 
-2.0769923803168915 -5.915395411613521 -47.73338812845561 -6.58709595586529 16.67473645348801 
7.62442314779415 -2.2033561754815847 -36.27613771321878 -29.634256629505487 -3.1082549662242056 
0.25004460264488754 -0.7378401158652628 -37.35564493108586 -59.886812796433716 -31.44253505035245 
16.044249845411887 0.5968339221685144 -44.3674477126894 -2.4434447544890237 -80.84354630774224 
27.861852098037414 3.0833780761703466 -33.96723654573871 2.141979760971781 -68.23181691939836 
30.22845614806558 1.4576507177952567 -31.92184789458832 -0.6602549483402462 -53.497777079269305 
20.841279021727463 1.0652510536685138 -37.845550676743976 1.0374311233828861 -47.32686215568519 
27.00039275720606 3.9606294828502855 -22.583517129690183 6.946743109781432 -54.00277309233153 
27.35418759135128 3.3232179355297844 -11.279969408123067 14.707791091572552 -64.96072956461009 
22.840669271268105 8.648164878463808 -2.919168756700223 16.122239725771507 -77.37991551780156 
17.279727601709087 6.3008079316715095 0.986016489062684 12.423987413897267 -85.67350780811643 
6.881772756607927 2.7092503048088097 2.4891013086587357 2.634728747504286 -90.21638468218777 
-4.500751324436284 3.982472373861615 10.563653806951994 -12.947673231221188 -134.55354650902962 
2.3788844615298665 10.276679821118442 51.85678168918371 53.05536732381109 6.935077110408945 
0.812087545669986 10.676096731636571 20.054720577978262 2.434711119051302 -1.5180752854587491 
9.071928693714868 4.83056410746149 -8.747387798745702 -5.396366877561441 -71.15554472099106 
21.38040644514148 3.6094741100154435 0.6766345625701454 -2.7084031223761937 -83.65089940768449 
31.534768795968407 3.4346522823568715 12.294696607218139 -9.605480873523616 -96.51476400063717 
21.534954303869906 0.5706119409513233 7.754434007444232 -15.68940729254841 -110.71600483928448 
12.59739713244094 -4.45698162203097 6.79622768787026 -26.440252188994865 -126.97997487758204 
-1.5976988588711465 -11.857070537415392 11.464406863605161 -40.56383826809379 -180.9996790102762 
-13.084741927410501 -6.740805496286301 39.47042641297093 39.34605676234231 6.384197498632501 
-27.002559557034814 -11.5925770325533 25.878768832733748 0.2754434306622647 -1.770005736875678 
-33.047008065411106 -19.220045999835612 20.19219750822729 5.112907426740991 0.4354132987983901 
-34.48237264772103 -18.549620247953598 24.664460337499456 18.488499644398964 -5.933785513038083 
-8.5930691017061 -19.692908083750705 48.71053023874897 -10.773742179645149 -115.428980186792 
-17.740603620914133 -17.380961091338136 54.13172427477788 -11.739127314145051 -140.79832454185396 
-20.71517808461963 -17.719861430707436 56.89758413438451 -8.151989667282303 -156.46101919620742 
-24.448366060305958 -2.9292404286919957 54.806823372985384 31.843663643073214 1.9967376409377582 
-8.830224418955353 11.765633880661836 64.2713482346355 13.515310692149042 -143.9799734827377 
11.70663251009295 24.693911225750835 69.41855444705232 39.30304873508744 -117.95432067720613 
24.316623178886335 23.610284119455432 68.23255884013274 60.211822052456604 -95.92022868500683 
20.900922158885045 18.498495120983506 50.36131411600638 65.18293946472912 -32.61126080451595 
-25.37228701390648 37.354901817282006 -4.732629944625469 -27.947821215723916 -1.6739836921015343 
-15.209562765717774 50.26034910928987 6.004034770011158 -6.73589614103631 -0.21816500142550171 
-4.013375794382979 57.660605605505616 21.432297006061543 5.862723641402977 1.4701323669893036 
4.631206659825373 55.66664788210198 27.97412652802954 12.99082806517054 2.2252029439496352 
12.321114610450147 49.47480679966439 24.875431516419937 14.068939000806678 2.1477782367795117 
17.375260504047976 42.1835815942626 15.09981082291013 11.456970455222354 1.5768568287216125 
17.77361246738172 33.90866672561533 5.489349241263418 9.541092086112382 1.1606328343463754 
16.34230631406941 25.468546009560747 1.5120239070511363 9.28009139842033 1.0865650206036086 
15.967885581104383 20.706299832236468 4.200393044063615 9.674290769351394 1.214419834349383 
14.89618837963537 22.790978236328726 14.391941647172287 9.573800643134717 1.4122305776687138 
8.92906510568134 32.65885223098757 27.111639622713447 6.100786414353023 1.357288002047201 
0.14293392277616007 34.94017237628465 31.23890372030969 -0.42123972082765104 0.9165181890102213 
3.7222932743348345 -4.859350044808199 12.78338625514447 3.0407205452434454 1.120898032472876 
8.643947250703796 -37.1238860368015 -13.562264319914942 14.046382672118181 0.07848831169549429 
9.61928154688992 -4.462588730751738 15.278914276371575 0.742957061422443 1.127185704145735 
25.792509927211533 -2.3668740251564158 23.188468614871805 4.662559697568038 1.6255692927427872 
42.27147170071485 -5.39958112392565 3.1014300461745514 30.860910395339424 18.896171535782678 
43.10199327413047 -6.5179739107895465 -56.28010564142201 76.98271776478188 57.29983130974918 
31.076783407696325 -4.0691577052422065 -66.68917960940918 57.33666773211638 58.06143437358457 
0.16971065327159982 -3.8534125509573505 -71.06370824777515 11.868905315454322 41.36105712829695 
4.336491936049079 5.896649096086153 -29.41741904216853 -75.67890013953324 -47.385587658523654 
-4.685212431495125 -9.261238167309505 -50.692050603813854 -30.033866109978348 -57.91847229253954 
-4.626779954874054 -5.301354805675478 -37.01161178626545 -28.12149562144481 -77.51384724157734 
7.0859288389211 -4.387530765418146 -11.95472753134138 19.65192263809581 2.303513988520144 
12.560170491233947 -1.123797199152596 -28.955102329039846 -18.156366620406995 -47.223023591087404 
21.097198998399886 -1.8749911212896786 -32.403836764907524 -0.28634044656541374 -60.32742196997472 
23.14756699114317 -3.116221540959909 -25.247624152631648 3.174267741560204 -79.06234292393104 
16.90919005861839 -3.788851280076505 -8.485401066567341 9.026501266600246 -123.91670693237504 
11.358030747426872 4.8103515937612045 30.445136762369007 28.327815278340857 5.144245568261015 
6.210278544572891 10.00451568243007 30.784179196122523 9.463776692503945 -0.6740377087325315 
10.184124567143407 15.608298591229257 32.01694077007295 13.265663333637518 0.6057055196368837 
13.989481666814624 23.95776285801261 28.67801609512731 31.04848990719895 -4.981210093780381 
30.78820484969036 1.2911049623943747 15.147274526708788 63.96296211064642 24.019066276102865 
27.850507130386333 7.129296764651434 15.731101338906889 58.14593056408813 22.312563992739317 
30.67531007281148 3.3696587727700202 16.946708371516632 48.118526687529986 18.95124656210388 
12.713602621921913 -0.39138169998292655 2.911445444926701 37.23605779419948 14.627690302217541 
4.820573879772566 -1.997777744914739 12.952111304672 7.255490435002747 -12.739810142511644 
-13.32381108539759 4.037423095614189 27.41890229413018 -27.329769073579808 -95.86826070130722 
8.833498314320977 -6.695379866693676 22.39753083587472 -0.6413902637669083 -72.99175214566147 
11.378189771220493 -0.8928418485905794 21.884993057805247 1.0123875266188147 -54.12217357322244 
7.121161904378479 0.8225837428083873 18.90639315956126 -0.5583973832129965 -44.14264624052241 
3.5252185782524736 -1.4829044218437473 15.392679251042743 -3.1481828182475393 -42.50411403452138 
-2.0825191610525864 -5.004718234016632 17.27007796167014 -6.092158500919523 -47.45445006493773 
-12.225386908287089 -7.361258391309013 27.777489145733504 -8.80057580466999 -59.07961307350441 
-18.750763278198548 -18.630674185936616 42.9904673077711 -12.345901340362047 -79.28080608986718 
-24.347114045144732 -11.28110031970089 58.57973859433281 -19.224882982462425 -108.95838043941133 
-15.161129077230159 -21.923215223458836 72.49147264232056 -22.481042334727135 -147.98446422621353 
-12.283382080953546 -6.704521745799382 89.96709388097632 -16.235087653752604 -196.32055162483985 
16.94133890802542 -24.681285212937627 105.19786379401367 8.8678459892148 -239.0501406369971 
-16.933588955937292 6.71982836950281 23.804855901749654 9.301963328252118 4.23310661697594 
-4.095846910254328 -1.4896328231451286 0.9313758128921192 -3.543093267256384 -1.2213109105511377 
6.684454112401551 9.292608631747111 -5.7135014922925365 -6.2185043272332985 -1.595348532774838 
-0.3051639059785994 34.15715187285905 -9.86056395917311 -8.234637066078637 -0.619506338231003 
-24.422436865915678 52.27816893328261 -21.257282643156405 -10.957787726514582 -0.12413433132806706 
-38.210226092438596 61.83716646321346 -25.266276294570506 -14.58520216704369 -0.457442058725012 
-16.301852539608465 49.44957430766799 -5.650970485394652 -9.409909727720018 -0.24297311208725228 
1.5461519254229643 42.20275528154326 6.613411216135448 -4.426267396513952 -0.01984452401602705 
12.658488454291934 42.15230615624648 12.68580855316413 -0.6245762115473447 0.31956544520814156 
19.422797900918244 45.60957206108901 10.590976846900942 0.20403485221299508 0.5140960534768053 
21.69262262261445 46.85577024599661 6.248767532889885 1.739297141466557 0.8842857545700525 
13.968946836281697 42.623127910354604 10.230091413903244 5.5030441163879384 1.3673290742732522 
5.215306949811051 37.04230292224702 16.323387686300954 8.285967819248325 1.5374406157290181 
4.627338682203543 33.43847930709254 14.773759620800798 8.131220530365683 1.311956958453372 
1.6327990251474576 27.06402124433704 11.88375453207297 6.361503729243204 0.9851996865395763 
-2.022579209336625 18.687618601304518 8.812736584330688 6.33559979578148 0.8762759295538548 
-6.471759565320144 9.475880943916357 12.448541618220453 8.258220012236256 1.2050499318074577 
-11.320105347423475 0.8382836777426834 26.559929436446875 13.807943014924287 1.837449316199552 
-14.62608232606379 -1.4629144806712338 48.09110232141643 17.345103755239435 2.455171755482651 
-16.55291856286807 7.2587438418735895 64.76852510385905 16.663235273528983 2.7368936488838256 
-15.412849566631857 4.961684619018157 56.81885573337654 16.10215170268035 2.8079552464755855 
-6.163146292717971 -33.97925374240045 17.813563332198864 -1.6280155056224481 2.1262201277902757 
-13.578311210529147 -73.876435915713 -77.8944932162598 94.81678757579859 -37.350489216455124 
56.685482903756345 75.46528468203478 -52.094493545540615 4.2369061375991794 -120.46833394081301 
-18.097023472526356 -16.545379469879453 -60.454566504828605 -101.43320155322722 -88.63747855802038 
-38.474604824881204 -75.1555492266417 109.12445594187503 97.12414185874674 11.172935300418638 
-68.951631895387 -30.48757968958991 49.91507944095607 12.305128189824845 0.46500964389322846 
-42.99317999677939 -31.94033924026014 -1.3393833584503676 -22.129804963087835 -1.967743408679617 
-14.192205647898854 -28.211516393422993 -43.490405733228364 -24.55870594186273 -0.6340968187065402 
8.991592888154662 -10.226478457365872 -53.08684942926803 -62.96606105795413 -39.90466484890948 
38.646269574227276 6.992495712826474 9.04321774068053 40.08240827397508 5.626067920723653 
57.40728563638188 30.216923076971607 3.0351186758283504 13.405479335960631 4.928652933919489 
68.98107701647702 47.7565195519762 -25.843797134105756 52.10418837045165 28.341957822763508 
62.66751523059055 44.33268404194612 -27.998799362312468 64.26055921128685 33.00651228058479 
15.988315244886202 -20.470647515852995 -27.423801038513453 61.940719903278705 29.86315647310156 
21.892951474628013 0.47117786293260383 -1.5305020086878458 43.89780358530457 19.86087828713265 
26.62330128111692 10.282371904230088 8.8842840138129 42.379599457384955 13.524742768734411 
25.842813211488526 18.132930571418218 14.992579765581526 41.3886398360781 9.328523549835817 
22.79535856680264 14.559187036582497 17.983609364017735 39.19023377083299 5.215840703015908 
17.188728637967134 11.14398551537559 17.67932873201815 35.17686940079247 0.7471639345264007 
11.036492357458442 9.701330536377908 16.579912875215236 29.150295034975787 -3.775098720116094 
8.943315198158274 8.372881748477226 15.449650684386047 24.654606203734676 -8.55569531242973 
11.081519519921423 7.695430426002436 15.125699324701818 21.981343598473938 -15.657438315911275 
18.367873523440185 3.996684147702391 20.36805887201442 15.82833367411948 -27.858069188277472 
7.64830954364861 0.2581438136431731 14.265104654935186 8.410668084643419 -43.983795797378846 
-2.6935722763397902 -3.200196768713627 16.948941468949332 -6.150919286834493 -65.73138214272333 
-5.731796380851583 -7.3363726377359795 19.719924032159803 -7.725825449334179 -74.31408452611616 
-3.4645978434763998 -6.370035216558157 23.692720453405894 0.37300411750260765 -70.66836654719464 
3.038385329393172 -4.432364937654162 39.028109059595785 3.523069399033354 -67.22138783993715 
-12.99341949243782 -10.975384593499058 37.667047212113886 6.198276575543216 -68.43903842954944 
