8.279760596166224
7.423274200539849
8.006009195644358
10.958834681029668
15.519499414051106
20.650999528236987
24.83166191036384
28.471088055423074
31.874566939280644
34.85626954130231
36.50407013730405
36.33442560990732
35.232596820181485
33.71095830008537
31.75498047815125
29.463154487158135
27.508961722047108
21.556750276280926
12.167826520435861
-2.840885837901444
-18.539293308850063
-31.29292988790425
-41.53006411243004
-49.867890405508334
-56.25618454362382
-59.724360097896266
-59.15041017546834
-53.79407089380085
-45.07719852450772
-36.173350858920884
-30.466466834632314
-27.264514936293637
-24.41377389760062
-19.929845138462625
-14.333597667845966
-8.724574325745422
-3.1915408070734497
1.8854017864614543
5.584751661669493
7.462663955234242
7.813582081886398
6.960812122061546
5.3811964481541334
3.021297378122535
0.17740052838834744
-1.568453559818284
-1.7284210465466152
-0.6100804149686424
0.9962295357476837
2.2390178599519652
