7.446445904667087
7.007595003953982
6.208777503971336
6.379468492913998
8.60666339158442
11.978523366216097
15.681332962077564
18.631975825095942
20.127420766057888
19.6018546684876
17.078439323074694
13.309871203139624
10.925587215183148
12.956323418626107
20.72409723893547
34.17571171435808
41.576663281922414
43.68906585628894
38.6813410367893
30.25421380790024
17.84412399835757
1.7973102208883718
-15.24429777843102
-30.986916403810298
-45.15825435080189
-57.15242510420423
-65.6137651923699
-70.28652279496306
-72.49149709203024
-72.26475310010957
-70.26599027837214
-64.84136313005482
-58.67931030520879
-50.52974760077687
-40.068810433213024
-28.017245483557858
-15.756943321842138
-4.656815113021271
4.139454345279791
10.052760129167853
13.157802511333152
13.79767128713232
11.980348658733147
8.03582488831158
4.048191702902599
1.3382106856460814
0.39459378299463116
0.8893438120385859
1.9563080064546634
2.7446189793431723
