-178.5381569471263
-171.82560919946837
111.36338851307724
207.87534847775953
237.703548576034
174.36623441131138
193.83978117059857
147.27809361180692
-43.42420657225777
-7.045633611447778
-115.80598496249276
-205.21896158032172
-103.90093916229287
-59.48938749276635
136.11319710064313
202.20931529245647
268.53008121526995
285.87893604122013
298.7021788102599
38.76528022402355
211.60638051657833
183.78687828424955
143.33891444545
83.78532773820442
24.031566414823317
-55.42667216268523
-82.14915153613454
-163.34743559395324
-108.50093876891661
-42.451932379910595
76.70486872140671
146.24607702116768
147.17614351584427
150.8164114078382
113.21118691109969
150.54665670779977
150.2631491016309
134.98486879267622
130.33053726612368
135.21057452775838
154.6458278186577
225.0455540628231
131.4921119194845
34.52192188590209
-39.51910510054283
-2.101724234722339
152.74332681690663
14.96575786288165
11.907162595483397
-186.92376927067713
