883.821698406 18.3263902304 222.046703652 8.98970949754 0.00139246463946 -0.000496196798768 
883.862195737 18.3335512845 222.062189106 8.99098235168 0.00139198251692 -0.000497062123566 
883.660967856 18.3406848729 222.054288513 8.98718423221 0.00139359307197 -0.000495852020075 
883.808448542 18.3455528974 222.033215458 8.98904361583 0.00139254861938 -0.000495524808446 
883.682648843 18.3338180705 222.035024488 8.98902377766 0.00139349735498 -0.000494680952384 
883.772241665 18.3312293568 222.036925842 8.98824993455 0.0013926618004 -0.000494664449185 
883.785479791 18.3087459756 222.044597699 8.98827711192 0.00139260860098 -0.000495365539861 
883.842152115 18.322952527 222.047475735 8.98820843357 0.00139164449609 -0.000494513586523 
883.930688494 18.3442193419 222.06439513 8.99061279869 0.00139142605864 -0.000497124484077 
883.811230577 18.3389175383 222.045044025 8.98920320521 0.00139233082236 -0.000495346874156 
