-1.9984014443252818e-15
6.800116025829084e-16
-2.7755575615628914e-17
-2.7755575615628914e-15
1.3322676295501878e-15
1.6653345369377348e-15
0.0
8.326672684688674e-16
-6.661338147750939e-16
-6.920310681834962e-06
8.055641472992647e-06
-1.0407401475731604e-05
-1.1110169353401034e-06
-7.393689642753998e-07
-2.2849640590738576e-07
-8.550514593252956e-06
-2.146578246708941e-06
-1.8894182218787137e-07
2.220446049250313e-16
1.0547118733938987e-15
0.0
-1.9984014443252818e-15
8.881784197001252e-16
-2.220446049250313e-16
0.0
2.220446049250313e-16
2.220446049250313e-16
-4.179419127581241e-05
1.5919019290322467e-05
-3.8834638658613585e-05
-2.5866252570949655e-06
-1.655484698659393e-06
-5.208053992511452e-07
-3.519796936490849e-05
-1.9285893462672732e-05
-3.927068590314775e-06
2.220446049250313e-16
4.246603069191224e-15
1.1102230246251565e-16
0.0
-7.216449660063518e-16
0.0
-4.440892098500626e-16
-4.440892098500626e-16
-4.440892098500626e-16
-2.172784333964728e-05
1.3977561110323222e-05
-2.068356704398866e-05
-2.638277042166237e-06
-1.7017855924450487e-06
-5.37789761834162e-07
-1.742906668056321e-05
-9.61968756385545e-06
-1.569011502056128e-06
3.552713678800501e-15
-6.314393452555578e-16
1.6608936448392342e-13
1.0436096431476471e-13
-9.912071163853398e-13
5.0182080713057076e-14
7.67774732679527e-13
-6.541434061091422e-13
8.659739592076221e-13
-1.3806708906827225e-05
1.5121775724935562e-05
-1.4389173724538296e-05
-1.9256624712582493e-06
-1.2452855004951857e-06
-3.9142487129328885e-07
-1.1961567494722658e-05
-6.828641730294294e-06
-5.744997082501868e-07
-8.881784197001252e-16
-5.752343046339092e-15
1.1102230246251565e-16
-9.992007221626409e-16
-8.881784197001252e-16
-4.440892098500626e-16
-2.3378521341044234e-13
3.9968028886505635e-15
8.881784197001252e-16
1.1958232875031172e-06
1.6211333090154767e-05
-2.2567215527402595e-06
-7.898752141244357e-07
-5.158893968681966e-07
-1.6010452730252922e-07
-1.197981642775403e-06
-8.351975111509091e-07
1.5030238955660025e-06
-3.3306690738754696e-15
1.4710455076283324e-15
0.0
2.3314683517128287e-15
-3.774758283725532e-15
1.1102230246251565e-15
2.0117241206207837e-13
-3.552713678800501e-15
-8.881784197001252e-16
9.891522779525985e-06
1.6861768983744696e-05
4.972476350673106e-06
-4.4683618583007956e-07
-2.705422605941976e-07
-3.194885050961105e-08
5.652230857577933e-06
3.3149452605130136e-06
2.6846361720345158e-06
3.3084646133829665e-14
3.7192471324942744e-15
1.1102230246251565e-16
8.881784197001252e-16
-3.552713678800501e-15
3.3306690738754696e-15
0.0
-4.440892098500626e-16
8.881784197001252e-16
-3.4841773484117766e-06
1.1101528414769746e-05
-7.267869765570367e-06
-7.786288708455658e-06
-4.496763364114642e-06
-1.074945657819626e-06
7.222272513374151e-07
3.2762817880893635e-07
9.040536959048495e-07
-8.881784197001252e-16
-6.564193633096238e-15
5.551115123125783e-17
-1.7763568394002505e-15
1.9984014443252818e-15
2.220446049250313e-16
-4.440892098500626e-16
5.329070518200751e-15
8.881784197001252e-16
-1.0972095196848386e-06
5.956107855809023e-07
-1.532176405305563e-06
-1.3862357093330502e-06
-8.570806855345836e-07
-2.1895708357533294e-07
3.278622795477304e-08
5.0122253014706075e-09
1.1131029431510342e-09
2.886579864025407e-15
-5.967448757360216e-16
-1.3877787807814457e-16
6.661338147750939e-16
1.1102230246251565e-16
0.0
4.440892098500626e-16
-5.329070518200751e-15
8.881784197001252e-16
-9.5787572718109e-07
1.7644937777561154e-06
-1.2089522685165832e-06
-1.13323258954523e-06
-7.456916861769969e-07
-1.0815740836278565e-07
3.3191063231186035e-08
7.3946914147526854e-09
6.562412835364739e-10
5.10702591327572e-15
2.5604518505417673e-15
2.498001805406602e-16
-4.440892098500626e-16
3.885780586188048e-16
0.0
-4.440892098500626e-16
3.552713678800501e-15
-8.881784197001252e-16
-1.2453870681383705e-06
2.2839487563430794e-06
-1.3027670675569425e-06
-1.2414282291040024e-06
-7.912645703100906e-07
-3.3672620247671144e-09
2.3670203574965853e-08
3.639918588760338e-09
3.5278824306317347e-10
-1.6653345369377348e-14
-1.0824674490095276e-15
-1.6653345369377348e-16
8.881784197001252e-16
4.163336342344337e-16
4.440892098500626e-16
1.3322676295501878e-15
-6.217248937900877e-15
1.7763568394002505e-15
-1.1712445200373622e-06
2.3680179737084472e-06
-1.101456939878176e-06
-1.0550258116026612e-06
-6.302507067346141e-07
1.4983626073217238e-07
1.6300012006809084e-08
2.163691448231475e-09
1.74448899770141e-10
6.039613253960852e-14
1.0724060528488621e-14
1.0025313912365164e-13
4.263256414560601e-14
2.5768276401549883e-13
1.5276668818842154e-13
3.730349362740526e-14
-2.7000623958883807e-13
7.783773625646973e-13
-5.738921657894025e-07
2.2880247030343526e-06
-5.28090220441868e-07
-4.963841746530306e-07
-2.673518837426059e-07
2.872950233268057e-07
1.1563087376487148e-08
1.7850787514817057e-09
1.0401324246345212e-10
-1.3988810110276972e-14
-4.5865004502654294e-15
-4.9682480351975755e-14
1.9761969838327786e-14
-2.4646951146678475e-14
-4.218847493575595e-15
-6.217248937900877e-15
-3.4416913763379853e-15
2.886579864025407e-15
5.30205880977519e-07
2.191241549098777e-06
4.3159549711901946e-07
4.428003426149019e-07
2.941869421402288e-07
4.2052796089819827e-07
5.413418380229018e-09
2.609752414173272e-10
4.242739493065528e-11
6.106226635438361e-15
2.5777990853015353e-15
0.0
4.440892098500626e-16
-9.992007221626409e-16
-2.1094237467877974e-15
-1.1546319456101628e-14
-2.1649348980190553e-15
-2.220446049250313e-15
1.5830268509375856e-06
2.015778122199663e-06
1.3252669601726552e-06
1.330822085421346e-06
8.162415996437744e-07
5.328344272470531e-07
-2.0952839463461714e-10
-8.050826671990308e-10
1.1616840822625818e-10
-3.774758283725532e-14
-4.163336342344337e-17
0.0
0.0
8.881784197001252e-16
3.219646771412954e-15
1.3322676295501878e-15
7.327471962526033e-15
8.881784197001252e-16
1.834009722756491e-06
1.8067784779418614e-06
1.5382017630738432e-06
1.5342711527921438e-06
9.428484961659932e-07
5.567716101495535e-07
-2.2203685556831942e-09
3.6582747942048854e-10
5.42326683561356e-10
5.551115123125783e-15
-1.2117043479697998e-15
1.1102230246251565e-16
-2.220446049250313e-16
1.9984014443252818e-15
7.216449660063518e-16
4.440892098500626e-16
5.995204332975845e-15
4.440892098500626e-16
1.5791783347651744e-06
1.6487920539987044e-06
1.309129570969958e-06
1.29178331409463e-06
8.051960858068696e-07
5.039445909460483e-07
1.7061267953977222e-09
5.635383354407608e-09
1.7752204706233954e-09
9.2148511043888e-15
3.5605199344423966e-16
1.1102230246251565e-16
2.220446049250313e-16
-1.4432899320127035e-15
-6.106226635438361e-16
-2.220446049250313e-16
-1.1102230246251565e-14
8.881784197001252e-16
1.1332069469460748e-06
1.5026085176117476e-06
9.08124424547907e-07
8.61804092977536e-07
5.563466327629385e-07
4.200347092364609e-07
2.505964324939214e-08
2.7337630936763446e-08
5.752665122038536e-09
4.440892098500626e-16
4.5553838479150954e-15
-1.1102230246251565e-16
0.0
-2.886579864025407e-15
8.586881206085195e-17
4.6629367034256575e-15
6.217248937900877e-15
4.440892098500626e-16
7.95996662361631e-07
1.307598981981073e-06
5.829434144288825e-07
4.502857784416392e-07
3.156524783776149e-07
3.3794086107263865e-07
1.0978705944353351e-07
9.833227743172301e-08
1.565387697244347e-08
1.2212453270876722e-15
-3.930883396563445e-15
-1.1102230246251565e-16
1.1102230246251565e-16
2.7755575615628914e-15
4.163336342344337e-16
-2.0539125955565396e-14
8.126832540256146e-14
4.75175454539567e-14
4.869503342774806e-07
1.2151673736138235e-06
2.5672855263891847e-07
1.2263771864695627e-07
1.2186674425151978e-07
2.6795582641625515e-07
1.1177140279983178e-07
1.0109664327906387e-07
5.972588756897324e-09
-5.88418203051333e-15
-5.8408139436139095e-15
-1.0735856648125264e-13
-1.021405182655144e-13
-2.2537527399890678e-14
1.0008660566995786e-13
5.551115123125783e-16
5.329070518200751e-15
-6.217248937900877e-15
-2.3865151632662673e-07
1.573036415791762e-06
-3.1561735003293734e-07
-1.9444244259148036e-07
-6.399563545755882e-08
2.0193918714994652e-07
-1.451419624487471e-07
-1.109620213490814e-07
-1.7107091077050995e-08
-3.3306690738754696e-16
1.2993078835066285e-15
-2.220446049250313e-16
2.220446049250313e-16
-2.220446049250313e-16
-7.216449660063518e-16
-1.4710455076283324e-15
-4.440892098500626e-15
-8.881784197001252e-16
-4.879083093101144e-07
1.3608761832983873e-06
-5.432818031003706e-07
-5.458476763919862e-07
-2.6689404464264044e-07
1.3164239476282091e-07
-1.8749497954217986e-08
-1.4915369606072204e-08
-1.5571405276304517e-09
2.886579864025407e-15
-4.034966805122053e-15
2.220446049250313e-16
2.220446049250313e-16
4.440892098500626e-16
4.440892098500626e-16
-2.4980018054066022e-15
8.881784197001252e-16
-4.440892098500626e-16
-7.973258320248533e-07
1.2262878499313956e-06
-8.278056080612828e-07
-8.503673267767908e-07
-4.421148993571933e-07
6.716021516695037e-08
4.14659240277615e-09
5.419756643476603e-09
8.032006171276862e-10
4.6629367034256575e-15
-7.577272143066693e-15
8.146261443187086e-14
1.0413891970983968e-13
9.689471447416054e-14
1.0591527654923993e-13
-2.7533531010703882e-14
1.3500311979441904e-13
-1.709743457922741e-14
-8.425372612919091e-07
1.1189877149320182e-06
-8.851240760054946e-07
-9.159764839949957e-07
-4.820856425169495e-07
3.757634203793714e-08
1.838770202766682e-08
1.5289878696478354e-08
3.2855488607541616e-09
3.552713678800501e-15
3.9968028886505635e-15
-1.8041124150158794e-16
-8.881784197001252e-16
-7.216449660063518e-16
-6.661338147750939e-16
-7.105427357601002e-15
-8.881784197001252e-16
-5.551115123125783e-16
-6.002687200634682e-07
1.020469973411764e-06
-6.881446639184219e-07
-7.464945781521237e-07
-3.922748739171311e-07
4.2639456410142884e-08
5.300406868968821e-08
3.4992247321952163e-08
9.140889378755901e-09
-1.1102230246251565e-15
3.0531133177191805e-16
1.1102230246251565e-16
2.220446049250313e-16
-4.440892098500626e-16
1.1102230246251565e-15
6.8833827526759706e-15
-1.7763568394002505e-15
0.0
-3.779080373078613e-07
9.266949412278791e-07
-5.048782281136255e-07
-6.086818133965721e-07
-3.229463612086647e-07
4.436802214513591e-08
9.840202963573573e-08
6.470516922263414e-08
1.8128128553840384e-08
1.1102230246251565e-15
-6.424027976237312e-14
3.7136960173711486e-14
-3.086420008457935e-14
-2.935429677108914e-13
5.222489107836736e-13
3.0730973321624333e-13
-2.4158453015843406e-13
-1.6298074001497298e-13
-4.537607338761518e-07
9.68105080545456e-07
-5.942687266724533e-07
-7.140808033767598e-07
-3.9205760238303355e-07
1.785780057161901e-08
1.1088897622357763e-07
7.451950878589741e-08
2.149630629055821e-08
2.4424906541753444e-15
-5.273559366969494e-16
-3.3306690738754696e-16
-5.820344206597383e-14
1.1812772982011666e-13
0.0
1.2212453270876722e-15
-8.881784197001252e-16
-3.774758283725532e-15
-3.4711284513377905e-07
1.2804002018640404e-06
-5.851692002067921e-07
-6.799609550967035e-07
-3.827240266929266e-07
4.392347818793496e-08
7.959374492827465e-08
5.587468621115476e-08
1.6179218853551447e-08
-2.220446049250313e-15
-6.522560269672795e-16
3.0531133177191805e-16
0.0
-1.7763568394002505e-15
0.0
-8.881784197001252e-16
-7.771561172376096e-16
0.0
2.520142459161434e-07
1.7328642485381351e-06
-2.3582619235185118e-07
-3.432630109045931e-07
-2.1206901479331464e-07
1.5023356070287264e-07
8.701184484039004e-08
6.404155250550048e-08
1.842689734826708e-08
1.9984014443252818e-15
1.4016565685892601e-15
-9.71445146547012e-17
-2.220446049250313e-16
8.881784197001252e-16
0.0
-9.159339953157541e-16
4.440892098500626e-16
0.0
5.621128309485357e-07
2.5878342313490066e-06
-2.7822337500538197e-07
-2.3629792167412236e-07
-1.3262459219731682e-07
2.5145408955040693e-07
-7.713049576807407e-08
-4.4756898631703734e-08
-9.605122919253972e-09
2.4424906541753444e-15
5.786343626468238e-14
4.063416270128073e-14
7.72715225139109e-14
1.5987211554602254e-13
-7.398526236102043e-13
-7.703837567873961e-13
2.4158453015843406e-13
3.7281289166912757e-13
-6.951202955463032e-07
2.5373925893745763e-06
-1.3379423080550623e-06
-3.6504944134208017e-07
-2.1607541000889796e-07
1.731960264095278e-07
-9.562360361314859e-07
-6.301184818369165e-07
-7.160717530041438e-08
2.220446049250313e-15
1.9984014443252818e-15
-2.9716507032873096e-13
-1.0347278589506459e-13
-3.552713678800501e-15
-1.056932319443149e-13
4.698463840213662e-13
-7.943645741192995e-14
-9.059419880941277e-14
5.3917962077321135e-06
5.100590669826488e-07
4.477249571976927e-06
5.130120328544763e-09
-3.81854192710307e-09
4.977808165662623e-09
4.483603689209304e-06
2.5421894527255513e-06
5.983931288255917e-07
-5.551115123125783e-15
-1.27675647831893e-15
3.191891195797325e-16
4.440892098500626e-16
4.440892098500626e-15
1.7763568394002505e-15
-2.886579864025407e-15
-2.220446049250313e-15
-2.220446049250313e-16
2.8737222805830243e-06
2.1085227785988536e-07
2.3735801342184e-06
1.4946355264555677e-09
-1.0008602835398506e-09
4.241258566572981e-09
2.3769266022100055e-06
1.341734375159831e-06
3.157916239615588e-07
-9.769962616701378e-15
-8.881784197001252e-16
-6.38378239159465e-16
-4.440892098500626e-16
-8.881784197001252e-16
-8.881784197001252e-16
-1.1102230246251565e-15
-1.7763568394002505e-15
2.220446049250313e-16
1.466318693132962e-06
1.0261362604069291e-07
1.2058691183369774e-06
5.202611674803848e-10
-3.8624214937499346e-11
3.4235139168004025e-09
1.2057275462495909e-06
6.800562131203947e-07
1.663694177977959e-07
6.661338147750939e-16
-2.220446049250313e-16
5.309641615269811e-14
6.52811138479592e-14
-1.2434497875801753e-14
7.793765632868599e-14
2.0405899192610377e-13
-1.745270594710746e-13
-3.333999742949345e-13
7.319843788877733e-07
3.1482827012041525e-08
5.897763202256101e-07
8.651639404888556e-10
1.213367184504932e-10
2.474770166571716e-09
5.889740535280907e-07
3.325557855760053e-07
8.35074516203349e-08
2.708944180085382e-14
5.773159728050814e-15
-1.6653345369377348e-16
2.6645352591003757e-15
1.0658141036401503e-14
7.771561172376096e-16
-2.4424906541753444e-15
-7.771561172376096e-16
2.220446049250313e-16
4.354291860408921e-07
-2.0240008780092467e-08
3.36646415632913e-07
7.369340693230697e-10
-3.3158364942664775e-11
1.5437042755195307e-09
3.373994381661305e-07
1.9061995715219382e-07
4.564905253801044e-08
-1.1324274851176597e-14
-1.0019762797242038e-14
-5.551115123125783e-17
-1.3322676295501878e-15
4.440892098500626e-16
-3.873041210661343e-16
1.1102230246251565e-15
-5.551115123125783e-16
-5.551115123125783e-16
3.345002657084706e-07
-5.584269047176348e-08
2.499442572911903e-07
6.3451466303376955e-12
-1.9867485434588161e-10
9.139433654326012e-10
2.5179473439607136e-07
1.4184639596237503e-07
2.977572677309581e-08
4.374278717023117e-14
5.752343046339092e-15
-5.725975249504245e-14
4.440892098500626e-16
-2.681188604469753e-14
2.220446049250313e-16
-4.374278717023117e-14
5.861977570020827e-14
-1.6542323066914832e-14
2.75249736780836e-07
-8.24675225885585e-08
1.9989114363738738e-07
-8.856400057766223e-10
-2.2739055083320636e-10
5.153426574366904e-10
2.025866407961985e-07
1.1381500542029244e-07
1.9396047434838692e-08
4.39648317751562e-14
1.592476150946709e-15
-1.1379786002407855e-15
-8.881784197001252e-16
-4.440892098500626e-15
2.220446049250313e-16
0.0
-4.440892098500626e-16
4.313216450668733e-14
2.3155044726053123e-07
-1.0410221307211032e-07
1.6381673617615888e-07
-1.7549037778508136e-09
2.6493474081235036e-11
2.9444469085149194e-10
1.6758482246359563e-07
9.39252444709382e-08
1.1491465556900948e-08
-1.0391687510491465e-13
9.575673587391975e-16
2.4598378889351125e-14
4.440892098500626e-16
8.43769498715119e-15
3.3306690738754696e-15
1.3322676295501878e-15
-2.220446049250313e-16
-5.273559366969494e-16
2.016773059665411e-07
-1.1853988723942166e-07
1.3932825737583698e-07
-3.138344695230444e-09
-1.8321033579127288e-10
6.689260256820262e-11
1.4474299803168833e-07
8.089033443070548e-08
6.387679718500294e-09
9.769962616701378e-15
-5.1660065114589315e-15
1.3877787807814457e-17
1.5543122344752192e-15
-1.3322676295501878e-15
-2.6645352591003757e-15
-1.9984014443252818e-15
8.881784197001252e-16
8.049116928532385e-16
1.9346331825431662e-07
-1.1327939830607647e-07
1.3271292331751283e-07
-1.1660674203994859e-08
-7.322485728877837e-09
-1.4142663706806502e-09
1.466120238546864e-07
8.155964081879574e-08
5.794262847302889e-09
1.3766765505351941e-14
-1.582067810090848e-15
0.0
-2.6645352591003757e-15
-4.884981308350689e-15
1.7763568394002505e-15
3.743672039036028e-13
-1.1102230246251565e-16
-2.220446049250313e-16
3.602087161880263e-08
1.3031097978455364e-08
9.139391465851077e-09
-1.2784746061811347e-07
-9.595379979465692e-08
-1.8115124733597554e-08
1.3825895450736425e-07
7.639474830511972e-08
4.694683752859419e-09
-7.349676423018536e-14
2.942091015256665e-15
1.1102230246251565e-16
1.9984014443252818e-15
-4.440892098500626e-16
-2.6645352591003757e-15
-4.996003610813204e-16
-1.5543122344752192e-15
4.440892098500626e-16
-2.945189834235862e-07
4.905615469397162e-07
-2.3558460782169277e-07
-5.492260157780038e-07
-4.1293840924438996e-07
-6.433832000496409e-08
3.1502116115689205e-07
1.7890465642267372e-07
3.170652007611352e-08
4.529709940470639e-14
1.762479051592436e-15
2.0816681711721685e-16
-1.1102230246251565e-15
6.217248937900877e-15
8.881784197001252e-16
-2.220446049250313e-16
0.0
-8.881784197001252e-16
-3.895960212219052e-07
5.240316340859863e-07
-2.7944032510163197e-07
-2.7905761257329686e-07
-2.2579949998657867e-07
-1.866809418160642e-08
-6.222222737051197e-11
-9.209344398186659e-11
-4.809486142676178e-11
-8.526512829121202e-14
3.95516952522712e-15
-5.700214605885989e-14
7.879807917277049e-14
-1.1546319456101628e-14
-5.551115123125783e-14
-5.67323965583455e-13
-1.9317880628477724e-14
-6.661338147750939e-16
2.645831038705637e-07
-2.287429197167512e-07
1.6218906040421643e-07
1.5972841307422547e-07
1.0490451973765859e-07
-3.0693594332831253e-09
1.8210499774795608e-10
1.0548184548042627e-10
-7.917755340258736e-11
5.595524044110789e-14
-1.942890293094024e-15
8.326672684688674e-17
-8.326672684688674e-14
-3.552713678800501e-15
-3.375077994860476e-14
1.5265566588595902e-16
-1.7763568394002505e-15
-8.881784197001252e-16
1.1809370334958658e-06
1.8833878812074545e-07
9.733737407202625e-07
-5.365008348690026e-08
-3.480115307041842e-08
-9.90171167281062e-10
1.0265939280884595e-06
5.82009626270974e-07
1.6182819706500595e-07
1.8207657603852567e-14
1.4432899320127035e-15
-1.1435297153639112e-14
-2.6645352591003757e-15
-8.881784197001252e-16
4.440892098500626e-16
-2.220446049250313e-16
1.7763568394002505e-15
-8.881784197001252e-16
-3.4156649064698286e-08
1.630132828722708e-08
-2.111817920535941e-08
-1.4963930095035494e-08
-9.253010802012795e-09
2.312269264947986e-10
-6.041091182851233e-09
-2.887954764219103e-09
3.3431835078090444e-10
-1.199040866595169e-14
-5.828670879282072e-16
3.3306690738754696e-16
6.661338147750939e-16
0.0
-2.220446049250313e-16
1.1102230246251565e-16
4.440892098500626e-16
8.881784197001252e-16
2.3092136629543347e-06
3.482497277218499e-07
1.9329398592837777e-06
6.222649062692653e-10
9.536638145846155e-10
5.608408182311564e-10
1.9324528608422042e-06
1.1053529931359662e-06
3.090797520144406e-07
1.6431300764452317e-14
1.6653345369377348e-15
-1.1102230246251565e-16
2.886579864025407e-15
-1.3322676295501878e-15
0.0
2.220446049250313e-16
-4.440892098500626e-16
0.0
-3.916115520752328e-08
2.2027734303264882e-08
-2.5247189228139177e-08
6.8473049452677515e-09
5.932035307409933e-09
2.3642460211803495e-09
-3.147455363006202e-08
-1.6235889077620413e-08
1.5224070892827513e-09
2.864375403532904e-14
-1.249000902703301e-16
2.220446049250313e-16
-6.661338147750939e-16
-4.440892098500626e-16
1.1102230246251565e-16
-5.551115123125783e-17
8.881784197001252e-16
-1.7763568394002505e-15
3.226072990969442e-07
6.074989187254687e-07
1.845925137189397e-07
8.172804655259824e-09
8.463857170681877e-09
3.0521173366437893e-09
1.7754660008861833e-07
1.297595133564755e-07
9.691879654383229e-08
-3.4861002973229915e-14
-4.218847493575595e-15
1.1102230246251565e-16
-1.5543122344752192e-15
3.608224830031759e-16
1.1102230246251565e-16
1.1102230246251565e-16
-7.28583859910259e-16
8.881784197001252e-16
4.1964781516412586e-07
-3.9259589357243385e-07
3.6881607812233597e-07
4.6974092171581106e-08
2.8568269527795564e-08
1.1015854894935728e-08
3.220540669701677e-07
1.7197953283698553e-07
-1.4314022855899111e-08
1.9539925233402755e-14
3.169686735304822e-14
-1.709743457922741e-14
-1.8318679906315083e-15
7.549516567451064e-15
-6.106226635438361e-16
4.218847493575595e-15
5.773159728050814e-15
-8.43769498715119e-15
3.8306180982772275e-07
1.0478100875843666e-07
1.917837550990953e-07
3.210999768299416e-07
2.0037302750353092e-07
6.559068843614568e-08
-1.2823114658999657e-07
-5.798093072328925e-08
6.184610867876472e-08
3.552713678800501e-15
-4.7878367936959876e-15
0.0
2.4424906541753444e-15
6.661338147750939e-16
-2.220446049250313e-16
-2.220446049250313e-16
4.440892098500626e-16
1.27675647831893e-15
8.872707857321416e-07
-1.9416810914663074e-07
6.268830006206372e-07
2.293840943856651e-07
1.5749591431024612e-07
4.7073318576451584e-08
3.9923783390349854e-07
2.2469370541955414e-07
9.89300303899654e-08
-7.149836278586008e-14
3.920475055707584e-15
-1.4876988529977098e-14
-2.3314683517128287e-15
-1.3322676295501878e-15
0.0
-2.4702462297909733e-15
4.440892098500626e-16
-1.1102230246251565e-15
6.339339364558327e-07
1.1765173724143096e-07
4.618828803870656e-07
5.888247667229507e-08
4.156861344029039e-08
1.1855990855735854e-08
4.032813905041621e-07
2.2146279832213622e-07
1.0063084232569965e-07
5.440092820663267e-14
-4.534567166203374e-15
1.1102230246251565e-16
1.5543122344752192e-15
7.771561172376096e-16
-4.440892098500626e-16
-5.828670879282072e-16
-8.881784197001252e-16
4.440892098500626e-16
5.680329238089143e-07
3.682792453219008e-07
4.282139762779025e-07
-7.709282812129459e-08
-5.206821107606174e-08
-1.9973099174563913e-08
5.052626015356054e-07
2.724785481689196e-07
1.217015181964598e-07
4.0190073491430667e-14
7.771561172376096e-16
0.0
1.3322676295501878e-15
4.440892098500626e-16
-2.220446049250313e-16
2.220446049250313e-16
4.440892098500626e-16
0.0
8.275008184455146e-06
-7.691897678796522e-06
4.494429624912755e-06
4.330568113886102e-06
2.366665851738503e-06
-4.6237836504037233e-07
1.6027641436267007e-07
7.662136169983569e-08
6.175972089295101e-08
-4.529709940470639e-14
-1.887379141862766e-15
-5.551115123125783e-17
-1.9984014443252818e-15
-4.440892098500626e-16
4.440892098500626e-16
1.1102230246251565e-16
1.7763568394002505e-15
8.881784197001252e-16
-5.91895343404758e-07
9.260838851332664e-07
-4.024527342494366e-07
1.7412495267876693e-07
1.2399093307635667e-07
8.287349828606239e-08
-5.838832954907502e-07
-3.4799651871253445e-07
-8.464915168815423e-08
4.884981308350689e-14
5.551115123125783e-17
-1.1102230246251565e-16
3.885780586188048e-16
-2.220446049250313e-15
-1.1102230246251565e-16
-2.220446049250313e-16
-3.552713678800501e-15
0.0
1.2139832961111097e-07
5.989390814420403e-07
1.1949557432444635e-07
2.5558478888854097e-07
1.4389404512371584e-07
6.678534703041805e-08
-1.3673474708042477e-07
-1.0428868257861267e-07
-8.954760488677493e-09
-1.2256862191861728e-13
2.3037127760972e-15
1.6653345369377348e-16
-8.881784197001252e-16
-1.3877787807814457e-16
0.0
0.0
8.881784197001252e-16
2.6645352591003757e-15
1.301552146060203e-07
1.4272663406700303e-07
1.3397256082292586e-07
1.3334318538227308e-07
7.513688871085833e-08
3.26808944350887e-08
1.547761030451511e-09
-6.424016874007066e-11
1.587983078366051e-10
4.218847493575595e-15
-1.942890293094024e-16
3.0808688933348094e-14
-8.304468224196171e-14
6.106226635438361e-15
0.0
1.3766765505351941e-14
-8.881784197001252e-16
-3.1086244689504383e-15
5.0845414989453275e-08
5.358575094760454e-08
5.540604774978419e-08
5.507258293846463e-08
3.051829011724294e-08
1.4322516506126703e-08
1.2987193542812747e-09
3.562113937150002e-10
-8.906103632355666e-11
-3.6415315207705135e-14
-1.1796119636642288e-16
-1.1102230246251565e-16
2.1804780203638074e-13
0.0
0.0
8.881784197001252e-16
-5.329070518200751e-15
1.1102230246251565e-15
1.604824007017669e-08
1.6848559880600078e-08
2.6721002299723295e-08
3.057337849554642e-08
1.6838388461337672e-08
6.367599780787714e-09
-2.9318627525753986e-09
-1.6829750926206088e-09
-4.609506110142547e-10
9.015010959956271e-14
1.7520707107365752e-16
5.440092820663267e-15
-8.026912468039882e-14
0.0
0.0
-4.440892098500626e-16
1.0658141036401503e-14
1.3322676295501878e-15
5.5332208148684e-08
2.3187567421700805e-08
5.028491045777628e-08
5.298455363345055e-08
2.9679384283554103e-08
7.844228377962281e-09
-1.4301040351938354e-09
-3.3236027263683354e-09
-5.93776139368174e-10
6.5503158452884236e-15
4.513750484491652e-15
-4.440892098500626e-16
4.440892098500626e-16
0.0
0.0
-8.881784197001252e-16
1.1102230246251565e-15
-6.661338147750939e-16
-2.125113951478852e-08
2.2713578573529958e-08
-1.0353886636949028e-08
-5.958497695246479e-09
-3.802597348112613e-09
2.843544066877257e-09
-3.8030076865425144e-09
-2.743185234521661e-09
-8.091465275583687e-10
-1.4876988529977098e-14
-9.33975119465913e-15
0.0
-2.220446049250313e-16
8.881784197001252e-16
4.440892098500626e-16
1.3322676295501878e-15
-5.10702591327572e-15
-8.881784197001252e-16
-1.3560022438241505e-08
3.295258466096129e-08
5.382950973853441e-09
6.854769196706911e-09
4.255269914210658e-09
5.995673291181447e-09
-1.6424515081325808e-09
-1.2966623330612492e-09
-3.8502578902921414e-10
-2.7755575615628914e-14
8.840150833577809e-15
-2.220446049250313e-16
-2.220446049250313e-16
4.996003610813204e-16
-2.220446049250313e-16
-2.6645352591003757e-15
-4.440892098500626e-16
-2.220446049250313e-16
-3.9172221022454323e-10
4.186945901096806e-08
7.190616990726539e-09
1.1477908401502646e-08
6.4209757510980126e-09
3.9626115722057875e-09
-3.5613423321478876e-09
-2.910313823267785e-09
-5.354527932155406e-10
5.040412531798211e-14
-5.2388648974499574e-15
0.0
0.0
0.0
-2.220446049250313e-16
1.7763568394002505e-15
-6.661338147750939e-16
4.440892098500626e-16
1.4381242863237276e-09
1.6426145776904377e-08
2.1953816542463755e-09
5.003364833555679e-09
2.7648709988170594e-09
1.8122960909749965e-09
-2.5738771114447445e-09
-7.214069341898721e-10
-4.3822911965918365e-10
-7.971401316808624e-14
1.922767500772693e-14
-1.6819878823071122e-14
-1.006972283335017e-13
-1.637578961322106e-14
-2.55351295663786e-15
2.531308496145357e-14
7.549516567451064e-15
-8.348877145181177e-14
4.703256450966364e-09
-1.1114543951862288e-08
-5.135028402492026e-09
-3.0818014806754945e-10
-2.1641710645781131e-10
5.392024604589096e-10
-4.526665264847907e-09
-3.2651659154225854e-11
-1.0604435107808285e-09
-1.0658141036401503e-14
-4.010680676458378e-15
-1.1102230246251565e-16
2.398081733190338e-14
8.881784197001252e-16
7.771561172376096e-16
-4.440892098500626e-16
4.884981308350689e-15
-4.440892098500626e-16
-1.7109414329752326e-08
7.432184645495e-09
-3.232334933045422e-08
-3.956301952712238e-11
-8.174794174919953e-12
3.9548808672407176e-10
-3.186838881674703e-08
-2.1965602226003966e-08
-6.372991911973713e-09
6.328271240363392e-14
5.440092820663267e-15
1.1102230246251565e-16
-1.1102230246251565e-16
2.1510571102112408e-16
-9.43689570931383e-16
-6.661338147750939e-16
1.7763568394002505e-15
0.0
-2.628255093561904e-07
2.6556543275546574e-07
-2.1565173202731103e-07
5.580758966061694e-09
3.240995027908866e-09
1.4396448477782542e-09
-2.210811533842616e-07
-1.7606464774999608e-07
-3.0483465862651826e-08
-6.661338147750939e-15
-5.943162628696541e-15
0.0
5.551115123125783e-17
7.216449660063518e-16
-1.1102230246251565e-16
2.7755575615628914e-15
-1.7763568394002505e-15
0.0
-7.217011361859704e-07
7.504168841876435e-07
-5.123760948855249e-07
1.3939308374233404e-08
8.266837880910316e-09
3.058161723856756e-09
-5.262157216634478e-07
-4.152353079156512e-07
-4.633791683694711e-08
3.1086244689504383e-15
2.0771145220477294e-15
6.94999613415348e-14
8.837375276016246e-14
2.1822821327788233e-15
2.295386103412511e-14
1.2212453270876722e-15
1.7763568394002505e-14
6.661338147750939e-16
-3.1259056143539965e-07
3.692968419954923e-07
-2.0833873048964335e-07
2.1086210111320725e-08
1.2681972805239639e-08
4.565379185805796e-09
-2.293412819653895e-07
-1.7307059163584881e-07
-8.096921022548997e-09
4.440892098500626e-15
4.966946992590593e-15
-1.1102230246251565e-16
4.440892098500626e-16
-2.67841304690819e-14
-1.5543122344752192e-15
-2.2343238370581275e-15
-4.440892098500626e-15
6.661338147750939e-16
-2.2674065291994335e-08
8.135304341294614e-08
-1.626596546344672e-08
2.4781240171023455e-08
1.4978848383861987e-08
5.588020712821162e-09
-4.09673028833879e-08
-2.5128667147100714e-08
2.952516953147466e-09
-2.4424906541753444e-15
2.2551405187698492e-17
-4.413136522884997e-14
1.887379141862766e-14
3.066991105526995e-14
-6.783462680459706e-14
-5.040412531798211e-14
2.6645352591003757e-15
8.126832540256146e-14
4.716853396757869e-08
7.207932029018594e-09
3.057495634450902e-08
2.9708168369779738e-08
1.826258966275418e-08
6.853753120594774e-09
7.68337393708407e-10
6.2516392063116655e-09
4.259163313702352e-09
6.439293542825908e-15
-8.604228440844963e-16
-8.743006318923108e-16
-7.926992395823618e-14
5.1209037010835345e-15
-1.2101430968414206e-14
3.6637359812630166e-15
-2.6645352591003757e-15
0.0
8.707723253564836e-08
-3.450594565634901e-08
5.987447448951855e-08
3.9630821291325447e-08
2.3474893140473796e-08
8.536744644516148e-09
2.0385853005677745e-08
1.819550554671423e-08
5.616941578523438e-09
-7.105427357601002e-15
9.471590178833367e-16
-4.4325654258159375e-14
2.886579864025407e-15
-7.216449660063518e-16
6.661338147750939e-16
-1.5543122344752192e-15
-3.1086244689504383e-15
-2.220446049250313e-16
1.1133761290693656e-07
-6.13102151270084e-08
7.967591764135307e-08
4.3045758957305225e-08
2.533470322418907e-08
9.366630138174514e-09
3.6609279163712927e-08
2.6098899041926416e-08
7.362566112334435e-09
1.5543122344752192e-15
-1.7034984534092246e-15
2.7755575615628914e-16
6.661338147750939e-16
-4.440892098500626e-16
-6.661338147750939e-16
2.220446049250313e-16
8.881784197001252e-16
-4.163336342344337e-16
9.49017930906848e-08
-6.674966712694186e-08
6.916571226867063e-08
2.3617815259058265e-08
1.3850188551600695e-08
6.300297172856517e-09
4.5563847805851765e-08
2.9382794863863634e-08
8.47765013745061e-09
-2.3314683517128287e-14
-3.8510861166685117e-16
-5.162537064506978e-15
-3.3306690738754696e-16
1.5543122344752192e-15
4.440892098500626e-16
-2.886579864025407e-15
-1.021405182655144e-14
2.1760371282653068e-14
5.857165774614259e-08
-3.8326337659100325e-08
4.226153116348996e-08
4.5717634122866e-09
2.9061020256904158e-09
4.561371724776109e-09
3.778088064620988e-08
2.3131480730853582e-08
7.057619599848408e-09
9.992007221626409e-15
4.603956105242446e-15
-2.220446049250313e-16
-1.399644289357127e-13
8.881784197001252e-16
0.0
6.38378239159465e-16
-5.551115123125783e-16
1.1102230246251565e-15
8.286676234092738e-08
-8.249710603536187e-08
5.020845428305165e-08
3.74906790057139e-08
2.080423211481275e-08
8.18774736899286e-09
1.3450349722887722e-08
1.3743599147630903e-08
3.225901767933692e-09
5.329070518200751e-15
-2.3217539002473586e-14
1.8673951274195133e-13
-3.1308289294429414e-14
-1.2878587085651816e-14
1.2878587085651816e-13
7.768785614814533e-14
-3.352873534367973e-14
1.5987211554602254e-14
-4.1962380237237085e-09
2.517734287721396e-08
5.917588197235091e-09
3.798426462253701e-09
2.2906903041075566e-09
1.33664457280247e-09
2.2261987808747108e-09
2.182013680851469e-09
1.866104520908962e-09
5.10702591327572e-15
7.521760991835436e-15
-1.482147737874584e-13
1.1457501614131615e-13
6.483702463810914e-14
-5.773159728050814e-14
-2.942091015256665e-15
0.0
6.827871601444713e-15
-6.12806303479374e-08
4.0938914480648236e-08
-3.482672106258633e-08
-2.9902036402518206e-08
-1.6233862254466658e-08
-5.758401755429077e-09
-4.814941084729796e-09
-2.7072428743224464e-09
1.458991094605011e-09
2.4424906541753444e-15
-5.9396931817445875e-15
-9.020562075079397e-17
-2.220446049250313e-16
8.881784197001252e-16
8.881784197001252e-16
-3.3306690738754696e-16
-4.440892098500626e-16
2.220446049250313e-16
-5.988861317973715e-08
5.988283646729542e-08
-3.102381995745418e-08
-2.1037745767671368e-08
-1.0838016706316012e-08
-3.4383287328410006e-09
-9.947708434765445e-09
-8.584489119556338e-09
9.378988419239676e-10
-1.4432899320127035e-14
1.149080830487037e-14
-3.657144032054305e-14
1.2434497875801753e-14
3.4638958368304884e-14
-4.440892098500626e-15
1.2434497875801753e-14
3.5860203695392556e-14
-4.529709940470639e-14
-8.411018228571265e-07
8.503218964506232e-07
-4.831657349768648e-07
7.054019590668758e-10
1.3109691110457788e-10
1.069662136643501e-09
-4.838917142535593e-07
-3.0625380098570076e-07
3.956003680194442e-08
1.3322676295501878e-15
4.996003610813204e-16
-3.191891195797325e-16
-1.1546319456101628e-14
-3.552713678800501e-15
-2.220446049250313e-15
-1.5543122344752192e-15
-1.9984014443252818e-15
4.440892098500626e-16
-8.070615535871185e-07
1.2681766747846266e-08
-6.624886097483795e-07
1.0955503171317105e-10
5.636385802532118e-11
4.2104397746101085e-10
-6.625849522379212e-07
-3.846539229357404e-07
-7.938485424574537e-08
-2.6645352591003757e-15
-9.575673587391975e-16
1.6653345369377348e-16
1.199040866595169e-14
8.881784197001252e-16
3.1086244689504383e-15
-4.440892098500626e-16
-3.219646771412954e-15
-6.661338147750939e-16
-2.1653247017638932e-07
1.106725449062651e-07
-1.5986964996272945e-07
3.567333095588765e-10
1.28347998895606e-10
-1.653273073998207e-10
-1.6091512833327215e-07
-9.866023020776993e-08
-1.4107172319199892e-08
3.774758283725532e-15
4.107825191113079e-15
0.0
-4.440892098500626e-16
-4.440892098500626e-15
2.220446049250313e-16
-1.3322676295501878e-15
6.661338147750939e-16
2.7755575615628914e-16
-4.694350508316347e-08
8.97549625733518e-08
-2.8886368852454325e-08
3.24033244680777e-10
2.8418600805935057e-10
-5.705211303386193e-10
-2.952613442630536e-08
-2.177680258341752e-08
7.690914571867324e-11
-2.6645352591003757e-15
-1.1102230246251565e-15
8.326672684688674e-17
8.881784197001252e-16
4.440892098500626e-16
-4.163336342344337e-16
1.2490009027033011e-15
8.881784197001252e-16
0.0
-2.5909116629918568e-08
4.7087979737625574e-08
-1.4084406529946136e-08
1.4380452384443743e-10
1.567741492181085e-10
-7.341411922823227e-10
-1.4249154745016313e-08
-9.14903708348902e-09
4.260286345925124e-09
3.774758283725532e-15
-2.0261570199409107e-15
0.0
0.0
4.440892098500626e-15
-1.6653345369377348e-15
6.661338147750939e-16
-1.7763568394002505e-15
4.440892098500626e-16
1.3215454046644481e-06
-1.3197652606322663e-06
8.881842603614133e-07
7.929479295398778e-11
-3.439915019498585e-11
-7.893239395428964e-10
8.879966753028157e-07
5.152175184264252e-07
-7.373176824643224e-08
-3.1086244689504383e-15
4.385380947269368e-15
0.0
-4.440892098500626e-16
2.7200464103316335e-15
-2.220446049250313e-16
-1.1102230246251565e-15
1.3322676295501878e-15
-8.881784197001252e-16
-1.03319777622346e-07
2.1605333699881157e-07
-5.6842885953756195e-08
-4.383959861797848e-11
-1.454312226201182e-10
-6.901377247459095e-10
-5.676903214180129e-08
-3.367545531318683e-08
2.1462689403506374e-08
-1.1324274851176597e-14
-2.761679773755077e-15
5.551115123125783e-17
8.881784197001252e-16
-4.551914400963142e-15
3.552713678800501e-15
1.3322676295501878e-15
1.6209256159527285e-14
1.326716514427062e-14
-9.813255275048505e-08
5.581973283597108e-08
-7.558151615683073e-08
-1.7125856288657815e-10
-2.1040236219960207e-10
-5.154956461694837e-10
-7.543536639786907e-08
-4.2897402963149034e-08
-1.7342074443149613e-09
3.219646771412954e-14
-6.938893903907228e-16
-1.1102230246251565e-16
-1.3322676295501878e-15
-2.220446049250313e-15
0.0
2.220446049250313e-16
1.1102230246251565e-16
6.938893903907228e-16
-8.156430908456969e-08
5.611858000520442e-08
-6.215791792385517e-08
-1.5215562143566785e-10
-2.7975843863714545e-11
-2.844418034442242e-10
-6.193943491439313e-08
-3.511115309606794e-08
-7.685230229981244e-11
-6.8833827526759706e-15
-5.689893001203927e-16
4.163336342344337e-17
3.3306690738754696e-15
2.220446049250313e-15
-2.220446049250313e-15
-2.220446049250313e-16
3.3306690738754696e-16
6.38378239159465e-16
-1.1374224584415062e-07
5.797421209763343e-08
-9.023935199081734e-08
2.8731861334563286e-10
5.183595774838068e-10
-4.930367225597365e-11
-9.052862282032947e-08
-5.0902277948239316e-08
-3.198564968442952e-09
-1.9761969838327786e-14
5.689893001203927e-16
5.551115123125783e-17
2.531308496145357e-14
7.549516567451064e-15
-4.440892098500626e-16
-6.661338147750939e-16
-2.4646951146678475e-14
-2.90878432451791e-14
-1.5844038969703433e-07
7.225086307016682e-08
-1.2906679458524195e-07
-6.358988002830301e-09
-4.74861394650361e-09
-8.670164586277451e-10
-1.2270682248072262e-07
-6.874304148141164e-08
-6.695785259580588e-09
0.0
-6.661338147750939e-16
0.0
-2.220446049250313e-15
3.9968028886505635e-15
1.3322676295501878e-15
4.440892098500626e-16
-5.551115123125783e-16
-7.216449660063518e-16
-1.660357167310167e-07
7.171681737361268e-08
-1.37063949079419e-07
3.249883917533225e-09
2.4261819220328107e-09
3.1937652522628923e-10
-1.4025876637902002e-07
-7.827622994227568e-08
-7.900510468061839e-09
1.9761969838327786e-14
2.8171909249863347e-15
-1.3877787807814457e-16
1.1102230246251565e-15
-2.6645352591003757e-15
-4.440892098500626e-16
2.220446049250313e-16
1.5543122344752192e-15
-3.3306690738754696e-16
-1.5980989331865203e-07
9.185656324461888e-08
-1.3278267907423924e-07
1.937880189650798e-09
1.2625918088815524e-09
5.796341184804987e-11
-1.3461954395665998e-07
-7.467372853398047e-08
-5.285897941575968e-09
-8.881784197001252e-16
1.4099832412739488e-14
-7.419065362057609e-14
-5.240252676230739e-14
3.552713678800501e-14
-1.0680345496894006e-13
2.7200464103316335e-14
-1.0658141036401503e-14
1.176836406102666e-13
-4.225916825362219e-07
1.4890071042827913e-07
-3.588245363062015e-07
-2.3523050174389937e-10
-4.338893688782264e-10
-3.8192787821245133e-10
-3.58584555826269e-07
-2.0333836658892324e-07
-3.28452784970068e-08
-1.9317880628477724e-14
7.077671781985373e-16
2.2565282975506307e-14
-9.992007221626409e-16
-8.881784197001252e-16
-4.440892098500626e-16
-2.220446049250313e-16
-4.440892098500626e-16
-2.0961010704922955e-13
4.506813144899979e-08
-3.879188170685666e-08
3.992166597299729e-08
-2.809201760101132e-10
-6.596891921617498e-10
-6.17865369978432e-10
4.006188447647219e-08
2.1736262567628728e-08
-1.4343859433552097e-09
-1.0880185641326534e-14
-3.774758283725532e-15
3.3306690738754696e-16
4.440892098500626e-16
-8.881784197001252e-16
0.0
1.1102230246251565e-16
-3.3306690738754696e-16
6.661338147750939e-16
2.4882560722971903e-06
-2.478180135767616e-06
2.0880947992907295e-06
-4.6542680820493837e-10
-1.8962964531965554e-10
-4.671742992456984e-10
2.088149390289118e-06
1.1314938425655008e-06
-7.952682890000062e-08
1.4210854715202004e-14
-1.1685097334179773e-14
5.467848396278896e-14
8.659739592076221e-15
0.0
-3.3306690738754696e-16
7.549516567451064e-15
-2.6645352591003757e-15
6.084022174945858e-14
1.0118567672634526e-06
6.185415486470447e-07
8.276757199610073e-07
-1.2471552679471642e-09
-1.0464518140906875e-11
-4.4387138409263116e-10
8.28856440593384e-07
4.709024681304186e-07
1.9727539779523795e-07
-1.5543122344752192e-15
7.13318293321663e-15
-1.1102230246251565e-16
-8.881784197001252e-16
0.0
-2.220446049250313e-16
-4.440892098500626e-16
0.0
1.1102230246251565e-16
-1.8262688250558767e-07
5.15709359660832e-08
-1.587128366509205e-07
-4.8076636005589535e-09
-2.663174569761395e-09
-9.839848935655482e-10
-1.5388447494046886e-07
-8.565619946665493e-08
-1.321053844094422e-08
-8.43769498715119e-15
-3.9968028886505635e-15
1.1102230246251565e-16
2.220446049250313e-16
-2.453592884421596e-14
-5.551115123125783e-17
4.440892098500626e-16
0.0
-2.220446049250313e-16
-2.9185834193867777e-08
8.833080755721312e-08
-2.2922783671219804e-08
-2.5045528317946264e-08
-1.6539445368835004e-08
-5.049851425908969e-09
2.51506904191956e-09
1.0422258611697544e-09
7.4223294177500065e-09
5.329070518200751e-15
1.0685896612017132e-15
-5.551115123125783e-17
4.440892098500626e-16
-1.1102230246251565e-16
-2.220446049250313e-16
5.551115123125783e-16
8.881784197001252e-16
7.771561172376096e-16
3.260119285641849e-08
9.000493150779221e-08
2.5302284711870016e-08
-2.391000286650069e-08
-1.5773535366747637e-08
-4.606363290804438e-09
4.842608447575003e-08
2.6602258174079907e-08
1.511025971012714e-08
-5.995204332975845e-15
-7.015221736850208e-15
1.5543122344752192e-15
-7.049916206369744e-15
-6.661338147750939e-16
1.7763568394002505e-15
-1.2725931419765857e-13
-2.6645352591003757e-15
-4.440892098500626e-16
9.499991904249327e-08
7.32035516648466e-08
7.059508533302505e-08
-1.1015410805725878e-08
-7.344666208553007e-09
-2.230530093960681e-09
8.176939303439212e-08
4.3301483287905285e-08
2.1669237071364478e-08
1.9984014443252818e-15
-1.9550333574258616e-15
2.7755575615628914e-17
1.887379141862766e-15
-1.1102230246251565e-15
0.0
-4.374278717023117e-14
1.3322676295501878e-15
-4.440892098500626e-16
1.7422205189632223e-07
2.1373480763031694e-08
1.2211369604386846e-07
1.6781949163657828e-08
1.0086533969166922e-08
-1.9939555562231703e-09
1.0550059315050929e-07
5.525743773659997e-08
2.6799114039022243e-08
3.9968028886505635e-15
7.382983113757291e-15
-2.7755575615628914e-17
-1.1102230246251565e-15
1.7763568394002505e-15
-6.245004513516506e-16
4.440892098500626e-16
-2.6645352591003757e-15
8.881784197001252e-16
5.955408255431393e-08
1.0358363056184317e-07
5.013117387875354e-08
2.774312717335192e-07
1.7678512165275606e-07
2.80620486847738e-08
-2.3190371223336115e-07
-1.343102979944888e-07
-4.0784698285278864e-08
3.552713678800501e-15
2.0816681711721685e-16
-1.1102230246251565e-16
-1.5543122344752192e-15
-4.440892098500626e-16
0.0
1.8118839761882555e-13
2.3092638912203256e-14
-5.595524044110789e-14
3.968199280279805e-08
1.505813713720272e-07
5.802461267023773e-08
6.621041848120512e-08
3.502377943220836e-08
2.1419594986582524e-08
-8.40421132686231e-09
-6.747647773863719e-09
-1.25475312084955e-09
-1.509903313490213e-14
-3.5041414214731503e-15
1.6653345369377348e-16
2.6645352591003757e-15
7.993605777301127e-15
-4.440892098500626e-16
6.661338147750939e-15
7.993605777301127e-15
4.529709940470639e-14
-4.5228446765577246e-08
8.382912142224086e-08
-2.5351489796321403e-08
-3.314158192324612e-08
-2.105420282560999e-08
2.2537420818480314e-09
7.451310762851548e-09
9.828582392401586e-10
1.202376198605748e-09
0.0
3.774758283725532e-15
0.0
5.417888360170764e-14
-6.661338147750939e-16
0.0
-4.440892098500626e-16
-1.7763568394002505e-15
-2.6645352591003757e-15
1.5542582332273014e-08
5.058371499444547e-09
1.570824892382916e-08
1.573245000940915e-08
8.612087265547075e-09
6.527685059154464e-09
4.249454121918461e-10
1.8720601735466857e-09
1.6633383559394588e-10
5.995204332975845e-15
-5.891120924417237e-15
3.1953606427492787e-15
-6.350475700855895e-14
1.942890293094024e-15
0.0
-3.1530333899354446e-14
7.105427357601002e-15
2.220446049250313e-15
1.9389290173421614e-08
-6.525272766566559e-09
1.3567445611428752e-08
1.4785199731193188e-08
8.947521834556937e-09
5.022755544814572e-09
-6.889280257382778e-10
1.5144152598622895e-09
1.250597403412712e-10
-1.1102230246251565e-14
3.400058012914542e-16
1.6653345369377348e-16
-1.1102230246251565e-15
-1.366962099069724e-15
1.7763568394002505e-15
1.7763568394002505e-15
-2.6645352591003757e-15
-1.5612511283791264e-16
1.7894919324135117e-08
-5.6250755164910515e-09
6.267258712000513e-09
6.673997798856134e-09
4.679927556594521e-09
3.729958564235858e-09
1.1970513469350408e-10
1.2420784401001583e-09
4.126965436057617e-11
2.220446049250313e-16
4.954370247389761e-15
-5.551115123125783e-17
4.440892098500626e-16
-6.661338147750939e-16
-1.3322676295501878e-15
-1.3322676295501878e-15
-4.884981308350689e-15
1.1102230246251565e-15
4.5323346853365365e-08
-6.712539857289812e-09
2.5363235067743517e-08
2.3761728584759112e-08
1.3911478191630524e-08
6.131692487088002e-09
1.8148096359027477e-09
2.2538593213994318e-09
2.67619260085894e-11
-1.4432899320127035e-14
-5.266620473065586e-15
1.1102230246251565e-16
0.0
1.1102230246251565e-16
-9.992007221626409e-16
4.440892098500626e-16
7.718825578706401e-14
-3.1086244689504383e-15
5.239189704298042e-08
-1.877481281553628e-09
2.9226146835981126e-08
2.4556166877687247e-08
1.4201502196442561e-08
6.0006684066138405e-09
4.701275369001223e-09
2.75841305352742e-09
6.303135791085879e-11
1.554312234475219e-14
-7.598088824778415e-16
-2.7755575615628914e-16
2.220446049250313e-16
1.1102230246251565e-15
-1.1102230246251565e-16
2.220446049250313e-15
-2.220446049250313e-16
-2.220446049250313e-15
4.73265160394476e-08
1.4216203325645438e-08
2.905973151001717e-08
2.2685340717032432e-08
1.3189359826526468e-08
5.5586326652701246e-09
6.40860609024685e-09
1.4678376292209805e-09
-2.6105229089523618e-11
-1.1546319456101628e-14
5.037636974236648e-15
-5.551115123125783e-17
2.220446049250313e-16
4.440892098500626e-16
1.2490009027033011e-15
-3.552713678800501e-15
-5.10702591327572e-15
6.217248937900877e-15
2.6714168654962123e-08
3.153227723373675e-08
2.3287642036962097e-08
1.8638382837110612e-08
1.0940689049165897e-08
5.188610430195695e-09
4.551362842164508e-09
-4.770088213312818e-10
-2.6782837059258213e-10
5.551115123125783e-16
-3.816391647148976e-15
-1.1102230246251565e-16
-2.220446049250313e-16
-1.1102230246251565e-15
-1.1934897514720433e-15
1.3322676295501878e-15
3.1086244689504383e-15
-1.7763568394002505e-15
-8.218599134579563e-09
3.6598528652120876e-08
6.263340068812795e-09
8.78042150098679e-09
5.4249862380117975e-09
4.093408279004507e-09
-2.674137355995754e-09
-2.6223765381416797e-09
-8.109213300855345e-10
1.2434497875801753e-14
2.9282132274488504e-15
0.0
4.440892098500626e-16
1.3322676295501878e-15
6.661338147750939e-16
-2.4424906541753444e-15
4.440892098500626e-16
-8.881784197001252e-16
-5.962627902533768e-08
2.6197847446951528e-08
-3.255381919586853e-08
-9.89600845713312e-10
-7.483169639499465e-11
2.803574261633912e-09
-3.1748299100797794e-08
-1.5699250566214573e-08
-4.0071946871833575e-09
4.884981308350689e-15
-3.101685575046531e-15
0.0
-2.220446049250313e-16
7.771561172376096e-16
-4.440892098500626e-16
1.7763568394002505e-15
8.881784197001252e-16
0.0
-1.5281805509914648e-07
7.114759270621107e-08
-1.1406183197948394e-07
-1.052868769946258e-08
-5.630505839349098e-09
1.1377494502085028e-09
-1.0369316782998794e-07
-6.574048933005727e-08
-1.1306154124035572e-08
-1.7763568394002505e-14
1.3253287356462806e-15
-3.3306690738754696e-16
2.220446049250313e-16
-1.1102230246251565e-16
9.992007221626409e-16
-1.5543122344752192e-15
-2.6645352591003757e-15
4.440892098500626e-16
-1.2702471963166317e-07
9.915434517893118e-08
-9.36296453701857e-08
-1.7115764361363972e-08
-9.692845637232494e-09
-4.62335947304382e-10
-7.661057743746369e-08
-5.757704801823138e-08
-5.141126913077443e-09
-7.993605777301127e-15
7.771561172376096e-16
3.3306690738754696e-16
0.0
-2.3869795029440866e-15
-5.551115123125783e-16
2.1371793224034263e-15
2.6645352591003757e-15
-4.440892098500626e-16
-3.669789094828957e-08
5.183581208711985e-08
-2.6293412558331397e-08
-1.6120051071766284e-08
-9.393572142357698e-09
-9.79198944150994e-10
-1.0283673468336474e-08
-1.4575191720211933e-08
1.003221242190655e-09
2.1538326677728037e-14
-2.86316109709972e-15
-3.608224830031759e-16
-2.220446049250313e-16
-2.220446049250313e-16
9.992007221626409e-16
2.220446049250313e-15
0.0
4.440892098500626e-16
-2.1031290486916987e-08
3.1164965719199245e-08
-1.629465762320592e-08
-1.842703234444798e-08
-1.089947865295926e-08
-1.828880158427637e-09
2.070926541364315e-09
-4.2997214677598095e-09
1.3550543465079556e-09
-1.5987211554602254e-14
-7.875644580934704e-16
2.498001805406602e-16
2.220446049250313e-16
2.2447321779139884e-15
-3.3306690738754696e-16
-3.774758283725532e-15
4.440892098500626e-15
4.440892098500626e-16
-1.954767014922254e-08
1.7221353232343972e-08
-1.7321535317194048e-08
-2.1011724027353296e-08
-1.2499379309360847e-08
-2.4177850832529657e-09
3.83050569041643e-09
-9.186571503505547e-10
7.378024857729315e-10
1.6431300764452317e-14
6.7307270867900115e-15
-4.163336342344337e-17
-6.661338147750939e-16
-1.887379141862766e-15
0.0
1.9984014443252818e-15
-6.217248937900877e-15
-2.498001805406602e-16
2.5009484261317994e-08
1.9975672671534994e-08
1.89066691191897e-08
1.7172530064613056e-08
9.29857968401393e-09
4.086658123014786e-09
1.8692727365987594e-09
2.1559110052749022e-10
-2.1528800964176753e-10
-1.6653345369377348e-14
-6.612765890423589e-15
1.1102230246251565e-16
-8.881784197001252e-16
2.3314683517128287e-15
0.0
2.220446049250313e-16
8.881784197001252e-16
-2.220446049250313e-16
2.1124748172951513e-08
4.659155905528678e-08
2.4419682276288768e-08
3.291799366422765e-08
1.8480954100397184e-08
6.5179079911104054e-09
-8.576256149694926e-09
-5.129107805146305e-09
-1.3400174303512813e-09
-4.440892098500626e-15
2.3592239273284576e-16
1.4155343563970746e-14
-2.120525977034049e-14
-2.6423307986078726e-14
-3.552713678800501e-15
5.129230373768223e-14
-1.1102230246251565e-16
-3.9968028886505635e-15
1.2568904139698135e-08
7.492536013842255e-08
2.3069487653515353e-08
3.548752758320006e-08
1.9862117284219494e-08
7.54339879449617e-09
-1.2714592045881545e-08
-8.4398550370679e-09
-2.1229653590637554e-09
4.6629367034256575e-15
2.789435349370706e-15
-1.6653345369377348e-16
-7.771561172376096e-16
-4.440892098500626e-16
-4.440892098500626e-16
0.0
2.220446049250313e-16
1.3877787807814457e-17
-1.2072092658854672e-08
2.596870274373941e-08
-1.4022756289477911e-09
1.1715123093836155e-08
7.22731563485013e-09
1.579422814756981e-09
-1.305663843709226e-08
-1.004599425868946e-08
-3.222453415219206e-09
8.43769498715119e-15
-3.635980405647388e-15
-2.220446049250313e-16
2.220446049250313e-16
0.0
0.0
-2.0539125955565396e-13
1.7763568394002505e-15
0.0
-3.8879696262483776e-07
-3.086793995521475e-06
-1.1240164923265183e-06
-2.013923783295013e-08
-8.167496901023696e-09
-7.199503215815639e-09
-1.1035109697132839e-06
-5.962555071903353e-07
-4.6710608714306545e-07
-1.354472090042691e-14
2.609024107869118e-15
2.7755575615628914e-17
6.661338147750939e-16
-1.7763568394002505e-15
8.881784197001252e-16
1.5996926006067724e-13
-5.995204332975845e-15
0.0
-4.4634333562498796e-08
-7.232171128634945e-08
-2.8977711785671545e-08
-1.891259238107068e-08
-5.852774265235894e-09
-5.7100564276879595e-09
-9.794531408147122e-09
-4.007556952956293e-09
-1.3055032610509443e-09
2.6645352591003757e-15
-2.609024107869118e-15
2.7755575615628914e-17
4.440892098500626e-16
6.217248937900877e-15
-1.7763568394002505e-15
-1.7763568394002505e-15
4.884981308350689e-15
0.0
-2.517508406185698e-07
4.896573386758973e-07
-2.099566636104555e-07
1.8140255519938364e-07
1.0027476360363607e-07
3.961464001278614e-08
-3.915397162046475e-07
-2.9128624046137475e-07
-8.947102536627227e-08
-9.325873406851315e-15
4.9404924595819466e-15
-1.1102230246251565e-16
-4.440892098500626e-16
-7.993605777301127e-15
1.7763568394002505e-15
1.3322676295501878e-15
2.7478019859472624e-15
-2.220446049250313e-16
-5.448417539355432e-07
-5.848812634212663e-07
-4.3373477609520705e-07
1.3498535622602503e-10
-4.176348156192944e-10
5.060268870593632e-10
-4.325693794271501e-07
-1.6804037983320086e-07
1.0443841347296257e-08
3.552713678800501e-15
-4.926614671774132e-15
1.1449174941446927e-16
0.0
7.105427357601002e-15
-3.552713678800501e-15
-6.661338147750939e-16
-7.438494264988549e-15
2.220446049250313e-16
4.2863084104283184e-07
1.0015571660915156e-07
3.5115616014991247e-07
-6.496669868738536e-10
7.497380494214667e-11
1.6737389252341472e-11
3.50550720895626e-07
1.9061981504364667e-07
3.603977205557385e-08
2.0872192862952943e-14
4.6629367034256575e-15
2.7755575615628914e-17
-4.440892098500626e-16
-5.329070518200751e-15
5.551115123125783e-16
-1.1102230246251565e-15
8.881784197001252e-16
0.0
3.7647495787496155e-08
2.3825066364224767e-08
3.265472869884434e-08
-4.012434828837286e-10
1.8107795818345096e-10
-5.282525528116366e-10
3.253847324913295e-08
1.7495288773261564e-08
4.92940444019041e-09
1.6431300764452317e-14
-2.4980018054066022e-15
-6.938893903907228e-17
1.3322676295501878e-15
6.217248937900877e-15
8.604228440844963e-16
-1.7763568394002505e-15
5.218048215738236e-15
2.220446049250313e-16
-1.0935274019630015e-08
2.9381055810517864e-08
-7.4034325336924675e-09
-8.15951750610111e-11
1.6272494463009934e-10
-7.396407930571058e-10
-7.3748722684285895e-09
-6.1019420627417276e-09
6.735447755090718e-10
-5.773159728050814e-15
2.525757381022231e-15
-8.326672684688674e-17
1.3322676295501878e-15
-8.881784197001252e-16
6.661338147750939e-16
3.3306690738754696e-15
-1.5543122344752192e-15
-1.1102230246251565e-15
-6.736719626587728e-09
3.336005249821028e-08
-4.711123047229648e-09
1.0527489990863616e-10
1.7351542425103617e-10
-8.058456124615532e-10
-4.749654891611499e-09
-4.8246349138025835e-09
1.2298357887630118e-09
2.220446049250313e-16
-4.9682480351975755e-15
4.274358644806853e-15
1.1546319456101628e-14
-3.885780586188048e-15
-2.220446049250313e-16
-5.551115123125783e-15
-2.3592239273284576e-14
-2.4202861936828413e-14
-1.792379578091641e-09
2.3494919787481194e-08
1.1811351896540145e-09
-3.9041658794758405e-11
-2.1733725930062064e-11
-7.130149803913355e-10
1.218745993014636e-09
1.836220064888039e-10
3.082533339693328e-09
-3.774758283725532e-15
3.83026943495679e-15
-9.71445146547012e-17
-1.7763568394002505e-15
-1.3322676295501878e-14
1.9984014443252818e-15
6.661338147750939e-16
6.661338147750939e-16
-8.81239525796218e-16
-2.0040857862113626e-10
2.6285320586794118e-08
3.02900549087326e-09
-1.647233460744246e-10
-1.2519674186250995e-10
-5.466418429023179e-10
3.208036503110634e-09
1.3636443085829342e-09
3.6108502854403923e-09
-1.4210854715202004e-14
5.828670879282072e-16
4.163336342344337e-17
1.9984014443252818e-15
8.43769498715119e-15
-1.7763568394002505e-15
-2.220446049250313e-16
4.440892098500626e-16
1.7208456881689926e-15
9.073907847323426e-09
2.75492304524505e-08
1.092794299495381e-08
-5.325873075889831e-10
-4.297122657703767e-10
-3.7078018433334137e-10
1.1451053438804594e-08
6.119483586530805e-09
4.699529654317303e-09
1.8207657603852567e-14
2.6922908347160046e-15
1.3183898417423734e-16
-6.661338147750939e-16
1.4654943925052066e-14
4.440892098500626e-16
4.440892098500626e-16
0.0
-1.4432899320127035e-15
1.7993963652429557e-08
3.0058544098210405e-08
1.74030692079441e-08
7.099210108663101e-11
-7.435732030103281e-10
-1.822307860166461e-10
1.7325035628346086e-08
9.593939864771528e-09
5.3639013231077115e-09
-5.773159728050814e-15
-4.3021142204224816e-15
-2.0441981440910695e-14
-1.5543122344752192e-15
-9.769962616701378e-15
5.995204332975845e-14
4.6629367034256575e-14
8.038014698286133e-14
-3.6637359812630166e-14
2.9303685611381525e-07
-2.3521636194345774e-07
2.4012610033707915e-07
2.2417679979014335e-07
1.703155787513566e-07
2.8262592599581637e-08
1.580983521876078e-08
8.992337541258166e-09
5.311690642884059e-09
4.440892098500626e-16
2.3869795029440866e-15
1.4988010832439613e-15
-2.4702462297909733e-15
-2.6645352591003757e-15
-1.3322676295501878e-15
-3.3306690738754696e-16
3.9968028886505635e-15
7.105427357601002e-15
1.158606011131269e-07
-1.3508963547792519e-07
8.433804055130167e-08
1.3768921025558711e-07
1.061328919471638e-07
1.2778901048449144e-08
-5.311600403956618e-08
-2.9721171301844155e-08
-1.637530999687442e-09
-8.881784197001252e-15
-6.13398221105399e-15
2.498001805406602e-16
-1.7676832220203664e-15
-1.7763568394002505e-15
8.881784197001252e-16
-2.220446049250313e-16
-1.9984014443252818e-14
-1.7763568394002505e-15
-2.3641860025236383e-08
1.5413888831972145e-08
-1.846289876539231e-08
-1.7323315559814034e-08
-1.2080106692735626e-08
-1.5501936401207672e-09
-1.204011113031811e-09
-5.26391374933155e-10
3.886135857555928e-11
-9.992007221626409e-15
2.1441182163073336e-15
-2.7755575615628914e-16
-1.5543122344752192e-15
-8.881784197001252e-16
-4.440892098500626e-16
2.7755575615628914e-16
-2.842170943040401e-14
1.6653345369377348e-15
-2.2199213134399542e-08
1.8492528397473507e-08
-1.6989247342280578e-08
-1.1692723234091318e-08
-7.894240372507966e-09
-6.799484864039584e-10
-5.3306727920698904e-09
-2.9476951990403673e-09
1.7984658207126358e-10
-8.215650382226158e-15
-1.3322676295501878e-15
5.814793091474257e-15
1.3877787807814457e-14
5.329070518200751e-15
4.440892098500626e-16
1.2323475573339238e-14
2.55351295663786e-15
7.438494264988549e-15
6.746319058947847e-09
-5.174456418899354e-09
5.654538171029344e-09
-1.145008532432712e-09
-9.425562552678457e-10
-5.081489118374805e-10
6.8276708731218605e-09
3.6734242314651055e-09
-2.1056056898061115e-10
1.887379141862766e-14
-3.2751579226442118e-15
-1.6653345369377348e-16
1.9984014443252818e-15
-5.329070518200751e-15
0.0
-2.220446049250313e-16
-4.440892098500626e-16
0.0
3.6673347381110943e-07
3.005538928846363e-09
3.1195781247106424e-07
-4.0051162386589567e-10
-7.668088386481031e-10
-4.1114589510726773e-10
3.1236600150919003e-07
1.7600756407887275e-07
4.15631404848682e-08
-1.4210854715202004e-14
1.4432899320127035e-15
-1.1102230246251565e-16
-4.6629367034256575e-15
3.552713678800501e-15
1.1102230246251565e-16
2.886579864025407e-15
1.7763568394002505e-15
-3.1086244689504383e-15
2.1962928542507143e-07
-1.0687813301046845e-08
1.877565907193457e-07
-9.313794180343393e-10
-6.965024113014806e-10
-1.5734269442901905e-10
1.8866452577981363e-07
1.06285535039774e-07
2.4595266268079286e-08
1.709743457922741e-14
4.440892098500626e-15
-6.217248937900877e-15
1.1102230246251565e-15
1.3322676295501878e-15
0.0
3.9968028886505635e-15
-2.0261570199409107e-15
-4.440892098500626e-15
-1.4137269133129848e-08
1.3917656360717956e-08
-1.1644614161809841e-08
-1.8618528940805845e-09
-1.1495195906263689e-09
-1.9765522552006584e-10
-9.779917320429377e-09
-5.43019140764045e-09
2.482156702399152e-10
5.995204332975845e-15
-2.831068712794149e-15
0.0
-1.2212453270876722e-15
-6.661338147750939e-16
0.0
0.0
2.220446049250313e-15
1.7763568394002505e-15
1.493094714533072e-08
-1.739948629619903e-08
1.497087254165308e-08
-4.895717609088024e-09
-3.2119853443646207e-09
-6.672800090257169e-10
1.987850417606296e-08
1.1467728100456043e-08
1.799558280168867e-10
-1.3766765505351941e-14
3.3306690738754696e-15
0.0
-6.661338147750939e-16
-1.3322676295501878e-15
-2.220446049250313e-16
6.661338147750939e-16
-4.440892098500626e-16
-6.661338147750939e-16
4.353316285232722e-08
6.78380729368655e-09
4.0285122793193295e-08
-1.021419926416911e-08
-6.9391870027857294e-09
-1.8273909052624049e-09
5.05100565817429e-08
2.9537813972524415e-08
7.0094472448545275e-09
2.6645352591003757e-15
-4.08006961549745e-15
1.454392162258955e-14
-2.9976021664879227e-15
4.107825191113079e-14
-1.3100631690576847e-14
-2.2173235469935548e-13
2.0827783941967937e-13
-3.3928415632544784e-13
-3.3890081851950526e-07
3.3080269190577383e-07
-1.8492111308887615e-07
-1.844349177826388e-07
-1.0825929042113101e-07
1.3621184402623498e-08
-1.3522374331387255e-09
5.45892220316091e-10
-1.3892531569581479e-09
3.9968028886505635e-15
3.3306690738754696e-15
-9.992007221626409e-16
1.4432899320127035e-15
-8.881784197001252e-16
6.661338147750939e-16
1.6009416015094757e-13
-2.504663143554353e-13
-1.092459456231154e-13
2.5630454558722704e-07
-1.916168912430294e-08
2.0967987524045384e-07
1.2761522327764396e-07
7.390073264446073e-08
1.2751591782489413e-08
8.223627823156221e-08
4.649541551771108e-08
1.4948824400562444e-08
6.217248937900877e-15
-3.2335245592207684e-15
0.0
2.220446049250313e-16
-8.881784197001252e-16
0.0
-1.3322676295501878e-14
-4.440892098500626e-15
6.217248937900877e-15
2.767173867823658e-08
1.217813405673951e-09
2.3981485242074996e-08
1.6228355548264517e-08
9.683017054840093e-09
2.044451719029894e-09
7.793661715993494e-09
4.868050851314365e-09
1.1647465214537078e-09
-8.215650382226158e-15
1.1934897514720433e-15
-3.3306690738754696e-16
-1.7763568394002505e-15
8.881784197001252e-16
0.0
4.440892098500626e-16
-2.6645352591003757e-15
8.881784197001252e-16
1.520172077107418e-08
5.147025916585335e-09
1.2520021464013098e-08
1.212156064411829e-08
7.365025478378584e-09
1.8087291664414804e-09
2.0818902157770935e-10
-1.7536194718559273e-11
-1.3706369372812333e-11
-1.1102230246251565e-14
5.689893001203927e-16
-1.1102230246251565e-16
0.0
2.220446049250313e-15
-2.220446049250313e-16
8.881784197001252e-16
1.3322676295501878e-15
-8.881784197001252e-16
9.434842240807484e-09
5.8251590218105775e-09
7.8365918199097e-09
7.786155720168608e-09
4.36366676126454e-09
9.787441968001076e-10
-1.0715694997998071e-10
-5.3297810609365115e-11
-1.4091838806962187e-11
1.2878587085651816e-14
-1.906461100098511e-15
6.661338147750939e-15
0.0
1.9539925233402755e-14
3.441691376337985e-14
1.9628743075372768e-13
-6.938893903907228e-14
-1.5942802633617248e-13
2.136511056960444e-08
-4.799460384674603e-09
1.7602204138711386e-08
1.0799040772724311e-08
6.083020309688436e-09
1.0578347087175644e-09
6.814865116666624e-09
4.887830584721087e-09
1.1535732369338803e-09
-1.021405182655144e-14
-2.0788926136106056e-14
-8.01136934569513e-13
-4.440892098500626e-16
2.6645352591003757e-14
0.0
-2.4846791291111003e-13
-1.1013412404281553e-13
7.993605777301127e-15
1.3232119044914725e-07
-2.813550281643984e-08
1.1644704045465915e-07
-2.0631603092624573e-09
-1.304982788497e-09
-1.0727907451268946e-10
1.1863347992857598e-07
7.286351433322125e-08
2.3852592789808114e-08
1.5987211554602254e-14
-2.498001805406602e-16
3.885780586188048e-16
0.0
-2.4868995751603507e-14
3.3306690738754696e-16
-4.440892098500626e-16
1.7763568394002505e-15
-1.5543122344752192e-15
-1.6853448414622108e-08
5.219078502705088e-09
-1.3335778703549295e-08
-1.345577516076446e-08
-7.944848334773269e-09
-2.2753070538783504e-09
8.100187187665142e-12
-9.320899607700994e-11
-1.1051159987118808e-11
-1.5765166949677223e-14
-2.3592239273284576e-16
5.551115123125783e-17
0.0
0.0
-8.881784197001252e-16
1.7763568394002505e-15
-8.881784197001252e-16
2.4424906541753444e-15
-1.9380053117856733e-12
6.228127347185364e-09
1.1883543038493372e-09
1.5553638377241441e-09
6.526548190777248e-10
2.7842617100759526e-10
-5.32551780452195e-11
-1.518696279845244e-11
-7.936984403045244e-13
1.2212453270876722e-14
4.5852210917018965e-14
8.008038676621254e-13
2.9753977059954195e-14
2.9531932455029164e-14
4.107825191113079e-15
2.0872192862952943e-14
6.350475700855895e-14
-1.7763568394002505e-15
1.3111510099861333e-08
1.0428522045913269e-08
1.1265186117270785e-08
1.158351281560499e-08
6.168271227124933e-09
2.130747134287958e-09
-3.9960923459148034e-11
-6.991740519879386e-12
-6.123990203832363e-13
-6.5503158452884236e-15
-1.6514567491299204e-15
1.609823385706477e-15
3.552713678800501e-15
6.439293542825908e-15
-2.2072621508328893e-14
-4.440892098500626e-16
2.9976021664879227e-15
3.1086244689504383e-15
1.6993841001067267e-08
1.6274327663268195e-08
1.501769730793967e-08
1.5272071607341786e-08
8.247599936339611e-09
3.658108482795797e-09
-2.0094148567295633e-11
-6.064482249712455e-12
1.5765166949677223e-12
1.887379141862766e-15
1.3183898417423734e-15
0.0
4.440892098500626e-16
-6.661338147750939e-16
6.106226635438361e-16
-1.5543122344752192e-15
-3.1086244689504383e-15
-1.3322676295501878e-15
2.562957890361872e-08
2.5557127969477733e-08
2.2468402249842256e-08
2.2190501880459124e-08
1.1974899294386887e-08
5.950653303443687e-09
2.100364326906856e-11
-2.121502973295719e-11
4.370726003344316e-12
-1.5543122344752192e-15
-1.5334955527634975e-15
-1.1102230246251565e-16
0.0
2.220446049250313e-15
-5.551115123125783e-16
-1.5543122344752192e-15
-7.993605777301127e-15
4.440892098500626e-16
3.4703230511468064e-08
3.589162389516787e-08
2.9352748676103598e-08
2.9373287802059167e-08
1.5638017103469792e-08
8.512699878338026e-09
-1.91455740150559e-11
-1.4664713887668768e-11
6.394884621840902e-14
1.2323475573339238e-14
2.9976021664879227e-15
0.0
0.0
1.3322676295501878e-15
-4.440892098500626e-16
4.440892098500626e-15
1.865174681370263e-14
-4.440892098500626e-16
3.189068920050886e-08
4.240953188627827e-08
2.605547955170096e-08
2.6108002870728342e-08
1.3331199255617321e-08
9.234923936674022e-09
-4.504130401983275e-11
-2.936317855528614e-11
-2.7658986212486525e-12
-8.881784197001252e-16
-3.750472155061857e-15
0.0
0.0
-2.7755575615628914e-15
1.3322676295501878e-15
-4.440892098500626e-16
-9.769962616701378e-15
0.0
1.3002534160477808e-08
4.2072528572134615e-08
9.01898378202759e-09
9.076712714772839e-09
3.3415901157241024e-09
7.000302559845295e-09
-4.2236436570419755e-11
-2.3373303292828496e-11
1.7508217098338719e-12
-2.6867397195928788e-14
-1.0842021724855044e-16
0.0
9.992007221626409e-16
1.6653345369377348e-15
-2.0650148258027912e-14
-2.220446049250313e-15
8.881784197001252e-16
0.0
-1.160418605650193e-08
3.64713272915651e-08
-1.2520503744894995e-08
-1.2553944550575125e-08
-9.027200320588236e-09
3.1270204203792673e-09
6.637357330419036e-11
9.25447218858011e-12
1.251732051343879e-11
1.0325074129013956e-14
1.582067810090848e-15
5.551115123125783e-17
-1.1102230246251565e-15
-1.1102230246251565e-15
5.551115123125783e-17
1.1171619185290638e-15
-6.217248937900877e-15
0.0
-3.369080303627925e-08
2.9376792554103304e-08
-3.101577816799761e-08
-3.1119945731461485e-08
-1.94294376143489e-08
-8.81968276189582e-10
1.1133227673099098e-10
-1.0938583372421817e-10
1.0574929820705847e-11
1.1546319456101628e-14
-1.5681900222830336e-15
-2.7755575615628914e-16
6.661338147750939e-16
9.71445146547012e-16
4.884981308350689e-15
-2.220446049250313e-15
5.329070518200751e-15
0.0
-4.783383644735295e-08
2.0971583580831066e-08
-4.224370275807132e-08
-4.2231491192978865e-08
-2.5377394408110376e-08
-4.00146404899715e-09
-7.2015726715335404e-12
-1.3639667173492853e-10
7.437578330993233e-12
-5.10702591327572e-15
-6.800116025829084e-16
2.42861286636753e-16
0.0
-1.1934897514720433e-15
1.1102230246251565e-16
1.4432899320127035e-15
-2.6645352591003757e-15
2.220446049250313e-16
-3.795486236413125e-08
1.2513318381479623e-08
-3.437420481589015e-08
-3.418270111410493e-08
-2.0177704840307342e-08
-3.323023634038691e-09
-2.004840737868108e-10
1.1298517677005293e-10
-1.1728507054442616e-11
5.10702591327572e-15
2.7755575615628914e-17
2.7755575615628914e-17
-2.220446049250313e-16
1.4432899320127035e-15
0.0
-2.886579864025407e-15
3.552713678800501e-15
-5.551115123125783e-16
-2.5496646571809833e-08
5.434444005913974e-09
-2.4158876676949603e-08
-2.459232462115324e-08
-1.4246491986114052e-08
-1.7529018236928096e-09
-1.5521717244837419e-10
2.3732127374387346e-10
-3.217270894140256e-11
-1.1324274851176597e-14
-2.3869795029440866e-15
1.1102230246251565e-16
-9.992007221626409e-16
-1.7763568394002505e-15
2.220446049250313e-16
1.27675647831893e-15
1.1102230246251565e-15
3.7470027081099033e-16
-3.053271768749255e-08
3.6635725564337918e-09
-2.8486183634157672e-08
-2.848997038285006e-08
-1.6332859509304853e-08
-2.808654642194597e-09
-3.370459467078035e-11
1.3730705461512116e-10
-2.0780932530328755e-11
3.1308289294429414e-14
6.38378239159465e-16
-2.7755575615628914e-16
4.440892098500626e-16
2.220446049250313e-15
-2.220446049250313e-16
2.220446049250313e-16
1.7208456881689926e-15
-6.661338147750939e-16
-4.669631437081989e-08
-3.6622793686547084e-09
-4.021938782017287e-08
-4.00612627515784e-08
-2.138498000903155e-08
-5.747914144649258e-09
-4.646949491871055e-11
-4.100542128071538e-11
-1.1315393066979595e-11
-3.175237850427948e-14
5.9396931817445875e-15
0.0
2.220446049250313e-16
-8.881784197001252e-16
0.0
-1.4988010832439613e-15
-3.9968028886505635e-15
2.220446049250313e-16
5.895572030567564e-09
1.8478289121048874e-08
8.937175444145851e-10
7.1782935151532e-10
-1.283453343603469e-10
1.5973000699887052e-09
-7.558398351648065e-13
-3.4579628049868916e-10
1.365585422519189e-11
6.661338147750939e-16
2.3314683517128287e-15
-8.326672684688674e-17
8.659739592076221e-15
-7.993605777301127e-15
4.440892098500626e-16
1.8041124150158794e-15
1.1102230246251565e-15
0.0
2.5135477699222974e-08
1.6797201851659338e-08
1.3910291585261803e-08
1.3619072092296847e-08
6.631566407122592e-09
4.969209044247691e-09
-1.4797052472204086e-11
1.5654144647214707e-10
-1.043080066764901e-10
-1.2212453270876722e-14
-9.381384558082573e-15
5.551115123125783e-17
0.0
1.7763568394002505e-15
-8.881784197001252e-16
5.551115123125783e-16
-1.5543122344752192e-15
0.0
2.241590024709694e-08
1.4891384125803597e-08
1.1140024014366645e-08
8.969500697730837e-09
3.342023546792916e-09
3.2329801058494927e-09
1.9876331691648375e-09
1.5889680682334983e-09
3.5533276321331186e-10
-1.3988810110276972e-14
3.941291737419306e-15
8.326672684688674e-17
-4.440892098500626e-16
7.105427357601002e-15
-8.881784197001252e-16
-5.218048215738236e-15
3.3306690738754696e-14
2.6645352591003757e-15
-1.0752569323813077e-07
7.361856546594936e-08
-8.616398794458746e-08
-1.351136802441033e-08
-8.565510967173395e-09
-2.384433983593226e-09
-7.331125573273312e-08
-5.0290489994608834e-08
-1.5579935563891922e-08
2.2426505097428162e-14
-2.042810365310288e-14
5.1975784787217094e-14
-7.993605777301127e-15
7.105427357601002e-15
0.0
2.1649348980190553e-15
-8.881784197001252e-16
-1.84297022087776e-14
-1.574106534008024e-08
6.980428679526085e-09
-1.1613906281127129e-08
-6.5284666561638e-10
-4.829878719192493e-10
-4.5573766982442976e-10
-1.0559645602370438e-08
-6.035847377461323e-09
3.8258995971318654e-10
1.687538997430238e-14
3.308117668687771e-15
-2.7755575615628914e-17
0.0
1.7763568394002505e-15
-8.881784197001252e-16
-2.220446049250313e-15
-1.1102230246251565e-15
-8.881784197001252e-16
1.1062269322792417e-08
-8.194547262974083e-10
8.458467704031136e-09
6.869882440696529e-10
6.704219401854061e-10
-4.0677150536794215e-10
8.023135933399317e-09
4.585075430441066e-09
8.610183677149053e-10
-1.709743457922741e-14
-3.0253577421035516e-15
-1.2212453270876722e-15
-8.881784197001252e-16
-4.440892098500626e-16
6.661338147750939e-16
4.440892098500626e-16
1.1102230246251565e-16
1.3322676295501878e-15
7.121357725736743e-09
-8.099789283733116e-09
6.9506693733956135e-09
7.68725527677816e-09
5.753111764761343e-09
3.8888625653044073e-10
-7.726725925749634e-10
-3.454303509897727e-10
-1.1221690243701232e-10
2.0872192862952943e-14
-4.468647674116255e-15
1.1102230246251565e-16
0.0
-3.3306690738754696e-15
-8.326672684688674e-17
-6.661338147750939e-16
-1.7763568394002505e-15
-5.551115123125783e-16
9.763425623532385e-10
-5.343281372915953e-09
1.2099334867343714e-09
4.672015663231832e-09
3.728651165602059e-09
-2.369411333802418e-10
-3.5122056374348176e-09
-2.05542249887003e-09
-3.8696956750072786e-10
-4.218847493575595e-15
1.6653345369377348e-15
0.0
2.6645352591003757e-15
-1.7763568394002505e-15
-1.3322676295501878e-15
-2.220446049250313e-15
3.9968028886505635e-15
6.661338147750939e-16
-7.069353102906462e-09
5.32895683136303e-09
-4.947695586565715e-09
2.4556356947869062e-11
-3.984723662142642e-11
-1.4006928950038855e-09
-5.19354159678187e-09
-2.96609670158432e-09
-4.546851783970851e-10
2.220446049250313e-16
-2.581268532253489e-14
8.815170815523743e-14
0.0
7.105427357601002e-15
8.881784197001252e-16
1.425526363618701e-13
2.1316282072803006e-14
6.117328865684613e-14
-9.269028211633668e-09
2.053297976090107e-08
-5.900428590166484e-09
-1.0346612455691684e-10
-1.7490542347786686e-10
-1.1846186254160784e-09
-5.9045124345402655e-09
-4.594914670974504e-09
6.007105923799827e-11
5.329070518200751e-15
-1.5265566588595902e-15
-1.1102230246251565e-16
-1.1102230246251565e-15
-3.941291737419306e-15
-6.661338147750939e-16
-6.661338147750939e-16
1.1102230246251565e-16
1.1102230246251565e-15
-5.978567862996442e-09
1.622129275347106e-08
-2.314990865670552e-09
-1.3492318373664602e-10
-1.9405277384976216e-10
-9.297491665449797e-10
-2.2189050596921334e-09
-1.5692265264988237e-09
1.7936301333065783e-09
-1.2656542480726785e-14
-7.494005416219807e-16
0.0
-2.220446049250313e-16
3.9968028886505635e-15
2.6645352591003757e-15
1.5543122344752192e-15
-5.551115123125783e-16
-1.4432899320127035e-15
-8.004640505987481e-09
1.6416890957771102e-08
-4.67747263144247e-09
-1.6978951578039414e-10
-2.3531399051535118e-11
-6.658908979773059e-10
-4.50405579499602e-09
-2.8815230201928443e-09
1.7025953980009945e-09
-4.551914400963142e-14
4.884981308350689e-15
-5.4317661479785784e-14
-3.9968028886505635e-15
5.240252676230739e-14
1.9317880628477724e-13
-1.461053500406706e-13
-1.021405182655144e-14
1.3283818489639998e-13
-1.9390526517781836e-08
1.1778723774114042e-08
-1.535641480643335e-08
-1.3991012792757829e-09
-4.822844346108468e-10
-5.324136687079317e-10
-1.3758446826273031e-08
-8.051550537402363e-09
2.0939694422850155e-10
-2.6645352591003757e-15
5.773159728050814e-15
1.8596235662471372e-15
-2.220446049250313e-15
-1.7763568394002505e-15
-1.3322676295501878e-15
-8.659739592076221e-15
-6.439293542825908e-15
-4.919675777870225e-15
-1.1154622470144204e-07
8.47635703848937e-08
-9.117142152348379e-08
-6.008549391367524e-08
-4.699287714515776e-08
-8.010173857542213e-09
-3.1139935074975256e-08
-1.7405747065879495e-08
-2.4319604108313797e-09
1.3100631690576847e-14
-3.0080105073437835e-15
1.1102230246251565e-16
-1.1102230246251565e-15
0.0
5.329070518200751e-15
0.0
2.220446049250313e-15
-2.7755575615628914e-16
-1.1122901000248929e-07
7.105535360096837e-08
-8.544374630048424e-08
-4.01607067601617e-08
-3.2210494715911864e-08
-3.7000476016402213e-09
-4.533790409766425e-08
-2.526406284175664e-08
-4.250559015872568e-09
-1.2656542480726785e-14
-1.6375789613221059e-15
2.942091015256665e-15
-1.6653345369377348e-16
-3.552713678800501e-15
-9.325873406851315e-15
0.0
6.661338147750939e-16
-1.1102230246251565e-16
7.883559760557546e-08
-1.1860581139444548e-07
4.4467148185844956e-08
8.355643110746769e-08
6.496727600335817e-08
4.507144657495132e-09
-3.905079815069712e-08
-2.1515491610557547e-08
-3.039424711914762e-09
1.9317880628477724e-14
-4.85722573273506e-16
0.0
8.881784197001252e-16
2.6645352591003757e-15
2.220446049250313e-16
-4.440892098500626e-16
-1.9984014443252818e-15
-4.440892098500626e-16
-3.240860024789072e-08
1.465531340727466e-08
-2.7272529123933964e-08
4.2746961526063387e-10
4.969487044093057e-10
-3.9038214327824505e-10
-2.771631812947817e-08
-1.4862720831843035e-08
-8.642970783512283e-10
-1.6431300764452317e-14
-6.800116025829084e-16
-1.1102230246251565e-16
-1.1102230246251565e-15
1.7763568394002505e-15
-2.220446049250313e-16
8.881784197001252e-16
1.1102230246251565e-16
-3.3306690738754696e-16
-5.271236602766294e-08
2.779950847298096e-08
-4.411280585259192e-08
-3.055156128084491e-11
3.0814462093076145e-11
-6.358841231346446e-10
-4.4112198338552844e-08
-2.3744217259036304e-08
-1.4634480294262175e-09
1.4876988529977098e-14
-2.914335439641036e-16
0.0
-2.220446049250313e-15
-1.7763568394002505e-15
2.220446049250313e-16
-2.7755575615628914e-16
4.440892098500626e-16
1.7763568394002505e-15
-3.782216708714259e-07
1.1202877203686512e-07
-3.221143316523012e-07
-3.2731151122789015e-11
-9.865175343293231e-11
-5.510916167850155e-10
-3.220431201711449e-07
-1.7960624631996325e-07
-3.027579964509641e-08
-6.217248937900877e-15
5.3013149425851225e-15
-2.7755575615628914e-17
4.218847493575595e-15
8.881784197001252e-16
2.220446049250313e-16
2.220446049250313e-16
-2.220446049250313e-15
0.0
-2.108568963876678e-08
2.0404627321113367e-08
-1.552778527980081e-08
-3.554099237135233e-10
-4.0126302280896193e-10
-3.1146185630603895e-10
-1.5126531138776045e-08
-7.764185738778906e-09
8.693055164599173e-10
2.6645352591003757e-14
-3.885780586188048e-16
-1.3877787807814457e-17
-1.3322676295501878e-15
-2.6645352591003757e-15
0.0
-4.440892098500626e-16
1.1102230246251565e-15
-1.7763568394002505e-15
7.757084041770668e-08
-7.51764446249581e-08
6.53137774975221e-08
-3.0420892471738625e-09
-2.0038068981875767e-09
-6.338757296830977e-10
6.830109455790989e-08
3.5242726514894684e-08
-4.7658867963207285e-09
-5.306866057708248e-14
-3.802513859341161e-15
-5.495603971894525e-15
-1.2212453270876722e-15
2.886579864025407e-15
-3.4083846855992306e-14
-1.132774429812855e-14
5.773159728050814e-15
-1.1102230246251565e-15
-5.207121489547717e-07
2.1235769054328557e-07
-4.287303170258383e-07
-4.137367959344829e-08
-2.761789197336384e-08
-8.777850890595573e-09
-3.874190603880834e-07
-2.1298626329269155e-07
-2.5411210913262036e-08
3.3306690738754696e-15
-9.46465128492946e-15
-2.6867397195928788e-14
1.0769163338864018e-14
7.771561172376096e-16
0.0
2.6201263381153694e-14
-9.769962616701378e-15
2.6395552410463097e-14
-1.2987877706649442e-07
7.112049615898286e-08
-9.996549721336123e-08
-4.241043161101743e-08
-2.8909472149507565e-08
-8.443096222165991e-09
-5.759047372322357e-08
-3.1734941785543924e-08
-5.4806861271572416e-09
4.440892098500626e-15
-1.6653345369377348e-16
0.0
-1.0880185641326534e-14
3.3306690738754696e-16
0.0
-3.885780586188048e-16
-4.440892098500626e-16
1.887379141862766e-15
8.948902063821151e-09
-5.150343440618599e-08
-8.976428489404498e-10
3.872851106478947e-08
2.795311404568679e-08
9.407364887081826e-09
-3.973783080368776e-08
-2.1925448123738533e-08
-4.540524400908907e-09
2.2426505097428162e-14
-1.457167719820518e-16
5.551115123125783e-17
-3.3306690738754696e-16
2.7755575615628914e-16
-4.440892098500626e-16
-8.326672684688674e-17
8.881784197001252e-16
-2.220446049250313e-15
7.289909831342811e-08
5.546183956539608e-09
6.435180033292909e-08
1.2386694336896653e-08
9.74540359521825e-09
7.817816838340264e-09
5.167734684619063e-08
2.8187230327603178e-08
9.67908420079766e-09
-5.329070518200751e-15
9.242606680004428e-15
-2.1260770921571748e-14
1.2656542480726785e-14
1.3156142841808105e-14
9.325873406851315e-15
1.6986412276764895e-13
-1.0658141036401503e-14
-1.2434497875801753e-14
-1.8818734304204554e-07
2.7161792104379856e-07
-7.604203577926683e-08
-1.2013527594945117e-07
-7.16139476608646e-08
1.7106493555019142e-08
4.283625187895268e-08
2.3051818232033835e-08
9.118124921769777e-09
2.5979218776228663e-14
3.9968028886505635e-15
2.498001805406602e-16
8.881784197001252e-16
2.42861286636753e-17
-2.220446049250313e-16
-2.220446049250313e-16
-2.220446049250313e-15
8.881784197001252e-16
2.8990830855946115e-06
-3.097903686466452e-06
1.528980540399516e-06
1.7006259174223715e-06
9.828639626618951e-07
-1.499291277795578e-07
-1.7171167954188604e-07
-9.620459451298302e-08
-3.166475437410554e-08
-3.086420008457935e-14
7.216449660063518e-16
1.3877787807814457e-16
-1.887379141862766e-15
1.7763568394002505e-15
2.7755575615628914e-15
-1.3100631690576847e-13
-5.329070518200751e-15
0.0
-5.493941301892846e-07
1.596322940500272e-07
-4.3204875765923134e-07
-4.035199516749799e-07
-2.382807373635387e-07
-4.243576157136886e-08
-2.676823029901243e-08
-1.8429119563734275e-08
-2.4714594815122837e-09
-2.353672812205332e-14
-7.16093850883226e-15
-1.1102230246251565e-16
6.661338147750939e-16
3.608224830031759e-15
-1.1102230246251565e-15
-4.440892098500626e-16
2.6645352591003757e-15
0.0
8.675030471749778e-09
2.8501943916126038e-08
1.0751865842095754e-08
1.0222230173440039e-08
8.164747100636305e-09
7.611092200932035e-09
7.636664633992041e-10
4.953264465257234e-10
2.277275035211801e-10
3.574918139293004e-14
2.3592239273284576e-16
-2.8449465006019636e-16
2.220446049250313e-16
-1.7763568394002505e-15
0.0
0.0
5.329070518200751e-15
-1.7763568394002505e-15
6.755148262982402e-08
3.0162027542246506e-08
5.850797535345009e-08
5.716814577283458e-08
3.7517086326488425e-08
1.4045731688838714e-08
1.126331028444838e-09
-2.8228114290484996e-10
1.6268306146649536e-12
-1.1102230246251565e-15
3.816391647148976e-15
2.7755575615628914e-17
8.881784197001252e-16
-1.3877787807814457e-16
4.440892098500626e-16
8.881784197001252e-16
-6.217248937900877e-15
2.220446049250313e-15
2.6250845053255034e-08
2.387061215358699e-08
2.290392941972641e-08
2.24009255589408e-08
1.828175832940815e-08
8.81479422787379e-09
3.341007470680779e-10
1.2189182996280579e-10
1.1505019159585572e-11
2.220446049250313e-14
3.885780586188048e-16
-1.1102230246251565e-16
6.661338147750939e-16
-2.7755575615628914e-16
-8.881784197001252e-16
4.440892098500626e-16
-1.3322676295501878e-15
-2.220446049250313e-16
9.868443839877727e-09
2.8215211500537404e-08
1.0971444197593883e-08
1.1310792302765549e-08
1.1220551598967175e-08
7.332531026804645e-09
-3.7703706823322136e-10
1.3518075547835906e-10
1.5909940032088343e-11
-2.7755575615628914e-14
-2.38524477946811e-16
3.774758283725532e-15
1.7763568394002505e-15
5.9396931817445875e-15
-3.1086244689504383e-15
-1.0658141036401503e-14
-1.7763568394002505e-15
4.440892098500626e-16
4.1737251876838855e-08
3.0015542051842203e-08
3.8294658111226454e-08
3.804682258135017e-08
2.4895957295711924e-08
1.0116941950855107e-08
2.0620527507730912e-10
9.403056111523256e-11
3.0681235330121126e-11
-2.220446049250313e-16
-2.0643209364124004e-15
2.220446049250313e-16
5.551115123125783e-16
2.55351295663786e-15
2.220446049250313e-16
2.220446049250313e-15
2.9976021664879227e-15
1.4432899320127035e-15
3.9870613477432926e-08
2.356050998741921e-08
3.568762885208798e-08
3.5318076463397574e-08
2.244680219476436e-08
8.123436145979213e-09
4.380558138450397e-10
5.2446935683292395e-12
3.5395353314982e-11
-2.864375403532904e-14
1.2385925618474403e-15
-3.3306690738754696e-16
-1.1102230246251565e-16
-6.106226635438361e-16
-4.440892098500626e-16
4.440892098500626e-16
5.551115123125783e-15
-1.6653345369377348e-15
2.3015019223748823e-08
1.8158155867809e-08
2.102346297050417e-08
2.0828550217899533e-08
1.359978041293175e-08
5.072351427770627e-09
2.3139712368447363e-10
-3.0877522760874854e-11
3.763189759808938e-11
2.8199664825478976e-14
4.2674197509029455e-15
1.1102230246251565e-16
1.1102230246251565e-16
1.1102230246251565e-16
-2.220446049250313e-16
-1.1102230246251565e-15
-5.10702591327572e-15
1.3322676295501878e-15
1.616113820546161e-08
1.5321386825917216e-08
1.4979010032334372e-08
1.4688500193926757e-08
9.464605099651635e-09
3.6422989069251344e-09
3.356281919053572e-10
-5.340394793051928e-12
5.127193114518036e-11
7.216449660063518e-15
-9.922618282587337e-16
1.1102230246251565e-16
6.8833827526759706e-15
-5.551115123125783e-16
1.3433698597964394e-14
3.552713678800501e-15
-1.2567724638756772e-13
-6.661338147750939e-16
9.940301026745146e-09
9.80854686360999e-09
9.44773048683345e-09
9.987568105884748e-09
5.856282569993709e-09
2.134541432496917e-09
4.753575311156055e-10
5.475342679250872e-10
1.1041301206660137e-10
-3.6193270602780103e-14
-2.733924198139448e-15
2.220446049250313e-16
-1.1102230246251565e-15
2.220446049250313e-15
7.771561172376096e-16
-7.771561172376096e-16
2.6645352591003757e-15
-4.440892098500626e-16
8.8843066237132e-09
5.162990035501025e-10
7.166194748720045e-09
5.750790066372247e-09
3.379120983026951e-09
1.1986998060820042e-09
1.643908120740889e-09
2.1646459069657453e-09
2.709267254985548e-10
3.452793606584237e-14
-4.551914400963142e-15
0.0
0.0
-9.992007221626409e-16
-6.938893903907228e-17
1.1102230246251565e-16
-4.440892098500626e-16
2.220446049250313e-15
1.1912565156535493e-08
-8.384015259821354e-09
7.3024049029868365e-09
4.8285091480693154e-09
2.724771519524438e-09
2.864908310584724e-10
2.4614905669295695e-09
3.0890725533083696e-09
-4.347200377452509e-11
7.105427357601002e-15
2.1094237467877974e-15
-1.1102230246251565e-16
0.0
2.220446049250313e-16
-4.85722573273506e-16
-1.3877787807814457e-15
8.881784197001252e-16
-8.881784197001252e-16
-4.045733703605947e-08
5.242982936692897e-08
-3.476829224524636e-08
9.308447346256798e-09
5.286729276576807e-09
7.110401156751323e-10
-4.418173560338801e-08
-3.48798974147968e-08
-7.2693131514256484e-09
-4.984901380566953e-14
2.2100377083944522e-15
0.0
0.0
-1.2212453270876722e-15
5.551115123125783e-16
-2.42861286636753e-15
-1.7763568394002505e-15
0.0
-1.5642572748220118e-07
1.8986924033015387e-07
-1.1314203884893459e-07
1.889518230768772e-08
1.1002903477219661e-08
2.7739019969885703e-09
-1.3226831008239515e-07
-1.0235778868938894e-07
-1.2827596096443017e-08
3.3084646133829665e-14
-1.5571311601236815e-15
-1.6653345369377348e-16
-2.220446049250313e-16
8.881784197001252e-16
0.0
1.6653345369377348e-16
-4.440892098500626e-15
0.0
-3.562439587767585e-08
8.257438111058946e-08
-1.9221255698198547e-08
2.575312052499612e-08
1.5172016532005728e-08
5.07678521444177e-09
-4.532394726197708e-08
-3.3693469569939793e-08
-2.1222223978156762e-09
-1.0436096431476471e-14
-2.9073965457371287e-15
0.0
0.0
-1.2490009027033011e-15
-5.551115123125783e-16
3.774758283725532e-15
4.440892098500626e-15
0.0
1.3017540823057061e-08
3.6052341556569445e-08
1.580223063513131e-08
2.265409904111948e-08
1.3436977752689927e-08
5.85906434480421e-09
-7.330838158736697e-09
-5.528593582937447e-09
1.6126716628761528e-10
1.3766765505351941e-14
3.9343528435153985e-15
-4.163336342344337e-16
-2.220446049250313e-16
3.3306690738754696e-16
-1.1102230246251565e-16
-1.887379141862766e-15
8.881784197001252e-16
2.220446049250313e-16
1.3405639265329228e-08
2.618146410782174e-08
1.3611405336177995e-08
1.4188042740670427e-08
8.477577750909404e-09
5.21291099175869e-09
-9.375193954497263e-10
-6.311893230304122e-10
2.2180010605943323e-10
-4.6629367034256575e-15
-1.4432899320127035e-15
7.110631528028932e-15
4.440892098500626e-16
4.718447854656915e-16
1.3322676295501878e-15
-2.6645352591003757e-15
-7.993605777301127e-15
-2.6645352591003757e-15
8.6913161112534e-09
2.0962724889272977e-08
7.815920355369599e-09
7.663242485023147e-09
4.648700979714704e-09
4.4295944690020406e-09
3.286815264402775e-11
2.488196315653113e-10
1.720320552678345e-10
4.973799150320701e-14
-1.7832957333041577e-15
-1.2156942119645464e-14
-4.04121180963557e-14
0.0
2.220446049250313e-16
1.3877787807814457e-14
5.773159728050814e-15
-4.440892098500626e-16
-7.873950380599126e-10
1.5585522206151836e-08
-1.7658714490664806e-09
-1.6097265742587297e-09
-5.855618212535774e-10
3.0508289228237118e-09
-2.8978419663872046e-10
5.024425320243608e-11
8.865219669473845e-11
-6.683542608243442e-14
6.245004513516506e-17
-1.1102230246251565e-16
5.084821452783217e-14
-6.106226635438361e-16
-2.220446049250313e-16
2.7755575615628914e-15
1.7763568394002505e-15
-2.498001805406602e-16
-1.4152021776681067e-08
8.776607884897203e-09
-1.4244145418729204e-08
-1.4603539710833502e-08
-8.31022184399899e-09
4.962998900737148e-10
4.2722803073047544e-10
2.2240875807710836e-10
2.9317104299764196e-11
4.218847493575595e-14
-2.2065682614424986e-15
-2.220446049250313e-16
1.1102230246251565e-16
4.440892098500626e-16
2.220446049250313e-16
-1.5543122344752192e-15
-1.4988010832439613e-15
0.0
-1.5990636370588618e-08
1.6170567107565148e-09
-1.3198349080312255e-08
-1.3110181384945463e-08
-7.4320798404414745e-09
-4.554863153316546e-10
-2.2755131112717208e-10
-2.1410251349607281e-10
5.6035842632695676e-11
-4.107825191113079e-14
3.497202527569243e-15
-1.6653345369377348e-16
-6.522560269672795e-16
-1.3322676295501878e-15
4.440892098500626e-16
1.1102230246251565e-16
2.4980018054066022e-15
4.440892098500626e-16
2.5308565909654135e-08
1.2068113619534415e-08
1.9613061397194542e-08
2.031137569247221e-08
1.1670715949207988e-08
5.381572520946065e-09
-7.103366783667298e-10
-8.513882931993066e-10
1.1180356640494438e-10
3.197442310920451e-14
2.7755575615628914e-16
3.191891195797325e-16
1.1102230246251565e-16
1.7763568394002505e-15
-4.440892098500626e-16
6.661338147750939e-16
-1.7763568394002505e-15
-2.220446049250313e-16
4.2925890397782496e-08
3.139987825306889e-08
3.795233283199195e-08
4.602833314493182e-08
2.6372831030130325e-08
1.0670831329662178e-08
-8.001574514082677e-09
-5.579284589884992e-09
7.952251079856865e-10
8.43769498715119e-15
-2.886579864025407e-15
-1.6479873021779667e-17
3.1596947280831955e-13
-4.440892098500626e-16
-4.440892098500626e-16
-8.326672684688674e-16
4.440892098500626e-16
2.220446049250313e-16
-4.7198570328532696e-05
2.0601589767466066e-07
-3.9301047859652265e-05
1.8328947248846816e-08
1.0165933872485766e-08
4.788070384620369e-09
-3.931889881059192e-05
-2.2919086035244618e-05
-4.796384687644206e-06
-5.5289106626332796e-14
2.3037127760972e-15
-4.163336342344337e-16
-3.554934124849751e-13
0.0
1.7763568394002505e-15
-2.220446049250313e-16
-2.220446049250313e-16
0.0
-1.2502742663400568e-07
1.006582124318811e-07
-9.184245897131404e-08
5.5195545911601585e-09
3.059625441892422e-09
2.772742035972442e-09
-9.743204287815388e-08
-5.9187291512330376e-08
-3.4259244330314687e-09
5.617728504603292e-14
-1.2212453270876722e-15
3.608224830031759e-16
-4.440892098500626e-16
8.881784197001252e-16
0.0
7.771561172376096e-16
4.440892098500626e-16
0.0
-7.289901304829982e-08
1.0526981952807546e-07
-4.7542968673042196e-08
-4.958859989301345e-10
-4.180591428593061e-10
-1.2171819108175441e-11
-4.694098976187888e-08
-2.934532261633649e-08
5.532470481739438e-09
-1.9317880628477724e-14
1.0581813203458523e-15
-3.3306690738754696e-16
0.0
-4.440892098500626e-15
-1.7763568394002505e-15
0.0
-8.881784197001252e-16
-4.440892098500626e-16
-5.8437450434212224e-08
1.0778801140531868e-07
-3.67252184219069e-08
8.384404281969182e-13
-2.403313104082372e-10
-4.4368975160580254e-10
-3.617325461391374e-08
-2.403647680893073e-08
7.3937087563535905e-09
1.7985612998927536e-14
7.559924908306925e-15
8.922723671034305e-14
-2.220446049250313e-15
1.687538997430238e-14
4.773959005888173e-15
-2.353672812205332e-14
-2.786659791809143e-14
-7.038813976123492e-14
-4.643435147499986e-08
1.0918768111878309e-07
-2.8535456664258163e-08
1.7187673506668943e-10
-1.6577450523413972e-10
-7.837557269851914e-10
-2.8711170330097957e-08
-1.9633693337794966e-08
8.881528401616379e-09
-2.9976021664879227e-14
-3.698430450782553e-15
-1.3605436222086098e-14
-2.220446049250313e-15
-1.7763568394002505e-15
-1.2906342661267445e-15
-1.3322676295501878e-15
-3.9968028886505635e-15
-2.220446049250313e-16
-4.295318234426304e-08
1.1334434901755232e-07
-2.7916644995684692e-08
2.4154189759428846e-10
-9.460476846356869e-11
-8.875731261070996e-10
-2.8102171256705333e-08
-1.89519027138374e-08
9.860244176707056e-09
-2.220446049250313e-14
1.4779844015322396e-15
-2.1510571102112408e-16
8.881784197001252e-16
4.884981308350689e-15
2.220446049250313e-16
1.7763568394002505e-15
3.774758283725532e-15
-6.661338147750939e-16
-4.180234114414816e-08
1.206576172307905e-07
-2.8893218484427052e-08
2.3507595869887155e-10
-2.5851321083791845e-11
-8.686829033877075e-10
-2.9153060410180842e-08
-1.910947133865193e-08
1.093866330847959e-08
3.6637359812630166e-14
-1.5543122344752192e-15
1.960237527853792e-16
-4.440892098500626e-16
-1.0658141036401503e-14
6.661338147750939e-16
-1.7763568394002505e-15
-8.881784197001252e-16
8.326672684688674e-16
-4.681031740005892e-08
1.310830342049485e-07
-3.528846903577687e-08
1.6999024410324637e-10
5.6701310313655995e-11
-7.330023255036622e-10
-3.561308403732255e-08
-2.2278344502524305e-08
1.1582798720155552e-08
-2.1316282072803006e-14
5.412337245047638e-16
-2.88935542158697e-14
-1.1546319456101628e-14
2.220446049250313e-16
2.220446049250313e-15
-4.796163466380676e-14
-1.1102230246251565e-15
1.657840531521515e-13
-6.534627416954208e-08
1.435302934282845e-07
-5.3743413275242347e-08
1.2288658979286993e-10
1.5925838425800976e-10
-5.492177823640532e-10
-5.4001397131742124e-08
-3.2082358103480146e-08
1.0802821748256974e-08
1.1102230246251565e-14
5.467848396278896e-15
2.498001805406602e-16
8.881784197001252e-16
5.551115123125783e-15
-6.661338147750939e-16
5.551115123125783e-16
-1.7763568394002505e-15
4.440892098500626e-16
-1.0135678962797101e-07
1.7382012629241217e-07
-8.829717046410224e-08
9.270162415475625e-11
2.430584622459264e-10
-3.255946623426098e-10
-8.841640308787646e-08
-5.523099133597497e-08
6.726807555423875e-09
3.108624468950438e-14
-4.163336342344337e-15
-2.0816681711721685e-16
4.440892098500626e-16
-2.220446049250313e-15
0.0
6.661338147750939e-16
3.552713678800501e-15
8.881784197001252e-16
-1.0339779432655404e-07
8.958204489317723e-08
-8.08970170851353e-08
2.3515767111348396e-10
3.526618996829711e-10
-1.1172218705723935e-10
-8.043060262252766e-08
-4.6040639745115186e-08
2.3838602203340997e-09
-5.329070518200751e-15
-7.216449660063518e-16
2.7755575615628914e-17
8.881784197001252e-16
-4.884981308350689e-15
1.3322676295501878e-15
4.440892098500626e-16
-1.3322676295501878e-15
-8.881784197001252e-16
-8.44014493850409e-08
8.766573955654167e-08
-6.571959687562412e-08
8.542624385654563e-10
9.265566092153676e-10
2.8905322579930726e-11
-6.556669873702958e-08
-3.715262408832132e-08
3.6092773214591034e-09
-3.419486915845482e-14
5.925815393936773e-15
1.4488410471358293e-14
-2.4646951146678475e-14
3.108624468950438e-14
-6.217248937900877e-15
2.5712765250318625e-13
-4.884981308350689e-15
-4.440892098500626e-14
1.5673404760718768e-06
-2.362861977189823e-07
1.3032805838975037e-06
5.270926806133502e-09
4.218029481251051e-09
5.198199648503987e-10
1.297537309596919e-06
7.331119675768606e-07
1.34182300826069e-07
-1.7763568394002505e-14
8.465450562766819e-16
-2.7755575615628914e-17
-4.440892098500626e-16
-2.6645352591003757e-15
8.881784197001252e-16
-1.0480505352461478e-13
2.1094237467877974e-15
9.200973316580985e-15
1.454209339613044e-07
-6.870882884868479e-08
1.1913436281929535e-07
3.0155007380017196e-09
1.6249686041192033e-09
1.887696665647809e-10
1.1584329939751115e-07
6.492704329730259e-08
4.4811514499087934e-09
3.774758283725532e-14
8.951173136040325e-16
-3.094746681142624e-15
1.3322676295501878e-15
6.217248937900877e-15
-2.220446049250313e-16
0.0
-1.2212453270876722e-15
-5.551115123125783e-17
6.412708586367444e-08
-1.245377916347934e-07
4.527081465255379e-08
3.440649365415993e-08
2.556456735192114e-08
1.8015173797181205e-09
1.0888353330074096e-08
5.67913360782768e-09
-9.610019446881779e-09
-3.552713678800501e-15
2.5916768731093498e-15
-5.551115123125783e-17
-1.3322676295501878e-15
-5.329070518200751e-15
-4.440892098500626e-16
2.220446049250313e-16
0.0
1.27675647831893e-15
9.216078211693457e-08
-1.6299156513355229e-07
6.087088699757714e-08
5.569584704545605e-08
3.943821091922928e-08
-9.004197387696422e-11
5.1343178597562655e-09
2.4178810065222933e-09
-1.0817487350323063e-08
-8.881784197001252e-15
6.689093723366568e-15
4.385380947269368e-15
2.5979218776228663e-14
-1.2434497875801753e-14
4.440892098500626e-16
-2.8574365096289966e-14
1.3322676295501878e-14
-5.3512749786932545e-14
7.534438850598235e-08
-9.648283594287932e-08
6.1526947092716e-08
2.2787105535826413e-10
6.869527169328649e-11
-3.932373315862492e-10
6.177451972178005e-08
3.693471484211841e-08
-3.5213645332987653e-09
3.774758283725532e-15
-1.8041124150158794e-16
1.7985612998927536e-14
-1.7763568394002505e-14
-8.881784197001252e-16
0.0
1.5987211554602254e-14
-4.440892098500626e-15
-1.7763568394002505e-15
-1.5544666531752682e-07
1.5150556009757565e-07
-1.2981491259722588e-07
1.375255465063674e-10
1.510080949174153e-10
-2.5919660862072647e-10
-1.3091133155285206e-07
-7.136426916076744e-08
4.769654893266306e-09
2.4646951146678475e-14
-3.497202527569243e-15
-6.938893903907228e-17
-5.329070518200751e-15
4.440892098500626e-15
-1.1102230246251565e-16
0.0
-3.3306690738754696e-15
-6.661338147750939e-16
-6.4852336691956225e-06
6.56670101761847e-06
-5.507413895600166e-06
-6.989218093167437e-10
-5.709690498179043e-10
-4.753498705767356e-10
-5.505406701189486e-06
-2.9515035020466485e-06
2.5834493122545155e-07
9.325873406851315e-15
-9.71445146547012e-16
1.1102230246251565e-16
-1.2212453270876722e-15
-1.7763568394002505e-15
2.220446049250313e-16
-1.6653345369377348e-16
0.0
1.7763568394002505e-15
-1.013844681096998e-06
-1.9901355017282185e-06
-7.355223701210889e-07
-4.0028300674066486e-08
-2.7643231703677884e-08
-8.218013602956376e-09
-6.972754817979876e-07
-4.0435331349897297e-07
-3.827495902442024e-07
-1.5987211554602254e-14
-7.244205235679146e-15
-4.030109579389318e-14
5.4067861299245124e-14
1.4876988529977098e-14
-2.220446049250313e-16
1.2567724638756772e-13
-2.7977620220553945e-14
7.877032359715486e-14
-2.0661858357584609e-07
2.420015903226158e-07
-1.1487680140476186e-07
-1.719024638191513e-07
-1.1728624116358333e-07
-3.6810955617028185e-08
5.579176942660524e-08
3.0643383386319556e-08
-3.050914187952003e-09
-2.864375403532904e-14
4.0592529337857286e-15
-2.220446049250313e-16
1.2212453270876722e-15
8.881784197001252e-16
0.0
8.992806499463768e-15
4.440892098500626e-16
9.43689570931383e-16
-6.066125308734627e-07
1.8328003648093727e-07
-4.850506769571439e-07
-1.6508765021683303e-07
-1.10080584647676e-07
-3.629957046058507e-08
-3.1743966388830813e-07
-1.7594624868166875e-07
-5.000258340714936e-08
6.661338147750939e-16
-1.0390993621101074e-15
1.1102230246251565e-16
6.661338147750939e-16
-8.881784197001252e-16
2.220446049250313e-15
-1.695310558602614e-13
1.3322676295501878e-15
-1.3322676295501878e-15
-8.814513989818806e-07
9.275285606236139e-08
-7.384004572230651e-07
-6.85366277064503e-08
-4.3790566728318936e-08
-1.5146259468856726e-08
-6.689537599413597e-07
-3.695738541864557e-07
-1.0298424513166538e-07
1.2434497875801753e-14
-3.0852057020247514e-15
0.0
-2.4424906541753444e-15
1.3322676295501878e-15
4.440892098500626e-16
0.0
-1.7763568394002505e-15
0.0
-1.5186057140681442e-06
2.620666705865915e-07
-1.2906473951801445e-06
-2.9599071638131136e-08
-1.8998094875044558e-08
-7.186148787141632e-09
-1.257721834235781e-06
-6.973212691718799e-07
-1.861220368937211e-07
9.769962616701378e-15
1.1379786002407855e-15
5.551115123125783e-17
8.881784197001252e-16
-1.7763568394002505e-15
-4.440892098500626e-15
2.220446049250313e-16
0.0
4.440892098500626e-16
-2.4530381921294975e-06
9.324929735043952e-07
-2.1752480277026365e-06
-1.7064929913601645e-08
-1.356094925242246e-08
-1.0246807513603072e-08
-2.155362622602297e-06
-1.2174832875189168e-06
-2.7991601569965496e-07
2.2426505097428162e-14
-1.987993103469421e-15
-5.551115123125783e-17
2.4424906541753444e-15
3.1086244689504383e-15
-4.440892098500626e-16
0.0
8.881784197001252e-16
0.0
-2.6421571632795344e-06
3.456798708612041e-06
-2.8449046203249395e-06
1.3129610820783455e-07
6.47174438483944e-08
-7.220315012546052e-09
-2.9859165486811894e-06
-1.8083914739008833e-06
-1.5451838919489091e-07
-1.9539925233402755e-14
1.4085954624931674e-15
0.0
-1.9984014443252818e-15
-1.6653345369377348e-15
0.0
-4.440892098500626e-16
3.552713678800501e-15
8.881784197001252e-16
-6.050515196420747e-06
1.4623082300602164e-05
-4.352171080412859e-06
-2.6352581095068217e-06
-2.7941094470351757e-06
-1.4127879168768231e-06
-1.704171321836867e-06
-9.636907476462397e-07
-3.3519647557600507e-07
7.549516567451064e-15
-1.9984014443252818e-15
5.551115123125783e-17
2.220446049250313e-16
-1.0547118733938987e-15
-4.440892098500626e-16
0.0
-1.7763568394002505e-15
0.0
-2.0498967217008612e-06
-6.536224645969924e-07
-1.676723853094586e-06
-1.7143695991705954e-06
-9.05824796504362e-07
-1.6068894126419764e-07
-2.5607471698663176e-08
-1.4835146444625025e-08
-1.771896143698548e-09
-4.440892098500626e-16
4.9404924595819466e-15
-6.938893903907228e-17
8.881784197001252e-16
0.0
-2.220446049250313e-16
0.0
-8.881784197001252e-16
1.7763568394002505e-15
-2.301901815826568e-07
3.1291267532651545e-07
-1.7548377506670931e-07
-1.5820678811451216e-07
-1.0480244228006086e-07
-1.149637540720505e-08
-2.6285684739946187e-09
-1.2824040940273562e-08
-1.0384637594285095e-09
-5.10702591327572e-15
6.664113705312502e-14
-4.495709360341493e-14
6.217248937900877e-15
-1.2656542480726785e-14
1.2434497875801753e-14
-2.708944180085382e-14
-4.440892098500626e-15
1.4654943925052066e-14
-7.4009989248224875e-09
3.9843228449853996e-07
1.4555158855955597e-08
4.536508946273443e-08
5.197376307108925e-09
1.1710966418831958e-08
-1.1602008243016826e-09
-9.703329251209425e-09
-1.059942911219025e-09
-5.329070518200751e-15
-3.5083047578154947e-14
5.002595560021916e-14
-4.440892098500626e-16
-3.3306690738754696e-16
1.1102230246251565e-16
-4.884981308350689e-15
2.6201263381153694e-14
8.770761894538737e-15
-1.8925696565474937e-08
3.3086421069583594e-07
8.673433526951158e-09
3.4822438266246536e-08
5.147061443722123e-09
4.132196806949651e-09
-7.0922778760973415e-09
-7.226206300003923e-09
-1.2011134309375393e-09
1.176836406102666e-14
-2.6645352591003757e-15
1.942890293094024e-16
4.440892098500626e-16
7.771561172376096e-16
-1.1102230246251565e-16
8.881784197001252e-16
9.547918011776346e-15
2.275957200481571e-15
2.0008101841995085e-08
7.063772500259802e-08
2.580612701308382e-08
3.2995168375293815e-08
1.5424381771822482e-08
8.572840215492761e-10
-6.417285813853369e-09
-2.8960975839709135e-09
-1.2416563333061958e-09
2.8199664825478976e-14
8.326672684688674e-16
-3.469446951953614e-17
-6.661338147750939e-16
-3.3306690738754696e-16
-3.3306690738754696e-16
-1.9984014443252818e-15
-3.83026943495679e-15
1.3322676295501878e-15
-1.138859175853213e-07
-8.111867089155567e-08
-1.2117176062531598e-07
-1.2806227722705898e-07
-6.895612081336822e-08
-2.862793735403102e-08
-3.9017811204189456e-10
-4.887685367549466e-09
-1.8317332095563188e-09
