0.0
2.914335439641036e-16
-5.3013149425851225e-15
1.3322676295501878e-15
-3.1086244689504383e-15
-5.3637649877202875e-15
6.8833827526759706e-15
4.440892098500626e-16
9.381384558082573e-15
-7.69590008076193e-06
-2.3636115997760496e-07
-6.311659717539442e-06
-7.328985418553202e-08
-5.3379249465024265e-08
-1.6183777207245953e-08
-6.230733898160424e-06
-3.785848794457536e-06
-1.1674590751908907e-06
0.0
2.609024107869118e-15
-4.996003610813204e-16
0.0
-3.774758283725532e-15
0.0
8.881784197001252e-16
-6.661338147750939e-16
-2.0539125955565396e-15
1.1808070610186405e-07
1.1767953296271116e-06
4.4665987353198494e-07
-2.433511525623544e-08
-1.7245394445808415e-08
-5.2244999437789374e-09
4.710842773647528e-07
1.2753681444266363e-07
2.7324166751441226e-07
-2.220446049250313e-16
1.2351231148954867e-15
0.0
4.440892098500626e-16
4.773959005888173e-15
0.0
2.220446049250313e-16
0.0
6.661338147750939e-16
2.055316400628726e-06
1.6580362114382294e-06
2.0591392200230985e-06
-3.3230698193165153e-09
-2.4563568956637027e-09
-6.791340823042447e-10
2.0655035335437333e-06
1.035257032988568e-06
6.656083897382814e-07
3.708144902248023e-14
2.7053012607858307e-13
1.1823875212257917e-13
-4.515832152662824e-12
-1.3992362823955773e-11
-7.2026828945581656e-12
4.050565438618037e-12
-1.8212098495951068e-12
-2.113864638886298e-12
2.7327027964929584e-06
1.8017750278431777e-06
2.6024449835126973e-06
-5.66586333405894e-10
-4.089937277740319e-10
-1.2453715836358015e-10
2.6071029637364518e-06
1.3233029214632097e-06
8.218622866706937e-07
-6.661338147750939e-16
3.094746681142624e-15
2.7755575615628914e-15
-1.6375789613221059e-15
-1.9984014443252818e-15
-2.220446049250313e-16
-4.303779554959419e-12
-6.661338147750939e-15
-3.9968028886505635e-15
2.774087931811664e-06
1.8793799227978527e-06
2.5887055128404057e-06
6.932709961660065e-10
1.622952883195694e-10
-4.3478831646126537e-11
2.5925167115303793e-06
1.273005970858776e-06
8.439810414984095e-07
2.220446049250313e-16
-1.2490009027033011e-15
-1.4988010832439613e-15
-6.494804694057166e-15
7.638334409421077e-14
-1.1909917496666367e-13
4.072076009720149e-12
2.5757174171303632e-14
-9.769962616701378e-15
2.698222289154728e-06
2.0242282801063993e-06
2.4112535665921087e-06
1.2500480650601276e-09
3.3357938633571393e-10
-4.6762815841816525e-11
2.414756197666179e-06
1.1083843958203943e-06
8.154978985430717e-07
-8.859579736508749e-14
-1.1102230246251565e-15
3.608224830031759e-15
-4.773959005888173e-15
-4.551914400963142e-15
-1.8762769116165146e-13
4.440892098500626e-16
0.0
-2.6645352591003757e-15
2.2351545112542226e-06
2.1693478231554764e-06
1.8510099915047817e-06
-3.270103476893382e-08
-2.0863158312067753e-08
3.764171530029614e-09
1.896427228587072e-06
7.662978482869676e-07
6.917183732468857e-07
-6.661338147750939e-16
-1.2490009027033011e-15
-7.216449660063518e-16
3.3306690738754696e-15
-6.661338147750939e-16
4.440892098500626e-16
8.881784197001252e-16
8.881784197001252e-16
-1.7763568394002505e-15
1.8074575791615644e-07
-1.0285102192142404e-07
1.473957524922298e-07
1.582206987649215e-07
8.551163688252927e-08
8.29513879807564e-09
-1.29274493332332e-08
-5.196012509145476e-09
-1.9975188170207048e-09
1.9984014443252818e-15
1.2576745200831851e-15
-3.608224830031759e-16
-2.220446049250313e-16
3.3306690738754696e-16
0.0
0.0
-3.552713678800501e-15
7.105427357601002e-15
-1.240410512082235e-07
-9.432318393010064e-08
-1.1165726476747295e-07
-1.0813883832838656e-07
-5.869931740676292e-08
-1.6003944836029405e-08
-5.556195503686467e-10
1.0751204371217682e-09
-1.9788182203939186e-10
-2.6645352591003757e-15
4.9960036108132044e-15
6.245004513516506e-17
-4.440892098500626e-16
1.1102230246251565e-16
0.0
-1.3322676295501878e-15
-5.329070518200751e-15
-2.6645352591003757e-15
-8.895284508980694e-08
-8.100136028588167e-08
-8.356114378216262e-08
-7.963571491131916e-08
-4.1820769070000097e-08
-1.2831208096031332e-08
-4.0668979295332974e-10
3.3680924715895344e-10
-1.6278989267703992e-10
1.3322676295501878e-15
-3.608224830031759e-15
2.220446049250313e-16
1.1102230246251565e-15
-4.996003610813204e-16
0.0
1.7763568394002505e-15
6.217248937900877e-15
-8.215650382226158e-15
-5.7233023653679986e-08
-8.25501587087274e-08
-5.3254716192441265e-08
-5.0123537320700955e-08
-2.4945503440676475e-08
-9.971813597076107e-09
-9.404690359815504e-10
-3.928590786017594e-10
-1.693110096567807e-10
-4.951594689828198e-14
1.9012569296705806e-15
1.0276779427442762e-12
-3.753664046257654e-12
1.1176448655447757e-11
7.716050021144838e-13
-2.6334490144108713e-13
-1.6155965454345278e-12
-1.6341927810969992e-11
-1.833657847782888e-08
-4.271312548098649e-08
-2.3578304642057898e-08
-2.0750300144811717e-08
-1.1876130856514067e-08
-9.707925130442163e-09
-1.0585607945756692e-09
-6.664517826493466e-10
-1.4051049213037459e-10
-1.1102230246251565e-15
-2.6645352591003757e-15
1.7763568394002505e-15
-6.661338147750939e-16
-3.3306690738754696e-16
-7.771561172376096e-16
8.348877145181177e-14
-6.328271240363392e-15
-5.773159728050814e-15
-1.361998158699862e-08
-4.407137055295607e-08
-1.9419789332175696e-08
-1.7088395587450123e-08
-9.876982731693573e-09
-9.283837698603747e-09
-6.192450996422849e-10
-9.368061881787071e-11
-1.03415276342389e-10
-9.992007221626409e-16
5.953570969552402e-15
3.3306690738754696e-16
4.440892098500626e-16
4.440892098500626e-15
-3.3306690738754696e-15
-4.1744385725905886e-14
8.965050923848139e-15
-2.7977620220553945e-14
1.3691845879293398e-08
-4.377429263513477e-08
5.9754277081935925e-09
7.213368569125578e-09
3.719355490261478e-09
-6.180975731240324e-09
-1.6189449780767973e-10
1.229616408693346e-10
-1.3771761508962754e-11
2.9254376698872875e-13
-2.345346139520643e-15
-1.7763568394002505e-15
1.3322676295501878e-15
4.674038933671909e-14
-5.545564008002657e-14
-2.220446049250313e-15
1.7763568394002505e-15
-3.552713678800501e-15
-2.9116620225977385e-09
-4.266796338470158e-08
-6.165973509553169e-09
-5.7502038686152446e-09
-3.7567495780876925e-09
-7.404224788842838e-09
1.9508883397634236e-10
3.7885539150295244e-10
9.524014910056167e-11
1.6653345369377348e-15
1.970645868709653e-15
3.885780586188048e-16
-4.440892098500626e-16
1.4432899320127035e-15
8.604228440844963e-16
1.1102230246251565e-15
4.6629367034256575e-15
2.220446049250313e-15
3.2126585836067534e-09
-4.143329945804908e-08
3.220712585516594e-10
-3.142091031804739e-10
-7.612825925207289e-10
-6.323077172964986e-09
9.818093005264927e-10
9.88955362046795e-10
2.8452284972502184e-10
-4.440892098500626e-15
9.783840404509192e-16
-6.938893903907228e-15
4.440892098500626e-16
1.1102230246251565e-16
-7.91033905045424e-16
1.1102230246251565e-15
0.0
0.0
6.771641025693498e-09
-4.126538932780477e-08
4.38851444073407e-09
1.2414176353559014e-09
7.382539024547441e-11
-5.6222262401206535e-09
3.269628123803159e-09
2.768270945807671e-09
7.186524708657771e-10
-1.887379141862766e-15
7.494005416219807e-16
5.551115123125783e-17
-2.220446049250313e-16
-4.440892098500626e-16
4.996003610813204e-16
-4.6629367034256575e-15
-1.199040866595169e-14
-4.440892098500626e-16
3.2683950323963984e-08
-4.5431364004144825e-08
2.6953543397212346e-08
1.8267909851488184e-08
9.65545154940628e-09
-2.9204727525211638e-09
8.501677584149547e-09
7.0721140055241e-09
1.5078956971947832e-09
-4.440892098500626e-16
-5.828670879282072e-16
5.551115123125783e-17
3.3306690738754696e-16
1.1102230246251565e-16
-9.43689570931383e-16
-5.375699885235008e-13
3.0242475190789264e-13
-9.459100169806334e-14
2.5587306495822304e-08
-4.955709576037748e-08
2.0194961258823696e-08
6.837778343538048e-09
3.230915979202109e-09
-3.9737244605930755e-09
1.3306376445143543e-08
1.0364936242623912e-08
1.7783695627215934e-09
7.771561172376096e-14
4.170969125638635e-14
2.8332891588433995e-13
1.9761969838327786e-13
6.357137039003646e-13
-9.75552971738125e-13
2.6645352591003757e-15
1.2523315717771766e-13
1.6431300764452317e-14
1.2781082858737136e-08
-3.7597791546772896e-08
1.0966370922460555e-08
3.4790712533094843e-09
1.3090151185224386e-09
-4.094189876013842e-09
7.229569831679328e-09
4.9305536320432e-09
7.793360401464611e-10
-4.440892098500626e-16
8.534839501805891e-16
-8.881784197001252e-16
0.0
9.43689570931383e-16
-1.1102230246251565e-16
-4.6074255521944e-15
5.329070518200751e-15
6.217248937900877e-15
-4.277296739019221e-09
-3.029321504754989e-08
-1.6867919283569675e-09
-3.981993401680484e-09
-2.939877674634772e-09
-4.847279910791258e-09
1.9305854692674984e-09
1.048856890228933e-09
2.2705382018983755e-10
-2.6645352591003757e-15
5.080571380267074e-15
2.7755575615628914e-16
4.440892098500626e-16
-2.220446049250313e-16
0.0
-2.7755575615628914e-16
-8.881784197001252e-15
-3.1086244689504383e-15
-6.3878360379021615e-09
-2.900731033150805e-08
-3.017833094531852e-09
-4.021973865064865e-09
-2.995030001784471e-09
-4.665380970436672e-09
7.483276220909829e-10
3.576743345945488e-10
1.210214706226509e-10
1.27675647831893e-13
-1.8221535391660382e-14
5.323519403077626e-13
9.78106484694763e-13
-1.2527721915400747e-12
2.3487600753213655e-12
-1.5504264538890311e-12
-7.061018436615996e-13
-5.1958437552457326e-14
-1.1403813005017582e-08
-2.9370724519139912e-08
-6.848784650514973e-09
-7.573172311481358e-09
-5.014047843587832e-09
-5.097355426642025e-09
5.274882752814847e-10
3.3872904481313526e-10
8.933603856675632e-11
-1.3322676295501878e-15
-3.635980405647388e-15
-3.122502256758253e-16
0.0
2.220446049250313e-16
-2.1510571102112408e-16
-1.4432899320127035e-15
4.440892098500626e-15
2.220446049250313e-16
-1.376087510607249e-08
-2.903888685068523e-08
-8.72235528248666e-09
-9.175919135628874e-09
-5.856884754962266e-09
-5.2239457204450446e-09
3.793925174022661e-10
3.0548541474217927e-10
6.159728282995047e-11
5.551115123125783e-15
1.6930901125533637e-15
1.6653345369377348e-16
2.220446049250313e-16
-2.886579864025407e-15
-2.172741153660951e-16
4.440892098500626e-16
-8.881784197001252e-16
-1.1102230246251565e-15
-1.6089359178295126e-08
-2.8047054456692422e-08
-9.994537975011042e-09
-1.022992535126832e-08
-6.2778422460496586e-09
-5.275659020753665e-09
2.0096635466870796e-10
2.0935431166435592e-10
4.1447734133726044e-11
8.326672684688674e-14
-1.9009793739144243e-13
-3.3769098628511074e-12
-2.7549074133048634e-12
5.629718913269244e-12
-1.0294542995836764e-12
7.068123863973597e-12
3.510525203864745e-13
2.774225293933341e-12
-1.97446894389941e-08
-2.7299869032049173e-08
-1.2277604710675405e-08
-1.2401454529964438e-08
-7.2373929072000465e-09
-5.582386108926585e-09
1.2807177540707926e-10
1.5657519725209568e-10
3.666533743285072e-11
-7.993605777301127e-15
-7.827072323607354e-15
1.3322676295501878e-15
-9.230394226733551e-13
-3.078870491890484e-12
0.0
-9.992007221626409e-16
1.3322676295501878e-15
-7.72715225139109e-13
-4.259393904249009e-08
-3.068860188193412e-08
-3.076267240942343e-08
-3.064390696749797e-08
-1.7187365530801912e-08
-9.081176699510252e-09
1.063575894022506e-10
1.1763745533244219e-10
3.557931727016239e-11
6.661338147750939e-15
3.1363800445660672e-15
-4.996003610813204e-16
1.1102230246251565e-16
-2.6645352591003757e-15
0.0
1.6930901125533637e-15
-8.881784197001252e-16
2.9976021664879227e-15
-2.9399274126262753e-08
-4.099210570984724e-08
-1.71963367989747e-08
-1.6929671886600772e-08
-8.456467526229972e-09
-7.72188002429175e-09
1.0089440394267513e-10
7.398526236102044e-11
3.550133798047028e-11
4.440892098500626e-16
-2.942091015256665e-15
5.551115123125783e-17
6.661338147750939e-16
8.881784197001252e-16
0.0
-2.095545958979983e-15
-1.7763568394002505e-15
-1.1102230246251565e-15
-3.122377734143811e-08
-6.934040186479251e-08
-1.1752142370369256e-08
-1.1156302548442909e-08
-2.396141951521713e-09
-8.852218513766275e-09
-4.61053417666335e-11
-4.302869172079227e-11
2.869637860669627e-11
-2.3092638912203256e-14
-3.7422842602552464e-13
3.0017932584058826e-12
2.7047253325918064e-12
-2.596145520783466e-12
2.468247828346648e-12
-5.443340223010296e-12
-6.228351168147128e-13
-2.275291066666796e-12
-2.4839081902428006e-08
-9.847451565292431e-08
1.8850432326189548e-09
3.0149145402447175e-09
1.0608630418573739e-08
-7.143043490032142e-09
-1.467537202870517e-10
-1.3706014101444453e-10
5.866196417514402e-12
-1.2434497875801753e-14
-3.83026943495679e-15
-1.457167719820518e-16
1.4308554341369017e-12
1.7763568394002505e-15
-3.424815986363683e-12
2.6623148130511254e-13
1.0802470029602773e-13
8.466560785791444e-13
1.7261804430290795e-08
-9.928083954946486e-08
3.5139741783041245e-08
2.7016948678237892e-08
2.571420765207222e-08
6.108002992277761e-10
8.96150909035498e-09
6.716199152378977e-09
2.0512085363577626e-09
2.864375403532904e-14
7.494005416219807e-16
1.5612511283791264e-16
0.0
0.0
-1.7763568394002505e-15
-8.881784197001252e-16
2.3314683517128287e-15
3.3306690738754696e-16
4.0238802512249094e-08
-8.554593478038441e-09
3.032734241514845e-08
1.3513457020053465e-10
-6.56315002345309e-11
-2.72042721682908e-10
2.99159808037075e-08
1.7887849423914304e-08
2.465321280453736e-09
4.440892098500626e-16
1.8318679906315083e-15
1.6653345369377348e-16
-4.440892098500626e-16
1.7763568394002505e-15
-4.440892098500626e-16
0.0
-2.3869795029440866e-15
0.0
1.6992487417155644e-09
-1.0290932550560683e-09
1.6840431271702982e-09
-2.3950441629949637e-10
-1.322519871393979e-10
-1.7692158849058615e-10
1.3547634125643526e-09
1.2763550216732256e-09
4.161471167662967e-11
1.5543122344752192e-15
2.7450264283856995e-14
-4.712341628021477e-13
-2.5655033653038117e-12
-3.1086244689504383e-15
6.374900607397649e-13
1.1821654766208667e-12
9.159895064669854e-13
-9.037215420448774e-13
-5.285826887302392e-09
-1.320813680649735e-09
-4.315431567647465e-09
-2.013713640280912e-10
-9.391376565304199e-11
-8.98409124872046e-11
-4.325411140371216e-09
-2.2507009589389786e-09
-5.852349715951277e-10
-6.661338147750939e-15
-2.609024107869118e-15
2.7755575615628914e-17
0.0
7.105427357601002e-15
5.551115123125783e-16
1.5543122344752192e-15
2.1094237467877974e-15
-5.551115123125783e-16
3.40563133249816e-10
-7.022364911790646e-10
6.658105178303231e-10
-1.1012168954493973e-10
-3.7343017567081915e-11
-4.253952745614242e-11
6.419078601993533e-10
4.347988635799993e-10
-1.970867913314578e-12
6.661338147750939e-16
5.551115123125783e-15
-1.3877787807814457e-16
4.440892098500626e-16
-6.661338147750939e-15
-2.498001805406602e-16
-6.661338147750939e-16
-2.220446049250313e-16
8.881784197001252e-16
-3.986638574815515e-09
-4.681908194470452e-10
-2.9954225766459786e-09
-4.04165589884542e-11
2.3803181647963356e-13
-2.940026000430862e-11
-3.0150033580866875e-09
-1.6984404993536373e-09
-3.945066495703031e-10
2.091660178393795e-13
-1.942890293094024e-16
4.3698725193941357e-13
8.881784197001252e-16
1.2301271112846734e-13
-3.352873534367973e-14
-1.2803091919977305e-12
-6.685763054292693e-13
8.542611062978267e-13
-1.3804388743210438e-09
-6.494929039035924e-10
-7.509424193585801e-10
-1.47057921395799e-11
2.4992896641151674e-11
-2.734412696270283e-11
-8.243539184604742e-10
-4.4842662916266823e-10
-1.2384049341562786e-10
-2.657873920952625e-13
5.551115123125783e-17
6.938893903907228e-17
8.881784197001252e-16
7.66053886991358e-14
2.5091040356528538e-14
2.220446049250313e-16
-5.551115123125783e-17
-3.3401059695847835e-13
5.888537657483539e-09
-1.3093881534587126e-10
4.1650025650596945e-09
3.88375998028323e-11
4.1458392274762446e-11
-1.8095080989155576e-11
4.289151256386958e-09
2.419131561737231e-09
4.6090065097814664e-10
7.216449660063518e-14
-4.718447854656915e-16
-2.0042301152045638e-13
-3.552713678800501e-15
1.9984014443252818e-15
-2.886579864025407e-15
-6.661338147750939e-16
2.3869795029440866e-15
-1.1744620033449227e-16
-3.185647301506833e-10
-1.9834445197375317e-10
1.950990480281689e-10
-1.8470558416083804e-11
-4.2015280143914424e-12
-1.5181855772539166e-11
8.045120125643734e-11
5.475797593135212e-11
8.455458555545192e-12
-7.105427357601002e-15
-5.856426454897701e-15
-1.3877787807814457e-16
1.7763568394002505e-15
8.43769498715119e-15
2.886579864025407e-15
4.618527782440651e-14
-2.1094237467877974e-15
-2.671474153004283e-16
6.888853931741323e-10
4.4340531246689347e-10
3.659090808127985e-10
1.7137580243797856e-10
2.7272850644521895e-11
1.3453571590105184e-11
2.043183400246562e-10
1.1405099087369308e-10
3.8554048842343036e-11
6.439293542825908e-15
-3.0253577421035516e-15
-2.220446049250313e-16
-1.5543122344752192e-15
2.4913404672588513e-13
-1.3322676295501878e-15
-4.711786516509164e-13
-1.1102230246251565e-15
1.7694179454963432e-16
-3.17267847549374e-08
1.4843870133063318e-08
-2.5857637364623542e-08
-1.2297915574777107e-08
-9.479081519714327e-09
-1.7407915109401983e-09
-1.3613778548915432e-08
-7.686091763048353e-09
-1.5973995459717116e-09
-2.6645352591003757e-15
4.579669976578771e-15
5.551115123125783e-17
4.440892098500626e-16
0.0
-8.881784197001252e-16
2.220446049250313e-16
1.9984014443252818e-15
3.885780586188048e-16
-1.0867727695540452e-07
1.2170023921953543e-07
-8.18474381603096e-08
-8.546376051299376e-08
-6.795724960539928e-08
-9.97691107507137e-09
3.673751081123555e-09
2.063616832970183e-09
5.335607511369744e-10
4.6629367034256575e-15
2.4702462297909733e-15
2.7755575615628914e-16
3.774758283725532e-15
8.881784197001252e-16
8.881784197001252e-16
0.0
0.0
4.440892098500626e-16
4.707344203325192e-08
-4.4291738277024706e-08
3.351383881522452e-08
3.1411769185751837e-08
2.442002866587245e-08
2.785863095766672e-09
2.174036950464142e-09
1.2424692386048264e-09
3.9107561633500154e-10
-1.4588330543574557e-13
7.868705687030797e-15
-7.984168881591813e-13
3.960942684955171e-12
9.237055564881302e-14
-9.57456336436735e-13
4.831690603168681e-13
1.4765966227514582e-13
6.408207298136404e-13
4.68019578647727e-09
-8.41239966575813e-09
2.2716850622828133e-09
2.93769319981152e-09
2.4993127567540796e-09
-1.8106938171058573e-10
-7.644054278443946e-10
-3.929088165932626e-10
5.502442945726216e-11
3.3084646133829665e-14
3.0531133177191805e-16
1.700029006457271e-16
-3.667954828756592e-12
-5.995204332975845e-13
9.330314298949816e-13
-2.220446049250313e-16
8.326672684688674e-16
-1.8918200339612667e-13
-5.589768647951132e-10
2.975923507619882e-09
-5.730971253115058e-10
-6.72018884984027e-10
-5.137925640497087e-10
3.3708591473669003e-12
2.014175493059156e-10
1.5157297639234457e-10
2.5005419956869446e-10
-5.062616992290714e-14
-2.1760371282653068e-14
4.2224557184056266e-13
2.4424906541753444e-15
3.552713678800501e-15
6.661338147750939e-16
-2.220446049250313e-16
-9.71445146547012e-16
-6.661338147750939e-16
-1.0973355557553077e-09
1.9578365595407377e-09
-6.361329241144631e-10
-1.0288458973661818e-10
-8.703171516799557e-11
8.723188837933549e-12
-5.743476805264436e-10
-2.7695890025825065e-10
1.3496048723027343e-10
-6.661338147750939e-15
4.163336342344337e-15
2.983724378680108e-16
-2.220446049250313e-16
-1.7763568394002505e-15
-6.661338147750939e-16
0.0
1.1102230246251565e-15
-8.881784197001252e-16
-2.1815225181853748e-09
1.1820944223472905e-09
-1.718211795065372e-09
-4.515476881294944e-11
-1.652900039061933e-12
-9.293676939137185e-13
-1.6824497350853562e-09
-9.15964193382024e-10
-6.848210887255846e-11
1.0436096431476471e-14
-1.3600232051658168e-15
-4.996003610813204e-16
-1.3322676295501878e-15
-8.881784197001252e-16
2.220446049250313e-16
0.0
-2.220446049250313e-16
4.440892098500626e-16
-5.4097561985599896e-09
5.30150146005326e-10
-4.457950453229387e-09
1.0393375049488894e-10
1.0758505197827617e-10
2.6189050927882818e-11
-4.5807517778939655e-09
-2.5381368118360115e-09
-4.5143622173782205e-10
-2.220446049250313e-16
3.344546861683284e-15
2.7755575615628914e-17
7.771561172376096e-16
-2.220446049250313e-16
0.0
2.220446049250313e-16
-1.3322676295501878e-15
3.3306690738754696e-16
-4.4083137140660256e-09
-7.403144763884484e-10
-3.9211371927194705e-09
8.341842772097152e-10
5.77216496822075e-10
1.8695156533965473e-10
-4.778774931324392e-09
-2.6507951389476148e-09
-4.943387921230169e-10
-1.5543122344752192e-15
-4.0245584642661925e-15
2.220446049250313e-16
1.7763568394002505e-15
-1.6653345369377348e-16
0.0
-1.1102230246251565e-16
2.220446049250313e-15
-8.049116928532385e-16
2.2873194893691107e-08
-1.7590039647075173e-08
1.5764978655852246e-08
1.2874007637719844e-08
8.661464434567279e-09
2.8381821337575275e-09
2.893786543722854e-09
1.6156072035755642e-09
5.315285989127005e-10
-4.196643033083092e-14
-1.098600377336112e-14
-2.2870594307278225e-13
-2.8199664825478976e-14
8.881784197001252e-15
7.424616477180734e-15
-1.5565326805244695e-13
7.349676423018536e-14
5.906386491005833e-14
-2.1232501978829532e-08
-6.822915565862786e-10
-1.7276203578830973e-08
-2.1055015508864017e-08
-1.1845797232012956e-08
-2.2943122957030937e-09
3.709306639620991e-09
2.0642429987560718e-09
6.469207392001409e-10
-9.325873406851315e-15
-8.222589276130066e-16
-2.220446049250313e-16
0.0
2.220446049250313e-16
1.3322676295501878e-15
1.6653345369377348e-16
8.881784197001252e-16
6.661338147750939e-16
1.3710632629226893e-09
4.736527614568331e-09
1.485414458102241e-09
2.5299495831632157e-09
1.0734941824352973e-09
-1.255155979151823e-10
-1.0275904571699357e-09
-5.762945676224263e-10
-1.241318159372895e-10
1.1102230246251565e-15
2.375877272697835e-14
2.191580250610059e-13
-5.551115123125783e-16
0.0
0.0
-3.735900477863652e-14
-8.881784197001252e-16
0.0
-3.1364351116280886e-09
-3.475818743936543e-09
-3.508094259530026e-09
-2.7330964158522875e-09
-1.5062839864299349e-09
-6.357814275048668e-10
-7.742695373735842e-10
-4.3650771885950235e-10
-1.1370104857633123e-10
6.661338147750939e-16
4.440892098500626e-16
0.0
-2.220446049250313e-15
1.3322676295501878e-15
1.1324274851176597e-14
-2.7755575615628914e-16
1.7763568394002505e-15
8.881784197001252e-16
1.0685255347198108e-08
-1.2129078186262632e-08
5.499515509654884e-09
6.622379089549213e-09
3.824627725634855e-09
-5.993046059415974e-10
-1.1299583491108933e-09
-6.330687085664977e-10
-1.9876722490153043e-10
4.440892098500626e-15
-2.942091015256665e-15
-5.551115123125783e-17
2.220446049250313e-15
-1.0547118733938987e-15
-4.961309141293668e-16
-1.1102230246251565e-16
-2.220446049250313e-15
-8.881784197001252e-16
1.950297701114323e-09
-8.979554877441841e-10
1.1292056179001975e-09
7.94564414263732e-10
4.610649639857911e-10
-6.93752832958694e-11
3.368096912481633e-10
1.6125767388075474e-10
1.191580167869688e-10
-8.881784197001252e-16
-3.774758283725532e-15
-2.7755575615628914e-17
-5.551115123125783e-17
-1.5543122344752192e-15
5.551115123125783e-17
0.0
2.6645352591003757e-15
0.0
-8.131905815389473e-09
1.291731166475074e-09
-7.207855645674499e-09
8.961720254774264e-11
5.583711271128777e-11
8.103573367890249e-12
-7.262613621605851e-09
-4.1798173811002926e-09
-1.3610019777843263e-09
2.220446049250313e-16
5.793976409762536e-15
1.6653345369377348e-16
-8.881784197001252e-16
3.219646771412954e-15
-2.220446049250313e-16
4.440892098500626e-16
-3.552713678800501e-15
-1.3322676295501878e-15
-1.52481050008646e-09
1.5519390217377804e-09
-8.712532917343196e-10
-9.78022995923311e-10
-5.448459461376842e-10
2.0934232125568997e-10
1.0463452326803235e-10
2.0200729977659648e-11
8.285927499684931e-12
-3.597122599785507e-14
-4.9682480351975755e-15
-2.7755575615628914e-16
-4.440892098500626e-16
-8.881784197001252e-16
0.0
4.440892098500626e-16
1.7763568394002505e-15
1.7763568394002505e-15
2.5228530375898117e-10
-2.0568393210851355e-08
-2.757509776074585e-10
-3.269349235779373e-10
1.4401617676185197e-09
1.3688747912965482e-09
4.9377391064808756e-11
7.819966896249753e-12
1.102635777822103e-11
-1.1102230246251565e-15
1.1032841307212493e-15
-2.864375403532904e-13
9.159339953157541e-13
1.0863532295957157e-12
0.0
-2.970956813896919e-13
4.440892098500626e-15
4.440892098500626e-16
-5.428574922916596e-09
3.8554048842343036e-10
-4.66837946078158e-09
-4.645979601036743e-09
-2.7485604903176863e-09
-7.294147508218884e-10
-8.501643833369599e-12
7.436717908149149e-12
3.1870062144889744e-12
1.0658141036401503e-14
-2.914335439641036e-16
-1.0234868508263162e-16
4.027889133340068e-13
-1.091488011084607e-12
6.661338147750939e-16
0.0
-3.552713678800501e-15
-2.886579864025407e-15
-3.542950821611157e-09
-1.0866472166526364e-09
-2.905393259311495e-09
-2.9278330870852187e-09
-1.6512693434833636e-09
-3.7063330182718346e-10
-7.037925797703792e-12
3.0463187528084745e-11
6.049161171972628e-12
-5.0182080713057076e-14
1.6514567491299204e-15
8.326672684688674e-17
-1.38267175486817e-12
-1.7763568394002505e-15
-7.771561172376096e-16
4.440892098500626e-16
-3.552713678800501e-15
2.220446049250313e-15
-2.077769067909685e-10
-1.354294454358751e-10
-2.717044367273047e-10
-3.3997871184965334e-10
-2.0426149660579537e-10
-1.163158458439284e-11
6.691891485388624e-11
3.04991587540826e-11
1.0377698700381188e-11
1.9984014443252818e-15
3.3584246494910985e-15
-1.3877787807814457e-16
1.1102230246251565e-15
1.7763568394002505e-15
6.661338147750939e-16
-8.881784197001252e-16
-8.881784197001252e-16
4.440892098500626e-16
1.7966073073694133e-10
-1.9981882815045537e-10
1.2783860081633236e-10
7.805955881678983e-11
5.3706816771637016e-11
2.3291590878216084e-11
4.54578596986721e-11
2.524824793681546e-11
6.392664175791651e-12
-7.993605777301127e-15
-6.744604874597826e-15
1.6653345369377348e-16
-3.3306690738754696e-16
1.1102230246251565e-15
-2.220446049250313e-16
2.220446049250313e-15
1.5265566588595902e-15
-1.7763568394002505e-15
-1.6143530956469476e-11
7.972289495228324e-11
1.858957432432362e-11
-1.8758328224066645e-12
6.5636385215839255e-12
-1.1432632618380012e-11
2.6903368421926643e-11
2.0188295479783847e-11
-4.96358509849415e-12
3.1086244689504383e-15
-9.71445146547012e-17
-5.551115123125783e-17
-2.220446049250313e-16
-1.4988010832439613e-15
7.216449660063518e-16
-2.220446049250313e-16
7.771561172376096e-15
-1.1102230246251565e-15
-8.79865069691732e-11
-4.089741878487985e-10
-1.5485923654523504e-10
-2.3013713157382654e-10
-1.2383072345301116e-10
-3.419842187213362e-11
8.318634669990388e-11
1.0739586997488004e-10
2.103528462527038e-11
2.4424906541753444e-15
3.760880495917718e-15
-5.551115123125783e-17
0.0
1.9984014443252818e-15
-9.992007221626409e-16
-2.220446049250313e-15
-3.1086244689504383e-15
0.0
-3.0741631462660735e-10
-1.8454926475897082e-10
-2.0742429995834752e-10
-3.001039416972162e-10
-1.644711034032298e-10
-4.926903329760535e-11
9.247891341601644e-11
2.8763214032778706e-11
-1.1373235686562566e-11
1.5543122344752192e-15
5.273559366969494e-16
-1.532107773982716e-14
-5.694333893302428e-13
-3.735900477863652e-14
-2.3592239273284576e-14
4.263256414560601e-14
-1.865174681370263e-14
-3.0819791163594346e-13
-7.234106647047156e-10
-2.0261126110199257e-11
-7.374731936238277e-10
-8.703926468456302e-10
-4.856950397424953e-10
-1.1370104857633123e-10
1.4710099804915444e-10
9.46534517431985e-11
2.3897994694266345e-11
1.3322676295501878e-15
-6.106226635438361e-16
9.992007221626409e-16
5.414557691096888e-13
-3.400058012914542e-16
-7.528699885739343e-16
-1.5543122344752192e-15
-3.3306690738754696e-14
-1.7763568394002505e-15
-5.012559256556415e-10
2.560458511879915e-10
-3.7222003257397773e-10
-4.4926373732323555e-10
-2.5015367555170087e-10
-6.990319434407866e-11
7.37667704697742e-11
1.8548607094714953e-11
-1.8924417588550568e-11
2.4202861936828413e-14
7.840950111415168e-16
0.0
0.0
8.326672684688674e-17
1.3183898417423734e-16
2.220446049250313e-16
3.9968028886505635e-15
2.220446049250313e-15
-3.958895433697762e-10
4.522990870725607e-10
-3.2060742949369114e-10
-8.781064764207258e-11
-4.702727096628223e-11
-1.7536194718559273e-11
-2.367279705595138e-10
-2.0771484532389195e-10
-6.554967679761603e-11
-7.327471962526033e-15
2.5673907444456745e-16
1.1102230246251565e-16
5.551115123125783e-17
9.159339953157541e-16
1.1657341758564144e-15
1.1102230246251565e-15
-1.7763568394002505e-15
0.0
-8.63753790714128e-10
1.0941940686848284e-09
-5.920064438669215e-10
-1.5788259588589426e-11
-5.4285465012071654e-12
-2.4726887204451486e-12
-5.838138861236075e-10
-5.046040807421548e-10
-9.220380015051434e-11
-8.215650382226158e-15
2.7547408798511697e-15
3.9612757518625585e-13
1.2068124277675452e-13
7.93809462606987e-15
-1.1685097334179773e-14
-4.194977698546154e-13
7.549516567451064e-14
-1.354472090042691e-14
-9.993534888508293e-10
1.19672804999027e-09
-6.535216812153521e-10
-2.455005088108919e-10
-1.3385736963300587e-10
-3.0382807381101884e-11
-4.0399239509270046e-10
-3.881367449665163e-10
-4.9105164379170674e-11
1.0436096431476471e-14
-3.5214886562329184e-15
-1.6653345369377348e-16
-2.220446049250313e-16
-7.338712970650363e-13
-9.71445146547012e-16
-2.1163626406917047e-15
8.881784197001252e-16
1.3766765505351941e-14
-2.0303048131609103e-10
1.3537260201701429e-09
1.4223999755813566e-10
3.858300345882526e-10
2.234070706208513e-10
6.444622613344109e-11
-2.561481443619229e-10
-2.698468115625019e-10
-2.5145108217827783e-11
3.197442310920451e-14
2.2342544481190885e-13
-7.774891841449971e-13
6.690203946391193e-13
4.0570324877364783e-13
2.7562674365100293e-13
3.7214675785435247e-13
-8.881784197001252e-16
9.769962616701378e-14
8.307381449412787e-10
9.754899110703263e-10
1.1328094018381307e-09
1.3783187924332196e-09
7.713811811527194e-10
1.3792345043839305e-10
-2.6284130427711716e-10
-2.3087398659527025e-10
-1.467034826951874e-11
-3.552713678800501e-15
-2.9698465908722937e-15
-7.632783294297951e-17
-7.716050021144838e-13
2.7558857973453144e-13
-3.3902741725100327e-13
3.219646771412954e-15
-2.2648549702353193e-13
-1.2800871473928055e-13
4.3004177996408544e-10
5.138787173564198e-10
7.138574176224211e-10
9.453615668064685e-10
5.268461222840415e-10
6.254907702896162e-11
-2.4286350708280224e-10
-1.5637624528608285e-10
-1.1286749312944266e-11
9.547918011776346e-15
-2.703948176474569e-13
4.5238812695913566e-13
8.43769498715119e-15
-8.326672684688674e-15
1.3877787807814457e-16
4.440892098500626e-16
8.881784197001252e-16
4.996003610813204e-16
3.0245672633100185e-10
1.5914736195554724e-10
2.567706047784668e-10
4.5733328235542103e-10
2.6417978915560525e-10
7.419487246806966e-11
-2.0114399035264796e-10
-9.399059308634605e-11
-1.5016654586474942e-11
-1.9984014443252818e-15
-5.6066262743570405e-15
-1.6653345369377348e-16
-6.661338147750939e-16
2.220446049250313e-16
-7.771561172376096e-16
-2.220446049250313e-16
-1.3322676295501878e-15
-4.440892098500626e-16
1.175123998109484e-09
-7.513136779380147e-10
7.168221571873801e-10
8.15374434637306e-10
4.672191522558933e-10
1.4122747415967751e-10
-9.398348765898845e-11
-3.566924533515703e-11
-8.580913757327835e-12
-2.6645352591003757e-15
6.955547249276606e-14
4.1466829969749597e-13
-2.220446049250313e-16
6.661338147750939e-16
2.220446049250313e-16
-7.668310431085956e-13
-4.091171845743702e-14
8.459899447643693e-14
2.7219471121497918e-09
-1.1317666803734028e-09
1.8859687145322823e-09
1.6650716361255038e-09
9.543204004813788e-10
3.3865887871797895e-10
2.156115286311433e-10
1.5876722159191559e-10
4.160949362841393e-11
-3.552713678800501e-15
-5.551115123125783e-15
-4.163336342344337e-16
3.89294152469688e-12
-8.881784197001252e-16
-2.220446049250313e-16
-1.1379786002407855e-15
6.661338147750939e-16
2.731148640577885e-14
1.120099568652222e-09
3.531397396727698e-10
3.4424729733473214e-10
-1.233146917911654e-10
-7.005951374594588e-11
2.191882231272757e-10
4.9273030100494e-10
3.431663841979571e-10
1.0320388987850038e-10
5.329070518200751e-15
-4.717060075876134e-14
3.3072017346924554e-12
-7.002287638613325e-12
3.3937297416741785e-12
2.993605363599272e-12
2.3869795029440866e-13
-3.446132268436486e-13
4.720668300706166e-13
-7.925109457573853e-10
3.1671731903770706e-10
-9.54385015461412e-10
-1.3447518654174928e-09
-7.609948227127462e-10
-8.512301974406e-11
3.4372149571026966e-10
2.629107764828831e-10
7.918682376484298e-11
-1.7763568394002505e-15
7.466249840604178e-15
-3.2451819009793326e-12
4.157119093406436e-12
-4.058975378029572e-12
-2.148503597254603e-12
-2.0117241206207837e-13
-2.3381296898605797e-13
1.1102230246251565e-16
4.890637228527339e-09
4.469384862204606e-10
3.6914258316755877e-09
3.2647093917148595e-09
1.7763710502549657e-09
8.071125989772554e-10
4.276152765214647e-10
3.139928317352769e-10
9.048028992708623e-11
-4.440892098500626e-15
-1.3877787807814457e-16
9.020562075079397e-17
4.440892098500626e-16
8.881784197001252e-16
8.881784197001252e-16
-1.2351231148954867e-15
1.7763568394002505e-15
-2.220446049250313e-16
-2.551754363366854e-09
2.891579242714215e-08
4.871793635174981e-09
3.516971602834929e-09
1.7537953311830279e-09
8.567546672111348e-10
1.4547794080499443e-09
3.907245638146151e-10
3.4550904359775814e-09
8.881784197001252e-15
4.4048098502003086e-14
-5.174818906716894e-13
-8.113509863960644e-13
7.922551503725117e-13
-8.268941087408166e-13
6.785683126508957e-13
1.4219736499399005e-12
-6.608047442568932e-13
6.586162726307521e-10
8.334524181918823e-09
6.665736407285295e-09
6.769411697860052e-10
4.3072390099041513e-10
8.465761425213714e-11
5.9697491394672406e-09
4.5506327595035145e-09
4.901963279735355e-09
1.9984014443252818e-15
-2.095545958979983e-15
-1.0408340855860843e-16
-1.2789769243681803e-13
-3.2862601528904634e-14
-2.1760371282653068e-14
-1.5543122344752192e-15
-9.107437026756315e-13
0.0
8.454809119484707e-08
3.5318521440785844e-08
7.053015238511762e-08
2.7407409675106464e-11
-3.4585667663122877e-12
2.177097391253824e-11
7.022809001000498e-08
3.604224119158061e-08
5.5196167636495375e-09
1.9984014443252818e-15
7.355227538141662e-16
-5.551115123125783e-17
3.2596148002994596e-13
-5.329070518200751e-15
-6.661338147750939e-16
1.5543122344752192e-15
-3.3306690738754696e-16
2.220446049250313e-16
-1.86811632829631e-09
-1.8222863218397833e-09
-1.6594086105214956e-09
3.1130653610489393e-12
1.9872992140790302e-11
1.578231989540768e-11
-1.5573462519569148e-09
-6.70869582108935e-10
-2.6332713787269316e-11
7.327471962526033e-15
-5.551115123125783e-17
0.0
-2.540190280342358e-13
1.7763568394002505e-15
2.7755575615628914e-16
-6.661338147750939e-16
-1.1102230246251565e-15
1.2212453270876722e-15
-6.888996040288475e-10
1.6262902136077173e-10
-6.843912103704497e-10
-3.863576125695545e-12
3.1092906027652134e-12
4.651390383969556e-12
-6.339995195503434e-10
-3.453379804341239e-10
-5.765343757957453e-11
-1.4210854715202004e-14
-4.9682480351975755e-15
-2.3370194668359545e-14
-1.3322676295501878e-15
-7.549516567451064e-15
5.551115123125783e-16
1.1102230246251565e-15
9.992007221626409e-16
-5.551115123125783e-16
-2.848665303645248e-09
1.0580336606835772e-09
-2.2416699607674673e-09
-8.730793865652231e-12
-7.481126829134155e-12
-1.319611087069461e-11
-2.231935525287554e-09
-1.2872805044139568e-09
-1.6679280179232592e-10
1.9317880628477724e-14
9.71445146547012e-16
-1.582067810090848e-15
0.0
-3.3306690738754696e-15
4.440892098500626e-16
8.881784197001252e-16
-1.942890293094024e-15
-4.996003610813204e-16
1.1711520642165851e-10
2.637605689415068e-10
1.0259171290272207e-10
2.781774810500792e-12
-6.058265000774554e-12
-3.730571407345451e-12
1.092814727599034e-10
6.961009546557761e-11
8.043343768804334e-11
-2.886579864025407e-15
2.0539125955565396e-15
0.0
4.440892098500626e-16
9.825473767932635e-15
-2.6645352591003757e-15
-1.1102230246251565e-15
2.220446049250313e-15
8.743006318923108e-16
-1.2884449063221837e-10
6.664606644335436e-10
-4.5577763785331626e-11
-1.1269207789155189e-11
-3.643307877609914e-12
-1.2877254818022266e-11
-2.9039881610515295e-11
-2.092903628181375e-11
8.08171307653538e-11
-2.6867397195928788e-14
1.6653345369377348e-15
-5.551115123125783e-17
-8.881784197001252e-16
7.327471962526033e-15
4.218847493575595e-14
6.661338147750939e-16
3.2507330161024584e-13
5.759837051755312e-13
-2.28206076258175e-09
4.974580747330037e-10
-1.8190284833963235e-09
7.65432162097568e-12
-1.0187406473960436e-12
2.149835864884153e-12
-1.841559793547276e-09
-1.048855224894396e-09
-1.630979795663734e-10
4.6629367034256575e-15
-2.7200464103316335e-15
2.7755575615628914e-17
-1.3322676295501878e-15
-3.3306690738754696e-15
-4.440892098500626e-16
6.661338147750939e-16
-1.1102230246251565e-16
-9.992007221626409e-16
-4.441482376327244e-09
9.706724313218729e-10
-3.6378260404035245e-09
-3.7351455262069067e-11
-2.5511148749046697e-11
-2.797873044357857e-12
-3.598415787564591e-09
-2.027835677154144e-09
-3.16290993396251e-10
-3.441691376337985e-14
1.8041124150158794e-15
1.3877787807814457e-16
2.220446049250313e-15
-8.881784197001252e-16
0.0
-1.3322676295501878e-15
0.0
5.551115123125783e-16
-5.571783034952205e-09
1.9788757299465942e-09
-4.646590667789496e-09
-7.6717299180018e-11
-5.90503201891579e-11
-5.5211391014609035e-12
-4.57727367120242e-09
-2.59483101672231e-09
-3.554134764272021e-10
1.1013412404281553e-13
-8.1601392309949e-15
7.066569551739121e-14
5.540012892879531e-14
1.0658141036401503e-14
7.549516567451064e-15
2.0816681711721685e-16
-3.044231533522179e-13
-5.901945598907332e-13
-6.474309088844166e-08
1.7580134681338677e-08
-5.496909238900116e-08
-1.0608225409214356e-10
-7.747402719360252e-11
-1.4661383218594892e-11
-5.486467102855386e-08
-3.143038185271507e-08
-5.910081313231785e-09
-1.5765166949677223e-14
2.4147350785597155e-15
1.0755285551056204e-16
-7.771561172376096e-16
-2.6645352591003757e-15
-4.440892098500626e-16
-2.220446049250313e-16
3.552713678800501e-15
0.0
-2.8336089030744915e-10
-6.526761353597976e-10
-2.0808599288102414e-10
-5.3148596634855494e-11
-4.5409009885588596e-11
7.235656518389533e-12
-1.5306511613744078e-10
-2.3721469233350945e-11
6.709299782414745e-12
-7.993605777301127e-15
-6.938893903907228e-16
-3.608224830031759e-16
-1.1102230246251565e-15
7.993605777301127e-15
0.0
3.885780586188048e-16
6.661338147750939e-16
5.551115123125783e-16
-1.7604300239781878e-09
1.870375854196027e-09
-1.4140653092908906e-09
-4.25499635525739e-11
-3.5432989875516796e-11
4.959810340210424e-12
-1.3694663181240685e-09
-7.523246470242384e-10
6.611466929484777e-11
4.0190073491430667e-14
2.9032332093947844e-13
-4.449222240632267e-12
-2.097488849273077e-13
2.913225216616411e-13
1.4210854715202004e-14
-1.6124879209655774e-12
9.565681580170349e-13
-2.4454882563418323e-12
-3.900488820818282e-09
4.581579560181126e-09
-3.015252048044203e-09
-1.8348433883375037e-10
-1.3520751185325253e-10
-3.723299446534156e-12
-2.8417419528636856e-09
-1.5500400962764616e-09
1.5294387978315171e-10
-4.1744385725905886e-14
-2.4980018054066022e-15
3.1452618287630685e-13
9.958700530887654e-14
-7.993605777301127e-15
2.220446049250313e-16
0.0
-6.661338147750939e-16
-3.5083047578154947e-14
-1.2417615380400093e-08
4.370036776890629e-09
-1.0393293337074283e-08
-2.630962114835711e-11
-1.1462830684649816e-11
-1.2998047083101483e-11
-1.0356293600466415e-08
-5.760972143775689e-09
-6.779146133339964e-10
1.9761969838327786e-14
3.4139358007223564e-15
1.6653345369377348e-16
-2.220446049250313e-16
1.7763568394002505e-15
-2.220446049250313e-16
0.0
2.4424906541753444e-15
4.996003610813204e-16
-1.480758626826173e-09
6.025572929502232e-09
-1.0906120451181778e-09
7.293721182577428e-12
-1.2171597063570516e-11
-1.2005729743691518e-11
-1.0972991404401e-09
-5.105835754193322e-10
6.178453304528375e-10
-2.6867397195928788e-14
-1.9627355296591986e-13
4.492517469145696e-12
2.0738966099997924e-13
1.021405182655144e-13
2.220446049250313e-16
1.425526363618701e-12
-1.169730978745065e-12
2.0551338408836273e-12
1.626412782229636e-09
4.8206629799096845e-09
1.2974012975064397e-09
-2.537881016451138e-11
-1.1164402735630574e-11
-1.3876344517882444e-11
1.300469065768084e-09
7.935465617947557e-10
8.2519591160235e-10
-2.3092638912203256e-14
6.723788192886104e-15
-2.220446049250313e-16
-2.4424906541753444e-15
4.884981308350689e-15
3.552713678800501e-15
6.661338147750939e-16
2.220446049250313e-16
1.7486012637846216e-15
-6.672372876437294e-09
3.871804210575647e-09
-5.96009286368826e-09
-8.928324746193539e-11
-4.2410519540680973e-11
-2.999434034478554e-11
-5.890854026802117e-09
-3.287341954205658e-09
-3.0954083740653004e-10
2.0650148258027912e-14
-9.645062526431047e-16
0.0
-1.9984014443252818e-15
-4.440892098500626e-16
1.1102230246251565e-16
-6.661338147750939e-16
-1.7763568394002505e-15
-1.5543122344752192e-15
-2.276578925375361e-10
4.2403485167596955e-09
-4.6324188929247617e-10
-1.9618262570020306e-10
-1.532800553150082e-10
-3.077760268865859e-11
-2.588471659237257e-10
-1.610338529189903e-10
4.836238076677546e-10
-1.3322676295501878e-14
6.210310043996969e-16
-5.551115123125783e-17
2.831068712794149e-15
-8.881784197001252e-16
-4.440892098500626e-16
4.440892098500626e-16
0.0
-2.220446049250313e-16
1.5829400012989936e-09
3.913008583822375e-09
8.525020689376105e-10
-1.582094455443439e-10
-1.1440093317105493e-10
-4.5363268696974046e-11
1.0206662182099535e-09
5.118021562111608e-10
6.526548190777248e-10
1.354472090042691e-14
-8.415490526658687e-14
1.7819079545233762e-14
1.5237811012980274e-14
4.143352327901084e-13
2.0872192862952943e-14
-3.677613769070831e-16
1.7763568394002505e-15
8.881784197001252e-16
-1.5901875372037466e-09
4.355456439952832e-09
-1.9842598675268164e-09
-1.7031087651275811e-10
-1.2022471906902865e-10
-7.162481718836489e-11
-1.7982628719437341e-09
-1.1326122262289573e-09
1.8850698779715458e-10
6.661338147750939e-16
-5.856426454897701e-15
0.0
-3.885780586188048e-16
1.7763568394002505e-15
4.440892098500626e-16
-3.3306690738754696e-16
-4.440892098500626e-16
0.0
9.055014515979564e-10
4.669146846936201e-09
-2.2170532076870586e-10
-8.400424800214523e-11
-6.387979034627733e-11
-1.0817080564606841e-10
-1.3922374364483403e-10
-3.0282976126727585e-10
5.049898277320608e-10
5.773159728050814e-15
1.4710455076283324e-15
2.7755575615628914e-17
-2.4980018054066022e-15
-1.5543122344752192e-15
-5.0133508455729725e-16
2.220446049250313e-16
-4.440892098500626e-15
0.0
7.855405215195788e-08
-6.723259815544225e-08
4.209050263881409e-08
4.098403572072584e-08
2.4402752263341654e-08
-3.783007906932312e-09
1.1044249959013541e-09
1.390567661019304e-10
9.399556688549637e-10
7.993605777301127e-15
1.6375789613221059e-15
1.6653345369377348e-16
5.551115123125783e-16
-1.3322676295501878e-15
0.0
-1.7985612998927536e-13
1.3571366253017914e-12
-8.704148513061227e-14
3.080973698388334e-08
7.618733377512399e-08
3.886772859118537e-08
4.1490274327316e-08
2.324045045298817e-08
1.1090435236837948e-08
-2.6979654066394687e-09
-2.4230555339954662e-09
-7.210942953861377e-11
2.1538326677728037e-14
-2.7834679006133456e-13
-5.551115123125783e-17
1.3322676295501878e-15
-4.480305015874819e-13
0.0
-4.440892098500626e-16
2.6645352591003757e-15
1.7763568394002505e-15
3.4578562235765276e-08
5.157903615327086e-08
3.436082707253263e-08
3.425834194104027e-08
1.6232469590704568e-08
5.832717420162226e-09
2.460183168295771e-10
-8.306244581035571e-12
-4.965916566845863e-12
-1.6209256159527285e-14
-3.247402347028583e-15
-5.551115123125783e-17
-8.881784197001252e-16
-1.4988010832439613e-15
0.0
0.0
-3.552713678800501e-15
-1.7763568394002505e-15
1.0505914360692259e-08
3.471393483778229e-08
1.1671737354390643e-08
1.1797698817872515e-08
4.721339763591459e-09
2.0813217815884855e-09
-1.4483703125733882e-10
-5.658362667304573e-11
-1.0270728711958554e-11
-1.0658141036401503e-14
3.028688411177427e-13
3.229361222878424e-14
8.881784197001252e-16
-1.8596235662471372e-15
6.661338147750939e-16
0.0
5.329070518200751e-15
4.440892098500626e-16
-6.680963338112633e-09
1.9129174688714556e-08
-3.89531251698827e-09
-3.82076237315232e-09
-3.054616115605313e-09
1.326938559031987e-10
-1.5356960147983045e-10
-1.0005773987131761e-10
-1.0734746425100639e-11
-2.1826984664130578e-13
-8.743006318923108e-16
-1.1102230246251565e-16
-5.329070518200751e-15
6.661338147750939e-15
-3.774758283725532e-15
-1.7763568394002505e-15
3.552713678800501e-15
1.0200174038743626e-15
-4.009315546227299e-09
8.34727131859836e-09
-1.7720829248446535e-09
-1.7383126049708153e-09
-9.993679217501494e-10
6.75463240895624e-10
-7.927702938559378e-11
-1.4244605495150608e-10
-1.52495793770413e-11
7.771561172376096e-15
1.4710455076283324e-15
2.7755575615628914e-17
2.220446049250313e-16
-5.412337245047638e-16
-5.551115123125783e-16
-1.3322676295501878e-15
-6.217248937900877e-15
1.5543122344752192e-15
-9.58019086283457e-09
7.732040785413119e-09
-6.650832773402726e-09
-6.443181432835843e-09
-3.6539979930694244e-09
-5.763922672485933e-11
-2.33460362153437e-10
-2.643609775532241e-10
-2.360645012799978e-11
3.3306690738754696e-15
8.465450562766819e-16
-5.551115123125783e-17
-6.661338147750939e-16
-2.220446049250313e-15
-1.6653345369377348e-16
0.0
-1.8480217356398043e-12
-2.220446049250313e-15
-2.4421382249784074e-08
6.612637548641942e-09
-1.824158779584195e-08
-1.82203234722067e-08
-1.0276385964402834e-08
-1.570853669363714e-09
-2.9723201677711586e-10
-2.459410453070632e-10
-1.7771117910569956e-11
-1.532107773982716e-14
-5.4817261840867104e-15
7.216449660063518e-16
2.220446049250313e-16
2.6645352591003757e-15
1.5681900222830336e-15
2.220446049250313e-15
1.1324274851176597e-14
8.615330671091215e-14
-1.2030980656163592e-08
6.708141597755457e-09
-1.0108517578544252e-08
-9.623830621308116e-09
-5.446457951308048e-09
-5.875762099094572e-10
-2.2440538316459424e-10
-2.3512747304721415e-10
-1.436206709115595e-11
1.4210854715202004e-14
2.040034807748725e-15
-5.551115123125783e-17
0.0
6.661338147750939e-16
-1.1657341758564144e-15
-1.7763568394002505e-15
-5.995204332975845e-15
-7.283063041541027e-14
-1.592976417441605e-08
6.673985808447469e-09
-1.249013514836861e-08
-1.2323666531699473e-08
-6.926860418587921e-09
-8.770939530222676e-10
-1.847513253494526e-10
-6.938427610236886e-11
1.1605327809860455e-11
-1.2290168882600483e-13
-3.608224830031759e-16
5.551115123125783e-17
1.0658141036401503e-14
-3.375077994860476e-14
-1.7763568394002505e-15
3.552713678800501e-15
0.0
3.1086244689504383e-15
-1.4665303638139447e-08
6.261394958073652e-09
-1.2198224652593128e-08
-1.216546208215874e-08
-6.8214665027710444e-09
-7.973142146511236e-10
-1.2456702336294256e-11
2.524366271572376e-10
5.121775226157865e-11
1.8540724511240114e-14
2.3175905639050143e-15
-5.551115123125783e-17
2.220446049250313e-16
3.3306690738754696e-16
8.881784197001252e-16
-3.1086244689504383e-15
-2.220446049250313e-15
4.440892098500626e-16
-7.904230159283543e-09
5.55340484709177e-09
-7.269888691041614e-09
-7.531790913173353e-09
-4.185472413098523e-09
-1.2576606422953773e-10
2.6991830992528776e-10
6.380121778115644e-10
8.00813859669347e-11
-1.887379141862766e-15
-2.4702462297909733e-15
1.1102230246251565e-16
0.0
1.4432899320127035e-15
-1.2989609388114332e-14
-1.7763568394002505e-15
5.329070518200751e-15
4.440892098500626e-16
-1.744453470564622e-10
5.41242073381909e-09
-1.5351133697549812e-09
-1.7563327459058085e-09
-8.970193476898203e-10
7.262030976562528e-10
2.2645618713568183e-10
6.330292956491235e-10
4.2772674291313706e-11
3.241851231905457e-14
-1.3877787807814457e-15
0.0
0.0
-3.774758283725532e-15
-1.176836406102666e-14
6.8833827526759706e-15
0.0
-8.881784197001252e-16
9.369505171719084e-09
6.5266902993244e-09
5.916630740898654e-09
5.913827205716871e-09
3.469800446964655e-09
1.902911606066482e-09
6.899236737467618e-11
3.6067304698406133e-10
1.2678136318555744e-11
4.1522341120980855e-14
-2.8033131371785203e-15
-2.220446049250313e-16
1.1102230246251565e-16
7.216449660063518e-16
2.220446049250313e-16
-5.811323644522304e-15
0.0
0.0
9.446299742421616e-09
6.742737923559616e-09
6.368806815260086e-09
6.016981315970504e-09
3.5639988738012107e-09
2.0301555991864007e-09
2.7305935290655725e-10
3.928191105728729e-10
3.053718389267601e-11
-1.7763568394002505e-15
2.7976752858815956e-15
-5.551115123125783e-17
4.440892098500626e-16
1.609823385706477e-15
-5.551115123125783e-16
3.4416913763379853e-15
-8.881784197001252e-16
4.440892098500626e-16
1.287105177993908e-08
5.649724243994569e-09
8.498534320722229e-09
7.918087518987704e-09
4.641979245434413e-09
2.3593997866555583e-09
5.667626368222045e-10
5.118234724932336e-10
5.462114094356707e-11
-1.1102230246251565e-15
-9.020562075079397e-16
3.3306690738754696e-16
2.220446049250313e-16
-1.4155343563970746e-15
1.3877787807814457e-16
-5.551115123125783e-15
-8.881784197001252e-16
4.440892098500626e-16
1.267536475779707e-08
4.537355380307417e-09
8.211859636730878e-09
7.3224076246880535e-09
4.285992005748085e-09
2.3214141720018233e-09
8.83979112131783e-10
6.40863362377786e-10
8.425538045031544e-11
-2.3092638912203256e-14
2.192690473634684e-15
8.326672684688674e-17
-4.440892098500626e-16
-2.220446049250313e-16
2.7755575615628914e-17
4.218847493575595e-15
6.217248937900877e-15
1.3877787807814457e-16
1.3664397613410983e-08
5.329098939910181e-09
9.877782147782455e-09
8.841916088186963e-09
5.135241565312754e-09
2.63582222714831e-09
1.02710373539594e-09
6.555982423606109e-10
1.2908452085014233e-10
1.0436096431476471e-14
-3.774758283725532e-15
-1.1102230246251565e-16
-6.661338147750939e-16
1.1102230246251565e-15
-3.3306690738754696e-16
2.220446049250313e-16
-3.1086244689504383e-15
-2.220446049250313e-16
8.2315807503619e-09
9.76640279759522e-09
6.335877156260494e-09
5.564377403288745e-09
3.2235911717748422e-09
2.2506796426569053e-09
7.973852689246996e-10
6.052118806110229e-10
2.1798474136858204e-10
2.020605904817785e-14
2.55351295663786e-15
5.88418203051333e-15
-9.614531393253856e-14
1.2367884494324244e-13
-1.751931932858497e-13
-4.884981308350689e-15
-1.1995959781074816e-13
7.083222897108499e-14
2.114107644501928e-08
1.742441924079685e-08
1.6355834020487237e-08
1.6063090413354075e-08
9.063127137665106e-09
4.792511276718869e-09
3.155378180963453e-10
4.474536297038867e-10
2.723210545951815e-10
-1.7763568394002505e-14
6.938893903907228e-16
-2.220446049250313e-16
-1.942890293094024e-16
2.220446049250313e-15
0.0
8.593126210598712e-14
8.881784197001252e-16
-5.551115123125783e-16
1.1928335652555688e-08
1.6977494965431106e-08
8.013063990119917e-09
8.902691917000993e-09
4.785885465707906e-09
3.5395402164795087e-09
-9.356372898672305e-10
-4.86643614294735e-10
-2.0732304761850173e-12
9.325873406851315e-15
6.106226635438361e-16
1.942890293094024e-16
9.992007221626409e-16
4.440892098500626e-16
5.329070518200751e-15
6.161737786669619e-15
1.7763568394002505e-15
2.9976021664879227e-15
4.746681270262343e-09
2.174297719648166e-08
6.051941170426288e-10
2.6783908424476977e-11
-4.918270235521049e-10
1.5301111488952301e-09
5.998166408005545e-10
-7.550520209065326e-10
-3.8995595641466707e-10
7.993605777301127e-15
-1.9984014443252818e-15
-1.942890293094024e-16
-2.220446049250313e-15
4.440892098500626e-15
2.4158453015843406e-13
2.0261570199409107e-15
4.440892098500626e-16
-4.440892098500626e-16
9.780909223877643e-06
9.735572348290589e-10
8.024029791942056e-06
2.6616930881573353e-09
6.993232659624482e-10
1.6090311305561045e-09
8.021445573547226e-06
4.679695088327663e-06
9.578302370139014e-07
9.325873406851315e-15
-1.9984014443252818e-15
-5.551115123125783e-17
-4.440892098500626e-16
-1.2434497875801753e-14
1.7763568394002505e-15
1.3322676295501878e-15
8.881784197001252e-16
-5.551115123125783e-17
8.562438154058326e-07
3.934617964773679e-08
7.106780408605574e-07
-2.111720576181142e-09
-1.79217352069827e-09
3.8753000808355864e-11
7.128874095485571e-07
4.1203326084371383e-07
9.130110356636578e-08
1.4876988529977098e-14
2.8171909249863347e-15
1.3183898417423734e-16
0.0
2.6645352591003757e-15
4.440892098500626e-15
-1.9984014443252818e-15
1.4432899320127035e-15
8.881784197001252e-16
3.372025219050556e-07
1.713144115456089e-08
2.824285800784309e-07
-1.3297807299750275e-11
3.2098768087962526e-12
1.72501457562646e-11
2.8247429639804977e-07
1.625998322651867e-07
3.727309660916944e-08
-2.886579864025407e-14
4.440892098500626e-16
-2.498001805406602e-16
-4.440892098500626e-16
7.105427357601002e-15
-8.881784197001252e-15
1.1102230246251565e-15
-4.6629367034256575e-15
-1.7763568394002505e-15
1.2878753352651984e-07
7.91288812251878e-09
1.0762809665720852e-07
2.1577406528194842e-11
1.0303757846941153e-11
3.384292845964865e-11
1.076898037410956e-07
6.162601451364935e-08
1.4373441103998628e-08
1.6076029396572267e-13
-1.7034984534092246e-15
-5.551115123125783e-17
1.3322676295501878e-15
0.0
-3.2529534621517087e-14
2.220446049250313e-15
4.9960036108132044e-15
-2.220446049250313e-16
4.659698049636063e-08
4.238216888552415e-09
3.9697628295698444e-08
1.0794920513035322e-11
8.694378550444526e-12
2.3067325827241802e-11
3.957768157647479e-08
2.2580422864848515e-08
5.536250569093681e-09
-3.241851231905457e-14
1.7486012637846216e-15
1.6653345369377348e-16
0.0
-5.329070518200751e-15
-1.1102230246251565e-16
-2.220446049250313e-15
-6.439293542825908e-15
6.661338147750939e-16
2.8977389376905194e-08
1.9876864598700195e-09
2.4353056460313383e-08
1.0910383707596338e-11
-4.9817927560980024e-12
-5.937028646485487e-12
2.4328400627382507e-08
1.3821719768714049e-08
3.2943745509328433e-09
3.6637359812630166e-14
-1.0130785099704553e-15
0.0
-2.6645352591003757e-15
0.0
-1.5543122344752192e-15
1.1102230246251565e-15
-7.771561172376096e-16
-1.7763568394002505e-15
1.6306081818129314e-08
5.795897095595137e-10
1.3580464752749322e-08
-1.1812772982011666e-12
-9.879208562324493e-12
-1.1084910767067413e-11
1.35824294034137e-08
7.670365453904537e-09
1.7209629277203933e-09
-1.4210854715202004e-14
-3.069905440966636e-13
-1.8846035843012032e-14
1.0169642905566434e-13
-8.326672684688674e-16
8.881784197001252e-16
5.74429392941056e-13
2.007283228522283e-13
1.1745326933265687e-12
5.069733077789351e-09
1.9610979506978765e-10
4.334800962624286e-09
-3.7481129311345285e-12
-2.5135449277513544e-13
-1.621214273939131e-11
4.336936143545245e-09
2.435125878719191e-09
5.536833214137005e-10
-6.439293542825908e-15
3.250177904590146e-13
-2.7755575615628914e-17
2.708944180085382e-14
6.183942247162122e-14
-8.881784197001252e-16
-8.881784197001252e-16
6.661338147750939e-16
1.6653345369377348e-16
2.4339774640225187e-10
-1.1660006293823244e-10
2.801634479965287e-10
-2.2524204723595176e-12
-5.430322858046566e-12
-6.935785279438279e-12
2.774029894681007e-10
1.4417977922676073e-10
1.8388846001471393e-11
1.84297022087776e-14
-1.0547118733938987e-15
-1.942890293094024e-16
3.774758283725532e-15
1.3322676295501878e-15
1.3322676295501878e-15
4.440892098500626e-16
8.881784197001252e-16
0.0
-2.569347401504274e-09
-2.6284396881237626e-10
-2.1549766415773774e-09
3.456790409472887e-12
-1.6244616762861597e-11
-2.344235916496018e-12
-2.155516654056555e-09
-1.2156586848277584e-09
-3.086881861236179e-10
1.7763568394002505e-15
8.881784197001252e-16
2.914335439641036e-16
-2.6645352591003757e-15
8.43769498715119e-15
0.0
5.273559366969494e-16
6.661338147750939e-16
-8.881784197001252e-16
-7.751268071842787e-09
-1.241460267920047e-10
-6.611401204281719e-09
4.8057557933134376e-11
-1.697875173789498e-11
-5.658806756514423e-13
-6.654257589389089e-09
-3.769130785258312e-09
-1.0094254321302287e-09
1.0702549957386509e-13
-7.394085344003543e-14
8.645306692756094e-13
-4.622968674539152e-13
-1.2390088954816747e-13
-5.346834086594754e-13
-1.078026556911027e-12
-6.892264536872972e-13
-8.79296635503124e-13
8.678391338889924e-11
1.7462298274040222e-10
5.8149041137767205e-11
4.149747212522925e-11
-6.007638830851647e-12
9.939937761771489e-12
5.5919713304319885e-12
-5.222489107836736e-13
1.652011860642233e-12
-1.7985612998927536e-14
-2.2830695667330758e-14
-4.057865155004947e-14
-6.661338147750939e-16
7.105427357601002e-15
8.881784197001252e-16
2.7755575615628914e-16
-9.769962616701378e-15
2.4147350785597155e-15
1.139406791139663e-09
-7.91715137893334e-10
8.969500697730837e-10
5.604130492997683e-10
4.1147441010025427e-10
6.15385520319478e-11
3.381606106245272e-10
1.7689960607469857e-10
-3.024469563683852e-12
-1.9984014443252818e-15
-5.218048215738236e-15
0.0
2.3314683517128287e-15
-7.105427357601002e-15
-2.220446049250313e-16
-1.1102230246251565e-16
2.220446049250313e-15
2.220446049250313e-16
-5.372303490958075e-09
5.435140337795019e-09
-3.5758134231400618e-09
-3.9014499408907e-09
-2.8389703921050113e-09
-1.1734879734603965e-10
3.191242825550944e-10
1.8108536892214033e-10
-1.224631507312779e-11
1.2656542480726785e-14
5.842548667089886e-15
5.551115123125783e-17
-2.886579864025407e-15
8.881784197001252e-16
-2.220446049250313e-16
2.220446049250313e-16
-2.1094237467877974e-15
4.440892098500626e-16
1.3258087960821285e-08
9.173390935757197e-10
1.0786031623410962e-08
1.103225955034759e-09
7.284587516531715e-10
-4.7582604523199734e-11
9.655796162633123e-09
5.494513288795133e-09
1.6372183608837076e-09
-8.43769498715119e-15
-5.079270337660091e-15
-1.7985612998927536e-14
-1.021405182655144e-14
2.1316282072803006e-14
1.5543122344752192e-15
-2.7200464103316335e-14
5.10702591327572e-15
2.7533531010703882e-14
3.77529829620471e-09
2.1847199604962952e-09
3.2746960698659673e-09
-5.67483837699001e-11
-8.832756748233805e-11
-8.93946028313053e-12
3.303830098388971e-09
1.8883525854107575e-09
6.687628228974063e-10
2.531308496145357e-14
-2.581268532253489e-15
1.3877787807814457e-16
2.220446049250313e-16
3.552713678800501e-15
2.220446049250313e-16
2.220446049250313e-16
-8.881784197001252e-16
-8.881784197001252e-16
-1.1397816024327767e-10
8.302549758809619e-10
6.31121821470515e-11
2.4062529746515793e-11
3.818279026290838e-12
1.9167556430943478e-11
2.846078928087081e-11
1.20614629395277e-11
-1.9273471707492718e-13
1.3766765505351941e-14
-5.828670879282072e-15
1.1962653090336062e-14
-4.773959005888173e-15
-8.881784197001252e-16
4.440892098500626e-16
4.884981308350689e-15
-1.582067810090848e-15
1.2434497875801753e-14
1.8922854394531896e-09
-1.8535502022132275e-09
1.6205561337301333e-09
3.616555943608546e-10
2.738520521461396e-10
9.524769861712912e-11
1.247505210244526e-09
6.999796298146066e-10
-2.6644020323374207e-11
-2.0650148258027912e-14
1.3433698597964394e-14
1.3905543383430086e-13
1.4432899320127035e-15
-4.440892098500626e-16
1.1102230246251565e-16
-2.6645352591003757e-14
-4.596323321948148e-14
1.3944401189291966e-13
7.127404444418062e-09
-5.88545390201034e-09
4.613511350726185e-09
5.2073065859303824e-09
3.5584601931759607e-09
1.1241865216504723e-09
-6.005842489997804e-10
-2.9973712400988006e-10
3.126672254438745e-10
1.6653345369377348e-14
7.008282842946301e-16
0.0
-2.220446049250313e-16
-1.1102230246251565e-16
-2.220446049250313e-16
-4.440892098500626e-16
-2.220446049250313e-15
0.0
3.268297632530448e-09
-3.481375188130187e-09
1.7813270858368924e-09
3.901437395370522e-09
2.631406204045561e-09
8.044993560218926e-10
-2.1167325670035098e-09
-1.1862750781688192e-09
2.0335733097454067e-11
-8.659739592076221e-15
2.498001805406602e-16
0.0
1.9984014443252818e-15
3.3306690738754696e-16
-2.220446049250313e-16
-1.1102230246251565e-16
-8.881784197001252e-16
0.0
1.8337686924496666e-09
2.5349891075165942e-09
1.201250654503383e-09
4.6202686121432635e-10
3.0953195562233304e-10
3.7871261682198565e-11
7.723279793481197e-10
3.0891200708538236e-10
4.488072136155097e-10
1.7763568394002505e-15
-1.7572748811645056e-14
-1.432187701766452e-13
1.176836406102666e-14
-1.0125233984581428e-13
-4.1522341120980855e-14
-1.82201476128796e-13
-3.552713678800501e-14
-6.354916592954396e-13
1.0314835208191653e-08
-8.373376658710185e-09
4.987938950762327e-09
6.978027045079216e-09
3.945875626243378e-09
-6.50539400126604e-10
-1.985988262731553e-09
-1.251272863100894e-09
-4.370281914134466e-11
-6.217248937900877e-15
8.326672684688674e-16
1.6209256159527285e-14
-9.992007221626409e-16
4.440892098500626e-16
-6.661338147750939e-16
1.1102230246251565e-16
-1.7763568394002505e-15
-8.881784197001252e-16
-2.741376192716416e-08
7.207233920780709e-09
-2.331704607172469e-08
-1.1201208849342947e-08
-6.5385155068042886e-09
-1.6591599205639795e-09
-1.2018965378501889e-08
-7.047546546345984e-09
-1.6044481299104518e-09
9.769962616701378e-15
-3.6914915568786455e-15
-1.1102230246251565e-16
-1.27675647831893e-15
-8.881784197001252e-16
2.220446049250313e-16
-1.1368683772161603e-13
-2.327027459614328e-13
-5.240252676230739e-14
-8.122100325635984e-09
7.38174321668339e-09
-7.140631197444236e-09
-7.915898492250051e-10
-5.475706554847193e-10
1.5342038750532083e-10
-6.342485647792273e-09
-3.913470436600619e-09
-8.584564170632802e-10
2.7755575615628914e-14
2.2412627309620348e-15
-1.1102230246251565e-16
2.220446049250313e-15
1.4432899320127035e-15
0.0
-4.440892098500626e-16
-2.6645352591003757e-15
8.881784197001252e-16
1.293230411647528e-09
2.473768745403504e-09
1.4632313138918107e-09
1.4796555092289054e-09
7.992664308176245e-10
5.373941291964002e-10
-8.348877145181177e-14
-1.3905321338825162e-11
1.5987211554602254e-13
-1.5765166949677223e-14
2.806782584130474e-15
3.885780586188048e-16
-1.3322676295501878e-15
-5.551115123125783e-16
4.440892098500626e-16
0.0
1.7763568394002505e-15
-1.7763568394002505e-15
3.4698217632467276e-09
1.6293313365167705e-09
3.2848379571959185e-09
3.3070630678366797e-09
1.8578552030135143e-09
7.11864345248614e-10
-1.4216183785720204e-11
8.550937735662956e-12
-9.987011218015596e-13
1.4210854715202004e-14
-1.519617764955683e-15
-1.649756720123463e-13
-4.440892098500626e-16
-6.483702463810914e-14
2.7355895326763857e-13
-2.6689761511988763e-13
7.007727731433988e-13
1.0675904604795505e-12
2.8048816602677107e-09
1.1698517710101441e-09
2.4932909070685128e-09
2.480492256040634e-09
1.39182354530476e-09
5.498179689311655e-10
6.092903959142858e-12
1.0057732424684218e-11
1.1195488980320079e-12
-1.0880185641326534e-14
3.226585665316861e-15
-6.955547249276606e-14
1.1102230246251565e-15
2.886579864025407e-15
8.881784197001252e-16
-1.554312234475219e-14
-3.019806626980426e-14
-1.8207657603852567e-14
2.31520402849128e-09
6.156710696814116e-10
2.027805479087874e-09
1.990155595876786e-09
1.1285514744940883e-09
4.184954605079838e-10
2.0195400907141448e-11
1.2541079286165768e-12
2.8554936193359026e-13
-2.1094237467877974e-14
2.42861286636753e-15
-1.1102230246251565e-16
-4.440892098500626e-16
-1.27675647831893e-15
-2.220446049250313e-16
-8.881784197001252e-16
-2.6645352591003757e-15
1.9984014443252818e-15
1.6136780800479757e-09
3.547624416455619e-10
1.280834993622193e-09
1.261565074628379e-09
7.128573287218387e-10
2.7419844172982266e-10
1.6276757719424495e-11
1.084821121821733e-11
2.0321522242738865e-12
3.419486915845482e-14
-2.8796409701214998e-15
1.1102230246251565e-16
0.0
1.2212453270876722e-15
2.220446049250313e-16
1.7763568394002505e-15
-6.661338147750939e-15
-1.5543122344752192e-15
1.1844818459394446e-09
2.1936408245437633e-10
9.889928875850273e-10
9.43920941409715e-10
5.336993069704477e-10
1.9265655737399356e-10
2.4410695687038245e-11
8.01669841621333e-12
1.8132162438178057e-12
-3.752553823233029e-14
5.243635387008894e-15
3.6137759451548845e-13
-1.9451107391432743e-13
-1.1657341758564144e-13
-1.336153410136376e-13
5.799805080641818e-13
-7.310818617156656e-14
-8.291145547900669e-13
4.0027003933573724e-10
2.603037785320339e-10
3.014148930446936e-10
2.567306367495803e-10
1.4675149984100244e-10
7.9424467003264e-11
3.178968199790688e-11
1.9984014443252818e-13
1.1304290836733344e-12
4.218847493575595e-14
-4.0592529337857286e-15
-4.241051954068098e-14
4.8405723873656825e-14
1.509903313490213e-14
4.055783486833775e-14
8.43769498715119e-15
-1.9984014443252818e-15
0.0
-1.3098322426685627e-10
5.169695782569761e-10
-1.229865098650862e-10
-1.4315748586568589e-10
-7.678546687373e-11
4.0387249100604095e-11
7.144507208067808e-12
-6.73772149184515e-12
9.9253938401489e-14
-2.930988785010413e-14
-1.887379141862766e-15
1.1102230246251565e-16
0.0
1.1102230246251565e-15
4.440892098500626e-16
-3.552713678800501e-15
-2.220446049250313e-15
-1.3322676295501878e-15
-6.03402128263042e-09
1.0005223316511547e-09
-5.055763807604308e-09
-5.092347432622546e-09
-2.8511044636303495e-09
-5.93260551795538e-10
1.0599521260701295e-11
2.220446049250313e-13
3.842481888227667e-13
1.4865886299730846e-13
2.699229728619912e-15
-1.1102230246251565e-16
-2.220446049250313e-16
8.881784197001252e-16
-2.3314683517128287e-15
2.4424906541753444e-15
7.549516567451064e-15
1.3322676295501878e-15
-1.0721379339884152e-10
1.5486492088712112e-09
-2.1479706902027829e-10
-1.8249313171736503e-10
-9.22346643505989e-11
1.5364776118076406e-10
-1.738698074404965e-11
-1.937294769049913e-11
-2.0239365738916604e-12
-1.4876988529977098e-14
4.038436252074007e-15
1.1102230246251565e-16
-1.1102230246251565e-16
-1.7763568394002505e-15
-1.9984014443252818e-15
-3.774758283725532e-15
-4.440892098500626e-15
-4.440892098500626e-16
5.013802706343995e-10
2.2705974878078905e-09
2.58067345271229e-10
2.1891644053084744e-10
1.3825873779182984e-10
3.0750868518225616e-10
3.9857894762462826e-11
1.170619157164765e-11
7.935430090810769e-12
9.103828801926284e-15
-3.5180192092809648e-15
1.1102230246251565e-16
3.3306690738754696e-16
2.220446049250313e-15
2.97761815204467e-13
2.1094237467877974e-15
-8.881784197001252e-16
-8.881784197001252e-16
2.5876971676552785e-09
3.0544171636393003e-09
1.8229826537208282e-09
1.679287819911224e-09
9.782519239109888e-10
7.012488367763581e-10
1.4658940727940717e-10
1.5718537582642966e-10
1.4382495194809053e-11
-5.995204332975845e-15
5.027228633380787e-15
1.1102230246251565e-16
0.0
-6.661338147750939e-16
-2.9110047705671604e-13
4.052314039881821e-15
0.0
0.0
6.924054218870879e-09
6.809528940721066e-09
5.029086480590195e-09
4.943275566660077e-09
2.89966184396917e-09
1.640131586100324e-09
7.416112168812106e-11
3.707345541670293e-11
9.775402709522041e-12
3.68594044175552e-14
-9.71445146547012e-16
-6.38378239159465e-16
3.0531133177191805e-16
-1.7763568394002505e-15
1.7763568394002505e-15
-2.220446049250313e-15
8.881784197001252e-16
8.881784197001252e-16
5.004017111787107e-08
1.865305421233643e-08
4.258404828760831e-08
5.054967999740256e-09
2.79638356914802e-09
1.902254354035904e-09
3.754215072149236e-08
2.1695122143228218e-08
6.844857125543058e-09
-4.5075054799781356e-14
-3.9968028886505635e-15
3.8163916471489756e-16
-6.661338147750939e-16
-2.9976021664879227e-15
-2.6645352591003757e-15
-2.6645352591003757e-15
0.0
-2.220446049250313e-16
7.947704716571025e-10
-1.9099388737231493e-10
1.1749961004170473e-09
1.6522925250228582e-09
9.51775547264333e-10
2.0297186154039082e-10
-4.813358600586071e-10
-3.866755804438071e-10
1.14880549517693e-10
-8.659739592076221e-15
5.273559366969494e-16
-5.828670879282072e-16
6.661338147750939e-16
2.6645352591003757e-15
-4.440892098500626e-16
-2.220446049250313e-16
8.881784197001252e-16
3.3306690738754696e-16
-6.928928542038194e-10
3.6436631489777938e-09
-5.906599653826561e-10
-6.4132521515603e-10
-3.7122305229786434e-10
-7.749800801093443e-12
4.665423603000818e-11
-1.5300827271857997e-10
2.355946548959764e-10
8.215650382226158e-15
-6.106226635438361e-16
-1.1102230246251565e-16
-1.1102230246251565e-15
0.0
-2.220446049250313e-16
6.661338147750939e-16
-2.6645352591003757e-15
-8.881784197001252e-16
-3.045485641450796e-09
4.38978986494476e-09
-3.587757646528189e-09
-3.5967700623418257e-09
-2.006968813361709e-09
-2.2535040500315517e-10
8.455458555545192e-12
3.538502824085299e-12
-3.268496584496461e-13
-1.0325074129013956e-14
5.2735593669694936e-15
1.1102230246251565e-15
4.440892098500626e-16
0.0
3.3306690738754696e-16
1.5543122344752192e-15
-8.881784197001252e-16
-8.881784197001252e-16
1.758927936634791e-08
1.1060876659030328e-08
1.3176641999734782e-08
1.3172094526225918e-08
7.690580616781517e-09
3.640995061005015e-09
8.981260180007666e-12
9.07540709249588e-12
3.3578140268275547e-12
-1.7985612998927536e-14
-6.827871601444713e-15
-1.6653345369377348e-16
0.0
8.881784197001252e-16
2.220446049250313e-16
-1.5543122344752192e-15
1.7763568394002505e-15
4.440892098500626e-16
1.1399961863389761e-08
1.9478136437101057e-08
5.6066085107886465e-09
5.596916707872879e-09
2.82452106148412e-09
2.947430743915902e-09
1.1045386827390757e-11
1.1027623258996755e-11
6.700862087427595e-12
3.752553823233029e-14
2.831068712794149e-15
-2.220446049250313e-16
4.440892098500626e-16
-1.7763568394002505e-15
-1.3322676295501878e-15
-6.938893903907228e-16
-2.0625862129364236e-15
2.220446049250313e-16
7.786667310938356e-09
2.5060984398805886e-08
1.0499825453536005e-09
1.4373835455216979e-09
-1.5008136400318506e-10
2.4282442723233544e-09
-3.886668764607748e-10
-2.354880734856124e-10
3.241318324853637e-11
-4.3520742565306136e-14
-1.6653345369377348e-16
-3.885780586188048e-16
1.3811174426336947e-13
3.774758283725532e-14
2.220446049250313e-15
0.0
-2.220446049250313e-16
0.0
-1.280263859371189e-07
1.5435223588156077e-07
-8.621756819593429e-08
-4.522917151916772e-09
-4.142513887472887e-09
8.831690934130164e-10
-8.168855458734471e-08
-4.957951560413676e-08
5.335881070323012e-09
5.706546346573305e-14
-2.4980018054066022e-15
2.7755575615628914e-16
5.551115123125783e-17
2.6645352591003757e-15
4.440892098500626e-16
-7.771561172376096e-16
0.0
6.661338147750939e-16
-5.381921752700691e-08
9.709197001939174e-09
-5.306576156272058e-08
-5.282110748794366e-09
-4.6890420435374836e-09
2.7556623649616085e-10
-4.7803169422877545e-08
-2.733112580699526e-08
-7.526466561103007e-09
-1.7319479184152442e-14
2.3175905639050143e-15
-2.7755575615628914e-16
-8.881784197001252e-16
-1.7763568394002505e-15
2.220446049250313e-15
1.9606538614880265e-13
6.306066779870889e-14
4.822531263215524e-13
-1.7686829778540414e-10
8.508322935085744e-10
2.6624036308930954e-11
-4.46629400130405e-11
-4.7762682697793934e-11
1.2822276573842828e-10
4.6711079448868986e-11
9.346301510504418e-12
8.71978045324795e-11
-1.1102230246251565e-15
-2.0997092953223273e-14
8.787415239908114e-14
-9.015010959956271e-14
-6.394884621840902e-14
-4.884981308350689e-15
1.3322676295501878e-15
-1.318944953254686e-13
-4.740652315149418e-13
2.355363903916441e-09
1.2303189578233287e-09
2.0931238964294607e-09
-3.186073627148289e-11
-7.042633143328203e-11
8.289635644587179e-11
2.1203163669269998e-09
1.192689169648986e-09
3.717843810591148e-10
-7.105427357601002e-15
-1.5265566588595902e-15
-2.7755575615628914e-16
0.0
-8.881784197001252e-16
1.3322676295501878e-15
2.220446049250313e-16
-2.588207426157396e-15
3.3306690738754696e-16
1.340391264648133e-08
-3.098534762102645e-10
1.1346735107053973e-08
-6.181721801112871e-13
1.0325962307433656e-10
6.459344170650638e-11
1.1296442892216874e-08
6.451187140044113e-09
1.6389520851589623e-09
-1.84297022087776e-14
-7.438494264988549e-15
4.413136522884997e-14
4.440892098500626e-16
6.217248937900877e-15
2.1094237467877974e-15
4.440892098500626e-16
3.552713678800501e-15
1.1102230246251565e-16
1.0285035045853874e-09
6.973266408749623e-10
4.914149087653641e-10
5.289990667733946e-11
2.7487345732879476e-11
4.658295971182724e-11
5.069935582469043e-10
2.547881905456961e-10
1.7190870948979864e-10
3.019806626980426e-14
4.440892098500626e-16
-1.6653345369377348e-16
-1.3322676295501878e-15
-7.549516567451064e-15
-2.4980018054066022e-15
-2.220446049250313e-15
-7.771561172376096e-15
0.0
5.166164385173033e-09
1.5377281670225784e-09
4.132942876822199e-09
1.4551204685631092e-10
6.03073146976385e-12
2.227373840923974e-11
3.998252395831514e-09
2.203623061802773e-09
7.557048320450122e-10
-2.4646951146678475e-14
-9.159339953157541e-16
-1.8041124150158794e-16
2.6645352591003757e-15
2.6645352591003757e-15
0.0
4.440892098500626e-16
2.6645352591003757e-15
1.7763568394002505e-15
-4.844764589506667e-10
1.1737029126379639e-09
-5.393978597112437e-10
4.6288306521091727e-11
-6.328448876047332e-11
3.801403636316536e-13
-5.855209650462712e-10
-3.511289037305687e-10
1.1930012533412082e-11
1.2656542480726785e-14
2.9837243786801082e-15
3.4416913763379853e-15
-2.6645352591003757e-15
-4.218847493575595e-15
4.440892098500626e-16
6.106226635438361e-14
1.3322676295501878e-15
-1.1324274851176597e-14
9.199112582791714e-10
2.0713741832878443e-10
6.552944853410736e-10
2.155120526481369e-11
-5.840838923631964e-11
-2.795541576006144e-12
6.331397628400737e-10
3.5085001570678287e-10
-1.0244693982031094e-11
-5.995204332975845e-15
1.3357370765021415e-15
-3.3306690738754696e-16
0.0
-8.326672684688674e-16
4.440892098500626e-16
0.0
2.1094237467877974e-15
-4.440892098500626e-16
6.638788185853173e-09
8.064603207458276e-09
6.165667087998372e-09
6.246270167764578e-11
-1.9731993816662907e-11
3.4362512835173216e-12
6.107960359713616e-09
3.3870062310370486e-09
1.755779521772638e-09
-2.4424906541753444e-15
-2.1649348980190553e-15
0.0
-1.3322676295501878e-15
1.7763568394002505e-15
4.440892098500626e-16
0.0
-2.4424906541753444e-15
-8.881784197001252e-16
-1.803856264359638e-08
2.8178988031868357e-08
-1.462815646391391e-08
1.359794499222744e-10
1.5552803489526923e-10
2.0139778733607727e-11
-1.4786685653689347e-08
-9.215152196873078e-09
5.718447937397286e-10
-4.1744385725905886e-14
1.9989565558375944e-13
-9.886536034287019e-14
4.263256414560601e-14
-4.440892098500626e-16
3.197442310920451e-14
9.50350909079134e-14
1.554312234475219e-14
-4.973799150320701e-14
-3.490878697220978e-10
-9.423501978744753e-10
-9.876721662749333e-11
-2.9550584201842867e-11
1.1182521575392455e-10
3.783084956410221e-11
-5.157829718882567e-11
6.363620741467457e-11
-3.327116360196669e-12
6.439293542825908e-15
-1.881619859922523e-13
5.1736392947532295e-14
-2.1649348980190553e-14
-5.329070518200751e-15
2.0872192862952943e-14
-7.549516567451064e-15
-1.021405182655144e-14
4.6629367034256575e-15
5.906528599552985e-10
-1.2922782843816094e-09
6.473932501194213e-10
5.711511263939428e-10
6.022036203034986e-10
9.110867615902407e-11
7.695355463965825e-11
2.3345325672607942e-11
-1.488809076022335e-12
1.5765166949677223e-14
2.3869795029440866e-15
-1.5265566588595902e-16
4.440892098500626e-16
1.7763568394002505e-15
-4.1744385725905886e-14
-4.440892098500626e-16
8.881784197001252e-16
1.9984014443252818e-15
1.938106386489835e-08
-2.1848904907528777e-08
1.4130264958112093e-08
1.358088574932026e-08
1.0748399503768269e-08
1.1751042361396458e-09
5.537982294967492e-10
2.984450464538213e-10
1.3164802581400183e-11
-2.930988785010413e-14
8.326672684688674e-16
2.408490074046199e-14
1.5543122344752192e-15
-1.7763568394002505e-15
1.176836406102666e-14
0.0
1.1102230246251565e-15
-8.881784197001252e-16
7.410559987874876e-08
2.213450756016755e-08
6.38550687881434e-08
-4.078385629213699e-09
-2.9785289790140723e-09
-3.5721026137025547e-10
6.786679596082479e-08
3.853936814124381e-08
1.103764901699833e-08
-3.1530333899354446e-14
-1.942890293094024e-15
0.0
-1.887379141862766e-15
4.440892098500626e-15
-2.220446049250313e-16
0.0
-7.771561172376096e-16
6.661338147750939e-16
1.7656319073466875e-08
-8.69217586796367e-09
1.3092176232021302e-08
1.683661743356879e-08
1.20441097095636e-08
9.020821867267159e-10
-3.754005883926936e-09
-1.9174057896975683e-09
4.5568526729766745e-10
-4.529709940470639e-14
-2.220446049250313e-16
5.551115123125783e-17
6.661338147750939e-16
-1.7763568394002505e-15
4.440892098500626e-16
-4.440892098500626e-16
4.440892098500626e-16
-1.1102230246251565e-15
-1.3330236303676912e-08
-2.0103030351492635e-10
-1.2122207238007832e-08
4.5746091359433194e-09
3.3695801704425325e-09
-1.1046674686099323e-10
-1.6753561205007372e-08
-9.095138864267938e-09
-9.832348268901114e-10
1.554312234475219e-14
2.7755575615628914e-16
0.0
-1.2212453270876722e-15
0.0
0.0
-2.220446049250313e-16
4.85722573273506e-17
1.5543122344752192e-15
1.9121781491548973e-08
2.1609025679936167e-10
1.4688273042295918e-08
1.0376268733125471e-09
8.468781231840694e-10
1.1798562127296464e-11
1.374573788126554e-08
7.781306265997046e-09
2.3921131742099533e-09
3.5083047578154947e-14
2.0539125955565396e-15
-5.551115123125783e-17
1.3322676295501878e-15
-1.3322676295501878e-15
1.1102230246251565e-16
-2.220446049250313e-16
-1.1102230246251565e-15
0.0
3.218595878706765e-08
-2.9698981052206364e-09
2.3896866263584116e-08
1.848839303875138e-09
1.201801325123597e-09
3.704072604193698e-10
2.2148115785824984e-08
1.2358896128716877e-08
3.341611432006175e-09
-2.5979218776228663e-14
-3.3688329903469594e-15
-5.551115123125783e-17
-2.220446049250313e-16
2.4424906541753444e-15
-1.1102230246251565e-16
4.440892098500626e-16
-2.220446049250313e-16
-1.3322676295501878e-15
-1.5812375409041124e-08
1.0185715382249327e-08
-1.3024267109251753e-08
-2.8417623809673387e-09
-2.067006121819759e-09
-6.167937272039126e-10
-1.019693485204698e-08
-5.589491536284186e-09
-5.029221483709989e-10
-3.752553823233029e-14
-9.431344594190705e-14
8.507639037702575e-13
4.085620730620576e-14
2.55351295663786e-15
-6.106226635438361e-16
-1.8385293287792592e-13
7.607248164731573e-13
1.0036416142611415e-13
-3.310856300231535e-08
1.013734163279878e-08
-2.754701000640125e-08
1.0243184078717604e-10
5.984546191939444e-12
4.1348480195324555e-11
-2.7715913120118788e-08
-1.5563795585649132e-08
-3.182265118084615e-09
-6.661338147750939e-16
5.2735593669694936e-15
-2.4313884239290928e-14
-6.661338147750939e-16
-4.440892098500626e-16
2.220446049250313e-16
-2.4078516958070395e-12
7.749356711883593e-13
4.884981308350689e-14
-4.6274273302060465e-10
2.451884029142093e-09
1.2888268230426547e-10
1.504396607288072e-10
2.2518875653076975e-11
4.370415140897421e-11
6.0751403907488566e-12
-8.338219004144776e-12
2.2737367544323206e-12
-1.1546319456101628e-14
-4.898859096158503e-15
-1.1102230246251565e-16
-6.661338147750939e-16
2.220446049250313e-16
0.0
-4.440892098500626e-16
-4.440892098500626e-16
-2.6645352591003757e-15
-1.9907808734842547e-10
2.1386767912190408e-09
3.6637892719681986e-10
4.0291681102644356e-10
1.3893952655053e-10
5.356570742520717e-11
-3.637268264355953e-11
-2.3489210576599362e-11
-3.2862601528904634e-13
1.9761969838327786e-14
6.106226635438361e-16
2.220446049250313e-16
1.1102230246251565e-15
-8.881784197001252e-16
3.3306690738754696e-16
6.661338147750939e-16
-4.440892098500626e-16
-8.881784197001252e-16
6.246807515708497e-09
-2.926242359535536e-09
5.143625969594723e-09
2.675124566309251e-09
1.7048824574317223e-09
5.69829738950034e-10
2.464773274368781e-09
1.3202416937474482e-09
6.522715700896242e-11
-1.199040866595169e-14
6.919465000976288e-14
-8.465450562766819e-13
-3.9968028886505635e-14
2.120525977034049e-14
-1.1102230246251565e-16
2.1658230764387554e-12
-1.5409895581797173e-12
-1.7053025658242404e-13
2.1520293103094446e-08
-8.676124707562849e-09
1.663284265873699e-08
4.945697185121389e-09
3.71295172385544e-09
1.329119037052351e-09
1.1709886393873605e-08
6.471168489952106e-09
2.1251622683848836e-09
3.597122599785507e-14
-2.3314683517128287e-15
3.3306690738754696e-16
2.220446049250313e-16
-8.881784197001252e-16
4.440892098500626e-16
4.596323321948148e-13
-3.552713678800501e-15
0.0
8.342340152012184e-10
-2.381682406848995e-09
1.0801670669025043e-10
2.2744117700312927e-09
1.7278942721077328e-09
5.950521186903756e-10
-2.151814726403245e-09
-1.315598296969256e-09
-2.575575308583211e-10
-2.375877272697835e-14
5.079270337660091e-15
-2.220446049250313e-16
-1.6653345369377348e-15
3.3306690738754696e-15
-6.106226635438361e-16
-3.668176873361517e-13
-2.220446049250313e-15
0.0
-2.0287558299969533e-09
8.679990060045384e-11
-1.949041816828867e-09
-1.5644729955965886e-10
9.954881363682944e-11
1.637353586048107e-10
-1.780469105483462e-09
-1.1138325817228178e-09
-2.610747174003336e-10
1.4432899320127035e-14
-1.429412144204889e-15
3.885780586188048e-16
2.0296264668928643e-15
1.1657341758564144e-15
-1.9984014443252818e-15
-4.440892098500626e-16
3.1086244689504383e-15
1.7763568394002505e-15
-1.9078179036569054e-09
1.371176949760411e-09
-1.0887699630757197e-09
-1.1212009098926502e-10
-1.226574397605873e-11
1.3359502393228695e-10
-1.0114167281471964e-09
-5.720721674151719e-10
-2.1514168224712193e-10
-2.4868995751603507e-14
-4.1494585545365226e-15
-4.718447854656915e-16
0.0
-1.2212453270876722e-15
0.0
0.0
8.881784197001252e-16
8.881784197001252e-16
-1.6028678828661214e-08
1.6276260339509463e-08
-9.303661840931454e-09
-9.313840532154671e-09
-6.144123432250126e-09
3.878417587088734e-10
-1.1290524071227992e-11
-9.555023439133947e-12
-8.959499808725013e-13
1.3322676295501878e-14
2.1649348980190553e-15
-3.247402347028583e-15
0.0
6.827871601444713e-15
3.774758283725532e-14
-8.881784197001252e-16
1.6786572132332367e-13
-4.440892098500626e-15
2.5883878151944373e-08
-1.719016609058599e-07
2.4234935835920624e-08
2.419395173092198e-08
3.224225042508522e-08
1.9839248466269055e-08
9.043432669386675e-12
-5.4287241368911054e-11
4.399314246228414e-12
-1.9761969838327786e-14
-3.3584246494910985e-15
-1.6653345369377348e-16
-2.220446049250313e-16
-1.2989609388114332e-14
1.3322676295501878e-15
-4.440892098500626e-16
-1.0036416142611415e-13
-6.661338147750939e-16
7.036940985472029e-08
4.299107558836113e-08
5.940071368115695e-08
5.9374285044100355e-08
2.9658576039537365e-08
5.195659014134435e-09
-7.723954809080168e-11
4.334310688136611e-12
-7.492229059380406e-12
4.1744385725905886e-14
7.022160630754115e-15
1.942890293094024e-14
6.372680161348399e-14
-3.352873534367973e-14
-2.4935609133081016e-13
-1.2301271112846734e-13
-4.2810199829546036e-13
6.752431946921433e-12
6.753580805707315e-09
5.0578137233969755e-09
6.106607663980412e-09
6.088136217385909e-09
3.639232915020329e-09
9.512817200629797e-10
1.73104197642715e-10
2.8123281481384765e-11
4.4007020250091955e-12
2.220446049250313e-15
5.190292640122607e-15
-4.996003610813204e-16
6.661338147750939e-16
-7.993605777301127e-15
4.440892098500626e-16
2.220446049250313e-15
-9.992007221626409e-15
-5.3179682879545e-14
-1.9750245883187745e-09
5.97617599851219e-09
-4.5625725419995433e-10
-5.837987870904726e-10
-8.518874494711781e-11
2.290434508722683e-10
1.3672663001784713e-10
1.0752287948889716e-11
7.577272143066693e-13
7.049916206369744e-14
-5.2735593669694936e-15
3.3306690738754696e-16
4.173050793809807e-14
2.220446049250313e-16
1.5631940186722204e-13
2.6645352591003757e-15
-2.313704783318826e-13
4.8405723873656825e-14
1.94322780089351e-09
4.082039595232345e-09
1.0394067828656262e-09
7.094378418059932e-10
4.750990711954728e-10
2.7921487344428897e-10
3.6063241282136005e-10
-4.934417319191198e-10
-1.943556426908799e-11
-3.907985046680551e-14
1.3322676295501878e-15
-2.220446049250313e-16
-9.992007221626409e-16
-2.831068712794149e-15
-5.551115123125783e-17
-1.9984014443252818e-15
-7.993605777301127e-15
-1.099120794378905e-14
-7.377252586593386e-09
-7.007088242971804e-10
-4.9430219917212526e-09
-4.644943984999372e-09
-2.615859751031735e-09
-4.805116304851254e-10
-3.2326497034773643e-10
3.07707637148269e-10
2.4687918376287143e-11
6.8833827526759706e-15
-2.0539125955565396e-15
0.0
-1.2034817586936697e-13
1.5543122344752192e-15
4.4743722615869785e-14
-6.661338147750939e-16
2.7000623958883807e-13
6.661338147750939e-16
2.231224982551794e-09
3.567151907191146e-09
1.4798446912323016e-09
1.32725563872782e-09
7.576934635267207e-10
1.9404211570872576e-10
2.3740387433690557e-10
-5.930518298669085e-10
-4.370259709673974e-11
4.218847493575595e-15
2.67841304690819e-15
0.0
-1.9984014443252818e-15
-8.881784197001252e-16
5.467848396278896e-15
-2.220446049250313e-16
-4.440892098500626e-16
2.220446049250313e-16
-9.598579708836041e-10
-2.411972843674448e-10
-4.66485516881221e-10
-5.336948660783492e-10
-2.8891733450109314e-10
-7.895550879766233e-11
2.7108981726087222e-11
2.753968719737543e-10
2.3874124899236904e-11
4.030109579389318e-14
-4.440892098500626e-16
0.0
0.0
2.886579864025407e-15
8.326672684688674e-17
-1.887379141862766e-15
4.884981308350689e-15
1.3322676295501878e-15
-1.1664269550237805e-09
2.88117973923363e-10
-9.435097148013938e-10
-6.873559499354087e-10
-3.864020214905395e-10
-1.1682743661367567e-10
-2.5841195849807264e-10
-1.1929324195136815e-10
-5.263889324425009e-11
5.329070518200751e-15
-3.5388358909926865e-15
0.0
4.440892098500626e-16
-2.4424906541753444e-15
-7.494005416219807e-16
4.274358644806853e-15
-1.7763568394002505e-15
0.0
-2.26085461463299e-09
2.2473258809441177e-09
-1.7116699169150704e-09
-5.158486970913145e-10
-2.8473934321482375e-10
-9.43316535995109e-11
-1.1961303059138118e-09
-1.0190249755126504e-09
-1.756383927187244e-10
5.773159728050814e-15
9.783840404509192e-16
-1.1102230246251565e-16
-2.220446049250313e-16
7.771561172376096e-16
8.326672684688674e-17
-4.829470157119431e-15
1.7763568394002505e-15
0.0
-6.874492086694772e-10
7.871676643844694e-10
-5.624315457808393e-10
3.934772507818707e-10
2.419149325305625e-10
7.568701221316587e-11
-9.570486625420926e-10
-5.392171154028347e-10
-7.038342131338027e-11
-3.9190872769268026e-14
-5.984795992119984e-16
-1.6653345369377348e-16
-2.220446049250313e-16
2.220446049250313e-16
6.938893903907228e-16
2.7755575615628914e-16
-3.552713678800501e-15
-4.440892098500626e-16
1.8468320206466162e-09
7.652261047041975e-10
1.4374097467850788e-09
1.6624568388579064e-09
9.925891220063932e-10
3.5055336411460303e-10
-2.2735635596404793e-10
-8.360290237874324e-11
-1.1028677970870149e-12
6.683542608243442e-14
-5.551115123125783e-16
7.216449660063518e-16
0.0
-9.71445146547012e-16
5.551115123125783e-17
1.2212453270876722e-15
0.0
0.0
6.796447848955722e-10
1.06649622466648e-09
5.646658696178974e-10
5.393356872218646e-10
3.6195402230987384e-10
1.9765167280638707e-10
2.672706500561617e-11
-6.781242234410456e-11
5.177094863917375e-12
-3.7969627442180354e-14
4.496403249731884e-15
0.0
0.0
1.6557935578198624e-15
-1.0547118733938987e-15
4.440892098500626e-16
-1.7763568394002505e-15
2.220446049250313e-16
-7.754650255265005e-10
8.69590621732641e-10
-5.920930412628422e-10
-6.356462023404674e-10
-3.3938718502213305e-10
-2.7831958959723124e-11
4.427014310692812e-11
-5.665334867899219e-11
5.4687088191229805e-12
-5.284661597215745e-14
-1.915134717478395e-15
-3.505529200253932e-14
1.2878587085651816e-14
2.5118795932144167e-15
4.996003610813204e-16
-2.5868196473766147e-14
-1.7763568394002505e-15
1.2656542480726785e-14
-1.8135963841814373e-09
9.76868363977701e-10
-1.3651622055022017e-09
-1.3913385998876038e-09
-7.796963075179519e-10
-1.6289192217300297e-10
2.929034792487073e-11
-5.2308379849819175e-11
5.9941496211024514e-12
-2.220446049250313e-16
1.9012569296705806e-14
-1.8540724511240114e-14
-2.220446049250313e-16
-1.582067810090848e-15
-3.3306690738754696e-16
4.6074255521943996e-14
-2.1316282072803006e-14
-2.55351295663786e-15
-1.1482370609883219e-10
5.440785599830633e-10
4.043831935973685e-11
2.5019986082952528e-12
8.064660050877137e-13
1.5646151041437406e-11
1.8044232774627744e-11
-1.6557422100049735e-11
4.785949414554125e-12
-8.43769498715119e-15
-1.582067810090848e-15
-2.7755575615628914e-16
0.0
1.4432899320127035e-15
5.551115123125783e-16
-2.6645352591003757e-15
-8.881784197001252e-16
4.579669976578771e-16
-6.985771960899001e-10
-5.822897719554021e-10
-7.958109726757812e-10
-7.837530624499323e-10
-4.4519055109049077e-10
-8.914469162846217e-11
-1.078070965832012e-11
3.881517329773487e-11
-1.7024159859602148e-12
-4.241051954068098e-14
-6.036837696399289e-16
-1.6653345369377348e-16
1.3322676295501878e-15
-1.7763568394002505e-15
-2.220446049250313e-16
1.9984014443252818e-15
2.609024107869118e-15
0.0
-7.078995167830726e-10
2.4223822947533336e-10
-6.227303117611882e-10
-6.19840179183484e-10
-3.4498803813676204e-10
-4.143885234952904e-11
-3.140598892059643e-12
9.700684699964768e-12
4.04298816647497e-12
3.352873534367973e-14
1.3387728425851009e-15
1.1102230246251565e-16
-2.609024107869118e-15
8.881784197001252e-16
0.0
-9.992007221626409e-16
-8.326672684688674e-16
-2.220446049250313e-16
4.0327563510800246e-10
1.1696101864799857e-09
2.424638267939372e-10
2.6478730319468013e-10
1.536932803247737e-10
9.197265171678736e-11
2.410827093513035e-11
-2.2538415578310378e-11
8.47522052538352e-12
1.1102230246251565e-15
-6.217248937900877e-15
1.3877787807814457e-16
2.0539125955565396e-15
-8.881784197001252e-16
0.0
-8.881784197001252e-16
-2.220446049250313e-16
2.220446049250313e-16
3.297742523500347e-09
1.870944288384635e-09
2.5170461270818123e-09
2.5476829534909484e-09
1.4458088060109733e-09
6.903349003550829e-10
-4.4844128410659317e-11
-2.7264857038744594e-11
7.574763732920431e-12
1.0436096431476471e-14
2.6853519408120974e-15
0.0
4.440892098500626e-16
1.7763568394002505e-15
0.0
-1.1102230246251565e-16
-1.5543122344752192e-15
3.3306690738754696e-16
8.704134302206512e-09
3.896808209447045e-09
6.74331701588926e-09
6.862322265988041e-09
3.748354515664687e-09
1.7277343999921868e-09
-1.8507551047264315e-10
-1.1041612069107032e-10
1.4532430814284679e-11
-4.574118861455645e-14
1.8110513089197866e-15
-5.551115123125783e-17
-6.661338147750939e-16
0.0
8.881784197001252e-16
3.3584246494910985e-15
8.881784197001252e-16
-2.220446049250313e-16
1.3011403154905565e-07
6.3295146901509725e-09
1.070690700544219e-07
5.204881858844601e-09
2.397232634621105e-09
1.5596306468523835e-09
1.018629891547107e-07
5.962809801474123e-08
1.2950022387769877e-08
2.731148640577885e-14
-7.216449660063518e-16
-1.1102230246251565e-16
-4.440892098500626e-16
8.881784197001252e-16
8.881784197001252e-16
-3.3306690738754696e-15
0.0
5.551115123125783e-17
9.397524536325363e-09
1.7285017861468077e-08
1.1570051583476015e-08
-3.90034671227113e-11
2.987254887898416e-11
9.000453160545875e-12
1.1610332251166257e-08
6.292069087976414e-09
3.544307958236459e-09
-5.329070518200751e-15
6.036837696399289e-16
1.1102230246251565e-16
8.881784197001252e-16
-4.440892098500626e-15
4.440892098500626e-16
8.881784197001252e-16
-6.661338147750939e-16
-4.440892098500626e-16
-1.1817689937743125e-08
1.825965512125549e-08
-6.98444324598313e-09
1.1823431123048067e-11
9.390266342279574e-12
-1.5147327836473323e-12
-6.977089128668013e-09
-4.656634189359465e-09
1.1439169611549005e-09
-3.774758283725532e-15
-6.716849298982197e-15
-9.581224702515101e-14
-1.199040866595169e-14
9.059419880941277e-14
-2.886579864025407e-14
-1.63202784619898e-13
3.2862601528904634e-14
-6.357137039003646e-13
-1.671055365193297e-07
3.7890515613980824e-08
-1.3573585988524428e-07
4.4150461064873525e-11
1.0058842647708843e-11
-8.457234912384592e-12
-1.3574268109550758e-07
-8.172912302484292e-08
-1.5729824554000515e-08
2.220446049250313e-15
4.1494585545365226e-15
-1.3877787807814457e-17
7.061018436615996e-14
-1.1546319456101628e-14
1.4488410471358293e-14
-1.1102230246251565e-15
-4.884981308350689e-15
8.268941087408166e-13
1.3495444761701947e-09
-5.304627848090604e-10
1.0174359132975042e-09
1.4347634191835823e-11
-2.3030466422824247e-12
-1.7648327244046413e-11
9.880452012112073e-10
6.958273957025085e-10
4.799893815743417e-11
-1.9984014443252818e-15
-5.88418203051333e-15
5.551115123125783e-17
1.3322676295501878e-15
8.881784197001252e-15
2.220446049250313e-15
-4.996003610813204e-16
8.881784197001252e-16
-6.661338147750939e-16
6.4872509142333e-08
-6.401091923180502e-08
4.545352538798398e-08
3.4017233474514796e-11
-4.909850304102292e-12
-2.0911938847234524e-11
4.5422421379726075e-08
2.8784389982661196e-08
8.020366593086692e-10
-2.6201263381153694e-14
4.3298697960381105e-15
8.326672684688674e-17
-4.440892098500626e-16
-9.769962616701378e-15
-1.5543122344752192e-15
2.220446049250313e-15
-1.1102230246251565e-15
-7.771561172376096e-16
-2.631225015647942e-09
1.1506074315548176e-08
-8.392078143515392e-10
9.706013770482969e-11
2.6466828728644032e-11
-8.97348861883529e-12
-9.334613082501164e-10
-1.1459491133791744e-09
4.976570266990166e-10
4.1744385725905886e-14
4.0696612746415894e-15
-1.0784428905452614e-13
1.7763568394002505e-14
1.2212453270876722e-14
3.774758283725532e-15
2.617905892066119e-13
4.440892098500626e-16
2.0117241206207837e-13
9.053088056987235e-09
1.60889612743631e-09
6.963432497286703e-09
1.6125767388075474e-11
1.9603874079621164e-11
1.6759926779741361e-12
6.983398748161562e-09
3.6800393843350317e-09
5.243805389909539e-10
1.9317880628477724e-14
-1.2212453270876722e-15
1.4442613771592505e-13
-1.7763568394002505e-15
-2.315508895733842e-14
1.3322676295501878e-15
4.440892098500626e-16
2.220446049250313e-16
-1.1102230246251565e-16
-3.382483626523936e-09
1.5176624401647132e-09
-2.714905633638409e-09
1.9587886868066562e-11
3.838884765627881e-11
9.366951658762446e-12
-2.7445317130059266e-09
-1.5989307655672749e-09
-2.1599078081635525e-10
-1.3766765505351941e-14
-4.163336342344337e-16
0.0
0.0
-1.5543122344752192e-15
-8.881784197001252e-16
0.0
4.996003610813204e-16
-4.579669976578771e-16
-1.7210268765666113e-09
6.898446258674085e-10
-1.3797816222904657e-09
1.418669626218616e-10
7.846612248840756e-11
3.079092536495409e-11
-1.5259455921068364e-09
-8.543459273369082e-10
-6.02966565566021e-11
-1.021405182655144e-14
-1.4710455076283324e-15
0.0
6.661338147750939e-16
9.325873406851315e-15
6.661338147750939e-16
0.0
-9.992007221626409e-16
-2.220446049250313e-16
7.147775704652304e-10
-4.839861844629922e-10
7.212106467591184e-10
6.042828459840166e-10
5.079314746581076e-10
9.503575704172817e-11
1.2071055266460462e-10
6.559197629485425e-11
7.749179076199653e-11
4.1522341120980855e-14
-3.0531133177191805e-15
7.038813976123492e-14
-9.214851104388799e-14
-5.861977570020827e-14
-1.7319479184152442e-14
1.532107773982716e-13
-5.995204332975845e-15
-3.2357450052700187e-13
4.164675715401245e-09
-4.4356518458243954e-09
3.5417455634956237e-09
3.401183334972302e-09
2.735857762559135e-09
4.3287529116753376e-10
1.4383516599991708e-10
8.201972434562776e-11
9.99591520667309e-11
-3.952393967665557e-14
-7.494005416219807e-16
1.942890293094024e-16
-1.5543122344752192e-15
2.220446049250313e-15
-6.661338147750939e-16
-1.234568003383174e-13
-3.8191672047105385e-14
-6.800116025829084e-14
6.12625150608892e-09
-4.774733497470152e-09
4.593146529785486e-09
4.066057712748261e-09
3.1201610184439232e-09
3.256337421930766e-10
5.307434491896856e-10
3.0375701953744283e-10
1.999964638343954e-10
4.8183679268731794e-14
-6.245004513516506e-16
1.7465629637003488e-14
3.3306690738754696e-16
8.881784197001252e-16
4.440892098500626e-16
-2.220446049250313e-16
-8.881784197001252e-16
6.106226635438361e-16
2.5471083020534024e-09
1.255955339729553e-10
2.1972454966601163e-09
1.3424608091838763e-09
9.740226403209817e-10
1.694274720520639e-10
8.677716323290952e-10
5.087450460905529e-10
3.0757263402847457e-10
-6.661338147750939e-15
-8.049116928532385e-16
2.706168622523819e-16
5.551115123125783e-16
8.881784197001252e-16
0.0
0.0
-8.881784197001252e-16
-1.5543122344752192e-15
1.5432704003615072e-08
-1.3804761778146712e-08
1.0282775519954157e-08
1.057675724780438e-08
7.590859052442056e-09
1.8837265081117494e-10
-2.523492526051996e-10
-1.5434409306180896e-10
2.4557778033340583e-10
-1.4210854715202004e-14
3.7192471324942744e-15
2.706168622523819e-14
8.770761894538737e-15
7.993605777301127e-15
1.7763568394002505e-14
-1.7763568394002505e-15
1.3322676295501878e-14
1.509903313490213e-14
1.4843752893511919e-09
-1.614239408809226e-09
1.0536531647176162e-09
8.09033562365613e-10
5.344280573638116e-10
-2.6795010654723228e-11
2.5204371922882274e-10
1.3501733064913424e-10
-5.782041512247815e-12
3.6415315207705135e-14
-1.6653345369377348e-15
-1.532038385043677e-13
1.3322676295501878e-15
-8.881784197001252e-16
-1.1102230246251565e-16
-8.221201497349284e-14
-1.2745360322696797e-13
-1.13464793116691e-13
1.2432892049218935e-08
5.211610698552249e-09
1.0705768715979502e-08
3.061995101916182e-11
-8.973977116966125e-11
-2.805367049774077e-12
1.0646051151752545e-08
5.997527807721781e-09
1.726093046272581e-09
9.325873406851315e-15
1.3322676295501878e-15
5.551115123125783e-17
-1.9984014443252818e-15
1.7763568394002505e-15
0.0
-2.220446049250313e-16
0.0
1.6653345369377348e-15
6.678887304323311e-10
4.857440671912627e-09
1.3276135746309592e-09
-5.896527710547161e-10
-4.63707294784399e-10
-9.238965148483658e-11
1.917021208441838e-09
1.084536904727429e-09
3.9837289023125777e-10
-5.551115123125783e-15
-4.85722573273506e-15
-1.1102230246251565e-16
1.6653345369377348e-15
-2.220446049250313e-15
-1.1102230246251565e-16
-2.220446049250313e-16
2.6645352591003757e-15
3.885780586188048e-16
-7.431221860088044e-09
8.63533955453022e-09
-5.250686108126956e-09
-4.84244466747441e-09
-3.41318440177929e-09
-9.950704704664304e-10
-4.2919889864379e-10
-2.2859758530557883e-10
1.30427224576124e-10
-4.596323321948148e-14
-1.6861512186494565e-15
8.859579736508749e-14
-3.086420008457935e-14
-1.7985612998927536e-14
-9.769962616701378e-15
-5.728750807065808e-14
1.4788170688007085e-13
1.1066147997951248e-13
-7.605287066780875e-09
5.901028998778202e-09
-6.33449737108549e-09
-4.653429641621187e-09
-3.3246863040403696e-09
-1.047054665193059e-09
-1.709645758296574e-09
-9.483107632490828e-10
1.1510792319313623e-12
2.842170943040401e-14
-3.3879149485827043e-15
-1.1102230246251565e-16
6.661338147750939e-16
-2.220446049250313e-16
-2.220446049250313e-16
1.7280621378290562e-13
2.220446049250313e-15
-5.551115123125783e-16
-6.047997658242821e-09
-1.26277654999285e-09
-6.043428868451883e-09
-8.362910364212439e-11
-2.4206592286191153e-10
-9.900613662239266e-11
-6.039762467935361e-09
-3.3691223144671767e-09
-6.754135029041208e-10
-1.0436096431476471e-14
9.749145934989656e-16
-1.1102230246251565e-16
1.1102230246251565e-16
4.440892098500626e-16
-3.885780586188048e-15
-1.708633234898116e-13
-2.6645352591003757e-15
6.661338147750939e-16
-7.251372835526126e-10
-3.2383695725002326e-09
-1.6888250797819637e-09
1.4787131519256036e-09
9.935015032880301e-10
1.9227264225207819e-10
-3.246267255008206e-09
-1.8347598995660521e-09
-3.3774938401620607e-10
-2.4202861936828413e-14
2.42861286636753e-16
-5.551115123125783e-17
1.942890293094024e-15
-6.661338147750939e-16
5.9396931817445875e-15
-5.551115123125783e-16
1.3322676295501878e-15
4.440892098500626e-16
2.0904167286062147e-09
-1.6972521166280785e-09
1.0336629330254254e-09
1.089219381356088e-09
7.833138582213905e-10
9.879963513981238e-11
-7.536371526839503e-11
-8.969180953499745e-11
1.3027090517425677e-10
2.220446049250313e-14
-1.8405416080113923e-15
1.1102230246251565e-16
-2.42861286636753e-15
-6.661338147750939e-16
1.942890293094024e-16
2.220446049250313e-16
-8.881784197001252e-16
4.440892098500626e-16
3.948983362533909e-09
-3.6423841720534256e-10
3.1365772201752407e-09
5.454232621104893e-10
3.7279246356547446e-10
3.671374315672438e-11
2.6094755245509305e-09
1.4408527704290464e-09
5.1636561693158e-10
-2.6645352591003757e-15
6.13398221105399e-15
-1.1102230246251565e-16
2.498001805406602e-16
6.661338147750939e-16
-3.885780586188048e-16
0.0
-1.7763568394002505e-15
-8.881784197001252e-16
3.9254643979802495e-09
-6.641585059696808e-10
4.0788812327718915e-09
1.524220749615779e-10
-1.3468337556332699e-11
1.984856723424855e-11
3.995534125778022e-09
2.4442918800104962e-09
6.050058232176525e-10
7.771561172376096e-15
-2.1649348980190553e-15
8.326672684688674e-17
5.551115123125783e-16
-1.1102230246251565e-15
-2.220446049250313e-16
4.440892098500626e-16
8.881784197001252e-16
8.881784197001252e-16
2.487739436674019e-08
-2.853153091564309e-08
1.3423310463167581e-08
1.4377856238922958e-08
8.523594274834068e-09
-1.5796799424094843e-09
-5.179394690912886e-10
3.0962166164272276e-10
-3.708588991457873e-10
-1.7985612998927536e-14
-1.5577816814271728e-15
0.0
-1.9984014443252818e-15
8.326672684688674e-16
0.0
-4.440892098500626e-16
8.881784197001252e-16
-8.881784197001252e-16
6.237740990400198e-09
9.38405264605535e-09
6.723464451852124e-09
6.757375103916274e-09
3.4764084944072238e-09
1.1108767239420558e-09
9.57989243488555e-12
1.708855279503041e-12
2.507431762222012e-12
5.5067062021407764e-14
1.3322676295501878e-15
-5.551115123125783e-17
8.881784197001252e-16
-4.440892098500626e-16
0.0
8.881784197001252e-16
9.769962616701378e-15
0.0
-5.377955858421046e-10
7.955236469570082e-09
7.593916606651874e-10
5.735998342970561e-10
-7.889866537880152e-11
3.4775027302202943e-10
6.223466186838778e-12
-6.9970695903975866e-12
-3.053002295416718e-12
-3.042011087472929e-14
1.017519402068956e-12
-7.237543897531395e-13
5.81756864903582e-14
1.580957587066223e-13
-7.868705687030797e-15
8.43769498715119e-14
-8.881784197001252e-15
-1.4654943925052066e-14
-1.6211032516366686e-09
3.378033852641238e-09
-8.285319097467436e-10
-9.194263128620149e-10
-6.592539847360968e-10
6.827960419286683e-11
-1.4447110174842237e-11
-3.868017017794045e-12
-1.3855028235809641e-12
2.19824158875781e-14
-2.9809488211185453e-13
1.319833131674386e-12
4.440892098500626e-16
0.0
0.0
2.544631172440859e-13
2.9976021664879227e-14
-1.4865886299730846e-13
-1.5305090528272558e-10
3.9898395698401146e-10
3.802256287599448e-10
4.1608316792007827e-10
2.7417002002039226e-10
1.9917223426091368e-10
9.79039072035448e-12
1.5209167258944944e-11
5.9472426983120386e-12
-3.297362383136715e-14
-3.1086244689504383e-15
-1.1102230246251565e-16
-4.440892098500626e-16
0.0
-2.220446049250313e-16
-1.3322676295501878e-15
9.076073226310655e-15
-3.164135620181696e-15
-2.887645678129047e-10
2.375202257098863e-10
1.5569412425975317e-09
8.128751005642699e-10
6.457838708229247e-10
1.808722061014123e-10
5.505107480985316e-11
2.12878603633726e-11
5.9816596120754184e-12
-5.773159728050814e-15
-3.3306690738754696e-16
-1.1102230246251565e-16
2.7755575615628914e-16
-3.3306690738754696e-16
2.220446049250313e-16
-4.440892098500626e-16
-9.936496070395151e-15
4.440892098500626e-16
7.323469830566864e-09
-8.793392680672696e-10
6.111143591169821e-09
6.446227551748508e-09
3.6913370138336173e-09
8.602469847573956e-10
1.7072565583475807e-11
2.0587975768648903e-12
3.8613556796462944e-13
