-4.440892098500626e-16
5.974387651264124e-15
2.7755575615628914e-17
5.551115123125783e-16
8.43769498715119e-15
-3.3306690738754696e-16
0.0
-1.5543122344752192e-15
-3.774758283725532e-15
-1.797335877995465e-05
-5.4902371573462005e-06
-8.633492171838952e-06
-1.1553595690827478e-05
-6.94924705868516e-06
-2.31630082758727e-06
2.983885226681693e-06
4.113739958011564e-06
3.167404202031321e-06
0.0
-2.5396351688300456e-15
-2.220446049250313e-16
2.220446049250313e-15
1.3322676295501878e-15
-5.551115123125783e-17
0.0
-2.4424906541753444e-15
9.575673587391975e-16
5.636974980660625e-05
9.073987264685002e-06
4.869383688266282e-05
-9.80596038857584e-06
-6.130631085454753e-06
-1.999670179220203e-06
5.856100533740971e-05
3.236266570516566e-05
7.101303040712992e-06
4.440892098500626e-16
-5.707240235963695e-16
2.220446049250313e-16
-3.3306690738754696e-16
-1.609823385706477e-15
0.0
2.220446049250313e-16
4.440892098500626e-16
1.1102230246251565e-15
2.0708273410718906e-05
5.188685719303976e-06
1.6773671369207932e-05
-3.933738433659073e-06
-2.5160984229444243e-06
-8.551073447105041e-07
2.075213739161086e-05
1.083784679956068e-05
2.058631245915876e-06
-2.220446049250313e-16
-2.2929574905461436e-14
3.519406988061746e-14
6.38378239159465e-15
-9.747758156208874e-14
3.1459279625778436e-12
-5.67323965583455e-13
6.52367049269742e-13
9.192646643896296e-13
2.3846818919537327e-06
-8.859673812366964e-07
1.4888625585740556e-06
-2.0400716813639974e-06
-1.2891455654084893e-06
-4.7046294637809183e-07
3.5640257571856186e-06
1.486414351603571e-06
-2.65851959113661e-07
1.1102230246251565e-15
-3.1086244689504383e-15
0.0
-3.3306690738754696e-16
-6.661338147750939e-16
-4.440892098500626e-16
-2.7478019859472624e-14
1.7763568394002505e-15
4.440892098500626e-16
-6.087702828949659e-06
-4.124576466368879e-06
-4.9642363713076065e-06
-7.235565877561356e-07
-4.3739427313393975e-07
-2.2151889866872665e-07
-4.223645664325204e-06
-2.4595717995623545e-06
-1.397308238892947e-06
0.0
-2.96637714392034e-15
0.0
3.885780586188048e-15
-2.886579864025407e-15
-3.552713678800501e-15
-2.2715163083830703e-13
-8.881784197001252e-16
-8.881784197001252e-16
-9.493893088574623e-06
-3.970824977272969e-06
-7.480355099787062e-06
-6.651606927476905e-07
-3.6203958453384644e-07
-8.983694665953834e-08
-6.804017928629946e-06
-3.637747411744385e-06
-1.6992853417718836e-06
3.3306690738754696e-15
-1.547373340571312e-15
1.1102230246251565e-16
-1.1102230246251565e-16
-4.440892098500626e-16
-2.886579864025407e-14
2.220446049250313e-16
1.3322676295501878e-15
-1.7763568394002505e-15
6.389543425910915e-05
-3.081091492163068e-05
4.4942014447713063e-05
4.66221304593617e-05
2.6063326161063216e-05
2.773877842088268e-06
-1.7115958677038634e-06
-8.883193203246265e-07
-2.9731353023976226e-07
-1.3322676295501878e-15
6.346485836861149e-15
-2.7755575615628914e-16
-8.881784197001252e-16
-6.661338147750939e-16
4.440892098500626e-16
0.0
-1.7763568394002505e-15
8.881784197001252e-16
-5.364173904354175e-05
-1.0807187827310827e-05
-4.752331246571373e-05
-4.742721388595328e-05
-2.752598319233357e-05
-6.494694297032311e-06
-3.112314939102134e-08
-1.2559237205778118e-08
-7.070935614805762e-09
-3.774758283725532e-15
-3.4139358007223564e-15
1.5265566588595902e-16
1.3322676295501878e-15
-9.992007221626409e-16
0.0
-4.440892098500626e-16
0.0
1.7763568394002505e-15
-3.21537181093845e-05
-2.9964274617100273e-06
-2.7541746364434513e-05
-2.7495197857163592e-05
-1.5906930364462113e-05
-3.5318903002234947e-06
2.8382700634210774e-09
1.329395182825266e-08
9.378388898806378e-10
4.884981308350689e-15
-3.2404634531246757e-15
2.7755575615628914e-16
-1.5543122344752192e-15
3.164135620181696e-15
0.0
0.0
2.6645352591003757e-15
-2.6645352591003757e-15
-1.673783114597427e-05
-7.351391673182661e-07
-1.4203843377025294e-05
-1.4178670543874006e-05
-8.19722829081826e-06
-1.7806709138312726e-06
1.4745356935463859e-08
1.808550731396963e-08
1.638034818896017e-09
-8.881784197001252e-15
3.70536934468646e-15
0.0
6.661338147750939e-16
1.6653345369377348e-16
0.0
8.881784197001252e-16
-4.884981308350689e-15
4.440892098500626e-16
-7.2723979087641055e-06
1.2933666937442467e-07
-6.144745907765703e-06
-6.141813880367053e-06
-3.542473670847812e-06
-7.115654341305344e-07
4.103148398826306e-08
2.0354581131698524e-08
1.633740254192162e-09
-1.1213252548714081e-14
2.4605317783255032e-14
-6.716849298982197e-15
-9.992007221626409e-14
-3.205213872092827e-13
-4.04121180963557e-14
-7.105427357601002e-14
-2.3447910280083306e-13
-8.881784197001252e-14
-2.3319791324638572e-06
6.131581180568446e-07
-1.933759166128368e-06
-1.9526306933581594e-06
-1.1338917742520493e-06
-1.4754520805126958e-07
6.181099010404978e-08
1.544055994173732e-08
1.2642173974342086e-09
-2.55351295663786e-15
2.4424906541753444e-15
0.0
-2.220446049250313e-16
3.3306690738754696e-16
-5.551115123125783e-16
3.552713678800501e-15
-1.887379141862766e-15
-1.7763568394002505e-15
-5.1978787496409495e-08
9.780342722365276e-07
4.293565769586394e-08
1.2605897437012459e-08
-1.3961710856880138e-08
1.3049433533751653e-07
5.805825153970545e-08
3.0087248248378273e-09
6.705398458706213e-10
-1.5543122344752192e-15
-5.419276138951545e-15
-1.1102230246251565e-16
-6.661338147750939e-16
8.881784197001252e-16
1.7763568394002505e-15
-1.2878587085651816e-14
-2.220446049250313e-15
8.881784197001252e-16
1.1567674107482162e-06
1.2538340570245055e-06
1.1604186109792636e-06
1.1282280993896165e-06
6.270613739367548e-07
3.0418495811090906e-07
3.8833517512770754e-08
-7.342782382124824e-09
2.0680002155160082e-10
-5.218048215738236e-15
4.909267437014364e-15
0.0
4.440892098500626e-16
-2.886579864025407e-15
-8.881784197001252e-16
-2.6645352591003757e-15
9.103828801926284e-15
0.0
2.5093766637951376e-06
1.2175071617548383e-06
2.3861450793027927e-06
2.359643175076087e-06
1.3545047448104697e-06
4.930665866709205e-07
2.9029924686341246e-08
-1.196689147775487e-08
-3.7382319462153646e-12
2.1094237467877974e-15
-2.725250580759564e-15
5.551115123125783e-17
2.220446049250313e-16
1.4432899320127035e-15
5.551115123125783e-16
1.9984014443252818e-15
-6.661338147750939e-16
8.881784197001252e-16
3.236703747688807e-06
1.0049745782225727e-06
2.9707080559937538e-06
2.9691990013347436e-06
1.720979806663081e-06
5.778903258146784e-07
9.994117533551616e-09
-1.5643165429679584e-08
-1.5094080429989276e-09
6.661338147750939e-16
-1.6497220256539435e-15
1.1102230246251565e-16
-2.220446049250313e-16
-1.1102230246251565e-16
-7.216449660063518e-16
-1.9984014443252818e-15
2.6645352591003757e-15
-3.1086244689504383e-15
3.4897665344146844e-06
6.603510840363924e-07
3.055986300903868e-06
3.1302217173845293e-06
1.8083090758125309e-06
5.667506428608249e-07
-6.495082338631164e-08
-3.6199703457029386e-08
-9.405502487958017e-09
-9.992007221626409e-16
1.0911410663894117e-15
-3.3306690738754696e-16
1.1102230246251565e-16
-8.881784197001252e-16
1.1379786002407855e-15
3.1086244689504383e-15
1.3322676295501878e-15
8.881784197001252e-16
2.7639048469918492e-06
4.054857347668417e-07
2.3395239772128207e-06
2.808989194136302e-06
1.6142740122404575e-06
4.807615425761469e-07
-4.624095488736657e-07
-2.7228915278065813e-07
-5.6439999673862935e-08
9.992007221626409e-16
2.9715813143482706e-15
2.220446049250313e-16
-1.1102230246251565e-16
-1.1102230246251565e-15
-3.0531133177191805e-16
-1.1268763699945339e-13
5.284661597215745e-14
4.263256414560601e-14
6.933018585897344e-07
1.29456729247579e-06
6.450896756216018e-07
2.1501454838812606e-06
1.2293447717581785e-06
3.56109310928332e-07
-1.5012866416697081e-06
-1.0604663283064752e-06
-1.4897184097417695e-07
8.881784197001252e-16
1.510944147575799e-15
-3.219646771412954e-14
-5.062616992290714e-14
-7.460698725481052e-14
-2.1510571102112408e-14
3.885780586188048e-14
7.105427357601002e-15
0.0
8.676106091343172e-07
1.4264424317289581e-06
9.112702890057278e-07
1.4241542487525294e-06
8.117571965726711e-07
2.3626019185485347e-07
-5.095806585586615e-07
-5.389259838395333e-07
-2.914352348337701e-08
8.881784197001252e-16
-7.875644580934704e-16
1.6653345369377348e-16
1.1102230246251565e-16
5.551115123125783e-16
-1.3877787807814457e-16
-1.3877787807814457e-16
3.552713678800501e-15
-4.440892098500626e-16
6.510421641792163e-07
1.0186480672302878e-06
7.9603705049891e-07
8.357436307449007e-07
4.77551097333162e-07
1.5346583381870005e-07
-3.8291307902227345e-08
-1.5386779740611534e-07
9.202202333469245e-10
4.440892098500626e-16
-3.625572064791527e-15
-1.1102230246251565e-16
1.1102230246251565e-16
-2.220446049250313e-16
7.771561172376096e-16
-2.220446049250313e-15
3.552713678800501e-15
-4.440892098500626e-16
1.7282614805935737e-07
5.850119677575094e-08
2.7295895821399796e-07
3.0096929393153005e-07
1.769950159768996e-07
8.018189134872955e-08
-3.2909424074745175e-08
1.1504310837295861e-08
-8.492991310227183e-10
-3.530509218307998e-14
-3.469446951953614e-15
1.446620601086579e-13
3.863576125695545e-14
1.609823385706477e-15
2.1499468871866156e-13
1.1024514634527804e-13
1.305622276959184e-13
-9.103828801926284e-15
-4.4453735625893387e-07
-6.856555998524527e-07
-4.5592891706469624e-07
-4.58859979346471e-07
-2.536851475554158e-07
-4.8304102051588416e-08
-6.536681862456816e-09
7.432385462635693e-08
-1.128787606441417e-08
-1.3322676295501878e-15
-4.4825254619240695e-15
6.869504964868156e-16
4.440892098500626e-16
9.992007221626409e-16
-7.216449660063518e-16
-3.3306690738754696e-15
-3.552713678800501e-15
1.1102230246251565e-16
-1.8543241679935818e-06
7.113958719884295e-07
-1.4158631369554087e-06
-1.373554552319689e-06
-7.828547552435339e-07
-2.126160154602985e-07
-4.511695195219545e-08
-7.409181179696134e-08
-1.900387436304385e-08
6.661338147750939e-16
4.697631172945194e-15
-1.0824674490095276e-15
0.0
0.0
1.1102230246251565e-15
3.9968028886505635e-15
4.440892098500626e-16
-2.220446049250313e-16
-3.0109300297453956e-06
1.1583448635832383e-06
-2.3939194608857406e-06
-2.2574075089210055e-06
-1.2900633006296403e-06
-3.502906764651925e-07
-1.2885059774703223e-07
-1.1857310155960477e-07
-1.64704065941379e-08
-1.7763568394002505e-15
1.1297976443280788e-12
-1.3289924716275436e-12
-1.4843681839238343e-13
5.74207348336131e-13
3.680389326632394e-13
-1.1954881529163686e-12
-2.724487302430134e-13
4.3076653355456074e-13
-2.8412487296236577e-06
9.887008136644226e-07
-2.500633973667732e-06
-2.4265237819065533e-06
-1.3737431956428736e-06
-3.1980297876543773e-07
-6.153917553319843e-08
-4.2298161417875235e-08
-8.957039776547049e-09
-4.440892098500626e-16
-4.4528963849543857e-13
5.052069873556775e-13
7.310818617156656e-14
-1.687538997430238e-13
-6.661338147750939e-16
-1.3322676295501878e-15
-4.718447854656915e-16
1.0436096431476471e-14
-1.872089043786218e-06
1.7967712366839805e-06
-1.9772290631436817e-06
-1.9197646068391805e-06
-1.0722440118016152e-06
-1.0664096805612644e-07
-4.63076332835044e-08
-3.1086443641470396e-08
-1.6036517891393487e-08
4.440892098500626e-16
-3.039235529911366e-15
1.1102230246251565e-16
1.1102230246251565e-16
0.0
0.0
4.440892098500626e-16
0.0
-5.551115123125783e-17
4.181344324649672e-05
3.0585855697040643e-06
3.351811924767745e-05
-1.2687150316992302e-06
-7.36538510182072e-07
1.506293685338278e-07
3.479579294918267e-05
2.020711813344178e-05
3.874963966143952e-06
2.220446049250313e-16
-7.251144129583054e-16
0.0
-3.3306690738754696e-16
2.220446049250313e-15
0.0
2.4424906541753444e-15
-2.6645352591003757e-15
8.881784197001252e-16
-9.589109333774104e-05
-2.9820956797266263e-05
-9.040456750142312e-05
-5.432695537876953e-07
-3.225036806497883e-07
3.237281589463236e-07
-8.984876041751022e-05
-5.2513699671408176e-05
-1.5037100681070115e-05
-7.993605777301127e-15
-1.6848189510199063e-12
1.1022294188478554e-12
-1.9317880628477724e-14
-3.5083047578154947e-13
-6.163958232718869e-13
1.4232504064182194e-12
5.209999098809703e-13
-3.6859404417555197e-13
3.3416948497233534e-06
1.1528079539857572e-06
2.3984114960740044e-06
2.350520524885269e-06
1.4597805311211687e-06
7.340717793624663e-07
3.2526191517945335e-08
1.7833105658837667e-08
-3.3717881819939066e-09
-9.103828801926284e-15
4.354294702579864e-13
1.6653345369377348e-16
-6.128431095930864e-14
4.440892098500626e-15
1.270095140171179e-13
-2.3061413889635674e-14
-5.773159728050814e-15
-1.3322676295501878e-15
4.890631544185453e-08
2.685999334062217e-07
-2.7387627277164484e-08
5.272719150184457e-08
5.5243347674149845e-09
-4.853953150529833e-08
-8.473530439812027e-08
-5.4873389387921634e-08
-1.1437702479577538e-08
3.774758283725532e-15
2.6645352591003757e-15
-2.914335439641036e-16
8.881784197001252e-16
-1.7763568394002505e-15
-3.552713678800501e-15
0.0
-1.1102230246251565e-15
5.551115123125783e-17
1.1992361095281012e-06
-1.365152911603218e-06
8.878479178520138e-07
-2.12366302321243e-09
-6.496261306665474e-09
-6.99236195611519e-08
8.937190454361144e-07
6.202905744601139e-07
2.0056269534052262e-07
4.440892098500626e-16
1.0269562977782698e-15
1.942890293094024e-16
-4.440892098500626e-16
8.881784197001252e-16
0.0
-4.440892098500626e-16
3.552713678800501e-15
2.220446049250313e-16
5.388093853753162e-06
8.817437446850816e-08
4.406361096442879e-06
2.4938715981193127e-08
-6.7955081561876796e-09
-5.29131816140449e-08
4.337096562778697e-06
2.47639158601487e-06
4.478618329528672e-07
-4.218847493575595e-15
6.661338147750939e-16
6.529499163576702e-14
-6.750155989720952e-14
-2.6645352591003757e-15
8.881784197001252e-16
-7.771561172376096e-14
6.084022174945858e-14
-5.728750807065808e-14
2.8931452789038303e-07
-2.4820019461913034e-07
2.2731669702125146e-07
-2.6775328620942673e-08
-4.1025227659474695e-09
-4.061983421843607e-08
2.6899444804939776e-07
1.541723122500116e-07
2.4048276259236445e-08
-4.218847493575595e-15
-4.385380947269368e-15
2.7755575615628914e-17
-4.440892098500626e-16
8.881784197001252e-16
9.992007221626409e-16
-8.881784197001252e-16
6.661338147750939e-16
-4.440892098500626e-16
7.987030059553035e-08
1.933972271217499e-08
7.00328470770728e-08
-7.4352399792587676e-09
1.3726833003602223e-09
-2.94219990593092e-08
8.115420158105735e-08
4.1605833445146345e-08
8.759602820873624e-09
3.774758283725532e-15
1.1657341758564144e-15
5.551115123125783e-17
-8.881784197001252e-16
1.9984014443252818e-15
1.0547118733938987e-15
1.9984014443252818e-15
1.1310397063368782e-15
0.0
5.02220451892299e-08
1.226123913511401e-08
4.152531296597317e-08
-1.2311378583262922e-09
1.6254695367479144e-09
-2.4514898777638905e-08
4.567507261299397e-08
2.188203751529727e-08
2.1330883726022876e-09
-3.9968028886505635e-14
-4.0245584642661925e-15
-1.8512968935624485e-14
-8.881784197001252e-16
-8.465450562766819e-16
-1.3322676295501878e-15
1.84297022087776e-14
-1.0716427745194324e-13
4.5075054799781356e-14
3.957097582940605e-08
8.78941364135244e-09
2.9400091250408877e-08
4.144268928030215e-09
2.109457497567746e-09
-1.7817654907048563e-08
2.6039877809580506e-08
1.24842376436618e-08
2.9851991989460203e-09
1.2279066652354231e-13
5.447031714567174e-15
1.6653345369377348e-16
3.552713678800501e-15
-1.2212453270876722e-15
1.9984014443252818e-15
1.3322676295501878e-15
-2.220446049250313e-15
-2.6645352591003757e-15
6.255910633967687e-08
1.9269066342531005e-08
4.3202590838120614e-08
8.292513342667007e-09
-3.5144864796166075e-10
-9.362753239372523e-09
3.467068410145657e-08
1.71401790538539e-08
6.1564398023961076e-09
9.525713551283843e-14
-2.9282132274488504e-15
-2.2565282975506307e-14
-1.5543122344752192e-15
-7.993605777301127e-15
-1.3322676295501878e-15
4.440892098500626e-16
-4.440892098500626e-16
-8.881784197001252e-16
6.497484150713717e-08
4.014334820112708e-08
5.3751707085325506e-08
1.8710853311176834e-08
2.2425586942986797e-09
-4.874006975796874e-09
3.45822286362818e-08
1.1251659159938754e-08
7.3774013564786856e-09
3.552713678800501e-15
3.427813588530171e-15
1.6653345369377348e-16
2.220446049250313e-15
1.1102230246251565e-15
4.440892098500626e-16
4.440892098500626e-16
8.881784197001252e-16
-1.1102230246251565e-16
2.6816244513838683e-07
-2.7096226773437593e-07
2.505966953947336e-07
2.2160784318714377e-07
1.6660029888981853e-07
3.139726412193511e-08
2.8200744850437335e-08
-2.58218335602578e-09
-1.0576002296147635e-09
-3.774758283725532e-15
-4.6074255521944e-15
-1.734723475976807e-16
-1.3322676295501878e-15
6.661338147750939e-15
1.7763568394002505e-15
-4.127809205556332e-13
2.6645352591003757e-15
0.0
4.117357517152698e-06
-4.344241858689202e-06
3.378613492088789e-06
3.361256144085445e-06
2.6620157367318598e-06
5.135585476878646e-07
1.6496041865821098e-08
1.1363709973011282e-09
-2.6856326940105646e-08
2.5979218776228663e-14
-3.497202527569243e-15
-2.7755575615628914e-17
7.771561172376096e-16
-7.993605777301127e-15
0.0
1.1102230246251565e-16
-1.3322676295501878e-15
-2.220446049250313e-16
3.236569385833832e-06
-3.6047053981747013e-06
2.4859626606144047e-06
2.5573379724974643e-06
2.0187746003763607e-06
3.311580507592282e-07
-7.076783603565673e-08
-4.0625501185331814e-08
-3.4308499152757577e-08
-1.234568003383174e-13
3.885780586188048e-15
1.5265566588595902e-16
-1.6653345369377348e-16
7.993605777301127e-15
-4.440892098500626e-16
-4.440892098500626e-16
0.0
-4.440892098500626e-16
1.1416217660098482e-07
-1.5881346371315885e-07
8.586374988794887e-08
9.118468113911149e-08
7.06508664904959e-08
2.196861359493596e-08
-6.135429941878101e-09
-2.5799877789722814e-09
-1.4364394118615564e-09
1.5121237595394632e-13
-8.892192537857113e-13
-3.697042672001771e-14
-1.3655743202889425e-13
-1.270095140171179e-13
7.394085344003543e-14
4.150013666048835e-13
-5.129230373768223e-14
-1.3877787807814457e-15
-4.449454849009271e-08
3.8436041904788e-08
-4.727654356884159e-08
1.5167108458058465e-08
1.1388875620355066e-08
1.2728449405585707e-08
-6.149959475010291e-08
-3.644666879409897e-08
-6.919250061798721e-09
-9.992007221626409e-14
5.904166044956582e-13
-2.7755575615628914e-17
3.3306690738754696e-15
-3.4638958368304884e-14
1.3766765505351941e-14
6.661338147750939e-16
-6.661338147750939e-16
-5.551115123125783e-16
3.033021933163127e-06
-3.2015727811085526e-06
2.9053567516257317e-06
2.253203623681088e-09
2.717258973383707e-09
8.97348248485308e-09
2.910470551675814e-06
1.7865269477113088e-06
4.268553385200491e-07
-5.218048215738236e-14
1.1102230246251565e-16
1.522393322517246e-14
-1.5543122344752192e-15
2.6645352591003757e-15
0.0
-3.3306690738754696e-16
4.440892098500626e-16
-2.220446049250313e-16
-1.9747546557979945e-06
8.123845134377916e-07
-1.7778655347910899e-06
6.180348677276015e-09
4.948812026839278e-09
1.0886118395614375e-08
-1.8087991868753761e-06
-1.0689841820621382e-06
-1.99202338180271e-07
3.1086244689504383e-15
-3.6637359812630166e-15
-4.996003610813204e-16
-2.220446049250313e-15
0.0
2.220446049250313e-16
4.440892098500626e-16
9.992007221626409e-16
2.220446049250313e-16
-5.713233974802279e-07
-1.7635994709053193e-07
-4.827424673337077e-07
1.2238544400133833e-08
9.248499743819139e-09
9.538424050603567e-09
-4.905269790356215e-07
-2.688639777481683e-07
-4.902490502445289e-08
-1.2434497875801753e-14
3.3306690738754696e-15
2.7755575615628914e-16
3.219646771412954e-15
4.440892098500626e-16
-2.220446049250313e-16
0.0
-6.661338147750939e-16
-1.1102230246251565e-15
-2.018987359519997e-07
-2.437841430946719e-07
-1.6496373689278698e-07
6.669195506958658e-08
4.676947717996427e-08
2.0845889459053524e-08
-2.2449933556600854e-07
-1.2157690143510536e-07
-1.7996271139963937e-08
-7.749356711883593e-14
-2.400857290751901e-15
1.1102230246251565e-16
1.2212453270876722e-15
4.440892098500626e-16
1.1102230246251565e-16
2.220446049250313e-16
-1.7763568394002505e-15
1.1657341758564144e-15
5.669028002586174e-07
-6.554094511557196e-07
3.6839348716011244e-07
4.414562511101394e-07
3.084273192399678e-07
1.0248263193624041e-07
-7.35325498268935e-08
-4.0520475863559113e-08
-8.365176995539514e-09
8.79296635503124e-14
1.9758500391375833e-15
0.0
-1.9984014443252818e-15
-2.7755575615628914e-16
-5.551115123125783e-17
-2.220446049250313e-16
3.9968028886505635e-15
6.990935608186533e-16
1.299963212630928e-06
-1.0613765653033624e-06
9.578112596386745e-07
8.680671363947567e-07
6.083082002561468e-07
1.9588107313950331e-07
9.191151129073205e-08
5.0818374397465504e-08
8.041013188631041e-09
4.463096558993129e-14
6.897260540483785e-15
1.1546319456101628e-14
9.992007221626409e-16
-6.661338147750939e-16
-3.608224830031759e-16
1.4099832412739488e-14
-9.769962616701378e-15
3.164135620181696e-15
1.158571954817944e-06
-7.97940217012183e-07
8.859533622285198e-07
7.026203423521338e-07
4.865489868777217e-07
1.4496440980948933e-07
1.8831529402518754e-07
1.0479861600742879e-07
2.1178180986680673e-08
1.554312234475219e-14
-2.858824288409778e-15
0.0
-2.6645352591003757e-15
-1.1102230246251565e-16
4.440892098500626e-16
5.551115123125783e-17
3.552713678800501e-15
1.1102230246251565e-15
6.355795250101437e-07
-5.977262560463714e-07
4.3767521162862977e-07
3.5660696529049574e-07
2.4082086735877084e-07
6.511648231732892e-08
8.241300264444362e-08
4.620154747669858e-08
8.156163744388323e-09
-2.304822999121825e-13
1.970645868709653e-15
-7.827072323607354e-15
4.440892098500626e-16
2.220446049250313e-16
0.0
-5.745404152435185e-15
-2.6645352591003757e-15
-2.220446049250313e-16
-6.573565094925016e-06
-2.89472332326568e-07
-5.480885809205915e-06
-5.406089249815338e-06
-3.1154327562177286e-06
-6.311131157676897e-07
-7.436994309273359e-08
-4.102758666135742e-08
-1.4267456549532653e-08
2.418065747633591e-13
-3.4555691641457997e-15
1.1102230246251565e-16
4.440892098500626e-16
-1.1102230246251565e-15
6.661338147750939e-16
0.0
-2.6645352591003757e-15
8.881784197001252e-16
-4.514241425113141e-08
-2.1417753970354172e-07
-4.3647695235904393e-08
5.2999460820046806e-08
3.956971816876376e-08
-5.046924211882242e-09
-9.586625182578246e-08
-5.005639280852848e-08
-2.57901433542429e-08
6.683542608243442e-14
1.970645868709653e-15
-1.1102230246251565e-16
0.0
3.3306690738754696e-16
6.661338147750939e-16
-4.440892098500626e-16
3.552713678800501e-15
-8.881784197001252e-16
7.892151927535451e-07
-5.893455465866282e-07
7.573368794311364e-07
3.298831430242899e-09
2.5556978755503224e-09
-1.8304302518146187e-08
7.560294648101262e-07
4.5698324413478986e-07
8.033485698888398e-08
6.52811138479592e-14
1.582067810090848e-15
-8.326672684688674e-17
-6.661338147750939e-16
4.440892098500626e-16
-8.881784197001252e-16
2.220446049250313e-16
-1.3322676295501878e-15
0.0
4.7204210602558305e-06
-3.895778746709766e-06
4.4909175116458755e-06
1.5177366918806e-08
7.979874538932563e-09
-4.018937360683594e-08
4.4765119877610005e-06
2.7634472985482716e-06
5.54513846395821e-07
-2.930988785010413e-14
-1.9845236565174673e-15
1.6653345369377348e-16
1.3322676295501878e-15
2.220446049250313e-16
2.220446049250313e-16
-4.440892098500626e-16
3.552713678800501e-15
-8.881784197001252e-16
1.8083038355598546e-07
-3.1628047736376175e-07
6.000099261882497e-08
5.51603847043225e-08
2.7312573536164564e-08
-3.2368085101097677e-08
1.178438679971805e-09
-1.152081097188784e-08
-5.089226817744929e-09
-2.382538610845586e-13
2.373101715136272e-15
0.0
-4.440892098500626e-16
-2.7755575615628914e-15
0.0
6.661338147750939e-16
-4.440892098500626e-15
0.0
-2.3716712860277764e-07
-2.1340953537674068e-07
-2.537425523030379e-07
-2.4260515374407987e-07
-1.4057401109823786e-07
-7.588840844618971e-08
-1.0685681228750356e-08
-2.004342292138972e-08
-4.794411173625335e-09
-9.414691248821327e-14
-2.248201624865942e-15
-3.2862601528904634e-14
-1.270095140171179e-13
2.9476421303797906e-14
2.220446049250313e-16
-4.884981308350689e-15
4.440892098500626e-15
1.3322676295501878e-15
-2.738380970868093e-07
-2.946687391869318e-07
-2.663471487807101e-07
-2.6736459624032705e-07
-1.5492520111237695e-07
-7.976359484018758e-08
2.0929320498908055e-09
4.71307437521773e-10
-5.353074650216172e-10
1.1612932837579137e-13
2.609024107869118e-15
2.983724378680108e-16
-5.1958437552457326e-14
-1.7069679003611782e-14
1.1102230246251565e-16
-4.440892098500626e-16
-1.7763568394002505e-15
1.1102230246251565e-15
-2.4203379211940046e-07
-2.7161429194677567e-07
-2.2760627604867523e-07
-2.2244702591045498e-07
-1.2750112610149245e-07
-6.353011627879823e-08
-5.328477215016392e-09
-1.7636914151353267e-10
-7.184890460365523e-10
1.9695356456850277e-13
-4.593547764386585e-15
2.220446049250313e-16
5.3290705182007514e-14
-1.3322676295501878e-15
-1.1102230246251565e-16
4.440892098500626e-16
-3.552713678800501e-15
-8.881784197001252e-16
-1.78149036855757e-07
-2.4774295326324136e-07
-1.7404426522205085e-07
-1.612821129981512e-07
-9.269690504076777e-08
-4.658660657241853e-08
-1.3600141457459358e-08
-5.468798747187975e-10
-5.46084510943956e-10
1.1324274851176597e-14
2.2273849431542203e-15
-1.1102230246251565e-16
2.220446049250313e-16
-1.6653345369377348e-15
0.0
8.881784197001252e-16
-2.4424906541753444e-15
-1.3322676295501878e-15
-1.055052365472875e-07
-2.2955697431825686e-07
-1.12841286536991e-07
-9.568018555228264e-08
-5.598185670585565e-08
-3.695159023209271e-08
-1.8183611061317606e-08
5.4011906058804016e-11
-3.633269241021253e-10
1.5987211554602254e-14
2.050443148604586e-15
5.551115123125783e-17
0.0
3.774758283725532e-15
6.661338147750939e-16
-4.440892098500626e-16
6.300515664747763e-15
1.3322676295501878e-15
-7.274287128211654e-08
-2.1895348822908997e-07
-8.154639630220117e-08
-6.665207941125573e-08
-4.0104249698913463e-08
-3.4311170793444035e-08
-1.5463140545790566e-08
2.278702559976864e-09
-4.0108272258976285e-10
2.4424906541753444e-14
-4.2049697057677804e-15
-1.1102230246251565e-16
2.220446049250313e-16
-2.4424906541753444e-15
-6.661338147750939e-16
-1.5543122344752192e-15
-1.7763568394002505e-15
-4.440892098500626e-16
1.0288740526220863e-07
-2.2478462824437884e-07
6.264065133265717e-08
7.225664111487617e-08
3.847647001009591e-08
-9.749832940997294e-09
-9.833255321112233e-09
4.911602680124361e-09
-4.629407968081978e-11
-7.438494264988549e-15
-1.033895191682177e-15
5.551115123125783e-17
-2.220446049250313e-16
5.551115123125783e-16
-3.3306690738754696e-16
8.881784197001252e-16
8.881784197001252e-15
4.440892098500626e-16
2.5856400398538426e-07
-2.3175547880782685e-07
1.8714380889406357e-07
1.8844045079902116e-07
1.0341954492787409e-07
1.0140787765067216e-08
-1.145539274549634e-09
1.0276934192532394e-08
1.7246553074556914e-09
1.9317880628477724e-14
2.155220446553585e-14
9.2148511043888e-15
-1.1390888232654106e-13
2.6978419498391304e-14
1.5365486660812167e-13
1.3988810110276972e-14
-1.7763568394002505e-15
-1.1524114995609125e-13
2.4385238717172797e-07
-2.1074161793421808e-07
1.872423791571265e-07
1.595877723303829e-07
8.66739995331045e-08
7.301480309251929e-09
2.893244399615469e-08
2.962680217821756e-08
6.642587591088045e-09
-1.1213252548714081e-14
1.3600232051658168e-15
-1.1102230246251565e-16
2.398081733190338e-14
-5.551115123125783e-16
1.1102230246251565e-16
1.7763568394002505e-15
6.661338147750939e-15
-8.881784197001252e-16
2.975620052581007e-07
-2.3344067656694278e-07
2.5213702659065973e-07
1.0441818343309704e-07
5.5347339156242015e-08
4.090878746865201e-10
1.4812924575835495e-07
1.107530148147795e-07
2.3599650234018554e-08
-1.2656542480726785e-14
-1.6167622796103842e-15
-1.1102230246251565e-16
5.551115123125783e-17
1.9949319973733282e-16
6.661338147750939e-16
6.661338147750939e-16
3.552713678800501e-15
8.881784197001252e-16
8.817327632471006e-07
-6.079993966068287e-07
6.95205690126599e-07
9.138571144262642e-08
4.877910342315772e-08
1.3242242857813835e-09
6.04161106920742e-07
4.382383071432905e-07
7.139088720187203e-08
-7.327471962526033e-15
-2.0192181260370035e-15
3.3306690738754696e-16
-1.1102230246251565e-16
1.942890293094024e-16
-3.885780586188048e-16
-6.8833827526759706e-15
0.0
-8.881784197001252e-16
1.6453176967523575e-06
-1.234572650332666e-06
1.2163069857962228e-06
9.807486289759026e-08
5.36247384275157e-08
8.143302920871065e-09
1.1189314470527734e-06
8.131867827998462e-07
8.507861337658795e-08
-2.453592884421596e-14
5.440092820663267e-15
5.218048215738236e-14
-2.375877272697835e-14
9.273831702572011e-14
-7.915890165577366e-14
-4.440892098500626e-15
-6.217248937900877e-15
-1.1102230246251565e-15
8.003644538234767e-07
-7.952349161399752e-07
5.676453074254795e-07
-5.20734388942401e-09
-4.378517104441926e-09
-3.6650220636147424e-09
5.735697365949477e-07
4.240812587763543e-07
1.5943172226862146e-08
-8.881784197001252e-16
7.216449660063518e-16
0.0
2.220446049250313e-16
-9.159339953157541e-16
7.494005416219807e-16
-1.0408340855860843e-15
8.881784197001252e-16
1.1102230246251565e-15
-3.111573221303843e-08
-1.7122384399215207e-07
-2.0174623749369403e-08
-1.0031416763922607e-07
-5.815156356447915e-08
-1.4705619832966477e-08
8.046327337751791e-08
7.789365807919779e-08
-6.609910063737345e-09
-2.886579864025407e-15
-2.164796120140977e-13
-3.597122599785507e-14
2.708944180085382e-14
-9.869882688917642e-14
-1.3206102877916237e-13
6.38378239159465e-14
-3.552713678800501e-15
-1.9673151996357774e-13
-3.1098733188628103e-07
-1.2059777088069268e-07
-2.6406858311123216e-07
-2.637214713274716e-07
-1.5078442316962537e-07
-4.2080941398126015e-08
-1.8557013703457412e-09
1.9264275508135142e-08
-5.2376095197037564e-09
-6.439293542825908e-15
-1.2359557821639555e-13
-5.48172618408671e-16
-4.107825191113079e-14
1.960237527853792e-16
6.716849298982197e-15
1.5543122344752192e-15
5.3290705182007514e-14
2.220446049250313e-16
-5.682346966295881e-07
-1.7750118530557302e-07
-5.023018609939811e-07
-4.907092812089786e-07
-2.803305427789837e-07
-8.356201419701392e-08
-1.1711083658383359e-08
6.28263840951604e-09
-4.4307008062460795e-09
-6.217248937900877e-15
9.631184738623233e-15
-1.8512968935624485e-14
3.1086244689504383e-15
5.773159728050814e-15
1.6653345369377348e-15
3.774758283725532e-15
4.440892098500626e-16
-1.1102230246251565e-16
-7.099571774915603e-07
-1.788061982921363e-07
-6.432131076650194e-07
-6.197210256075891e-07
-3.4898823386697586e-07
-9.949687296284537e-08
-2.2631297724728938e-08
-9.597759031976238e-09
-5.929428392725811e-09
-1.5543122344752192e-15
1.8041124150158794e-16
1.1102230246251565e-16
8.881784197001252e-16
-2.220446049250313e-16
0.0
-1.7763568394002505e-15
0.0
2.7755575615628914e-17
-4.6030562828036636e-07
1.0158270846716277e-07
-4.694609643252079e-07
-4.2362804819617855e-07
-2.1967139929301993e-07
-3.521221003666142e-08
-4.4363021700633e-08
-3.0964478980877175e-08
-9.272153711492592e-09
-6.217248937900877e-15
1.790234627208065e-15
6.2727600891321345e-15
-8.881784197001252e-16
2.220446049250313e-16
-4.440892098500626e-16
-2.0539125955565396e-14
9.880984919163893e-15
3.930189507173054e-14
5.059322063516447e-07
6.621210779655939e-07
2.604202880007733e-07
3.126154766164291e-07
2.1653324688841735e-07
1.552998583065346e-07
-5.174979977873306e-08
-3.393099845538927e-08
-1.004157901274283e-08
2.886579864025407e-15
-1.6792123247455493e-15
3.0531133177191805e-16
7.494005416219807e-15
-1.7763568394002505e-15
0.0
9.71445146547012e-17
1.7763568394002505e-15
1.9984014443252818e-15
9.140106982385987e-07
1.44176834027121e-06
4.631338370586491e-07
4.842897638468457e-07
3.1652785814628714e-07
2.875158457982252e-07
-2.0967195091259327e-08
-1.41419693733269e-08
-6.448400757808059e-09
-4.6629367034256575e-15
3.716194019176555e-13
-1.6045498263395075e-13
1.5165646516379638e-13
-2.6911806116913795e-13
1.5942802633617248e-13
7.133182933216631e-14
-1.0058620603103918e-13
-3.2862601528904634e-14
1.281398340324813e-06
2.327115591782558e-06
5.249252676975402e-07
5.072100144332126e-07
2.984846663167673e-07
3.9730889511702117e-07
1.7057642409668006e-08
7.989012007492136e-09
-4.89081783405787e-09
1.0436096431476471e-14
-3.9804270990373425e-13
1.0266093530830744e-14
-5.906386491005833e-14
-1.5987211554602254e-14
1.580957587066223e-13
-4.3298697960381105e-15
-6.217248937900877e-15
0.0
1.7551822111272484e-06
2.423779164928419e-06
7.814351352664062e-07
7.182530019633759e-07
3.23429901527561e-07
4.126477790578065e-07
6.16773050410302e-08
3.533836831492998e-08
-6.923248030421547e-09
-2.6645352591003757e-15
1.0547118733938987e-15
1.5265566588595902e-16
0.0
2.6645352591003757e-15
-8.881784197001252e-16
2.5743296383495817e-15
2.220446049250313e-15
-2.220446049250313e-16
9.715704010204718e-07
1.1525370382514666e-06
3.615962889114144e-07
2.930766918041172e-07
4.5834261719335245e-08
1.3530978648645942e-07
6.626616588789602e-08
4.040683743156137e-08
-1.6061634910968792e-08
-1.1102230246251565e-15
8.109624083374456e-13
-5.834568939100393e-14
-9.681144774731365e-14
8.08242361927114e-14
-5.950795411990839e-14
-6.905587213168474e-14
-5.928590951498336e-14
-3.9968028886505635e-15
-4.417635523168428e-06
3.4311572960632475e-07
-3.435814129204573e-06
6.0361955434018455e-09
2.0861206095901252e-09
-6.325690171671283e-08
-3.440441282975826e-06
-2.0331451295874103e-06
-3.7732362301312605e-07
4.884981308350689e-15
-6.20052620359246e-13
-9.71445146547012e-17
7.993605777301127e-15
-1.7763568394002505e-15
-1.7763568394002505e-15
2.4424906541753444e-15
3.219646771412954e-15
4.440892098500626e-16
-1.4984937024564715e-07
5.459697831611265e-07
2.3269691951099958e-08
3.4960745409762235e-09
-4.882228399338828e-09
-4.665118513713651e-08
1.9686588359490997e-08
-4.646689433229767e-08
-7.756447928386478e-09
-2.020605904817785e-14
-1.8318679906315083e-15
5.551115123125783e-17
2.4868995751603507e-14
3.552713678800501e-15
1.3322676295501878e-15
-1.1102230246251565e-15
-2.248201624865942e-15
2.220446049250313e-16
5.132456522005668e-07
3.0610340218117926e-07
5.389086439322455e-07
6.208651370798179e-10
-1.626616619176957e-09
-3.3916603470185436e-08
5.386205188528947e-07
2.6963076749098036e-07
5.933067370733625e-08
8.43769498715119e-15
-5.551115123125783e-17
2.185751579730777e-16
-1.7763568394002505e-14
1.7763568394002505e-15
1.3322676295501878e-15
2.6645352591003757e-15
0.0
-1.3322676295501878e-15
9.223345642794811e-08
2.5498786726529943e-07
1.812277901080961e-07
-5.821867432587169e-10
6.163993759855657e-10
-2.898909690074447e-08
1.822755457681069e-07
6.552637898948888e-08
2.121257836051882e-08
9.547918011776346e-15
-2.581268532253489e-15
-1.0477729794899915e-15
1.7763568394002505e-15
-3.1086244689504383e-15
-6.661338147750939e-16
-3.552713678800501e-15
-6.661338147750939e-16
2.220446049250313e-16
-1.0231596547782829e-07
2.537296310833881e-07
1.2400466431472522e-08
-1.7239152327874763e-09
6.415250553004626e-10
-2.2511478015019293e-08
1.4300717054993585e-08
-2.8318892786316496e-08
7.7933464126545e-09
2.353672812205332e-14
2.886579864025407e-15
3.8163916471489756e-17
-1.3322676295501878e-15
-1.9984014443252818e-15
-4.440892098500626e-16
1.9984014443252818e-15
3.0531133177191805e-16
1.2212453270876722e-15
8.445585919503173e-08
1.2564874651843638e-07
1.1707653158055109e-07
-2.2315571612807616e-09
-3.5286085164898395e-10
-1.3301218126926528e-08
1.1936353772057373e-07
5.968478333784333e-08
2.479609406691452e-08
-1.9095836023552692e-14
3.3029134982598407e-15
-1.3877787807814457e-16
-4.440892098500626e-16
7.882583474838611e-15
-8.881784197001252e-16
-2.220446049250313e-16
-1.3322676295501878e-15
-3.3306690738754696e-16
-2.354028083573212e-10
8.314982125057213e-08
3.6472449949087604e-08
-3.5015634836099707e-10
-2.891478168010053e-10
-7.619228137301093e-09
3.730470865548341e-08
1.745862832081002e-08
1.234515423220728e-08
-4.1522341120980855e-14
-1.2212453270876722e-15
-1.1102230246251565e-16
-4.440892098500626e-16
-1.0325074129013956e-14
1.3322676295501878e-15
4.440892098500626e-16
2.0539125955565396e-14
4.207745263329343e-14
-1.8775486232414096e-07
7.542047342212754e-08
-1.1686033829505504e-07
-7.715827976539913e-10
-1.3951106936360702e-09
-7.547097058413499e-09
-1.1565399660184993e-07
-6.357100090781387e-08
-7.001546009632875e-10
3.6415315207705135e-14
1.8318679906315083e-15
5.551115123125783e-17
-1.1102230246251565e-15
2.6645352591003757e-15
4.440892098500626e-16
-4.85722573273506e-16
-1.3322676295501878e-15
8.881784197001252e-16
-1.4900243812121516e-06
-7.87572957960947e-08
-1.1908026209539457e-06
-2.393272247047662e-09
-2.8751134806270784e-09
-2.4695581135603106e-09
-1.1881872126195958e-06
-6.444400995064825e-07
-1.208668436447624e-07
-2.2870594307278225e-14
-8.604228440844963e-16
7.632783294297951e-17
1.5543122344752192e-15
1.7763568394002505e-15
-1.3322676295501878e-15
2.220446049250313e-16
-1.7763568394002505e-15
0.0
-7.229349563431242e-09
2.479612248862395e-08
-4.250274798778264e-09
-4.728539337861548e-09
-4.502305195330791e-09
7.0586194667043856e-09
6.688765097351279e-10
-6.471267965935112e-10
1.7777068705981947e-10
-1.0880185641326534e-14
-5.2111093218343285e-15
5.6343818499726694e-15
-6.439293542825908e-15
2.6645352591003757e-15
-2.2648549702353193e-14
-1.1102230246251565e-16
-2.731148640577885e-14
5.881406472951767e-14
-2.511339136646029e-08
4.507330686465138e-08
-1.7754146597326326e-08
-1.704512975209127e-08
-1.3270691212596829e-08
8.351049629595764e-09
-4.705498213297687e-10
-7.748708341637212e-10
4.4488990269542223e-10
7.038813976123492e-14
4.9682480351975755e-15
-8.326672684688674e-17
-1.1102230246251565e-15
-2.6645352591003757e-15
1.1102230246251565e-15
-1.1102230246251565e-16
1.7763568394002505e-15
8.881784197001252e-16
-4.860621416469257e-08
4.574178547045449e-08
-3.903085499246117e-08
-2.4797317976776867e-08
-1.642077496200045e-08
7.046560446255512e-09
-1.4406770887376297e-08
-7.301146576210726e-09
9.685404422921096e-10
-6.88338275267597e-14
-4.9682480351975755e-15
2.7755575615628914e-17
-1.3322676295501878e-15
3.552713678800501e-15
-1.3322676295501878e-15
0.0
-1.627170620466245e-15
-8.881784197001252e-16
-5.765442381289176e-07
-3.0900312708581623e-07
-4.989042139413868e-07
4.215039073329763e-08
3.138388571244377e-08
9.187245519903797e-09
-5.413450203661796e-07
-3.0612624613013395e-07
-9.343710871689836e-08
-7.771561172376096e-14
-1.7053025658242404e-13
2.3658852654762086e-13
1.765254609153999e-14
1.687538997430238e-14
-1.532107773982716e-14
1.1723955140041653e-13
-1.6851797735029095e-13
1.9051427102567686e-13
-1.9099864800864452e-07
1.1232122432147662e-07
-1.4286309379940576e-07
-8.91762752530667e-08
-5.916337109113101e-08
9.39236710628677e-09
-5.452072748823867e-08
-3.1411008905024573e-08
-5.950283821221092e-09
5.1736392947532295e-14
2.030320356283255e-13
5.988265439071938e-14
-2.1094237467877974e-15
-8.881784197001252e-16
-7.771561172376096e-15
2.220446049250313e-16
-9.43689570931383e-16
-2.9976021664879227e-14
-3.570838913447005e-08
2.363204032462818e-08
-3.3609042660032173e-08
-2.7783908507217348e-09
-2.120653874726486e-09
8.781205207419873e-09
-3.114555235939065e-08
-1.8507261501099492e-08
-6.549356612595147e-10
6.727951529228449e-14
-3.552713678800501e-15
2.220446049250313e-16
-4.440892098500626e-16
0.0
0.0
0.0
-3.3306690738754696e-16
4.440892098500626e-16
-1.8264090240194264e-09
3.124782210761623e-08
-3.1642404252352208e-09
8.812381935285885e-10
8.676970253418403e-11
6.868769775181249e-09
-4.202960646182419e-09
-3.370471901575911e-09
3.5287115451865247e-09
-1.5876189252139739e-13
2.6242896744577138e-14
-2.3436808049837055e-13
5.773159728050814e-15
-1.1546319456101628e-14
0.0
-1.3433698597964394e-13
1.4699352846037073e-13
-1.753874823151591e-13
1.2769465485007458e-08
3.858889385810471e-08
1.2196695209354402e-08
2.5780124701668683e-09
1.5067538328139563e-09
4.296505373702075e-09
9.616248242139136e-09
4.369325345976449e-09
5.319350293575553e-09
1.2612133559741778e-13
-3.0982161280945775e-15
-1.1102230246251565e-16
1.1102230246251565e-15
0.0
0.0
2.220446049250313e-16
-1.5543122344752192e-15
1.1102230246251565e-16
2.6149862719648812e-08
2.4813886057017953e-08
2.2174230451810217e-08
8.078892221874412e-09
5.625366839012713e-09
7.672727786456335e-09
1.4202448994637962e-08
6.872576285843479e-09
5.274301884128363e-09
3.597122599785507e-14
-2.3002433291452462e-15
1.6653345369377348e-16
-1.1102230246251565e-16
-9.880984919163893e-15
3.885780586188048e-16
-4.440892098500626e-16
-6.661338147750939e-16
4.440892098500626e-16
9.324748617700607e-08
-1.8801269874302307e-08
7.188380735101418e-08
2.2835074275917577e-08
1.5283532661669597e-08
5.170946670851606e-09
4.9310301619698294e-08
2.621268002656052e-08
9.32793398078502e-09
-1.3322676295501878e-14
2.652392194768538e-15
0.0
-2.1094237467877974e-15
-3.3306690738754696e-16
0.0
7.771561172376096e-16
-8.881784197001252e-16
4.440892098500626e-16
1.1228344476421626e-07
-6.893810677865986e-08
8.840733656256816e-08
2.1184002108043387e-08
1.404840865859569e-08
-1.4804601988771537e-09
6.842964594966361e-08
3.642330526076876e-08
7.73206920712255e-09
2.930988785010413e-14
3.4399566528620085e-15
-3.83026943495679e-15
2.142730437526552e-14
4.440892098500626e-15
-1.7763568394002505e-15
-1.942890293094024e-16
8.881784197001252e-16
-4.440892098500626e-16
9.182510041227943e-08
-1.8850169780648685e-07
9.063371209094839e-08
1.3276740595813408e-08
9.26836740688941e-09
-6.933621787830192e-09
7.83259324066421e-08
4.5965649064783065e-08
-4.16184775531292e-09
-2.0650148258027912e-14
-1.9680437834956876e-15
5.551115123125783e-17
-6.106226635438361e-16
-2.886579864025407e-15
4.440892098500626e-16
1.1102230246251565e-16
4.440892098500626e-16
0.0
3.241015491539656e-07
-5.974693841892531e-07
3.592498636351138e-07
1.4600436193390465e-08
8.634532644435922e-09
-1.6036409700159737e-08
3.4462242837207663e-07
2.1569075414618055e-07
5.026549843023531e-09
-4.8627768478581856e-14
-3.4555691641457997e-15
-8.326672684688674e-17
-1.582067810090848e-15
3.1086244689504383e-15
-4.163336342344337e-16
-2.220446049250313e-16
1.7763568394002505e-15
0.0
1.3943482315426081e-06
-3.113968801926603e-06
1.6172189631902256e-06
-3.9520041639207193e-07
-2.271204628812029e-07
-8.97060452587084e-08
2.0076173896654836e-06
1.3022364662163e-06
1.4643953960558065e-07
7.838174553853605e-14
3.200564813177209e-15
0.0
8.881784197001252e-16
-2.220446049250313e-15
0.0
2.1316282072803006e-14
-7.016609515630989e-14
6.217248937900877e-15
1.4976251350162784e-07
-2.1234399127934012e-07
6.18063742408026e-08
3.7367691163581185e-08
2.4490691252765373e-08
-2.926768871702734e-08
2.247179420322709e-08
5.7291131838610446e-09
1.3714785973562016e-09
-2.7533531010703882e-14
2.6782458087230843e-13
-1.1102230246251565e-16
0.0
7.771561172376096e-15
0.0
4.440892098500626e-16
-2.6645352591003757e-15
-8.881784197001252e-16
-5.442443296033161e-07
-1.2050200837165903e-07
-4.7491763766061007e-07
-1.8578749916287052e-07
-1.044873236821786e-07
-5.7257125263276976e-08
-2.8926040873678005e-07
-1.6682694958802813e-07
-6.298864319020936e-08
-1.709743457922741e-14
4.649058915617843e-15
-1.1102230246251565e-16
1.1102230246251565e-15
-2.220446049250313e-16
-4.440892098500626e-16
4.440892098500626e-16
0.0
8.881784197001252e-16
-4.7205747932821396e-07
-2.1371498348798923e-07
-4.206279626828291e-07
-4.16312449402767e-07
-2.3744229160627126e-07
-8.921837491016049e-08
-4.4381778252500226e-09
2.909035567988383e-09
-5.47973610931507e-10
2.1094237467877974e-14
-1.615652056585759e-13
2.6281060661048627e-15
8.881784197001252e-16
2.220446049250313e-15
0.0
8.881784197001252e-16
1.7763568394002505e-15
-1.7763568394002505e-15
-3.89425864000259e-07
-2.3545732119600868e-07
-3.67877222906543e-07
-3.700871706868725e-07
-2.1015751450192965e-07
-7.441479965564213e-08
3.0375453263786763e-09
1.0014885809539464e-08
1.0180438714257889e-09
3.752553823233029e-14
-7.466249840604178e-15
-2.220446049250313e-16
-6.661338147750939e-16
-2.0122792321330962e-15
-1.1102230246251565e-16
-3.1086244689504383e-15
5.773159728050814e-15
2.5673907444456745e-16
-1.4222773359051644e-07
-2.2016389777945733e-07
-1.5494185434672403e-07
-1.5910033368538024e-07
-8.91564013727475e-08
-3.827989303317736e-08
5.775534717145092e-09
1.045603248428506e-08
1.07632924795098e-09
2.0872192862952943e-14
2.1788126858268697e-15
-5.551115123125783e-17
-2.220446049250313e-16
-3.885780586188048e-16
-6.661338147750939e-16
2.6645352591003757e-15
-7.327471962526033e-15
-4.440892098500626e-16
-7.561133941180742e-08
-1.641948728092757e-07
-7.237448329533436e-08
-7.311340066706862e-08
-4.039532530697443e-08
-2.345320382346472e-08
1.9347083934917464e-09
5.863116214754882e-09
3.254270186658914e-10
-4.551914400963142e-14
5.162537064506978e-15
1.1102230246251565e-16
0.0
-3.3306690738754696e-16
-4.440892098500626e-16
-1.3322676295501878e-15
-1.4099832412739488e-14
3.1086244689504383e-15
-2.1033859809449493e-07
-1.0290705176885238e-07
-1.6100655031436872e-07
-1.4907573220312997e-07
-8.335509082968429e-08
-3.2933357374531624e-08
-1.1627174334449819e-08
-2.3997213105531046e-09
-2.0680324119837223e-10
-4.8960835385969403e-14
-5.953570969552402e-15
1.6653345369377348e-16
0.0
1.3322676295501878e-15
8.326672684688674e-16
3.1086244689504383e-15
5.773159728050814e-15
-6.661338147750939e-15
2.7513337386153583e-08
-9.297400538343936e-08
4.667728070728572e-08
6.592899648438788e-08
3.81312950104018e-08
-2.2922819198356592e-09
-1.8342798502324342e-08
-9.144076162925785e-09
3.168892925842215e-10
4.4853010194856324e-14
1.1934897514720433e-15
0.0
-4.440892098500626e-16
-4.440892098500626e-16
1.2490009027033011e-15
-3.774758283725532e-15
1.9984014443252818e-15
3.552713678800501e-15
1.5264578934193196e-07
-1.1294334711919873e-07
1.7599715285143702e-07
1.9766288739120344e-07
1.1168987290588461e-07
1.545290473359273e-08
-2.0388729371489944e-08
-8.87568768481728e-09
-4.912341089458039e-10
2.3203661214665772e-14
-1.547373340571312e-15
0.0
2.4424906541753444e-15
2.4424906541753444e-15
-9.575673587391975e-16
-2.220446049250313e-16
-4.440892098500626e-16
1.7763568394002505e-15
3.2941674277253696e-08
-1.3087106509601654e-07
8.108148463747966e-08
1.0641575043379702e-07
5.917331913352086e-08
3.1322002769229584e-09
-2.4325864877994263e-08
-6.957189824241539e-09
-8.165814135985272e-10
0.0
5.2388648974499574e-15
-1.1102230246251565e-16
0.0
-1.7763568394002505e-15
5.273559366969494e-16
3.1086244689504383e-15
-1.7763568394002505e-15
-4.440892098500626e-16
9.822051083574479e-08
-9.804287470771555e-08
7.77550628328072e-08
3.6679541626227774e-08
1.8897089226754815e-08
-5.804324132441252e-09
4.180574730838771e-08
2.118266184680806e-08
9.865274597231632e-09
-1.6653345369377348e-15
-4.0314973581701e-15
2.220446049250313e-16
0.0
-1.1102230246251565e-16
-5.551115123125783e-16
-1.1102230246251565e-15
0.0
-4.440892098500626e-16
5.648763004018065e-07
-1.4743790011095825e-07
4.113271927508322e-07
8.309201104950148e-08
4.4609283378349573e-08
2.8112765448895516e-09
3.2890497525528417e-07
1.9434424669778974e-07
4.3995710297117796e-08
-1.942890293094024e-14
1.3461454173580023e-15
0.0
0.0
1.3322676295501878e-15
1.1102230246251565e-15
2.3314683517128287e-15
1.7763568394002505e-15
8.881784197001252e-16
7.22174011258403e-07
-3.6568160766137225e-07
5.386683348262977e-07
1.2593534925997574e-07
6.908157601515086e-08
1.2273787319827534e-08
4.1355570212786574e-07
2.795986557835306e-07
3.661639336183242e-08
2.731148640577885e-14
-1.3357370765021415e-15
-2.220446049250313e-16
-2.220446049250313e-16
-2.886579864025407e-15
-1.4432899320127035e-15
-7.632783294297951e-15
0.0
0.0
2.9666174583553584e-07
-3.0486369695381654e-07
2.2510281261212128e-07
8.707288845499761e-08
4.802067010700739e-08
9.65130197982944e-09
1.3858986785963978e-07
1.1581422043605016e-07
1.6117762124956414e-09
-7.771561172376096e-15
-1.1622647289044608e-15
0.0
2.220446049250313e-16
1.1102230246251565e-15
4.440892098500626e-16
4.884981308350689e-15
-3.552713678800501e-15
0.0
-3.852746743859825e-08
-1.8541064150667808e-07
-3.651544533411766e-08
-5.04162258607721e-08
-2.8713344590869383e-08
-1.1149751344419201e-08
1.4076507959259741e-08
3.2987909293069606e-08
-5.878760811484085e-09
1.4210854715202004e-14
1.0269562977782698e-15
1.0408340855860843e-16
2.220446049250313e-16
1.8041124150158794e-16
-5.551115123125783e-16
-1.5543122344752192e-15
1.7763568394002505e-15
-6.661338147750939e-16
-3.760558229259913e-07
-9.959501312550856e-08
-3.082974782131487e-07
-2.8866195567189834e-07
-1.647415679428832e-07
-5.0197364487303275e-08
-1.9110133919753025e-08
6.704560462367226e-09
-5.193952490323284e-09
-1.4876988529977098e-14
3.747002708109903e-15
5.551115123125783e-17
-1.1102230246251565e-15
7.771561172376096e-16
3.3306690738754696e-16
1.7763568394002505e-15
-8.881784197001252e-16
1.3877787807814457e-16
-3.68543794593279e-07
-1.4704274065024947e-07
-3.350871953244905e-07
-3.2008889494505866e-07
-1.8281903635397612e-07
-4.845618661875051e-08
-1.4887392651985467e-08
1.8397745549236786e-09
-6.924180340206476e-09
-2.6645352591003757e-15
-4.73232564246473e-15
0.0
1.1102230246251565e-15
-2.886579864025407e-15
2.220446049250313e-16
-1.5543122344752192e-15
3.1086244689504383e-15
2.220446049250313e-16
-4.873213441669577e-07
5.704404770767724e-08
-4.4989756542435083e-07
-4.3417262229894504e-07
-2.472703881650773e-07
-5.5465015691424924e-08
-1.7358688708668524e-08
-8.677474738760793e-09
-5.792677448823724e-09
7.327471962526033e-15
3.3584246494910985e-15
1.4876988529977098e-14
-6.683542608243442e-14
-1.9095836023552692e-14
1.4210854715202004e-14
-3.519406988061746e-14
-1.0075273948473296e-14
-6.17284001691587e-14
-2.4406996601555875e-07
2.353134824772951e-07
-2.966115824065696e-07
-2.882298701933905e-07
-1.6790808121669443e-07
-1.945858230101294e-08
-7.538294433118153e-09
-3.0028619590893864e-09
-5.963848082046753e-09
1.2656542480726785e-14
1.1796119636642288e-15
-2.220446049250313e-16
3.608224830031759e-16
-1.3322676295501878e-15
4.440892098500626e-16
3.444466933899548e-14
1.7763568394002505e-15
2.220446049250313e-16
9.25693655062787e-08
5.220576717590575e-07
-7.870587914737825e-08
-7.891236464274698e-08
-5.7481926774016756e-08
5.076697817685272e-08
5.149400905679613e-10
8.831984921187086e-09
-3.6604651532101684e-09
-8.43769498715119e-15
-1.4988010832439613e-15
3.608224830031759e-16
-2.4424906541753444e-15
8.881784197001252e-16
-4.440892098500626e-16
-2.4202861936828413e-14
-8.881784197001252e-16
-2.1094237467877974e-15
5.077712756929031e-07
8.026036297792416e-07
2.249461346082171e-07
2.1165459784810992e-07
8.628675374211525e-08
1.1888757001088379e-07
1.4589468300130194e-08
1.1108549635707732e-08
-3.936452164232662e-09
1.2878587085651816e-14
-3.6914915568786455e-15
-1.3877787807814457e-17
1.3322676295501878e-15
5.329070518200751e-15
-4.707345624410664e-14
1.1796119636642288e-15
4.440892098500626e-16
0.0
8.13858079595775e-07
5.742667497088405e-07
5.299916372436542e-07
5.194938061947596e-07
2.44006507443828e-07
1.269585681029639e-07
1.1324726045813804e-08
8.098719916915798e-09
-2.8766072857067115e-09
-5.995204332975845e-15
4.246603069191224e-15
0.0
0.0
8.881784197001252e-16
-5.329070518200751e-15
1.5543122344752192e-15
-3.552713678800501e-15
-2.220446049250313e-16
-1.299951429700741e-05
-1.254886505819286e-07
-1.075764039271121e-05
-9.77392389245324e-10
-1.1540937094878245e-09
-5.580763917656384e-08
-1.0756424352109661e-05
-6.277840436830218e-06
-1.3734947970078792e-06
8.215650382226158e-15
-3.0253577421035516e-15
8.326672684688674e-17
0.0
-8.881784197001252e-16
1.7763568394002505e-15
-1.1102230246251565e-15
-2.7755575615628914e-16
0.0
-2.575844774810321e-06
-5.89761555147561e-08
-2.1356187325238807e-06
-1.5376739881389767e-09
-1.505178648386618e-09
-4.651788931830936e-08
-2.133925455893859e-06
-1.2310397909942594e-06
-2.707638060428508e-07
-2.2426505097428162e-14
3.337607967779377e-15
4.163336342344337e-17
-4.440892098500626e-16
8.881784197001252e-16
4.440892098500626e-16
1.1102230246251565e-15
4.9960036108132044e-15
-4.440892098500626e-16
-8.191958045244974e-07
1.6248179690592224e-08
-6.677963177992297e-07
-1.2344987254664375e-09
6.526841289655749e-10
-3.111216750895096e-08
-6.670138112951918e-07
-3.8312735028966927e-07
-7.654055877992505e-08
1.1546319456101628e-14
-1.7555401576885288e-15
-1.1102230246251565e-16
0.0
-3.552713678800501e-15
-4.884981308350689e-15
-1.9984014443252818e-15
3.3306690738754696e-16
8.881784197001252e-16
-3.794943239654458e-07
4.388914476294303e-08
-3.0402561890241486e-07
-9.063985118018536e-10
6.033502586433315e-10
-2.7599458052307568e-08
-3.033241497973904e-07
-1.7357736581402605e-07
-2.6191599999947357e-08
1.9317880628477724e-14
3.1780134079895106e-15
1.942890293094024e-16
0.0
5.773159728050814e-15
-1.7208456881689926e-15
2.6645352591003757e-15
-1.4432899320127035e-15
-6.661338147750939e-16
-2.0484385743202438e-07
6.777626992970909e-08
-1.6180461770431975e-07
-8.92420359832613e-10
-9.702771919251063e-10
-2.3544450611368006e-08
-1.610789688299974e-07
-9.151768232129598e-08
-6.260478357944521e-09
-1.176836406102666e-14
-5.495603971894525e-15
-2.7755575615628914e-17
-1.7763568394002505e-15
-2.220446049250313e-15
-6.661338147750939e-16
-2.4424906541753444e-15
-1.9984014443252818e-15
-5.551115123125783e-16
-1.2296581530790718e-07
9.730970873533806e-08
-9.257450450661509e-08
-1.869620902539282e-09
-3.2730165244743148e-09
-1.4851461394016496e-08
-9.078652496441464e-08
-5.161862048908006e-08
3.892282052220253e-09
-1.3322676295501878e-15
-3.8026526372192393e-13
6.5503158452884236e-15
-1.6431300764452317e-14
1.7763568394002505e-15
0.0
-6.150635556423367e-14
-2.531308496145357e-14
4.107825191113079e-15
-7.628275255910921e-08
1.3208546079113148e-07
-4.722862456674193e-08
-4.197110214931854e-09
-5.6723346020248755e-09
-8.729218681224893e-09
-4.299790745676546e-08
-2.4922320207565463e-08
1.1855206594191259e-08
1.6653345369377348e-14
3.4218461397728106e-13
-3.3306690738754696e-16
-5.329070518200751e-15
5.551115123125783e-16
-8.881784197001252e-16
1.1102230246251565e-15
-1.3322676295501878e-15
-3.191891195797325e-16
-6.424238563340623e-08
1.608522772755805e-07
-2.850063296477856e-08
-7.82818077027514e-09
-6.370763472318686e-09
-8.999425871181188e-09
-2.0395042099607963e-08
-1.2692160211713599e-08
1.7612549640944053e-08
-2.7533531010703882e-14
-1.7486012637846216e-15
2.220446049250313e-16
-4.440892098500626e-16
-3.9968028886505635e-15
8.881784197001252e-16
-8.881784197001252e-16
0.0
8.881784197001252e-16
-8.869407430722731e-08
1.7573654531588545e-07
-4.509690398890598e-08
-1.2858917486369139e-08
-4.836277156528013e-09
-2.9144338054010177e-09
-3.201947507136538e-08
-2.0327128424924013e-08
2.0178518411739788e-08
2.9976021664879227e-14
-8.187894806610529e-16
-2.498001805406602e-16
0.0
1.3322676295501878e-15
-1.7763568394002505e-15
4.440892098500626e-16
1.5543122344752192e-15
-9.992007221626409e-16
-1.6621402920691253e-07
2.2864317728021885e-07
-1.2149202355260513e-07
-5.3426564505798524e-08
-3.2432298624485156e-08
1.5287744403735815e-09
-6.793460016751851e-08
-4.167501543861363e-08
1.9940017637054552e-08
-1.509903313490213e-14
1.7763568394002505e-14
-5.284661597215745e-14
-3.863576125695545e-14
3.108624468950438e-14
1.199040866595169e-14
-1.7985612998927536e-14
5.551115123125783e-14
-1.346700528870315e-13
-8.742857176002872e-07
1.0559487932937373e-06
-7.441818086206808e-07
-6.274299444442022e-07
-4.903479222662099e-07
-7.452564343424228e-08
-1.167731831230867e-07
-6.966292609433822e-08
1.6893267229534104e-08
-9.103828801926284e-15
5.9119376061289586e-15
-2.7755575615628914e-17
0.0
-2.220446049250313e-15
-4.440892098500626e-16
-2.220446049250313e-16
1.7541523789077473e-14
3.774758283725532e-15
-3.6395660529819907e-07
2.9107466659183956e-07
-2.932023206447809e-07
-3.689916994176201e-08
-2.9810522939044404e-08
3.116131130909139e-09
-2.559409253422018e-07
-1.461140968217478e-07
-5.872351493962924e-10
-2.220446049250313e-16
-3.0253577421035516e-15
2.220446049250313e-16
-1.5265566588595902e-15
4.440892098500626e-15
2.220446049250313e-16
2.220446049250313e-16
0.0
-4.440892098500626e-16
-2.9936875733937995e-07
3.0112801141513046e-09
-2.1685712781049915e-07
8.916041238649086e-08
7.614635588737427e-08
1.8682171143424853e-08
-3.0646031135006524e-07
-1.717593818284513e-07
-6.207272917890805e-09
5.995204332975845e-15
2.0539125955565396e-15
5.551115123125783e-17
-6.661338147750939e-16
-4.440892098500626e-15
2.220446049250313e-16
0.0
-1.7763568394002505e-15
0.0
-1.6168099818969495e-06
5.349075991034624e-07
-1.3876057920469975e-06
-5.2247663973048475e-09
-9.829559388663256e-09
1.1836699009837304e-08
-1.3823442301941215e-06
-7.838408109250851e-07
-1.414860264503659e-07
-1.4210854715202004e-14
6.855627177060342e-15
4.8128168117500536e-14
6.217248937900877e-15
-8.881784197001252e-16
4.440892098500626e-16
9.103828801926284e-15
-4.3076653355456074e-14
-2.220446049250313e-14
-2.696424417081289e-09
-5.0364860726404004e-08
-1.0399885397305297e-08
-2.6798421259854877e-09
2.295866607937569e-09
5.984566453509643e-09
-8.264002815394633e-09
-4.624766347660625e-09
-2.738902438181867e-10
6.217248937900877e-15
2.498001805406602e-16
-2.7755575615628914e-17
2.1760371282653068e-14
8.881784197001252e-15
0.0
1.942890293094024e-16
3.3306690738754696e-16
-1.6653345369377348e-15
-1.810016692971317e-06
1.7835803873822442e-06
-1.6004712577455393e-06
-2.794156017671412e-10
-1.260131554658983e-09
4.879613157982021e-09
-1.6003426530630804e-06
-8.968598106395832e-07
8.034950038648958e-09
1.4432899320127035e-14
6.661338147750939e-16
-1.7763568394002505e-15
4.440892098500626e-16
4.440892098500626e-15
2.220446049250313e-16
-2.2176704916887502e-14
-3.3029134982598407e-15
6.439293542825908e-15
8.187423540562122e-05
-8.25016627459263e-05
7.09459156276182e-05
-2.1796253690808953e-09
-3.8821266201694016e-09
6.674187869037951e-09
7.094906572913118e-05
3.898534947721632e-05
-1.948171538534993e-06
4.529709940470639e-14
9.992007221626409e-16
-1.0880185641326534e-14
-6.661338147750939e-16
-1.7763568394002505e-15
0.0
-7.549516567451064e-15
8.881784197001252e-15
-2.7755575615628914e-14
4.254461721586722e-05
8.164934172327776e-06
3.514002729332333e-05
3.4355860378809666e-09
2.729700909753774e-09
1.7659576023731915e-09
3.5136272418689884e-05
1.969478759011878e-05
6.144859753476339e-06
-6.994405055138486e-14
-3.552713678800501e-15
0.0
2.220446049250313e-16
2.220446049250313e-16
2.220446049250313e-16
-4.440892098500626e-16
1.7763568394002505e-15
-1.1102230246251565e-16
5.489520447099494e-06
3.4192339626315515e-08
4.58098931233053e-06
1.6814277969956493e-08
1.2595703147155746e-08
-3.257187852767629e-09
4.564263385020695e-06
2.56067846571284e-06
7.088276703370865e-07
-3.019806626980426e-14
4.135580766728708e-15
5.551115123125783e-17
6.106226635438361e-16
-1.1102230246251565e-16
0.0
4.440892098500626e-16
-1.3322676295501878e-15
0.0
1.1836624196348566e-06
-1.3483065686159534e-07
9.924483386214433e-07
-1.7962924481196294e-09
-1.7241417182845e-09
-1.0331549171738175e-08
9.944135825890044e-07
5.616718148360178e-07
1.4696226457999726e-07
3.1530333899354446e-14
-1.1962653090336062e-14
7.216449660063518e-15
1.1601830607332886e-14
-3.6637359812630166e-15
-2.1760371282653068e-14
7.593925488436071e-14
-2.877698079828406e-13
1.4566126083082054e-13
1.2178354324987595e-06
-2.0690583824034547e-07
1.0122542377644095e-06
8.846984922428192e-09
6.785484174542944e-09
-1.6659034818289342e-08
1.00397064528579e-06
5.698262448561309e-07
1.6828261095724883e-07
-5.284661597215745e-14
4.1537953632264646e-15
7.216449660063518e-16
-1.5543122344752192e-15
-2.6645352591003757e-15
2.220446049250313e-16
0.0
0.0
-1.942890293094024e-16
-2.4335757586868567e-06
3.9763017412042245e-07
-1.7100511939815988e-06
-2.05303193112627e-06
-1.1882753181424734e-06
-1.2424482775941215e-07
3.402041173217185e-07
2.3429161188914802e-07
3.9878874424914557e-08
4.418687638008123e-14
-5.880712583561376e-15
-5.551115123125783e-17
9.43689570931383e-16
4.440892098500626e-16
0.0
-8.471001677889944e-14
-4.3076653355456074e-14
-1.0036416142611415e-13
9.903590907356374e-07
4.1977430953465955e-07
8.578751078403002e-07
4.648078899549546e-07
2.567133385866782e-07
6.40005310970082e-08
3.9335413060115343e-07
2.3262819581759686e-07
1.0743621103870282e-07
4.884981308350689e-14
5.946632075648495e-15
1.1102230246251565e-16
-1.9984014443252818e-15
0.0
0.0
-4.440892098500626e-16
8.881784197001252e-16
-8.881784197001252e-16
-7.46922239613923e-08
8.992000744001416e-08
-4.079032045467556e-08
-3.9718855759929284e-08
-2.8132352447585163e-08
-6.464659918492543e-09
-1.0113367920894234e-09
2.2392043774743797e-10
1.9861845501623066e-10
-1.9761969838327786e-14
-1.186550857568136e-15
-2.7755575615628914e-16
1.7763568394002505e-15
2.886579864025407e-15
0.0
-4.440892098500626e-16
-1.7763568394002505e-15
-2.6645352591003757e-15
-2.865074577584892e-07
5.506059608251235e-08
-2.3479642408119616e-07
-2.3574867213937978e-07
-1.4314415652805224e-07
-4.672307341024862e-08
9.765308561782149e-10
-1.7972001664645632e-10
1.8583118377435426e-10
4.884981308350689e-15
-1.6514567491299204e-15
1.4460654895742664e-14
-6.661338147750939e-16
-1.8185453143360064e-13
-1.4432899320127035e-14
1.4566126083082054e-13
-3.623767952376511e-13
8.171241461241152e-14
-2.727374948108263e-07
2.7494380105963504e-08
-2.3485099909237306e-07
-2.3938002691181737e-07
-1.4531353365043742e-07
-4.7135515046647924e-08
4.810218001694011e-09
1.2141274652321954e-09
1.2562617612843496e-10
1.0658141036401503e-14
-1.14436238263238e-13
8.250344851745695e-15
2.220446049250313e-16
1.1657341758564144e-15
0.0
-2.042810365310288e-14
2.1316282072803006e-14
-2.90878432451791e-14
-2.8398710583132925e-07
1.571456209603639e-08
-2.3986459218861e-07
-2.414688442531343e-07
-1.4299415163065984e-07
-3.521007840845414e-08
1.7409007568858213e-09
9.071232653923289e-11
-1.2741052657361251e-10
-2.3092638912203256e-14
0.0
1.3877787807814457e-16
-2.220446049250313e-16
-5.551115123125783e-17
-5.551115123125783e-16
8.881784197001252e-16
8.881784197001252e-16
5.551115123125783e-16
-3.1923667620503693e-07
2.81360783560558e-08
-2.5805908876463945e-07
-2.543480164263201e-07
-1.477558946305635e-07
-2.812511468164303e-08
-3.6466625275011207e-09
-1.4278800364309063e-09
-7.699918480597034e-10
-4.6407322429331543e-14
3.191891195797325e-15
-1.3877787807814457e-16
0.0
1.2212453270876722e-15
1.1102230246251565e-15
0.0
8.43769498715119e-15
2.220446049250313e-16
-2.8411565722308296e-07
6.973949950861424e-08
-2.2973738733611524e-07
-2.300246837450004e-07
-1.32613717340746e-07
-2.6649118467503282e-08
3.369988732515594e-10
-1.1610401529082992e-09
-6.772813421207502e-10
2.9531932455029164e-14
9.738043704743404e-14
-1.2434497875801753e-14
-3.1530333899354446e-14
-3.097522238704187e-14
1.386113446244508e-13
2.6201263381153694e-14
6.186717804723685e-14
1.0818013151947525e-12
-1.8862802164676395e-07
1.029277996167366e-07
-1.4588632524237255e-07
-1.4393109637467205e-07
-8.304129295311213e-08
-7.684725744638854e-09
-1.6354380072414187e-09
-7.1206907037435485e-09
-9.469629524971879e-10
3.752553823233029e-14
-3.400058012914542e-15
-5.551115123125783e-17
-4.440892098500626e-16
-2.6645352591003757e-15
1.8041124150158794e-16
5.10702591327572e-15
-4.440892098500626e-15
-4.440892098500626e-16
8.112923444159037e-09
1.0632108171648724e-07
1.5475668746489646e-08
7.596971940415642e-09
5.361348698329493e-09
1.423764217634016e-08
7.159554948898973e-09
-6.359421433899115e-09
-6.404415886507309e-10
-4.873879078104437e-14
1.3322676295501878e-15
0.0
0.0
1.5543122344752192e-15
-5.551115123125783e-16
5.10702591327572e-15
-8.881784197001252e-16
3.1086244689504383e-15
8.547827334837166e-08
1.0157853580494702e-07
8.719856481320676e-08
8.840713228153163e-08
5.353216803172245e-08
2.613752059232866e-08
-3.0847893128793658e-09
-9.910441356453248e-09
-7.924058076369533e-10
1.8207657603852567e-14
-1.9845236565174673e-15
0.0
0.0
-2.886579864025407e-15
2.275957200481571e-15
0.0
4.440892098500626e-15
-3.1086244689504383e-15
1.0353039314736634e-07
8.996928357873912e-08
9.52920169439153e-08
1.0399207317490777e-07
6.523596951524269e-08
2.6114861384485266e-08
-9.870631423325449e-09
-6.649065298347523e-09
-4.2688563794968104e-10
-2.0539125955565396e-14
3.688022109926692e-15
1.1102230246251565e-16
2.220446049250313e-16
0.0
1.1102230246251565e-15
-2.6645352591003757e-15
8.881784197001252e-16
-4.440892098500626e-16
1.2018701767146922e-07
3.038640272734483e-08
9.573050174793707e-08
1.1750668882370974e-07
7.572830584834378e-08
2.867277260065748e-08
-2.298561163627255e-08
-3.175627760754196e-09
-2.9373115051356535e-10
1.6542323066914832e-14
-1.64625257870199e-15
-3.3306690738754696e-16
-2.220446049250313e-16
-8.881784197001252e-16
-3.26405569239796e-14
1.9984014443252818e-15
-7.993605777301127e-15
1.7763568394002505e-15
9.483338914151318e-08
-5.145645332049753e-08
5.438141847946553e-08
8.052263700264461e-08
5.4455117748375415e-08
2.413752753227527e-08
-2.7629257104422322e-08
9.928369237854895e-10
4.4349346417504876e-10
1.1324274851176597e-14
-2.329733628236852e-15
1.1102230246251565e-16
5.551115123125783e-16
-5.551115123125783e-16
4.0745185003743245e-14
1.4988010832439613e-15
3.552713678800501e-15
0.0
1.0651161375108131e-07
-3.567698314554946e-08
6.372173366742118e-08
6.430887034003518e-08
4.211951409871517e-08
2.4514470453596e-08
-2.3013493333223778e-09
3.8724693451897e-09
1.2724282738574288e-09
-1.1102230246251565e-14
8.104628079763643e-15
0.0
0.0
-1.27675647831893e-15
2.398081733190338e-14
-4.010680676458378e-15
-3.552713678800501e-15
0.0
9.296234537714554e-08
4.736153869089321e-08
6.951751352346491e-08
5.037467820656616e-08
3.1217776808034614e-08
2.540406995876765e-08
1.6856560591804737e-08
3.934350623069349e-10
9.33927102320098e-10
1.5543122344752192e-15
-7.951972413877684e-15
4.440892098500626e-16
2.220446049250313e-16
3.608224830031759e-15
-3.3306690738754696e-16
3.1086244689504383e-15
4.440892098500626e-15
-4.440892098500626e-16
6.4032775526357e-08
-1.5305900546991325e-08
3.049795349596707e-08
8.655954175651459e-09
5.6197411169023326e-09
1.991366360698521e-08
2.0191525784696296e-08
1.2652596304008057e-08
2.223913608823125e-09
-8.881784197001252e-16
6.564193633096238e-15
-8.604228440844963e-16
8.881784197001252e-16
-2.8727020762175925e-15
1.1102230246251565e-16
8.881784197001252e-16
0.0
4.440892098500626e-16
1.4743108067705181e-08
-1.400448326194237e-07
-3.998211148270592e-08
-6.324849710637181e-08
-3.6258487767781844e-08
6.783899664242199e-09
2.404237164910228e-08
2.677465715805738e-08
3.7059709745435043e-09
-1.5765166949677223e-14
-3.6914915568786455e-15
3.469446951953614e-16
-6.661338147750939e-16
9.992007221626409e-16
-2.220446049250313e-16
-2.886579864025407e-15
-2.220446049250313e-15
-7.771561172376096e-16
-9.17889053653198e-08
-6.247583428375947e-08
-1.1998293025783369e-07
-1.5580468559761584e-07
-8.833428921661834e-08
-4.85817253093046e-09
3.762013633945571e-08
3.008891269473679e-08
6.0741369711792e-09
-1.7763568394002505e-15
-2.220446049250313e-16
2.914335439641036e-16
-3.885780586188048e-16
-1.9984014443252818e-15
0.0
3.6637359812630166e-15
8.881784197001252e-16
3.608224830031759e-16
-9.160230263205449e-08
8.777253412972641e-08
-1.053237337345081e-07
-1.5576581979814819e-07
-8.766767739532e-08
1.4078693766350625e-09
5.2104550007925354e-08
3.526588088220706e-08
1.000421900876347e-08
4.04121180963557e-14
3.4416913763379853e-15
0.0
4.440892098500626e-16
3.1086244689504383e-15
0.0
-3.3306690738754696e-15
4.440892098500626e-16
0.0
1.8594094797208527e-07
2.7677630498601507e-07
7.594395867727144e-08
-3.800860781666415e-08
-2.4277735377609133e-08
3.408395343740267e-08
1.1734523397421981e-07
7.769313725702887e-08
2.3568530016504496e-08
-3.68594044175552e-14
2.220446049250313e-16
-4.440892098500626e-16
0.0
-1.3322676295501878e-15
0.0
1.1102230246251565e-15
-1.1102230246251565e-15
-4.440892098500626e-16
6.454847323311697e-07
1.1668797128550067e-07
3.76130454782242e-07
8.199116052765022e-08
3.8562909310257965e-08
7.566134030412286e-08
2.969415007214593e-07
2.079966403556455e-07
5.971583072472697e-08
1.4210854715202004e-14
-2.9976021664879227e-15
1.6653345369377348e-16
-5.218048215738236e-14
-2.4424906541753444e-14
2.6645352591003757e-15
1.124100812432971e-15
0.0
0.0
5.2113415875965075e-06
8.249648431046808e-07
4.290460928757511e-06
3.175079470452147e-07
1.567785261613608e-07
1.2220086631486993e-07
3.974662476480262e-06
2.3261177375388797e-06
4.902454904254228e-07
1.887379141862766e-14
1.9290125052862095e-15
1.3877787807814457e-16
3.3306690738754696e-16
-1.7763568394002505e-15
0.0
-2.1701390684469857e-15
1.3322676295501878e-15
0.0
4.959810269156151e-07
1.4082706911722198e-07
2.884968210992156e-07
1.9473383972012928e-07
8.255622674369079e-08
5.3721859849531484e-08
9.528390876312187e-08
7.102656596202905e-08
-2.0144824475210044e-08
-4.796163466380676e-14
7.875644580934704e-16
-1.1102230246251565e-16
-4.440892098500626e-16
-8.881784197001252e-16
-1.7763568394002505e-15
1.7030821197749901e-13
4.196643033083092e-14
-1.8895995879120164e-13
-5.307983315105957e-07
-2.0411954437804525e-07
-4.235605075564308e-07
-2.4490773853358405e-09
4.773070827468473e-11
-5.026250371464869e-08
-4.2053729032431875e-07
-2.2822954015566663e-07
-7.908768395736843e-08
3.774758283725532e-14
-1.239286451237831e-14
-3.758104938356155e-14
1.1235457009206584e-13
3.6415315207705135e-14
-8.881784197001252e-16
-6.661338147750939e-16
-1.0658141036401503e-13
1.2656542480726785e-13
-2.6793739777986048e-06
1.9368894754734356e-07
-2.130250983611859e-06
-1.9960175734468066e-09
4.1696412989011833e-10
-4.550758392340981e-08
-2.1284249953623657e-06
-1.2341840900376155e-06
-2.5199464914749115e-07
-2.4202861936828413e-14
2.706168622523819e-15
-3.3306690738754696e-16
4.440892098500626e-16
-8.881784197001252e-16
-2.220446049250313e-16
8.881784197001252e-16
-1.3877787807814457e-15
4.440892098500626e-16
-6.667120146630623e-06
1.3898770774289915e-06
-5.2237067862392905e-06
-7.339853169696653e-10
1.3885648186828803e-10
-2.9324425665500087e-08
-5.222356612932799e-06
-3.0365079819461016e-06
-4.788523071397321e-07
1.5765166949677223e-14
1.5237811012980274e-14
-1.6778245459647678e-14
4.440892098500626e-16
6.217248937900877e-15
-3.3306690738754696e-16
-6.905587213168474e-14
0.0
-4.440892098500626e-16
-2.8241540640294716e-05
4.808024499425301e-06
-2.263965711790661e-05
1.1576783975897342e-10
-1.3556338274156587e-09
-2.3161748075040123e-08
-2.263912615418917e-05
-1.335629287524398e-05
-2.4743421391804077e-06
-3.2862601528904634e-14
-2.914335439641036e-16
0.0
0.0
-8.43769498715119e-15
2.4980018054066022e-15
1.3322676295501878e-15
1.7763568394002505e-15
-1.3322676295501878e-15
5.1511979997087565e-06
-5.247692797638592e-06
4.236103954724513e-06
3.405027371172764e-09
-1.8296049120181124e-09
-2.06226504761986e-08
4.2311017125484796e-06
2.969429388599565e-06
7.083217727910096e-07
1.2212453270876722e-14
-1.4988010832439613e-15
4.996003610813204e-16
0.0
-4.440892098500626e-15
-8.881784197001252e-16
2.4424906541753444e-15
-2.220446049250313e-15
2.4424906541753444e-15
-1.7882382678635622e-05
4.8171290529808175e-06
-1.4975305049347298e-05
1.4688943394958187e-09
-4.71413841296453e-09
-1.4937694414740577e-08
-1.4985539376510815e-05
-9.042043565443691e-06
-1.8824465080058419e-06
-1.3322676295501878e-14
-9.506284648352903e-16
-3.5763059180737855e-14
0.0
7.993605777301127e-15
-1.3322676295501878e-15
1.1324274851176597e-14
-1.1546319456101628e-14
8.104628079763643e-14
-2.669520497988742e-06
-8.041556327498255e-07
-2.0845341950348484e-06
-5.538662861681588e-09
-2.1390782478647452e-09
-5.093838018055408e-09
-2.0706622194666124e-06
-1.0938422576600715e-06
-2.3027950390996918e-07
4.5075054799781356e-14
-2.192690473634684e-15
2.7755575615628914e-17
2.220446049250313e-15
-5.551115123125783e-16
1.3322676295501878e-15
-1.3322676295501878e-15
-2.220446049250313e-15
-7.771561172376096e-16
-3.597520787934627e-07
-1.0387338988948615e-07
-2.0145588308650986e-07
-4.0905803189161816e-09
3.37770256209069e-10
-4.566472200373539e-09
-1.8981446459065412e-07
-1.133495786120875e-07
-3.4854116703897375e-08
-4.241051954068098e-14
2.275957200481571e-15
2.220446049250313e-16
-2.4424906541753444e-15
7.549516567451064e-15
-8.881784197001252e-16
1.3322676295501878e-15
-1.7763568394002505e-15
-1.942890293094024e-16
2.529312723709154e-07
2.473485380960483e-07
2.901042286396205e-07
-5.747118336785206e-10
1.9170647291844034e-09
-4.706883438565512e-09
2.9312364091538257e-07
1.312309994006e-07
2.6875106584611785e-08
-6.994405055138486e-14
2.3425705819590803e-14
1.0935696792557792e-13
-9.214851104388799e-14
-1.687538997430238e-14
-1.4699352846037073e-13
-4.7406523151494184e-14
3.2862601528904634e-14
-7.549516567451064e-14
2.7055315854340733e-07
1.4939701031835284e-08
2.8427886888948706e-07
-2.3607711341355753e-08
-1.7239836225257932e-08
1.3742962323703978e-09
3.074418302162485e-07
1.5489403892843256e-07
3.1077973972060136e-08
7.105427357601002e-15
6.661338147750939e-16
0.0
1.3156142841808105e-14
-3.552713678800501e-15
-1.4654943925052066e-14
4.440892098500626e-16
2.220446049250313e-16
8.881784197001252e-16
-4.0118858635196375e-07
1.677789516207895e-07
-2.7116492162804207e-07
-2.470880247074092e-07
-1.9440986553931339e-07
-1.9456454447563942e-08
-2.4008581789303207e-08
-2.94060118477546e-08
-2.992686631841934e-08
1.709743457922741e-14
-1.4432899320127035e-15
0.0
4.163336342344337e-16
-1.7763568394002505e-15
1.9984014443252818e-14
-4.996003610813204e-16
0.0
-2.220446049250313e-16
5.473928865740163e-07
-8.63031740294673e-07
4.742007675417881e-07
3.630983753666328e-07
2.866267090340102e-07
4.6703585887541976e-08
1.1034090618977643e-07
5.2271857953201106e-08
-3.6893325727760384e-08
4.241051954068098e-14
-3.920475055707584e-15
2.7755575615628914e-17
-7.771561172376096e-16
3.552713678800501e-15
-1.2656542480726785e-14
-4.440892098500626e-16
0.0
4.440892098500626e-16
1.4725307231344686e-06
-1.3796927760267863e-06
1.0206562990333623e-06
1.0157341057137614e-06
7.601168476867314e-07
6.931040785751463e-08
3.4956428862642497e-09
9.77898650944553e-10
-9.891643060200295e-11
5.551115123125783e-14
1.0824674490095276e-15
6.938893903907228e-18
-5.551115123125783e-16
-2.6645352591003757e-15
0.0
-1.1102230246251565e-16
8.881784197001252e-16
-4.996003610813204e-16
8.847415955415272e-08
-4.8918991524260485e-08
6.460847146172455e-08
7.250514855172696e-09
6.227050874940687e-09
1.2049829356541863e-08
5.7608069425896247e-08
3.562146355662321e-08
7.549877167889463e-09
-3.019806626980426e-13
1.9984014443252818e-15
-1.3877787807814457e-17
5.551115123125783e-16
1.7763568394002505e-15
0.0
5.551115123125783e-17
-3.3306690738754696e-16
-5.551115123125783e-17
6.109648971630577e-06
-6.2227575767792595e-06
6.032951112899809e-06
-2.8971705035019113e-09
-5.4974742536018084e-09
8.99668933795894e-09
6.035505964785415e-06
3.753327399103057e-06
9.284978927937004e-07
2.871036741680655e-13
-6.106226635438361e-16
0.0
6.661338147750939e-16
8.881784197001252e-16
0.0
4.440892098500626e-16
-2.220446049250313e-16
6.661338147750939e-16
-1.214304596430793e-06
1.052358392428232e-06
-1.1428766271137647e-06
4.3788972448055574e-11
5.05930763949891e-09
1.0360178159807276e-08
-1.1567300859383067e-06
-6.886826646734789e-07
-9.737741546445022e-08
-3.219646771412954e-14
1.3600232051658168e-15
0.0
-2.220446049250313e-16
0.0
-2.220446049250313e-16
-4.440892098500626e-16
7.91033905045424e-16
-4.440892098500626e-16
-3.0608075007876323e-07
2.996749799422105e-07
-3.0568396258701114e-07
1.1904072616530925e-08
8.286647812383308e-09
7.245949174006227e-09
-3.151048550975588e-07
-1.7737253754646076e-07
-1.774311897406733e-08
-6.661338147750939e-16
-1.5543122344752192e-15
0.0
-1.4988010832439613e-15
8.881784197001252e-16
0.0
2.7755575615628914e-16
8.881784197001252e-16
-8.881784197001252e-16
-5.110687233411683e-07
8.183859563359874e-07
-2.92884402952609e-07
-2.3756962264087633e-07
-1.74517941431418e-07
-4.44436920599145e-08
-5.8472611641491306e-08
-2.7842251171250613e-08
2.4683942001502146e-08
-1.787459069646502e-13
-3.3764657736412573e-14
-2.55351295663786e-14
-2.6173507805538065e-14
3.322342401190781e-13
7.566169912820442e-14
3.752553823233029e-14
-6.261657858885883e-14
-2.6867397195928788e-14
-3.775585362575384e-06
4.128532140157404e-06
-2.415824106094533e-06
-2.410361350513312e-06
-1.6856752473870529e-06
-5.211490723411316e-07
-2.9824498426478385e-09
1.7525947360041982e-09
3.669033787900843e-08
-3.930189507173054e-14
-8.854028621385623e-15
-6.794564910705958e-14
-1.5543122344752192e-15
1.1102230246251565e-16
2.220446049250313e-16
-9.536815781530095e-14
8.881784197001252e-15
-1.6542323066914832e-14
-7.104556143833207e-06
7.087989189358268e-06
-4.6621927012324704e-06
-4.755413357315774e-06
-3.2805723719775415e-06
-1.0492378699211713e-06
1.0390284899131075e-07
5.8853252937751677e-08
3.937370252060645e-08
1.156852391659413e-13
-1.3322676295501878e-15
-1.1102230246251565e-16
1.1102230246251565e-15
1.5543122344752192e-15
2.220446049250313e-16
-3.3306690738754696e-16
4.440892098500626e-16
-3.3306690738754696e-16
-1.7222012634321437e-05
1.830906899868978e-05
-1.1260158721881908e-05
-1.1435775363111134e-05
-8.123874484233795e-06
-2.529855422039873e-06
1.7611582947552051e-07
9.647524024103404e-08
4.6461963165711495e-08
-1.9539925233402755e-14
-4.305583667374435e-15
1.1102230246251565e-16
-4.440892098500626e-16
0.0
0.0
0.0
-8.881784197001252e-16
0.0
8.10548152969659e-05
1.1742369252942808e-05
6.753517720170521e-05
6.766901029386929e-05
3.831077078420009e-05
6.789278104601949e-06
-1.3552595135024603e-07
-7.961785541965583e-08
-2.745395022429875e-10
6.59472476627343e-14
2.3703261575747092e-14
1.0505485370515544e-13
8.171241461241152e-14
-1.687538997430238e-13
2.443184543565735e-13
2.1538326677728037e-14
-1.2878587085651816e-14
1.5276668818842154e-12
-1.452705618021355e-06
1.0463378430358716e-06
-1.0801396475024205e-06
-1.2446811664679203e-06
-7.868897693441568e-07
-1.0866733290981755e-07
1.71944144256031e-07
8.90470843728508e-08
4.816349985503621e-08
-4.9960036108132044e-14
2.4424906541753444e-15
5.551115123125783e-17
-1.1657341758564144e-15
-4.440892098500626e-16
3.3306690738754696e-16
6.423750420481156e-13
3.1086244689504383e-15
0.0
3.635684038272302e-07
6.600481583518558e-07
4.572306835370909e-07
1.4983344187591285e-07
8.010843899342035e-08
8.707518617256937e-08
2.9739739737522086e-07
1.6886068010535382e-07
6.147742226403352e-08
-1.3322676295501878e-14
-2.275957200481571e-15
-2.220446049250313e-16
-1.9984014443252818e-15
4.163336342344337e-15
4.496403249731884e-15
-1.1652900866465643e-12
-2.6645352591003757e-15
0.0
6.093986044675148e-07
5.630661803479597e-07
6.27893768978538e-07
6.125207789864362e-07
3.7442755740357825e-07
1.4754878918665781e-07
1.5528684116361546e-08
1.0344923140337414e-08
2.2037890401449545e-09
-1.2878587085651816e-14
-4.690692279041286e-15
2.220446049250313e-16
8.881784197001252e-16
-1.2989609388114332e-14
-9.992007221626409e-16
0.0
0.0
-8.881784197001252e-16
9.579245343616094e-07
5.339032327356108e-07
8.788302423567984e-07
8.727389086971015e-07
5.268145066850138e-07
1.6146453418741658e-07
5.9641696026346835e-09
2.2634261132026268e-09
4.474496953510432e-10
-1.4876988529977098e-14
5.717648576819556e-15
-1.0408340855860843e-16
-6.661338147750939e-16
1.3322676295501878e-15
0.0
0.0
-1.7763568394002505e-15
8.881784197001252e-16
1.0853127321297507e-06
1.775708540208143e-07
9.049595277588196e-07
9.038147616990954e-07
5.589655880378075e-07
1.2593771714364266e-07
1.0295586605479912e-09
-6.12021600066015e-10
-4.524780550241303e-10
-6.217248937900877e-15
-1.0269562977782698e-15
-5.342948306008566e-16
8.881784197001252e-16
2.4424906541753444e-15
-2.3314683517128287e-15
-1.3322676295501878e-15
1.0302869668521453e-13
2.220446049250313e-15
5.338908408702991e-07
-2.1597895738523218e-07
3.8920235567729833e-07
3.9307990729042785e-07
2.654683441960515e-07
1.9085014457687066e-08
-4.748338611193503e-09
-2.09632444736485e-09
-7.849216832056527e-10
4.707345624410664e-14
-3.0531133177191805e-16
3.469446951953614e-17
-8.881784197001252e-16
-1.3322676295501878e-15
2.6645352591003757e-15
3.552713678800501e-15
-7.638334409421077e-14
-2.220446049250313e-16
-1.7272365937515133e-07
-3.623260482754631e-07
-2.3157451956024033e-07
-2.3153197403757986e-07
-9.873577022645463e-08
-7.586990591335052e-08
-1.4170478124242434e-09
-2.4752633276392544e-10
-1.7956136577623738e-10
4.9960036108132044e-14
2.5743296383495817e-15
-8.326672684688674e-16
-9.769962616701378e-15
1.199040866595169e-14
-7.549516567451064e-15
3.375077994860476e-14
3.375077994860476e-14
-4.898581540402347e-13
-3.68354733382148e-08
-2.894527426633431e-07
-8.950738106250355e-08
-8.812581597794633e-08
-2.59884629372209e-08
-3.75965925059063e-08
-1.6813075376376219e-09
-4.76733319487721e-10
-3.836266859735815e-10
1.2545520178264269e-14
-3.3306690738754696e-15
1.1102230246251565e-16
0.0
1.7763568394002505e-15
8.881784197001252e-16
1.3322676295501878e-15
-4.884981308350689e-15
7.993605777301127e-15
2.8769488835678203e-07
-2.810064358982345e-07
1.8709744153966312e-07
1.9196832568013633e-07
1.226981964919105e-07
-3.175165907975952e-08
-5.6692925909374026e-09
-2.836554102714217e-09
-7.435723148319084e-10
-5.595524044110789e-14
-1.6653345369377348e-16
-1.1102230246251565e-16
-2.6645352591003757e-15
-1.7763568394002505e-15
-1.3322676295501878e-15
-1.7763568394002505e-15
-3.552713678800501e-15
1.8762769116165146e-14
-8.338895529647061e-08
-1.2345984146122646e-07
-8.992680022856803e-08
-9.274369006107008e-08
-4.1387750115973176e-08
-1.4808342996275316e-08
2.72478106744245e-09
2.4854784896888305e-10
2.8866820045436725e-10
-4.418687638008123e-14
5.245803791353865e-15
1.1102230246251565e-16
2.220446049250313e-16
2.220446049250313e-15
2.220446049250313e-16
2.220446049250313e-15
-1.354472090042691e-14
-2.942091015256665e-14
-5.30167056922437e-08
-8.0109117561733e-08
-4.7233938538226994e-08
-4.3085059076020116e-08
-1.931036575086864e-08
-1.5925749607959008e-09
-4.608494919011719e-09
-3.4920528690918218e-09
-9.260211486505909e-10
1.1712852909795402e-13
-4.801714581503802e-15
-5.551115123125783e-17
-1.7763568394002505e-14
-1.7763568394002505e-15
1.9761969838327786e-14
-1.5543122344752192e-15
4.849454171562684e-13
1.7763568394002505e-15
-6.607903202393572e-08
-2.3657824144152073e-08
-5.358232235685989e-08
-4.9590404671562276e-08
-2.6954865006700857e-08
1.0714842346715159e-09
-4.287883825782046e-09
-3.897898892546436e-09
-7.965152981626034e-10
-1.199040866595169e-14
-9.853229343548264e-16
0.0
-1.9984014443252818e-15
0.0
2.220446049250313e-16
-6.661338147750939e-16
3.9968028886505635e-15
-3.1086244689504383e-15
-5.1457210048511115e-08
-1.0364818336938697e-08
-4.6621492444387513e-08
-4.275846876566902e-08
-2.3726897779852152e-08
1.3499885653800447e-09
-3.4061038434174407e-09
-3.726533748249494e-09
-5.166249650301324e-10
-4.0745185003743245e-14
1.2906342661267445e-15
0.0
0.0
7.771561172376096e-16
-6.661338147750939e-16
-4.440892098500626e-16
-7.105427357601002e-15
-8.881784197001252e-16
-2.4805949294659513e-08
-2.4178721247380963e-08
-3.4320202679793965e-08
-2.041391766738343e-08
-1.1698858770614606e-08
4.618144089363341e-09
-1.40278189064702e-08
-6.163383137192113e-09
-1.4386074553840444e-09
-1.0325074129013956e-14
1.2073675392798577e-15
0.0
0.0
-4.440892098500626e-16
0.0
0.0
6.217248937900877e-15
1.3322676295501878e-15
-9.446642046384568e-08
7.561828496704948e-08
-9.434648307049542e-08
9.891769181535892e-09
5.163236949101702e-09
1.0135906336472544e-08
-1.0419504015146686e-07
-7.18573971436598e-08
-1.0614166545686032e-08
-2.3869795029440866e-14
-3.3931191190106347e-15
-1.1102230246251565e-16
0.0
1.1102230246251565e-15
-2.7755575615628914e-16
-3.552713678800501e-15
-6.217248937900877e-15
8.881784197001252e-16
-5.0912707827421855e-08
9.576435644476078e-08
-3.29132845422464e-08
2.0992429128341428e-08
1.0460851740390353e-08
1.3432014611680643e-08
-5.4131657378775344e-08
-4.496531078035381e-08
-1.9701020814721915e-09
7.993605777301127e-15
7.507883204027621e-15
3.885780586188048e-16
-4.440892098500626e-16
-1.4432899320127035e-15
1.609823385706477e-15
3.885780586188048e-15
0.0
8.881784197001252e-16
6.129922169861857e-08
6.42723207988638e-09
4.200961534195358e-08
3.879026877484648e-08
1.8312071858872514e-08
1.811423544495483e-08
2.9635263132377077e-09
3.835077810876442e-09
9.483459018078122e-10
2.4646951146678475e-14
-7.271960811294775e-15
-3.885780586188048e-16
4.440892098500626e-16
1.0824674490095276e-15
-8.309325449928906e-16
1.6653345369377348e-15
8.881784197001252e-16
-4.440892098500626e-16
5.641046385562731e-08
2.9269779489027314e-08
4.050147417444805e-08
3.8282863101812836e-08
1.532223237177277e-08
1.8211224528386083e-08
2.1763870705626687e-09
1.878680766509433e-09
1.5915088691365042e-10
-2.8199664825478976e-14
2.491062911502695e-15
1.942890293094024e-16
2.220446049250313e-16
1.3183898417423734e-16
1.6653345369377348e-16
-3.3306690738754696e-15
2.6645352591003757e-15
-2.220446049250313e-16
-3.999168995960645e-08
1.2746397715091007e-08
-3.644743351571833e-08
-3.760355227200307e-08
-2.976177881919284e-08
2.688764766389795e-09
1.4506120749047111e-09
9.297460579205108e-10
3.252220992511212e-10
2.886579864025407e-14
3.3306690738754696e-16
-1.9269308371150373e-14
2.220446049250313e-15
2.858824288409778e-15
-1.1657341758564144e-15
7.66053886991358e-15
-1.0658141036401503e-14
4.929390229335695e-14
-6.193185697611625e-08
-2.4229549921983562e-08
-5.21231857675275e-08
-5.513260603606796e-08
-4.2153409651746194e-08
-3.511772206366004e-09
3.238836310259785e-09
2.5187070207266515e-09
8.239708915169786e-10
-1.6431300764452317e-14
-5.1209037010835345e-15
-8.659739592076221e-15
-2.220446049250313e-16
-1.1102230246251565e-15
-3.3306690738754696e-16
1.0658141036401503e-14
3.1086244689504383e-15
-3.3306690738754696e-16
3.0791213134762074e-08
-2.6619417781148513e-08
2.2490613371672907e-08
1.5390485330613046e-08
-4.9240220789670275e-09
8.840245868668717e-09
7.26172988407825e-09
5.38703659458406e-09
1.4531188474720125e-09
-2.4202861936828413e-14
4.891920202254596e-15
1.6653345369377348e-16
8.881784197001252e-16
5.551115123125783e-16
0.0
2.220446049250313e-15
2.6645352591003757e-15
6.938893903907228e-17
-9.154116753506968e-08
-2.4356658911983686e-08
-8.397693229689196e-08
-9.428587655069265e-08
-6.840418720344132e-08
-1.1646179132185353e-08
1.0890707002886302e-08
7.724283435095458e-09
2.2212294226164886e-09
3.352873534367973e-14
-5.504277589274409e-15
1.1102230246251565e-16
2.220446049250313e-16
-1.3322676295501878e-15
6.661338147750939e-16
7.771561172376096e-16
-1.6653345369377348e-16
-2.220446049250313e-16
-3.1323892812906706e-08
-3.0826186048216186e-08
-4.208080639500622e-08
-5.3180670533947705e-08
-5.443609296662544e-08
-3.97054122913687e-09
1.235089541751222e-08
8.824196484624736e-09
2.692360778766556e-09
5.10702591327572e-15
6.6014901878297394e-15
0.0
-5.828670879282072e-16
2.220446049250313e-15
0.0
-3.3306690738754696e-15
-6.661338147750939e-16
0.0
8.156234798661899e-07
1.6024978322093375e-07
6.048028282634732e-07
5.964661902169155e-07
2.5758419663901577e-07
1.4088739419548801e-07
8.325098832528965e-09
5.3866955340708955e-09
1.627041723573086e-09
4.884981308350689e-15
-6.0212251851154974e-15
8.326672684688674e-17
-9.992007221626409e-16
-1.7763568394002505e-15
0.0
3.219646771412954e-15
-1.1102230246251565e-15
-2.220446049250313e-16
2.836223728763798e-06
5.780763743246098e-07
2.1691644001009536e-06
2.166128169278636e-06
1.048700241312872e-06
4.782536180414354e-07
2.325236003741793e-09
1.4954748550621842e-09
3.662270764426268e-10
1.9761969838327786e-14
-6.38378239159465e-16
-5.551115123125783e-17
1.1102230246251565e-15
0.0
0.0
-7.771561172376096e-16
8.881784197001252e-16
-1.3183898417423734e-16
5.641940319378591e-06
1.5311925523064929e-06
4.2338468304592425e-06
4.23112139458226e-06
2.000794914636117e-06
9.16761543123812e-07
1.3332304149571428e-09
8.964144981860045e-10
-2.528781697930249e-10
-5.0182080713057076e-14
3.9968028886505635e-15
1.942890293094024e-16
-9.992007221626409e-16
3.9968028886505635e-15
0.0
1.6653345369377348e-16
8.881784197001252e-16
2.3592239273284576e-16
3.3570781603486925e-06
3.3192685862104554e-06
2.303627177013823e-06
1.8927723033357324e-06
4.7638564382168624e-07
3.824057905887912e-07
4.124170942532146e-07
1.7025221055178008e-07
1.300144134575021e-07
6.661338147750939e-15
-2.7478019859472624e-15
-3.608224830031759e-16
1.3322676295501878e-15
-2.6645352591003757e-15
-8.881784197001252e-16
-8.881784197001252e-16
-1.5543122344752192e-15
0.0
4.69281900450369e-07
4.173671328544515e-07
6.086586168407848e-07
-4.124991903609043e-09
2.1079214818087163e-08
-1.6960770787832757e-08
6.148908724412649e-07
3.14739532214503e-07
1.454780971243963e-07
1.3988810110276972e-14
3.226585665316861e-15
2.7755575615628914e-17
-4.440892098500626e-16
8.881784197001252e-16
2.6645352591003757e-15
0.0
8.881784197001252e-16
0.0
6.154529188506785e-07
2.9409707735794655e-07
5.913004272883881e-07
3.1617677365147756e-09
9.133305667319291e-09
-1.6593655116636796e-08
5.900745492226633e-07
3.175236609198606e-07
1.1605573035922134e-07
-1.199040866595169e-14
-2.7771188126912705e-14
4.6657122609872204e-14
-4.707345624410664e-14
1.5987211554602254e-14
6.661338147750939e-16
2.1094237467877974e-14
-4.4075854077618715e-14
1.8407497748285095e-13
2.773636254005396e-07
1.9143428175993904e-07
2.7273385327930555e-07
1.2206808008841108e-08
4.260399588673636e-09
-1.8332720896907517e-08
2.6273358599837593e-07
1.4087576793997414e-07
6.926997286882397e-08
1.354472090042691e-14
3.536754222821514e-14
-1.5987211554602254e-14
3.1086244689504383e-15
-8.881784197001252e-15
-1.7763568394002505e-15
0.0
1.1657341758564144e-15
-2.042810365310288e-14
-2.383330439670317e-07
1.5039651657389186e-07
-1.5608370595998622e-07
1.34428557174715e-08
1.0579053189019305e-09
-1.5535152941836827e-08
-1.6838701810684142e-07
-9.144034951447111e-08
2.5351297949782747e-08
5.995204332975845e-15
2.5396351688300456e-15
-2.220446049250313e-16
4.440892098500626e-16
6.217248937900877e-15
-3.3306690738754696e-16
-6.661338147750939e-16
-2.1094237467877974e-15
-2.220446049250313e-16
-7.078180459529904e-07
1.8798083800675156e-07
-5.411685890521767e-07
9.803850176126616e-09
-4.707350953481182e-09
-8.514498883727128e-09
-5.507473517241124e-07
-2.9725558747806247e-07
-1.0776702197290433e-08
-3.3306690738754696e-14
-3.0184188481996443e-15
5.551115123125783e-17
8.881784197001252e-16
-7.549516567451064e-15
-2.220446049250313e-16
4.440892098500626e-16
2.3314683517128287e-15
-3.3306690738754696e-16
-9.468337225371215e-07
2.413861501793235e-07
-7.305231299881143e-07
2.3563870854559354e-09
-6.132610863573973e-09
-4.26134838527048e-09
-7.339605723188924e-07
-3.9572455268199747e-07
-3.020709016254841e-08
1.199040866595169e-14
2.1344037648418634e-13
-2.853273173286652e-14
-2.6201263381153694e-14
3.730349362740526e-14
-1.5543122344752192e-15
-9.969802761133906e-14
-1.1102230246251565e-15
-1.3011813848606835e-13
-9.163180204607713e-07
2.5417418569873007e-07
-6.959107388126995e-07
-4.054619751059363e-09
2.4776003471060903e-09
-4.646069973190947e-09
-6.937131082906944e-07
-3.724299784124696e-07
-2.6659947138796266e-08
1.9317880628477724e-14
-1.4569595530034007e-13
1.1268763699945339e-14
-8.881784197001252e-16
-2.220446049250313e-14
8.881784197001252e-16
-4.440892098500626e-16
2.220446049250313e-16
3.885780586188048e-16
-5.62381261559608e-07
2.0852033344453957e-07
-4.14944608451151e-07
-3.062254450014734e-09
1.763962664824703e-08
5.36621636015866e-10
-4.137151563554653e-07
-2.2461788162786436e-07
-8.665594464218884e-09
-2.9976021664879227e-14
-3.0531133177191805e-15
4.5102810375396984e-17
-8.881784197001252e-16
-5.995204332975845e-15
8.881784197001252e-16
4.440892098500626e-16
-2.886579864025407e-15
-8.881784197001252e-16
-7.859742297000594e-07
2.2527454746068543e-07
-6.177641544979906e-07
7.234024934632544e-09
2.2747413286339224e-08
1.0052113808001195e-08
-6.253259243749199e-07
-3.388286700101162e-07
-1.851742581493454e-08
1.2212453270876722e-14
2.706168622523819e-15
1.6653345369377348e-16
-2.220446049250313e-16
4.440892098500626e-16
-8.881784197001252e-16
-4.440892098500626e-16
1.9984014443252818e-15
1.6653345369377348e-15
-1.7422222100549332e-06
4.7637085742735513e-07
-1.4261483016753118e-06
2.2102703667314927e-08
1.960543249968083e-08
1.2260766069083218e-08
-1.4472385601038695e-06
-7.835633901720485e-07
-6.996526735747466e-08
3.1086244689504383e-15
-6.494804694057166e-15
8.93729534823251e-15
-4.551914400963142e-14
1.509903313490213e-14
-1.9539925233402755e-14
-1.609823385706477e-14
1.1191048088221578e-13
-2.753353101070388e-13
-2.6618188343263682e-05
4.255816406839585e-06
-2.234423232039262e-05
3.173062435024576e-08
1.0573465658580972e-08
9.67039448518392e-09
-2.236858505355599e-05
-1.2385441408468978e-05
-2.2546915943166823e-06
-2.731148640577885e-14
1.1518563880486e-15
-3.191891195797325e-16
3.552713678800501e-15
1.7763568394002505e-15
-2.220446049250313e-16
1.532107773982716e-14
-2.042810365310288e-14
2.930988785010413e-14
1.4684772420281433e-07
-1.2675479865720263e-07
9.461347261208175e-08
8.432800413515906e-08
3.96974142446993e-08
1.2493966750071195e-08
8.750632218834653e-09
1.002917571213402e-08
-1.0760174973256653e-09
3.5083047578154947e-14
1.7486012637846216e-15
-1.4988010832439613e-14
-3.885780586188048e-15
0.0
0.0
1.6653345369377348e-16
8.881784197001252e-16
4.996003610813204e-16
6.915315982070069e-07
-6.776634791094693e-07
5.100567150861934e-07
4.841672485156323e-07
3.4001503745884065e-07
3.7081741011135705e-08
2.5649175228181775e-08
1.663379078920002e-08
-2.307319446614997e-09
-2.9976021664879227e-14
1.9984014443252818e-15
-1.6653345369377348e-16
1.7208456881689926e-15
-8.881784197001252e-16
0.0
2.7755575615628914e-17
0.0
5.551115123125783e-16
2.3685241785642575e-06
-2.651281988619303e-06
1.6795968384997195e-06
1.1123283192304712e-06
8.046417354634626e-07
1.3854791369727337e-08
5.618522926909009e-07
3.0021432539939497e-07
-2.99557062766187e-08
-8.43769498715119e-15
9.325873406851315e-15
-2.528532938583794e-14
-4.773959005888173e-14
-8.881784197001252e-15
8.881784197001252e-15
5.551115123125783e-15
-8.826273045769994e-15
-5.950795411990839e-14
-7.312770222256404e-06
-5.82933512305317e-06
-7.193997291210508e-06
4.8409338759825005e-09
1.45312775146067e-08
6.358497284253417e-09
-7.199707138028089e-06
-4.085070079540287e-06
-1.5961468022851477e-06
-3.552713678800501e-15
-2.6617597015388128e-14
-1.3877787807814457e-16
0.0
1.7763568394002505e-15
0.0
0.0
-7.283063041541027e-14
7.527312106958561e-14
5.402484148930853e-08
-6.434348165385018e-07
-1.3585315628006356e-07
2.16032969291291e-08
2.7543416436515145e-09
7.227217935223962e-09
-1.4975899631508582e-07
-7.095567333692543e-08
-1.0440952280532656e-07
8.881784197001252e-15
4.163336342344337e-16
0.0
-3.3306690738754696e-15
-8.881784197001252e-16
0.0
0.0
-4.440892098500626e-16
1.2212453270876722e-15
2.544091572076468e-06
-1.6419181747551193e-06
1.6477528514968753e-06
8.824444421851041e-07
6.085253643206556e-07
1.8746864394181273e-07
7.652972572602668e-07
4.722791935307668e-07
8.591921130118862e-08
-5.10702591327572e-15
9.71445146547012e-17
1.6653345369377348e-16
2.886579864025407e-15
1.3322676295501878e-15
0.0
0.0
2.220446049250313e-15
7.771561172376096e-16
1.3883577587137099e-05
-1.2417901217531835e-05
9.125427133938047e-06
7.738999064699215e-06
5.240849793253233e-06
1.6300543466130078e-06
1.3753695302654023e-06
8.370911279698134e-07
2.0134517342285108e-07
-1.7763568394002505e-15
4.107825191113079e-15
4.340972026284362e-14
2.098321516541546e-14
6.661338147750939e-16
6.661338147750939e-16
1.4011014570769476e-13
8.948397578478762e-14
-1.2082002065483266e-13
2.9944535882009404e-06
-2.554081603989289e-06
1.6943160545679348e-06
1.2895929977219112e-06
8.78355219668947e-07
2.718783462807295e-07
4.1246482496148923e-07
3.32389001600486e-07
6.184849610235688e-08
3.730349362740526e-14
6.3352101342672995e-15
-1.1102230246251565e-16
-8.881784197001252e-16
2.220446049250313e-16
-2.220446049250313e-16
-9.847678228425139e-14
-8.881784197001252e-16
-2.220446049250313e-16
-8.463318010853982e-07
1.255011468970224e-06
-7.557029455540487e-07
-6.334529096818642e-07
-4.249542975287568e-07
-1.411519063854172e-07
-1.1551482259619661e-07
7.2037421361415e-08
-1.9320097521813295e-08
-7.549516567451064e-15
-2.6506574712925612e-15
5.551115123125783e-17
-7.216449660063518e-16
2.220446049250313e-16
0.0
-2.581268532253489e-15
0.0
-4.440892098500626e-16
-2.9148487001862122e-06
3.7109923596290173e-06
-2.214028114622124e-06
-2.4894295087563023e-06
-1.6679828034327213e-06
-5.435349983429205e-07
2.6656742235786623e-07
2.917768426868861e-07
6.5922662884077e-08
3.6637359812630166e-14
1.124100812432971e-15
0.0
7.771561172376096e-16
4.440892098500626e-16
3.3306690738754696e-15
4.440892098500626e-16
-8.881784197001252e-16
4.440892098500626e-16
-1.018242881656306e-05
1.1923631006993674e-05
-7.159567466885618e-06
-8.445595119255245e-06
-5.730409087689736e-06
-1.7914500352045337e-06
1.2655667376293422e-06
8.257924655197257e-07
2.121751876416056e-07
-2.1760371282653068e-14
-6.0750016128707784e-15
5.551115123125783e-17
-1.2212453270876722e-15
-1.9984014443252818e-15
-3.3306690738754696e-16
4.440892098500626e-16
8.881784197001252e-16
-8.881784197001252e-16
-1.579827891262653e-05
3.950897985305346e-05
-1.0876755737854182e-05
-1.1250850580069027e-05
-1.0253689236350281e-05
-5.1068690893885105e-06
3.9185122524543203e-07
3.209143919491453e-07
1.044327433419312e-07
3.042011087472929e-14
3.649858193455202e-15
-5.551115123125783e-17
-6.661338147750939e-16
-4.440892098500626e-16
2.220446049250313e-16
4.440892098500626e-16
-1.7763568394002505e-15
8.881784197001252e-16
-1.2248455973917771e-05
-3.507835799609893e-08
-1.0768546914619037e-05
-9.426700763981444e-06
-5.399170801112518e-06
-1.198449382400213e-06
-1.3040098532091093e-06
-6.727995440769519e-07
-2.2489168216566213e-07
-3.863576125695545e-14
3.774758283725532e-15
0.0
4.440892098500626e-16
1.2212453270876722e-15
-2.220446049250313e-16
-4.440892098500626e-16
0.0
8.881784197001252e-16
-2.526214899489787e-06
-1.5663712815694455e-07
-2.1164639942838903e-06
-2.1145902735497657e-06
-1.2340772106433917e-06
-2.580017195441542e-07
4.215535476248533e-09
-2.830544687526526e-09
-9.65033941646709e-10
3.3306690738754696e-14
-4.884981308350689e-15
0.0
1.3322676295501878e-15
-8.881784197001252e-16
1.1102230246251565e-16
1.3322676295501878e-15
-8.881784197001252e-16
-1.7763568394002505e-15
-4.522379413174349e-07
8.490872005495476e-08
-3.231004868098353e-07
-3.2781170133944215e-07
-1.9384266813915474e-07
-5.6041265850126365e-08
5.590497842433706e-09
4.712505941029121e-10
-2.4429558376226623e-10
-4.263256414560601e-14
1.1657341758564144e-15
1.8041124150158794e-16
-2.7755575615628914e-16
1.9984014443252818e-15
0.0
-1.3322676295501878e-15
2.6645352591003757e-15
1.7763568394002505e-15
-1.666514464204738e-07
-2.5562712835380808e-08
-1.0776061287742777e-07
-1.109726435188918e-07
-5.9036686650415504e-08
-1.748226452491508e-08
-2.530283982338233e-09
3.811687854238244e-09
-1.3275092136666444e-10
2.3314683517128287e-14
2.67841304690819e-14
-1.8721135752741702e-14
-1.4876988529977098e-14
2.2815083156046967e-14
9.547918011776346e-15
-2.6201263381153694e-14
-1.7763568394002505e-15
-1.4210854715202004e-14
-2.616715732983721e-07
-9.685315660590277e-08
-1.9915449200880175e-07
-2.1807272609919437e-07
-1.2414855365960875e-07
-3.4973460572018666e-08
-6.178622058428118e-10
7.161400361610504e-09
-1.6780710154762346e-10
-9.769962616701378e-15
-5.5871973714261e-14
-3.9652309213877857e-14
1.1102230246251565e-15
3.3306690738754696e-16
0.0
-1.9095836023552692e-14
7.993605777301127e-15
2.3869795029440866e-14
-3.8190458440112707e-07
-1.5125016261663404e-07
-3.1968722380426584e-07
-3.333024460872025e-07
-1.9416564756014054e-07
-5.6667637693408324e-08
-6.039631905707665e-09
3.459303954400639e-10
-2.954876343608248e-10
7.327471962526033e-15
3.3306690738754696e-16
-9.020562075079397e-17
-6.661338147750939e-16
-2.9976021664879227e-15
2.220446049250313e-16
4.440892098500626e-16
-5.773159728050814e-15
7.216449660063518e-16
-7.420229977128656e-07
-2.833017731518339e-07
-6.649740420527905e-07
-6.609675882174315e-07
-3.7686603260311813e-07
-1.1392339871463264e-07
-8.86856654780388e-09
-3.2838158858794486e-09
-4.301159428621304e-10
-1.9095836023552692e-14
5.620504062164855e-16
0.0
2.220446049250313e-16
1.7763568394002505e-15
-3.3306690738754696e-16
8.881784197001252e-16
-2.1510571102112408e-15
1.2212453270876722e-15
-6.725103602889249e-07
-7.456745265699283e-07
-6.607059130914195e-07
-6.624019199819031e-07
-3.8467432528221934e-07
-1.6240387878951879e-07
-4.185064073070066e-09
-1.8474111129762605e-13
-4.5366588263817675e-10
