-2.6645352591003757e-15
-6.106226635438361e-16
-1.0547118733938987e-15
-2.220446049250313e-15
2.220446049250313e-16
7.771561172376096e-16
-1.2212453270876722e-15
6.439293542825908e-15
-2.220446049250313e-16
116.60885875030536
-131.3742569117784
86.36955262347021
85.46600571215859
50.479592094537374
5.929506482460322
0.9470656526847989
1.0104592350668185
-0.12358342840622871
-2.4424906541753444e-15
4.107825191113079e-15
-5.273559366969494e-16
4.440892098500626e-16
-4.440892098500626e-16
5.551115123125783e-17
1.887379141862766e-15
2.55351295663786e-15
-3.3306690738754696e-16
122.85548300196275
-124.86619685795296
85.09722775492064
85.10611808966419
50.08353060203015
-1.7540577820361403
-0.0015869799388390504
0.736145412625071
-0.10962274269752635
9.547918011776346e-15
1.1379786002407855e-15
1.3877787807814457e-15
-2.220446049250313e-16
3.1086244689504383e-15
-3.3306690738754696e-16
-2.4980018054066022e-15
1.2212453270876722e-15
1.5543122344752192e-15
14.549650399263665
-23.99496094363542
7.535378345996999
8.081088089225325
4.7359938322330315
1.1779651334080707
-0.5002056904828862
0.338980260976931
-0.14404024486463343
-2.5979218776228663e-14
-1.3752887717544127e-14
7.077671781985373e-15
-4.196643033083092e-14
2.1886936707460336e-12
-2.7064461782799754e-12
-5.617728504603292e-14
3.852695940054218e-12
3.5854097468757118e-12
-28.14749085629743
14.515977239148356
-24.036194886772826
-21.999722505389787
-12.389247161573318
0.8432215546313975
-2.1537446471642347
-0.6772146949750759
-0.2807672585746872
-1.7763568394002505e-15
7.743805596760467e-15
2.7755575615628914e-17
1.9984014443252818e-15
3.3306690738754696e-16
-1.1102230246251565e-16
-4.107825191113079e-13
2.6645352591003757e-15
-8.326672684688674e-16
147.4026551587011
-156.4706209202792
109.03222121974294
8.49689530640569
4.814351398747595
-1.1782083590920935
100.454120815155
68.63048391618975
-0.924919052210809
1.176836406102666e-14
-7.716050021144838e-15
0.0
-1.2212453270876722e-15
1.1657341758564144e-15
-1.6445178552260131e-15
3.184119634624949e-13
2.1649348980190553e-14
-5.717648576819556e-15
10.979689681971731
-380.0630674825661
-30.65850287513706
25.60553836417352
15.615300633009847
-1.6121571691612455
-56.02873778918459
-6.897081460717839
-43.08127697472072
-4.5075054799781356e-14
-2.3314683517128287e-15
-6.328271240363392e-15
-1.1102230246251565e-14
-1.3322676295501878e-15
-1.239286451237831e-13
3.9968028886505635e-15
6.661338147750939e-16
-1.7763568394002505e-15
-14.51471326305797
-61.571257982031284
-4.200769571824452
12.280951040973761
7.677183438649153
-0.5210189747557998
-16.44616830479078
-6.870323452845454
-9.894033840340525
-8.659739592076221e-15
2.7755575615628914e-15
1.1102230246251565e-16
3.1086244689504383e-15
9.325873406851315e-14
3.885780586188048e-16
-1.7763568394002505e-15
-5.329070518200751e-15
1.1102230246251565e-16
-218.75877079743591
-707.910026541383
-143.29378745824422
-0.9065725788578617
-0.5215168954897678
0.17157204573317308
-142.51545675725836
-26.03592119431654
-115.33370785664731
3.9968028886505635e-15
-1.6653345369377348e-15
1.1102230246251565e-16
-3.3306690738754696e-16
-3.1086244689504383e-15
-4.440892098500626e-16
-4.440892098500626e-16
-3.552713678800501e-15
-3.552713678800501e-15
9.480267440087772
-244.44449246199554
57.163855243054336
8.09369913719959
8.62681913717222
5.977134074058295
48.908119987634954
49.00360833139965
-35.621787031742144
-2.220446049250313e-16
1.1574075031717257e-14
1.942890293094024e-16
-1.9984014443252818e-15
2.0816681711721685e-15
1.5265566588595902e-16
1.3322676295501878e-15
1.4349632593280148e-14
3.9968028886505635e-15
0.47137253298939186
-82.2531356762156
1.9525303825150362
-20.986224455676705
-9.31423878131963
-11.799114067343638
23.458942113432183
20.85600013355584
-7.221035222600708
4.884981308350689e-15
2.3175905639050143e-15
2.7755575615628914e-16
-1.6653345369377348e-16
-6.661338147750939e-16
-4.440892098500626e-16
-1.2212453270876722e-15
-1.0658141036401503e-14
-1.4432899320127035e-15
-28.461141852950945
-18.954198743731467
-28.82895249547829
-35.77493511913944
-19.98441478798564
-6.140423837763976
6.953234236430314
5.112589482231985
-1.768916790354949
-1.6653345369377348e-14
-2.0261570199409107e-13
-5.93802784720765e-13
-3.163691530971846e-12
-4.146905041579885e-12
1.8545165403338615e-12
-6.23945339839338e-14
-1.2436718321851004e-12
-1.573603469751106e-10
-29.386641561675603
37.93441187369609
-30.130353296270798
-34.79017408882285
-24.421534867607186
-6.771562827693444
4.62800684007442
4.350424624120215
-1.2040048538973043
-2.220446049250313e-16
2.192690473634684e-15
-2.220446049250313e-16
2.1094237467877974e-15
-1.3322676295501878e-15
5.551115123125783e-16
1.6264767310758543e-13
2.3869795029440866e-15
2.4424906541753444e-15
18.244125160359157
-13.479822101860805
10.884509820463222
7.814965618123637
4.521546699991902
-0.6344632484497481
2.7891874304030964
1.0989752894459617
0.7881226585147256
8.215650382226158e-15
-1.6653345369377348e-16
2.192690473634684e-15
3.019806626980426e-14
-3.6415315207705135e-14
5.315192730392937e-14
-2.2248869413488137e-13
2.4591439995447217e-14
-6.661338147750939e-15
4.959337013248353
-26.55246298987133
0.2213840953197206
0.0909885902167673
0.27939243111199374
-3.219037050885248
-0.18405635725916625
-0.11054862949179167
0.010903126318609235
1.4566126083082054e-13
8.992806499463768e-15
-3.885780586188048e-16
5.551115123125783e-15
-6.679101716144942e-13
-1.4621637234313312e-13
-1.1102230246251565e-15
6.217248937900877e-15
8.604228440844963e-16
-1.2119394327311106
-38.194756758598636
-4.671448428255189
-4.89009360131233
-2.1976415136384944
-5.953950461222433
0.01587358453146237
0.09020480726617919
0.025949177533035606
-1.84297022087776e-14
-1.2712053631958042e-14
4.440892098500626e-16
1.1102230246251565e-16
-8.881784197001252e-16
-4.8405723873656825e-14
8.881784197001252e-16
-1.1102230246251565e-14
-1.1102230246251565e-15
-13.922523555132486
-41.81280694276626
-15.027595400629364
-14.971247599651548
-7.224380310913801
-7.935632261767927
0.07134540269560574
0.11771980118489722
0.014784887851548856
-2.6645352591003757e-15
6.3178628995075314e-15
-1.1518563880485999e-14
-8.881784197001252e-16
1.3322676295501878e-15
1.1102230246251565e-16
6.661338147750939e-16
-5.995204332975845e-15
-8.326672684688674e-17
-22.096938290745264
9.082361926555961
-16.73262133156954
-15.409274215356987
-8.8223441322192
-0.089722135025605
-1.0114413012810815
-0.42912316752913426
-0.0616282658018783
-1.5543122344752192e-15
-8.354428260304303e-15
2.7755575615628914e-16
-1.582067810090848e-15
1.7763568394002505e-15
1.6653345369377348e-16
2.6645352591003757e-15
-5.551115123125783e-16
2.3314683517128287e-15
21.977180173279805
-51.714871366830096
12.59517337285336
14.238357234647028
9.060214760719298
-4.360904182775961
-1.321442533675956
-0.8353881338845888
-0.04854503209299299
7.105427357601002e-15
1.8041124150158794e-15
3.3306690738754696e-16
2.275957200481571e-15
2.6645352591003757e-15
-3.3306690738754696e-16
-2.873257187729905e-13
-8.315570454442422e-14
5.229150445984487e-14
-6.194268920546385
-53.25915688792337
-8.518969235325983
-6.550874168854506
-2.6461294171230403
-5.480696045643832
-1.9148527575545842
-1.1243545897332226
-0.05246492678710846
-2.19824158875781e-14
-9.506284648352903e-14
8.260059303211165e-13
8.275324869799761e-13
-1.234568003383174e-13
3.3006930522105904e-13
-4.39648317751562e-14
2.3592239273284576e-14
-8.215650382226158e-15
-3.2667598916466547
-55.551378140821775
-4.959794250223666
-2.180108369771851
0.2956373171716793
-6.06106807866081
-2.8656404050442106
-1.6560155123398967
-0.1554528409742244
2.098321516541546e-14
-5.509481759702339e-15
-3.885780586188048e-16
1.9290125052862095e-15
4.440892098500626e-16
1.2212453270876722e-15
3.9968028886505635e-15
-9.880984919163893e-15
-3.497202527569243e-15
-13.874735888671024
-43.110734777389325
-11.936660287976473
6.289452182357568
5.913427915900218
-6.9630347581348815
-18.327649551126783
-11.851875120349053
-0.1996096640301397
-6.661338147750939e-16
3.649858193455202e-15
-2.7755575615628914e-16
-2.0539125955565396e-15
-2.6645352591003757e-15
-1.942890293094024e-15
-2.6645352591003757e-15
3.3306690738754696e-15
1.5543122344752192e-15
1.8608329050975883
-62.52871598298849
1.690610655469504
8.972074956337456
8.577698318968018
-7.527941940936294
-7.333700767818948
-4.725701961255098
0.32128266959563206
-1.965094753586527e-14
6.841749389252527e-14
-8.493206138382448e-14
1.5910606165903118e-12
3.836930773104541e-13
5.124789481669723e-13
-1.021405182655144e-13
-1.27675647831893e-14
1.1790568521519162e-13
24.67070946308943
-96.78642480507716
17.322042840742146
6.127802454577501
8.213043549712097
-8.349504132369276
11.18940963429405
7.800708316173945
0.03242623375637005
2.4424906541753444e-15
-4.440892098500626e-15
1.27675647831893e-15
6.661338147750939e-16
-7.105427357601002e-15
4.440892098500626e-16
-4.440892098500626e-16
-2.4424906541753444e-15
-2.220446049250313e-15
11.819285056679405
-96.80670990746137
8.041243095716338
3.3274950598498934
7.9689714715690485
-9.029054891495928
4.7614273826804405
3.4149471012490955
-0.08123336583725821
2.1094237467877974e-15
1.4432899320127035e-15
-4.510281037539698e-16
4.440892098500626e-16
2.6645352591003757e-15
-2.220446049250313e-16
-2.6645352591003757e-15
-9.547918011776346e-15
1.5543122344752192e-15
-2.7503409727352155
-92.7942544822632
-1.156246154486551
0.7052237936970354
7.649029123393216
-9.116191054086467
-1.8339027750654928
-0.9957742512619143
0.09933722664933375
-2.4424906541753444e-15
1.1418643808269735e-13
-7.432943149865423e-14
-1.766142787573699e-12
-4.2232883856740955e-13
-2.432498646953718e-13
-4.876099524153688e-13
-1.851852005074761e-13
3.5083047578154947e-14
-24.371284104818326
-79.60908360089694
-14.97900002598779
-0.8348048689161126
7.721535183332442
-8.916383172933932
-14.250513672245972
-8.494362182411924
0.786473563203216
1.7985612998927536e-14
4.496403249731884e-15
3.608224830031759e-16
-4.671263376110346e-14
1.978417429882029e-13
-1.942890293094024e-16
2.220446049250313e-15
-4.440892098500626e-15
1.4654943925052066e-14
-103.2936616661231
-23.280498774747628
-64.83013365039857
-8.779633398841092
4.326513111845458
-10.421479696082024
-56.418691721570156
-34.53377472653408
3.3435721785465065
-3.3306690738754696e-15
-8.18789480661053e-15
-1.3877787807814457e-16
-2.6645352591003757e-15
-2.55351295663786e-15
-8.326672684688674e-17
-8.881784197001252e-16
-8.881784197001252e-16
-4.440892098500626e-16
-58.51948449615581
-88.59531297510284
-49.88248710995322
-33.741639907430844
-11.64343786160552
-14.451524703238178
-16.442431552377414
-9.643257086734238
-1.7564810615298598
-1.021405182655144e-14
1.4349632593280148e-14
-2.7755575615628914e-16
-1.3322676295501878e-15
8.881784197001252e-15
1.3877787807814457e-16
-3.9968028886505635e-15
5.329070518200751e-15
-7.771561172376096e-16
-90.17168397216794
-77.02551731621156
-70.80933629170363
-67.30700331847086
-33.162486215308036
-20.333080118121487
-3.5451881426927088
-2.517837609119418
-0.6765202508798396
3.597122599785507e-14
-5.970224314921779e-13
-2.852162950262027e-13
3.2107649872159527e-12
-4.092726157978177e-12
2.4447111002245947e-12
-8.348877145181177e-14
-4.884981308350689e-14
-1.4210854715202004e-14
-112.43099115295735
-104.57888496657017
-88.12471694717686
-89.54715965149931
-43.492265446998815
-28.458464783400387
1.8439408349606197
0.7400617823256752
0.0247040663994591
1.9984014443252818e-15
2.615685446016869e-13
8.881784197001252e-16
-3.704148099359372e-12
2.220446049250313e-15
6.439293542825908e-14
1.3322676295501878e-15
8.881784197001252e-16
-7.105427357601002e-15
-49.09731455830966
-135.5767825746501
-30.485986453621194
-30.880995989203793
-8.453171478088152
-21.10522454311313
0.7669075923978355
0.37257915817099985
-0.03181650759045962
2.4424906541753444e-15
7.716050021144838e-15
9.43689570931383e-16
0.0
0.0
-2.220446049250313e-16
4.884981308350689e-15
1.887379141862766e-15
6.661338147750939e-16
44.509999471459906
-71.42389806882449
33.2751709554754
25.565947489297997
16.27290454372914
-0.00153668131691731
7.721800794081844
6.105898496913127
1.7381061985349149
-1.7763568394002505e-15
-3.941291737419306e-15
-1.1102230246251565e-16
-1.3322676295501878e-15
-7.993605777301127e-15
3.3306690738754696e-16
-1.7763568394002505e-15
-1.7763568394002505e-15
1.7763568394002505e-15
43.52941846742041
-214.929001365467
23.07115808702676
40.72651437338007
26.384011591987885
5.999177019555855
-18.20637465638228
-5.6989690423671675
-7.704320702884538
1.1324274851176597e-14
-3.7414515929867775e-14
-1.0252909632413321e-13
-2.3792079417717105e-13
1.3322676295501878e-15
9.012790513907021e-13
7.296940829348841e-14
5.262457136723242e-14
1.8030021919912542e-13
-17.94194285984916
-134.10144930780365
-4.7995939307502375
5.250541665258382
5.208513619636925
8.06786514813476
-10.32225268497892
1.8072896891342793
2.7478682257954956
-1.021405182655144e-14
-1.5543122344752192e-15
-8.326672684688674e-16
6.661338147750939e-16
5.329070518200751e-15
-1.1102230246251565e-15
2.886579864025407e-15
-1.6653345369377348e-15
-6.661338147750939e-16
-18.111689296290514
-96.35237392602107
3.7183661426372727
9.649523481797274
10.483556787829247
11.972199609262518
-5.6647344345501125
3.1160870005350034
6.249606098612379
-5.773159728050814e-15
-6.938893903907228e-15
-1.2212453270876722e-15
-6.661338147750939e-16
-4.218847493575595e-15
7.216449660063518e-16
-8.881784197001252e-16
5.10702591327572e-15
8.881784197001252e-16
-33.04402422611374
-67.92122982694593
-8.571866743877667
3.7565096713197614
6.822153437387428
10.228269910159064
-12.27506057813305
-2.0474010243704086
4.3069263300906355
-3.752553823233029e-14
-4.253541963095131e-15
1.6778245459647678e-13
4.440892098500626e-16
-2.0555779300934773e-13
-1.2828627049543684e-13
-1.0036416142611415e-13
-5.595524044110789e-14
-1.4859224961583095e-12
-18.854154975380077
-63.498597073259305
-4.844275307373735
-4.21576806584649
0.5762297369435174
7.400762019819401
-0.25431944365168135
3.801786101384891
5.348074010331477
2.886579864025407e-14
2.6645352591003757e-15
8.326672684688674e-16
8.881784197001252e-16
-3.2529534621517087e-14
1.6131540547803525e-13
7.993605777301127e-15
-1.3322676295501878e-15
3.241851231905457e-14
-41.217020587646765
-16.188402967958154
-21.0306403572199
-20.100131515736095
-10.67145023622291
5.678875418520542
-0.6826033051902805
2.163026671782399
3.474656138407263
-2.886579864025407e-15
3.774758283725532e-15
-1.3156142841808105e-14
8.881784197001252e-16
7.16093850883226e-15
3.469446951953614e-16
-4.440892098500626e-15
-1.7763568394002505e-15
1.9984014443252818e-15
5.20973604304514
-62.17536142194023
19.15621576954618
18.37795444088117
15.123628903540933
10.00511935697492
0.7536309545014119
0.45322138038829074
-4.663710993928149
2.2093438190040615e-14
-6.217248937900877e-15
1.2212453270876722e-15
4.440892098500626e-16
-1.3322676295501878e-15
5.273559366969494e-16
7.105427357601002e-15
-2.4424906541753444e-15
0.0
-14.796082229880085
-66.35837310432476
-0.38888410795507866
4.596676446444761
2.268183332245215
9.023088715159362
-5.844911336911132
-4.718979701447715
-12.612046278041213
-2.8310687127941492e-14
1.2434497875801753e-14
6.106226635438361e-16
-3.552713678800501e-15
-8.240075288767912e-13
-9.992007221626409e-16
-1.0436096431476471e-13
8.881784197001252e-16
1.3322676295501878e-15
-22.693895710094992
-153.5499306355922
-24.257856761285936
13.169186581254252
8.458916412358505
6.163861250968202
-37.68486059720735
-22.179582959002076
-22.271974992894087
3.430589146091734e-14
-7.93809462606987e-15
2.220446049250313e-16
1.7763568394002505e-15
2.4424906541753444e-15
1.1102230246251565e-15
1.3322676295501878e-15
0.0
1.7763568394002505e-15
210.93157739446602
-306.6139430148088
137.37729164866766
159.83170513365286
104.24997473298419
4.549322564081297
-22.596380941830148
-11.577947971159276
-13.4848261096896
-2.964295475749168e-14
-9.381384558082573e-15
-3.3306690738754696e-16
1.887379141862766e-15
-5.773159728050814e-15
-5.551115123125783e-16
2.220446049250313e-15
-3.552713678800501e-15
0.0
-34.23602313907702
-289.02763602197695
-66.77998613394567
43.942123471851374
26.80059463191562
-1.147610171696325
-110.770234353987
-55.78821850181818
-35.24157301381542
2.575717417130363e-13
-7.338019081259972e-13
1.8631762799259377e-12
5.3725912607660575e-12
3.986588836824012e-12
3.6027847372110955e-12
-4.411138121440672e-12
-6.59783339074238e-12
-8.760103753502335e-12
-284.5364267573065
-446.5060039789231
-291.86276158675304
-31.616761574549365
-22.007919351069116
2.4267566725961416
-260.0289523311902
-126.64073425602353
-94.56698841041757
2.5202062658991053e-14
1.0813017148336712e-12
-4.440892098500626e-16
-8.747336188719146e-12
-4.440892098500626e-16
-2.6825208720993032e-12
-3.1086244689504383e-15
-4.440892098500626e-15
3.552713678800501e-15
516.7068920736665
547.8869110702371
467.16614994616003
-149.33024270500928
-104.95455187076618
-25.207162379085545
617.0070863793543
307.1299985069002
1.6004734488764214
5.473399511402022e-14
-1.585953590677036e-13
5.493383525845275e-13
-3.1308289294429414e-14
2.3869795029440866e-14
4.440892098500626e-16
-5.551115123125783e-16
3.1086244689504383e-15
-3.552713678800501e-15
852.6169964962431
287.6510513814235
648.3336462003746
-23.4570379319981
-21.350848934906818
-7.867973741794501
671.9376917834908
351.58492300165403
7.077792777143571
-3.552713678800501e-15
5.551115123125783e-16
4.440892098500626e-16
3.3306690738754696e-15
-1.3322676295501878e-15
-2.220446049250313e-16
9.992007221626409e-16
-1.7763568394002505e-15
-1.7763568394002505e-15
2277.6852250150255
580.652093791774
2124.973477911906
256.6058581460747
152.82161656982237
38.14606022155475
1868.9517736257405
1093.3005964972556
250.70191530822896
4.440892098500626e-15
-1.609823385706477e-15
-1.1102230246251565e-16
-2.4424906541753444e-15
7.105427357601002e-15
3.3306690738754696e-16
-2.6645352591003757e-15
6.661338147750939e-16
1.3322676295501878e-15
573.605668732991
-589.5326415717848
434.423017144858
210.55148658403164
126.83599612256278
36.73027892344857
224.17528732134284
171.50327083958197
-47.55913541135346
-1.432187701766452e-14
3.885780586188048e-16
-5.551115123125783e-17
-1.2212453270876722e-15
-8.881784197001252e-16
-1.249000902703301e-16
6.439293542825908e-15
-5.995204332975845e-15
2.6645352591003757e-15
141.20721324539844
11.767353839365512
118.5167240074215
39.6745050923938
26.353098299949494
13.691918665984007
79.04974591235852
45.107800802515925
10.304712950868469
1.942890293094024e-14
1.942890293094024e-15
5.551115123125783e-17
1.7763568394002505e-15
8.43769498715119e-15
-5.551115123125783e-17
-1.7416623698807143e-15
1.2434497875801753e-14
-4.440892098500626e-15
77.68895337937812
-82.58475360304283
50.82976400925168
-5.9115698189273616
5.459583633795038
-11.680638539289346
57.02188480007994
31.53641556877617
10.844609279616297
-2.7533531010703882e-14
-1.3211653993039363e-14
2.0953030976933462e-13
-1.8962609260597674e-13
1.220135104063047e-12
2.989275493803234e-13
8.14820433348018e-13
1.8278711877428577e-12
-1.0897949209720537e-12
3.8078545846285223
-142.13910743205744
-17.591044153606326
-64.29059146164292
-26.124670538428262
-22.21685396952008
46.58483753498638
27.28173829942242
7.994621659702639
7.216449660063518e-15
-3.316791286067655e-15
2.0816681711721685e-16
2.4424906541753444e-15
-4.6629367034256575e-15
1.900701818158268e-13
-1.1102230246251565e-15
5.773159728050814e-15
2.6645352591003757e-15
64.84171040620932
-180.95093525996788
42.65839161513679
4.912151958372746
15.446938352027308
-9.601680884621288
37.382563763707914
24.542324514277155
1.4519154525427949
-7.549516567451064e-15
9.797718192317006e-15
3.352873534367973e-14
-2.886579864025407e-15
8.659739592076221e-15
-1.6653345369377348e-16
1.7763568394002505e-15
-6.106226635438361e-15
0.0
-80.39359842448772
-457.4826948384133
-78.0366332451973
-14.398723911827876
1.1582481641368902
-11.371423509527972
-63.97634622181137
-9.879601978697195
-48.223527386003326
-6.900036098045348e-13
4.6351811278100286e-15
0.0
-1.4721557306529576e-13
1.709743457922741e-14
7.585321259995226e-13
-8.72635297355373e-14
-1.1102230246251565e-15
-2.220446049250313e-15
8.364156429542124
-443.10932260760256
3.513676921116282
43.098365645996545
29.426131244764218
2.769253011682677
-39.763165392057175
7.511127699492005
-48.46855574955274
-9.880984919163893e-15
-2.0539125955565396e-15
1.457167719820518e-16
1.2212453270876722e-15
8.31279489688086e-15
1.1102230246251565e-16
3.1086244689504383e-15
4.996003610813204e-16
8.881784197001252e-16
-23.448910131103833
-300.9222096769963
-13.842006394258776
10.336140214821496
6.499547011786095
1.0624113204019636
-24.260318285313634
9.088181383223189
-34.59971181196714
-8.881784197001252e-16
7.632783294297951e-16
3.729655473350135e-17
-1.3322676295501878e-15
-4.884981308350689e-15
-3.3306690738754696e-16
3.3306690738754696e-15
-1.1102230246251565e-15
1.7763568394002505e-15
167.391107218339
-74.92534866884023
144.5325320962516
34.089071922209385
19.218298758539248
7.176199979711148
110.37654714932046
70.80446631060721
10.598261565206975
-7.771561172376096e-15
-5.856426454897701e-15
3.491130995403324e-17
2.9976021664879227e-15
-6.5503158452884236e-15
-1.1102230246251565e-16
-1.2212453270876722e-15
7.327471962526033e-15
0.0
-253.07651386229364
-178.20798831550576
-211.9319669876379
-282.25170640043103
-151.57857751965528
-58.65846579049966
70.2557871390664
44.40990511917001
7.43959107765408
1.0347278589506459e-13
-1.734723475976807e-16
-5.551115123125783e-17
3.3306690738754696e-16
-1.3877787807814457e-16
2.220446049250313e-16
2.220446049250313e-15
-3.9968028886505635e-15
-5.551115123125783e-16
-45.54375250334573
-320.3244258653564
-28.344731664918058
16.11430363618451
21.076437686033024
-9.496551354748508
-44.409865754808436
-9.074408072995872
-26.623263391425716
-9.43689570931383e-15
6.718584022458174e-15
2.833844270355712e-14
6.683542608243442e-13
5.50122447595669e-12
1.1102230246251565e-16
2.353672812205332e-14
-2.220446049250313e-16
-5.551115123125783e-16
-55.07037857788907
-372.3608905481668
-30.32891781492931
16.419833649085128
21.016027509224173
-10.553719412089066
-46.73281394665039
-5.605789396705255
-31.937377320126966
2.1871393585115584e-14
1.3808398868775384e-15
0.0
-5.698774785400929e-13
7.988054662178001e-14
3.191891195797325e-16
1.5543122344752192e-15
-3.0531133177191805e-15
0.0
25.5419410833374
-149.41093787928713
22.178732125803023
8.292480294300645
16.88996941103028
-11.629785249069478
13.873659645174307
9.008219766877026
1.6576241277932535
7.4495964952348e-14
-8.881784197001252e-15
0.0
-1.4310774787418268e-13
3.2959746043559335e-14
2.220446049250313e-16
-6.661338147750939e-16
2.1649348980190553e-15
-1.6930901125533637e-15
3.04812222895929
-157.13105353231208
2.2082910540371827
-6.213470159938644
9.867513911238307
-15.353902665920424
8.446953431910721
4.794527360256211
1.5858936289071528
-5.662137425588298e-15
8.208711488322251e-15
5.551115123125783e-17
1.1657341758564144e-15
8.659739592076221e-15
-3.3306690738754696e-16
-4.718447854656915e-16
1.3322676295501878e-15
2.220446049250313e-15
26.08036760727103
-230.31476768108823
33.121564603809574
-28.509292730360215
-0.9670621680811067
-22.293566338695115
61.64321052979507
39.65640793003526
5.904417573804989
-1.3988810110276972e-14
-4.3021142204224816e-16
1.1102230246251565e-16
2.609024107869118e-15
1.3322676295501878e-15
-1.249000902703301e-16
-5.551115123125783e-16
-8.1601392309949e-15
1.3322676295501878e-15
-16.43826295946981
-240.66970780914997
6.794596236293629
-31.958912829501003
0.1503475090177595
-26.505369051322035
38.740050144053846
24.462730588428595
4.630494979542092
4.440892098500626e-16
-1.3433698597964394e-14
1.1102230246251565e-16
-2.581268532253489e-15
-3.1086244689504383e-15
2.220446049250313e-16
2.4424906541753444e-15
1.554312234475219e-14
2.220446049250313e-16
-65.50102130605194
-221.1058124472093
-26.827451991119233
-126.99315680405653
-58.92207777882895
-36.71126129857886
99.84982318177843
65.06593852961763
10.436786667684464
1.2878587085651816e-14
1.2281842209915794e-14
-1.3877787807814457e-16
-1.1934897514720433e-15
7.882583474838611e-15
-2.220446049250313e-16
-2.220446049250313e-16
-3.1086244689504383e-15
-4.440892098500626e-16
35.89136942333569
-343.6387069805181
69.44561558020416
49.06862224964084
31.351779017430864
4.318885578167252
20.490956534564702
38.01753879184569
-26.567291343896752
2.786659791809143e-14
-2.4300006451483114e-14
-4.2299497238218464e-14
1.0777490011548707e-12
-4.518607710224387e-14
-1.2925771564198385e-13
3.1796787425264483e-13
-2.4513724383723456e-13
8.433254095052689e-13
-55.15180512594483
-249.99638129652018
-16.373641182442665
13.579620654010455
8.944679229831735
1.4646337302027805
-29.907591504280532
2.052999739079638
-28.519964487292654
-5.773159728050814e-15
3.858025010572419e-15
-5.551115123125783e-17
-4.107825191113079e-14
2.220446049250313e-16
-5.551115123125783e-17
-2.220446049250313e-16
7.174261185127762e-13
1.687538997430238e-14
-40.508800360049236
-221.36657186540674
-5.843052716986037
18.630632876433822
12.37049807199778
2.690972935915358
-24.393492934933434
1.5426356834736588
-23.35035685236695
-1.1446399383885364e-13
-1.8041124150158794e-15
3.3306690738754696e-16
-5.6066262743570405e-15
5.329070518200751e-15
1.1102230246251565e-16
4.440892098500626e-16
2.4424906541753444e-15
-4.440892098500626e-16
-60.25335138546806
-201.18798109255954
-23.311351370138226
-0.4458194896865564
0.4157004636121471
1.4135107810158125
-22.751224531983198
1.7847727796086883
-22.04056815196533
-5.473399511402022e-14
-4.6351811278100286e-15
-1.1102230246251565e-16
1.4432899320127035e-15
-7.105427357601002e-15
-5.100087019371813e-16
0.0
4.08006961549745e-15
1.3322676295501878e-15
-159.309034700619
-129.43771207998532
-110.12644413446685
-52.8875007452603
-32.24440712165129
-3.2210683812593315
-57.147695549106345
-17.64063520461177
-26.174206782723438
-2.930988785010413e-14
9.325873406851315e-15
4.218847493575595e-15
-1.4317436125566019e-12
2.0883295093199195e-13
3.62593288727453e-12
2.886579864025407e-15
1.0103029524088925e-14
6.217248937900877e-15
-64.04175526863307
61.790826774216605
-56.03621663930036
-86.20013380708015
-52.10769548120816
-4.885729610166883
30.150736143674976
19.25901305100556
3.0772016846913903
2.4646951146678475e-14
4.260480856999038e-15
5.551115123125783e-17
6.661338147750939e-16
-2.042810365310288e-14
-2.1510571102112408e-16
-4.440892098500626e-16
-2.3175905639050143e-15
1.7763568394002505e-15
272.5364766865073
104.09907542978883
225.70985474448042
203.26929883183684
110.781792608693
48.02558842807096
22.553793302579383
14.306281283944788
1.7910197912473649
3.6004532688593827e-13
-1.2191636589165e-14
1.1386308562677527e-12
-2.2648549702353193e-14
-1.653521763955723e-11
2.9912461396719436e-12
-7.636780097186602e-12
8.104628079763643e-15
-2.3359092438113294e-13
-20.83608844411357
-60.38433874967665
-18.038927495669043
-27.62125324079603
-14.41783577212848
-10.119271933886075
9.29025060592182
5.902565451543303
0.47293383912277065
-4.8405723873656825e-14
1.1456113835350834e-14
-3.95516952522712e-16
-3.990141550502813e-12
-2.8310687127941492e-14
-4.335420911161236e-14
8.881784197001252e-16
-5.328404384385976e-12
2.220446049250313e-15
4.021494247862691
-46.914441866333945
5.56667688503161
1.7362728140852595
2.676854978179602
-4.663046988754175
3.792078296605208
2.3603608606825297
0.09480710312605267
1.003974681168529e-12
1.5279444376403717e-14
3.8441472227646045e-15
-3.722355756963225e-12
-2.4963364708696645e-13
0.0
-1.3322676295501878e-15
3.1086244689504383e-15
-3.552713678800501e-15
5.856634177103814
-38.13047950489421
8.528919163118854
5.208312460728447
4.920678271601272
-3.0792318958107714
3.416907449420508
2.0785329430776907
-0.0108863943968181
-1.3211653993039363e-14
-4.454769886308441e-15
1.1102230246251565e-16
3.3306690738754696e-16
4.3298697960381105e-15
-2.220446049250313e-16
-6.661338147750939e-16
-3.9968028886505635e-15
1.5543122344752192e-15
13.281582569718445
-42.407604442749374
15.029251345505536
6.231604691383701
5.647493570651498
-2.279213563867785
8.881393599304861
5.338219667293513
-0.2621044567578321
1.2212453270876722e-15
3.698430450782553e-15
-3.0461744238152733e-15
6.314393452555578e-15
-1.021405182655144e-14
-1.1102230246251565e-16
2.0317081350640365e-14
8.326672684688674e-15
-1.3322676295501878e-15
50.04159456197377
-97.41309212945839
38.07250864130026
7.933345811888259
4.456174098820643
1.2230485758556537
30.109764118743968
20.238923112822324
-7.315911719023191
1.3433698597964394e-14
-9.575673587391975e-15
-3.608224830031759e-16
-7.438494264988549e-15
-4.107825191113079e-15
-1.1102230246251565e-16
2.220446049250313e-15
-2.609024107869118e-15
-4.440892098500626e-16
10.645390424719906
-72.35735527830195
7.33262793754183
0.12578933310824425
0.078319240580079
-0.7503658517740002
7.165199835551036
6.620314402343585
-7.291807913259248
-9.181544413650045e-14
-5.440092820663267e-14
3.3806291099836017e-14
-2.7422508708241367e-14
5.467848396278896e-14
9.547918011776346e-15
2.274846977456946e-13
4.14890344302421e-13
5.85420600884845e-13
6.967168146836869
-61.416305620218154
5.802171570444834
0.271823975409923
0.17643466794059748
-1.2235224467187766
5.49444937421906
5.484800394389925
-6.1575094429550035
2.886579864025407e-15
9.867107131356079e-15
-1.457167719820518e-15
-1.3211653993039363e-14
3.341771304121721e-14
-1.509903313490213e-14
4.807265696626928e-14
-5.612177389480166e-14
8.881784197001252e-16
8.852732677569499
-61.64151054873618
9.018426749198445
2.9217840670302877
1.9008354588200973
-1.2969475136359128
6.071152132864782
5.9391610901615906
-5.619756545336131
1.4210854715202004e-14
-7.077671781985373e-16
1.1102230246251565e-16
4.440892098500626e-16
4.218847493575595e-15
2.220446049250313e-16
1.1102230246251565e-16
2.1094237467877974e-15
-4.440892098500626e-16
9.232772395534454
-59.440919014297464
10.275370522558934
0.8370045889587843
0.5623591396257552
0.3565559043293125
9.430418390487667
8.085758339639787
-4.788877185997585
-7.682743330406083e-14
6.94999613415348e-14
-2.3409052474221426e-13
-5.040412531798211e-14
7.702172233337023e-13
-1.5766554728458004e-13
2.176925306685007e-12
8.876233081878127e-14
-2.05613304160579e-13
1.8602918028619515
-50.297861440854916
4.109752312994111
-8.266216736623512
-5.358397894166089
0.5592605070143586
12.38681421712942
10.02267096659371
-3.906026911169789
4.6851411639181606e-14
2.7727820040013285e-14
5.551115123125783e-17
7.105427357601002e-14
-1.517674874662589e-13
5.440092820663267e-15
-1.6653345369377348e-16
6.661338147750939e-16
8.881784197001252e-16
-16.45466811187154
-35.18259830080558
-11.56048484538235
-22.208317301079646
-14.462572526340267
-1.4563725764021278
10.685779466473392
9.545145489595162
-3.4975154859364466
9.769962616701378e-15
1.2212453270876722e-15
-2.7755575615628914e-16
1.2001510896197942e-13
6.661338147750939e-15
-3.608224830031759e-16
3.3306690738754696e-16
4.218847493575595e-15
-1.3322676295501878e-15
-39.44097130727883
39.213853551658076
-36.60975944516582
-54.468909081208366
-35.4326417035385
-4.213740528953901
17.82712740151593
11.04747061403667
1.2298233257120135
-1.4654943925052066e-14
2.3314683517128287e-15
5.551115123125783e-17
3.9745984281580604e-14
-6.938893903907228e-15
6.106226635438361e-16
-4.996003610813204e-16
2.3314683517128287e-15
1.7763568394002505e-15
-51.20464147008962
-4.633178346254398
-41.98554915288872
-46.56363128585252
-30.421631102155636
-3.7505316164010143
4.586660976324183
5.850276468738592
-3.966615668631576
-2.7977620220553945e-14
1.1711551867188419e-14
-2.1038726316646716e-14
8.049116928532385e-16
2.7755575615628914e-16
-2.7755575615628914e-17
-4.440892098500626e-16
4.440892098500626e-16
0.0
24.424454392380056
-29.95851369284344
22.620144241878222
21.500159674638528
14.851585768291564
2.162344902324522
1.0958402404511531
0.7091167693301195
0.09047006045295802
-1.4654943925052066e-14
-2.7755575615628914e-16
2.5743296383495817e-14
-1.7763568394002505e-15
7.105427357601002e-15
-4.718447854656915e-16
0.0
2.3314683517128287e-15
4.440892098500626e-16
-74.40396098221744
-3.3854742607832122
-63.901141180781956
-65.11665712151162
-36.938251090279614
-11.169511733944638
1.1601798595015609
0.724808847030733
0.07179924237837909
1.7319479184152442e-14
-4.912736883966318e-15
-3.7643499428696714e-16
8.881784197001252e-16
-8.659739592076221e-15
-1.6653345369377348e-16
-2.220446049250313e-16
-1.7763568394002505e-15
-4.440892098500626e-16
6.833937665399652
-5.455577253453512
6.377206828314982
5.755262337756353
3.5904833573934525
1.353552823937136
0.7022120579817113
0.4246881027451508
0.03278359053132651
-5.10702591327572e-15
1.2906342661267445e-15
2.7755575615628914e-17
0.0
1.7763568394002505e-15
-4.718447854656915e-15
8.881784197001252e-16
2.3803181647963356e-13
3.9257486150745535e-13
0.7107322940207439
-5.290206520385169
1.1265459191421314
0.3720906764189014
0.5250816014154722
0.36883687949983823
0.800732296347391
0.46264419177733623
0.015754782801712164
-6.661338147750939e-16
-4.440892098500626e-16
1.3877787807814457e-16
-5.551115123125783e-17
2.886579864025407e-15
-1.4988010832439613e-15
-7.771561172376096e-16
-3.9968028886505635e-15
-3.3306690738754696e-16
12.2668936132889
-17.346395549409557
10.620338856371063
0.6083498409210222
0.8173314623664085
-0.36867144515502304
9.996916054992328
5.93358550836658
-0.08974327435286633
-1.2656542480726785e-14
9.853229343548264e-15
-3.0531133177191805e-16
-1.3322676295501878e-15
4.6629367034256575e-15
1.3322676295501878e-15
3.885780586188048e-16
8.881784197001252e-16
0.0
-14.963723144006869
-29.262397221896663
-12.988322372547252
0.2946887086714014
0.18363735567878336
-0.9734878765774937
-13.240776599688672
-6.482234898906924
-5.10879098390032
3.930189507173054e-14
-8.409939411535561e-15
-1.532107773982716e-14
1.354472090042691e-14
8.071321389024888e-14
6.34492458573277e-14
-7.771561172376096e-16
-1.8474111129762605e-13
-1.0258460747536446e-13
2.5471454576682504
-21.775987609444826
2.4253974509780534
-0.030409843196466113
-0.01709703098172355
0.3619501253653628
2.468504404775601
2.305287663471752
-1.8977646417635867
-5.573319583618286e-14
3.400058012914542e-16
1.3183898417423734e-16
-2.220446049250313e-16
-5.551115123125783e-15
-1.6653345369377348e-16
1.1102230246251565e-16
-1.7208456881689926e-15
0.0
-0.25793143108055006
-0.022998798666947096
-0.1713184201800786
1.8667178834335871
1.2652956790213565
1.0899965841326846
-2.055708570925729
-1.4129176996039696
-0.19807923597610388
-1.84297022087776e-14
5.662137425588298e-15
-1.3877787807814457e-16
-1.5543122344752192e-15
8.881784197001252e-15
2.220446049250313e-16
3.3306690738754696e-16
3.6637359812630166e-15
0.0
-0.6101685533461279
-26.1037523114775
0.19396125506033002
1.21844601533639
0.8340081207847163
1.8914531158923817
-1.0473572555238064
0.16724133141956088
-2.8497918824676063
4.618527782440651e-14
-4.034619860426858e-14
6.149247777642586e-14
-8.326672684688674e-14
-1.5898393712632242e-13
-5.234701561107613e-14
-3.3373304120232206e-13
-2.503552920529728e-13
-2.5068835896036035e-13
5.006273066882166
-25.121906090472024
5.261687498477414
2.1853876250795388
1.494248164443679
0.052777893032691425
3.045193960719626
2.4001033123856637
-1.9818142656433864
-2.6423307986078726e-14
6.449701883681769e-15
2.456368441983159e-15
-2.220446049250313e-15
2.4424906541753444e-15
-8.326672684688674e-17
5.551115123125783e-16
-9.43689570931383e-15
2.0872192862952943e-14
2.832655867579085
-26.74339483413401
3.6869330646575356
3.4236264454776233
2.3120265461012686
-0.8341142917990436
0.24398136370141543
0.8569578373618588
-2.4460969999189075
1.2212453270876722e-14
-5.783568068906675e-15
1.1102230246251565e-16
-2.55351295663786e-15
-2.220446049250313e-16
-1.6653345369377348e-16
0.0
8.548717289613705e-15
-8.881784197001252e-16
-1.5910508595884068
-31.551173744760153
1.6060251081655998
0.3831538302571715
0.24817921023762324
-0.08844584725895599
1.2473957198621575
2.2053424642955655
-2.85345609019776
-1.3322676295501878e-14
7.264371396087377e-15
6.046552147864759e-14
-6.961098364399732e-14
3.952393967665557e-14
-1.4988010832439613e-15
-1.8096635301390052e-14
-3.3217872896784684e-13
7.238654120556021e-14
-21.547242005755407
-23.945277120346276
-15.549782053391603
0.04504255247034061
0.02627250555728433
-0.16616595445512244
-15.493629370214599
-7.1305995401213735
-4.764950707579999
3.9968028886505635e-14
1.8596235662471372e-15
1.2212453270876722e-15
3.4416913763379853e-15
5.595524044110789e-14
6.772273714039656e-14
-2.220446049250313e-16
2.886579864025407e-15
4.440892098500626e-16
3.8767996905716022
-4.13914007110742
3.101121900217777
1.9817726687887358
1.2776018554602988
-0.7009245368165544
1.085140914080469
0.5868804549581625
0.05549466198276498
-2.886579864025407e-14
1.1934897514720433e-15
1.1102230246251565e-16
-3.3306690738754696e-15
-2.5673907444456745e-15
-4.440892098500626e-15
2.220446049250313e-16
-5.773159728050814e-15
4.440892098500626e-16
-3.5175849323175328
-5.7284118512262125
-4.332839016926769
-1.7528320535816988
-0.8105705233751177
-0.6190271400041567
-2.558668362175183
-1.683417919153328
-0.2763742397915614
4.440892098500626e-16
4.3021142204224816e-16
1.734723475976807e-16
0.0
3.83026943495679e-15
-4.440892098500626e-16
-2.220446049250313e-16
-2.3314683517128287e-15
0.0
-3.778550226829873
-7.447711219382612
-4.1019534468847425
-3.478382633636457
-1.9131005796337917
-0.15692744718163
-0.6347328601313649
-0.42198841846178325
-0.07140090260839926
-4.5075054799781356e-14
3.184952301893418e-15
-3.0531133177191805e-16
-2.6645352591003757e-15
1.7541523789077473e-14
8.770761894538737e-15
4.440892098500626e-16
7.882583474838611e-15
4.440892098500626e-16
-3.2660384602775565
-8.404242073797121
-3.3141182299680167
-4.280997006430866
-2.389171948744764
-1.4211237496505191
0.9511548176386171
0.6205619532225057
0.07233813722146287
-3.3084646133829665e-14
4.139050213680662e-15
3.885780586188048e-16
6.661338147750939e-16
-7.66053886991358e-15
-1.1102230246251565e-16
1.5543122344752192e-15
-2.4424906541753444e-15
-4.440892098500626e-16
-1.6636388249974061
-7.096711690808093
-1.7644019809330302
-2.7053899083068838
-1.4776569086404656
-1.5334455646831628
0.9295131898787474
0.6085899082861914
0.06236750674652303
1.4210854715202004e-14
-1.3308798507694064e-14
-3.3306690738754696e-16
-4.440892098500626e-16
5.773159728050814e-15
-4.718447854656915e-16
-8.881784197001252e-16
6.661338147750939e-16
-2.220446049250313e-16
2.359584119795997
-7.20043923813266
1.7585163652472886
0.06651241059644519
0.11585100272398208
-1.2759595238866979
1.6832571308824384
1.1058162105856795
0.08123388150797783
2.4646951146678475e-14
7.917277944358148e-15
0.0
7.216449660063518e-16
8.881784197001252e-16
4.649058915617843e-16
5.284661597215745e-14
-8.926193117986259e-14
3.8977154837027683e-13
7.887217441969412
-12.380386501619995
6.279453343399659
0.18108884840948747
0.2681487292576179
-1.0231974413065643
6.092242080249214
4.074382387957911
0.2621471787431944
-4.618527782440651e-14
-7.799316747991725e-15
-2.0816681711721685e-16
-2.220446049250313e-16
-2.55351295663786e-15
-8.326672684688674e-17
-1.3322676295501878e-15
1.2611439670351388e-14
0.0
19.29231958621216
-11.752951166509092
16.15587143576046
0.3887000339983331
0.272384451443358
-0.34673953735292073
15.74703043144767
10.066144093993636
1.8504223162322262
2.220446049250313e-16
4.801714581503802e-15
3.0531133177191805e-16
-4.440892098500626e-16
2.3314683517128287e-15
1.1102230246251565e-16
8.187894806610529e-16
-1.4876988529977098e-14
0.0
11.376895505095206
-11.707617753553222
9.584459984075238
0.04972042501053409
0.07282009751667573
-0.7723782166545266
9.511323575981109
6.681660673684455
1.0294157237501054
6.17284001691587e-14
-9.662409761190816e-15
-2.7755575615628914e-16
-2.220446049250313e-16
4.218847493575595e-15
-1.6653345369377348e-16
6.00908212078366e-15
8.43769498715119e-15
-8.881784197001252e-16
-11.452896648633384
11.500761397098245
-9.846669041492682
0.19648186506188026
0.08671355353725474
-0.5491151924644366
-10.015634252780355
-7.4208185109668054
-1.5259922982113452
-3.885780586188048e-14
1.3877787807814457e-16
-1.249000902703301e-16
1.609823385706477e-15
-3.3306690738754696e-15
3.885780586188048e-16
-1.8318679906315083e-15
8.326672684688674e-16
-1.1102230246251565e-16
-3.2634752820922373
2.629222195183786
-3.5514613420618706
3.4401038069341823
2.2740522386614845
1.1630684284640425
-6.983908951254747
-4.332908883753795
-0.34267777997404814
4.618527782440651e-14
9.117706589734098e-15
6.938893903907228e-17
-1.5543122344752192e-15
1.9984014443252818e-15
-5.204170427930421e-17
8.881784197001252e-16
6.661338147750939e-16
-1.7763568394002505e-15
-29.105937453359996
-28.517732337529083
-23.410994797500614
0.1463986001104871
0.0631575217694369
-0.08615427848256996
-23.534352338540316
-10.565666871596946
-6.34442485533846
3.1086244689504383e-15
1.6653345369377348e-16
1.249000902703301e-16
2.6645352591003757e-15
1.1102230246251565e-15
-1.1102230246251565e-16
0.0
1.0325074129013956e-14
8.881784197001252e-16
-40.92819797123512
-17.89045524790822
-34.17358155746901
0.00719807718973442
-0.00973442540487568
-0.39577888400080563
-34.15485011938142
-18.048933035910466
-7.763040714551408
1.0436096431476471e-14
2.5413698923060224e-15
-3.788636071533347e-15
-9.992007221626409e-16
4.440892098500626e-15
2.220446049250313e-16
0.0
-1.199040866595169e-14
2.6645352591003757e-15
-12.05654659454359
11.29461760512089
-11.346158496546906
-0.036493508784815276
0.012576727015868983
-0.7713789490029184
-11.330382620092339
-7.501874859357066
-1.1316467762996085
-2.7977620220553945e-14
-2.942091015256665e-15
-1.0408340855860843e-16
0.0
-7.965850201685498e-15
1.27675647831893e-15
0.0
8.881784197001252e-15
-5.329070518200751e-15
-35.255250724803126
35.08452662270918
-31.952843061855628
-0.0408373819786334
-0.013799596194886021
0.25087895458987086
-31.917064899583565
-21.528017596470185
-3.0188180017248962
8.748557434046234e-14
-4.440892098500626e-16
2.220446049250313e-16
4.440892098500626e-15
-1.1324274851176597e-14
-3.3306690738754696e-16
4.440892098500626e-16
1.2212453270876722e-15
-4.440892098500626e-16
-40.06054709057507
21.35164612698361
-36.84694251353468
-7.669519926307814
-4.1841786731323225
-1.6038615096647533
-29.213834098892065
-19.694139116851133
-2.6023829508828964
-1.7541523789077473e-14
-1.2464855536631347e-14
-4.440892098500626e-16
1.1102230246251565e-16
-9.992007221626409e-15
3.885780586188048e-16
0.0
-5.10702591327572e-15
-8.881784197001252e-16
-38.23979593863241
-16.665169849924155
-31.300842272098038
-2.586353471153785
-1.7787395230456724
0.5116179797004765
-28.688537428015533
-14.666335541315066
-6.999642737044823
1.0658141036401503e-14
4.0419056990259605e-15
6.106226635438361e-16
-1.8735013540549517e-16
3.9968028886505635e-15
0.0
2.220446049250313e-16
1.8596235662471372e-15
9.992007221626409e-16
-19.331528640666455
-8.223249535967511
-15.64336361827867
-0.9534743254220324
-0.6703872583977066
0.8561632244735957
-14.687675374329867
-7.573856003045543
-3.597105074498863
-6.661338147750939e-14
2.8727020762175925e-15
-7.320533068622126e-16
-1.8856444183867893e-15
-1.532107773982716e-14
4.385380947269368e-15
-3.3306690738754696e-16
4.218847493575595e-15
2.220446049250313e-16
-15.438923529271747
-6.866500907843857
-11.349183537221087
-3.12811180502613
-2.0336409294981213
-1.0618570603965647
-8.186611261408558
-3.7129220292819682
-2.4893689637930976
2.864375403532904e-14
5.689893001203927e-15
-6.938893903907228e-18
2.220446049250313e-15
-4.551914400963142e-15
1.942890293094024e-16
3.3306690738754696e-16
-8.215650382226158e-15
-4.440892098500626e-16
-1.2615605881045227
-9.83949287859545
-2.0170312371004826
-2.9966794939429633
-1.822112908044943
-1.3766419558867327
0.9232410434551923
0.6539380370890484
0.119710729735786
-3.5083047578154947e-14
1.2377252001094519e-15
-3.3306690738754696e-16
1.1102230246251565e-15
2.886579864025407e-15
-2.636779683484747e-16
5.551115123125783e-16
2.4147350785597155e-15
0.0
5.495997695654154
-13.381108114371358
3.870344852148427
3.0178794202100843
1.8562006751531968
-1.1536956371648444
0.8451793431311305
0.5614658207309997
0.07949523408257653
3.3084646133829665e-14
1.5057399771478686e-15
1.734723475976807e-16
1.7763568394002505e-15
-7.105427357601002e-15
4.163336342344337e-17
-8.881784197001252e-16
3.3306690738754696e-15
0.0
-2.0322411518877317
-12.902219109401969
-2.4173179991935854
-2.9170220807114617
-1.3718413883781508
-2.0560002117398426
0.5116316019179266
0.3486855944050653
0.041070077238992475
1.5543122344752192e-15
-6.106226635438361e-16
-4.85722573273506e-17
5.551115123125783e-16
6.217248937900877e-15
2.220446049250313e-16
2.220446049250313e-16
4.6629367034256575e-15
-2.220446049250313e-16
-0.606448788889967
-12.997800355340686
-0.9640752407535942
-1.3414479688411944
-0.37387192640723677
-2.3151987201458724
0.39182778308406085
0.2689399251181257
0.025180248552167495
1.887379141862766e-14
-9.645062526431047e-15
-1.5959455978986625e-16
-3.6637359812630166e-15
9.103828801926284e-15
-1.1102230246251565e-16
0.0
-4.884981308350689e-15
8.881784197001252e-16
-1.460847046561124
-11.125136781610973
-1.3847875715484967
-1.4636514532819955
-0.4563116825300071
-1.998849614138173
0.08562739308353073
0.0616424247550329
0.004644133396813133
-2.4424906541753444e-14
1.6473801489613749e-13
5.360295540768334e-15
-1.7751355940731628e-12
-2.0732304761850173e-12
4.41591208044656e-13
3.530509218307998e-14
1.199040866595169e-14
2.3182566977197894e-12
-2.6346581343799915
-7.807149473704257
-2.1251422868187895
-1.9685712759210414
-0.8329655375045526
-1.1198256314450532
-0.15806638696440545
-0.10119453899336017
-0.004216174044137905
2.7533531010703882e-14
5.006411951669065e-15
1.0234868508263162e-16
-5.551115123125783e-16
3.9968028886505635e-15
2.220446049250313e-16
2.220446049250313e-16
5.329070518200751e-15
-2.7755575615628914e-16
-0.3759682073659478
-4.78885171146176
-0.09758947988917653
0.08782889400648132
0.1938079880928072
-1.350673199039008
-0.2013663194098898
-0.1310305163318466
-0.003056252062162701
2.398081733190338e-14
3.920475055707584e-15
-9.71445146547012e-17
9.992007221626409e-16
-3.2751579226442118e-15
-1.3322676295501878e-15
5.551115123125783e-16
-1.3322676295501878e-15
2.220446049250313e-16
1.6792867364734778
-2.61913349939314
1.6353915293438739
1.796950460198893
1.0868580659116986
-1.5289442683360903
-0.18165981126607456
-0.11649987653513882
-0.0007445387236312273
1.0880185641326534e-14
-1.2406742300186124e-14
6.938893903907228e-17
4.440892098500626e-16
-1.1879386363489175e-14
-1.7541523789077473e-14
-9.992007221626409e-16
1.3322676295501878e-15
-5.551115123125783e-17
2.5559515245757662
-1.3429515091329627
2.3275990412413634
2.471185534999144
1.445626433079866
-1.0708432734894444
-0.16083870873132788
-0.10059227731986198
0.0010430334230089322
-2.531308496145357e-14
3.164135620181696e-15
1.942890293094024e-16
-4.440892098500626e-16
2.8345381597461028e-15
1.6653345369377348e-16
6.661338147750939e-16
-5.995204332975845e-15
-3.3306690738754696e-16
0.6286174153089394
-0.4304461522322214
0.6301576082533629
0.7985933561299845
0.4935485790317884
0.5781099499419398
-0.17862672379422317
-0.10908912772815604
0.0030626818534802702
9.769962616701378e-15
1.1379786002407855e-15
-2.7755575615628914e-17
-2.220446049250313e-16
-7.993605777301127e-15
7.549516567451064e-15
-9.43689570931383e-16
8.43769498715119e-15
3.885780586188048e-16
-7.253168931060647
5.656452706498754
-5.0654733919463455
-0.1175082358844306
0.046059886479262964
0.5737464284859257
-4.966407234582848
-3.1186451075220765
0.1218699313702798
-6.661338147750939e-16
2.0926728232228964e-15
5.551115123125783e-16
9.43689570931383e-16
1.554312234475219e-14
-1.3988810110276972e-14
-3.4416913763379853e-15
-3.219646771412954e-15
1.0658141036401503e-14
4.615083789156728
-2.239837381809423
3.5654910149951533
-0.3481415408369912
-0.24598957711472558
0.41034826746421693
3.928796470702735
2.3797354920642184
0.2215893530109554
-5.484501741648273e-14
-4.801714581503802e-15
2.0816681711721685e-16
-1.6653345369377348e-15
-9.658940314238862e-15
6.511458039426543e-14
2.1094237467877974e-15
1.6653345369377348e-15
1.1102230246251565e-16
11.003574553917126
-2.5310513574659694
9.194508357649724
0.0005361702450770167
0.009454539699000009
0.4833415267945864
9.215134411723724
5.472126217573881
1.068822040780745
-5.329070518200751e-15
-2.3314683517128287e-15
5.551115123125783e-17
1.3322676295501878e-15
-7.327471962526033e-15
-1.609823385706477e-15
-1.1934897514720433e-15
-3.774758283725532e-15
-4.440892098500626e-16
4.354966650222167
-2.523019535851148
3.6108295721879813
-0.003945854962090323
0.0001845422140380748
0.5592368604630731
3.6389895183246357
2.3065211459267587
0.3222031853106131
4.463096558993129e-14
-1.061650767297806e-15
1.3877787807814457e-16
-1.4432899320127035e-15
1.5543122344752192e-15
-4.111294638065033e-16
1.4710455076283324e-15
-1.9984014443252818e-15
-4.440892098500626e-16
-5.419414367343695
5.075599345662567
-4.100210876631731
-0.005212928396304051
0.002505418171482532
0.8162052051561721
-4.082031175766332
-2.4815772629499406
0.08512003615093455
-2.1760371282653068e-14
7.889522368742519e-15
-4.5449755070592346e-15
-1.4432899320127035e-15
1.942890293094024e-16
-4.704570066849101e-15
-1.2656542480726785e-14
1.2934098236883074e-14
-2.1316282072803006e-14
12.8548255395158
-3.969725922811229
10.67128759260111
-0.031245781242787984
-0.028476956226034744
0.3591473704115613
10.705856646053938
6.331740211574235
1.133274493230516
6.439293542825908e-15
-4.135580766728708e-15
7.355227538141662e-16
5.329070518200751e-15
-1.2045919817182948e-14
-4.891920202254596e-16
1.887379141862766e-15
-3.219646771412954e-15
1.1102230246251565e-16
7.796095545364177
-5.144729663862805
6.37985223557054
-0.0776583405941551
-0.05493754343406643
0.1790871006699557
6.453548197780691
3.8469095947776806
0.35112436269261593
-3.064215547965432e-14
-3.219646771412954e-15
-2.220446049250313e-16
-1.5543122344752192e-15
9.034439862887211e-15
1.4710455076283324e-15
-1.1102230246251565e-16
3.9968028886505635e-15
0.0
5.344444326406258
-6.843104243940089
4.34435902538581
-0.019579076589113953
-0.016407688768977025
0.2281194623890204
4.360481361502067
2.68747778416038
-0.13750861687593385
3.3306690738754696e-15
9.020562075079397e-16
1.3877787807814457e-16
1.7763568394002505e-15
-5.9674487573602164e-15
-2.220446049250313e-16
-2.220446049250313e-16
-7.771561172376096e-15
1.6653345369377348e-16
4.171402813296542
-8.85158637990902
3.462130788690601
0.11105418158403069
0.07308876605813985
0.43238081770516823
3.347818325924571
2.160488936185307
-0.491735628079482
4.729550084903167e-14
1.0706713293728853e-14
-3.8719027983802334e-13
0.0
2.6423307986078726e-14
1.8984813721090177e-14
1.0125233984581428e-13
9.092726571680032e-14
-1.2961853812498703e-13
3.0764197381995473
-11.463210727318113
2.7010700568739914
0.27771324546399967
0.19533340820650477
0.873107678225419
2.419899334948717
1.7118745706798681
-0.8913332266452656
-2.864375403532904e-14
-6.845218836204481e-15
-1.6653345369377348e-16
2.220446049250313e-15
2.4424906541753444e-15
-5.551115123125783e-16
-4.440892098500626e-16
-7.438494264988549e-15
1.7069679003611782e-15
1.9283174832428411
-13.751484533908837
2.027774815248201
0.03337786406704879
0.029612952808690807
1.221185753928955
1.9911599965949307
1.5485593972503207
-1.2512001085055289
9.547918011776346e-15
1.2739809207573671e-14
-2.0816681711721685e-16
4.440892098500626e-16
-3.9968028886505635e-15
1.1102230246251565e-16
0.0
9.103828801926284e-15
7.632783294297951e-17
2.05454332976747
-15.876283148606916
2.565584986608762
-0.0812534364349089
-0.05114717576896588
1.2845374620552221
2.6423996753062386
1.9657559998962635
-1.4385657657228066
7.105427357601002e-15
-6.467049118441537e-15
7.424616477180734e-16
-8.881784197001252e-16
8.215650382226158e-15
-3.608224830031759e-16
4.440892098500626e-16
-3.497202527569243e-15
-1.6653345369377348e-16
3.3843518993396025
-19.960302959523773
4.305389134210031
0.06338707259346421
0.045844763380448184
-0.8900723527404699
4.233512871376156
3.0011409004613654
-1.6158513840807063
2.353672812205332e-14
5.9396931817445875e-15
-1.0770247541036504e-14
-1.1879386363489175e-14
-2.7977620220553945e-14
3.885780586188048e-16
-2.7533531010703882e-14
2.5979218776228663e-14
6.8833827526759706e-15
-2.3258616742758775
-24.712516249056847
0.3457572641341109
0.03964078313214703
0.028195490787342955
-0.5595810551590222
0.3096075546480499
1.1256470710868953
-2.673282536526173
-1.887379141862766e-14
1.1102230246251565e-16
4.579669976578771e-16
2.55351295663786e-15
-1.6431300764452317e-14
-2.220446049250313e-16
2.220446049250313e-16
-4.107825191113079e-15
-8.881784197001252e-16
-24.653680668491944
-21.212731891917144
-18.597125398412377
-0.009572161746575603
-0.0007939526672200437
-0.21827685891267712
-18.544679875311758
-9.307622603844017
-5.448977609628884
6.8833827526759706e-15
-9.71445146547012e-16
3.802513859341161e-14
-3.6637359812630166e-15
-5.10702591327572e-15
-3.337607967779377e-15
1.6653345369377348e-16
-3.141931159689193e-14
8.881784197001252e-15
4.986516428754356
-5.2222015581311325
4.695265418974628
0.007439749409712705
0.008594066002522993
-0.6690436534183757
4.6859932833538664
2.558077736839877
-0.04086214276389555
5.88418203051333e-14
-8.257283745649602e-15
-6.661338147750939e-16
2.3314683517128287e-15
5.662137425588298e-15
-6.938893903907228e-17
7.216449660063518e-16
3.6637359812630166e-15
1.3322676295501878e-14
-31.980065308138084
-16.021900423245853
-24.54027865722091
-0.9463914261446789
-0.6119472777490493
-0.30985992060629686
-23.56195037920064
-12.349407292341674
-5.988958373331791
-4.107825191113079e-14
-2.7755575615628914e-17
9.71445146547012e-17
-2.220446049250313e-16
-7.66053886991358e-15
0.0
1.1102230246251565e-16
-2.6645352591003757e-15
8.881784197001252e-16
2.908209235573814
-1.5987827742468887
2.1263146547301517
2.28569615853354
1.3863896036289844
2.214321986204041
-0.16553090130233272
-0.25572113472213687
-0.2024685969629374
3.375077994860476e-14
-3.5561831257524545e-15
1.734723475976807e-17
-2.220446049250313e-16
6.661338147750939e-15
0.0
2.220446049250313e-16
9.492406860545088e-15
-4.440892098500626e-16
-2.1234180249937182
-0.8755501108679482
-2.0605272409427045
-1.4084288028364824
-0.7753943800275208
0.37147608191207837
-0.6750000552711128
-0.5277893075469535
-0.1930549636735055
-1.84297022087776e-14
1.1522033327437953e-14
-6.800116025829084e-16
7.0464467594177904e-15
3.907985046680551e-14
2.3148150063434514e-14
9.214851104388799e-14
-4.707345624410664e-14
-4.8405723873656825e-14
3.4004499599769744
-6.530933471038253
3.2013776208137728
-1.8750404257769162
-1.033844503986785
-0.8095216265002421
5.0602255805851115
3.18125763626044
0.27641790947217876
2.6423307986078726e-14
-2.2620794126737565e-15
-5.079270337660091e-15
4.440892098500626e-16
3.552713678800501e-15
0.0
-3.0309088572266774e-14
-2.6867397195928788e-14
-3.552713678800501e-14
-19.547345099387446
8.969771641484897
-14.749445745692025
-9.335054323686506
-6.026666982390893
-2.519665622945106
-5.414620432327212
-2.8294866111266397
-1.236769171438695
-6.23945339839338e-14
1.7459991785706563e-15
-1.3877787807814457e-16
-2.4424906541753444e-15
-7.993605777301127e-15
-2.7755575615628914e-17
-3.375077994860476e-14
-4.440892098500626e-16
-1.3322676295501878e-15
9.262224802157704
-5.537888609681772
7.318497375749261
6.718254881611955
4.158524601739401
0.45701565167516023
0.5888103194324685
0.39098758545969764
0.04049709861627626
1.1013412404281553e-13
1.5126788710517758e-15
1.3877787807814457e-16
3.1086244689504383e-15
8.881784197001252e-16
-5.551115123125783e-17
2.220446049250313e-16
2.55351295663786e-15
8.881784197001252e-16
2.6825746273567006
-1.6989537702812925
2.6027731411372352
-0.41531917863687795
-0.2935506836099364
0.09123347265022641
3.0143104368416687
1.9268231411398686
0.3803925611117193
2.90878432451791e-14
-9.103828801926284e-15
-3.191891195797325e-16
-1.9984014443252818e-15
9.325873406851315e-15
8.326672684688674e-17
4.440892098500626e-16
1.942890293094024e-15
-8.881784197001252e-16
-0.09151549284104021
-2.8237350514612274
0.3074681768124634
0.0008887803709711761
-0.002507616334629148
-0.026287424644573676
0.30577519967414446
0.44487226286048376
-0.15312604784588757
-6.905587213168474e-14
9.728329253277934e-15
1.314378293704177e-14
-1.1657341758564144e-15
-4.4853010194856324e-14
5.6066262743570405e-14
1.0058620603103918e-13
-2.3092638912203256e-14
2.4868995751603507e-14
0.7476729504495978
-1.0422847559245838
0.7279108963089236
-0.007530019891703432
0.0017750215351313159
-0.6724641123507955
0.735047616290629
0.5143467942265758
0.09279410338570138
1.1102230246251565e-15
-6.439293542825908e-15
-2.7824964554667986e-15
1.609823385706477e-15
3.1086244689504383e-15
-2.220446049250313e-16
6.661338147750939e-16
2.6645352591003757e-15
4.884981308350689e-15
1.3798241082960236
-1.576106987337596
1.3553819428613103
-0.023629713743503093
-0.009463869195233343
0.502629206641221
1.379006055964368
0.9460162824901523
0.18638220188934884
-2.2870594307278225e-14
1.942890293094024e-15
3.885780586188048e-16
1.4432899320127035e-15
-1.7763568394002505e-15
-2.7755575615628914e-17
-7.632783294297951e-16
7.993605777301127e-15
1.1102230246251565e-16
-9.555235447874395
9.195339341948284
-8.411758874997957
-1.8597606375737323
-1.026028866627363
0.2867747095122255
-6.550791005017842
-3.8386864760192765
-0.3673545822481934
-1.84297022087776e-14
-1.3600232051658168e-15
5.551115123125783e-17
-3.497202527569243e-15
3.1086244689504383e-15
-1.43982048506075e-16
6.661338147750939e-16
-7.105427357601002e-15
8.881784197001252e-16
-35.50366128795011
-20.625061631065023
-23.082418969679352
-4.138063159313887
-2.4095363336038425
0.04858078866426041
-18.944109080465456
-7.3607468611297975
-5.541933786131395
7.127631818093505e-14
-4.5727310826748635e-15
-1.2712053631958042e-14
-1.532107773982716e-14
1.27675647831893e-14
-1.7763568394002505e-15
-4.529709940470639e-14
-6.661338147750939e-15
-1.942890293094024e-13
-17.765435845880432
32.16505205127646
-19.299038395896904
-2.0040221987341056
-2.8173868202203494
-1.0806950649253793
-17.295466452669658
-11.175533979796285
-2.198603574264607
-1.1102230246251565e-14
-7.049916206369744e-15
1.0408340855860843e-16
1.9984014443252818e-15
-5.551115123125783e-15
-2.7755575615628914e-16
-5.617728504603292e-14
-3.524958103184872e-15
-2.220446049250313e-16
-48.56763733483818
50.90677891984183
-51.043304549469866
5.253127693525585
2.8345089158417522
-0.294974081663554
-56.29601646360094
-36.96551249819957
-6.647150179996581
-4.551914400963142e-14
5.689893001203927e-15
-2.7755575615628914e-16
-1.7763568394002505e-15
3.9968028886505635e-15
-1.4988010832439613e-15
-1.6431300764452317e-14
-6.661338147750939e-16
-1.3322676295501878e-15
-79.24627583234067
70.82524127280942
-75.94510233693612
-5.203008010613445
-2.9616814811876964
-1.0536952792532333
-70.7409026318853
-46.90377466037437
-7.5249596251488065
7.37188088351104e-14
-2.275957200481571e-15
5.551115123125783e-17
1.2490009027033011e-15
-4.440892098500626e-16
-2.0566881531181025e-14
-1.7763568394002505e-15
4.440892098500626e-16
6.661338147750939e-16
-81.97171270086136
76.00015373997542
-74.85795020814211
-1.9360487829928275
-0.9521712845877914
-1.5233256964836812
-72.92087528805266
-48.59273922618665
-6.352355243933031
-3.863576125695545e-14
5.745404152435185e-15
5.551115123125783e-17
-1.9984014443252818e-15
3.552713678800501e-15
3.3306690738754696e-16
2.1094237467877974e-15
7.105427357601002e-15
-5.551115123125783e-17
-31.153807033063686
31.009170451941316
-28.03791298512743
-0.6480501935859877
-0.42563129667441046
-0.684999749099827
-27.389651090184064
-17.57909751268072
-1.8209452804442998
3.774758283725532e-15
4.838794295802806e-15
0.0
7.771561172376096e-16
1.9984014443252818e-15
1.062171184340599e-14
-1.7486012637846216e-15
-2.275957200481571e-15
2.220446049250313e-16
-20.683408712358073
19.799511515094423
-19.67416815515236
4.38488040813202
2.5730740735292468
0.014145066853906485
-24.059644216481203
-15.691580233839904
-1.5855341950650015
-3.108624468950438e-14
-8.526165884426007e-15
1.7486012637846216e-15
1.0325074129013956e-14
-1.3322676295501878e-14
6.938893903907228e-17
9.159339953157541e-16
-3.8441472227646045e-15
-8.881784197001252e-16
-1.6979328976257477
-7.030693887106914
-2.655729878453274
0.5223828688852166
0.27499236544855776
-1.2134526670401868
-3.1778423382308816
-2.03355433716296
-0.18018162337314847
-7.72715225139109e-14
1.4363510381087963e-15
1.3877787807814457e-17
-1.3322676295501878e-15
8.215650382226158e-15
1.0227929614359255e-14
2.220446049250313e-16
5.1746801288388156e-15
1.1102230246251565e-16
-0.9519772969678256
-11.044226559208441
-1.753416174893374
-1.9708977528017897
-1.1029122211934421
-1.6830655799026601
0.21541344326697498
0.1611127373115
0.012249395889026404
1.3322676295501878e-14
1.7208456881689926e-15
0.0
1.3322676295501878e-15
1.1102230246251565e-15
2.8477220581635265e-14
1.1102230246251565e-16
-3.1086244689504383e-15
2.220446049250313e-16
1.0680603084430764
-12.625164764615135
0.07492567007080453
-0.08054061054662043
0.09563173807791969
-1.985513021289762
0.15337790850713162
0.10842180744547747
0.005903617284546359
-2.19824158875781e-14
9.575673587391975e-16
6.938893903907228e-17
-1.9984014443252818e-15
2.4424906541753444e-15
-3.3306690738754696e-16
7.771561172376096e-16
1.7763568394002505e-15
-4.996003610813204e-16
0.46168569792599534
-13.16557525660616
-0.16523555642812227
-0.1396613463928631
0.17138338592745672
-2.1787654544736057
-0.02721232905681248
-0.015074763429652194
-0.003278369348694188
1.4654943925052066e-14
4.4825254619240695e-15
-3.191891195797325e-15
3.3306690738754696e-16
-9.325873406851315e-15
2.7755575615628914e-15
1.9984014443252818e-14
-1.3100631690576847e-14
8.559819519859957e-14
-0.6127282041618898
-12.771039332878686
-0.7273080501301976
-0.6209988703895739
-0.017675616008977713
-2.0872804294692813
-0.10829892317121904
-0.07164709800166946
-0.004995277889688787
3.1308289294429414e-14
-3.8441472227646045e-15
-2.7755575615628914e-17
1.1102230246251565e-16
5.551115123125783e-15
-1.1102230246251565e-16
1.1102230246251565e-15
-7.327471962526033e-15
2.7755575615628914e-17
-1.492006580669615
-11.421277451089026
-1.148476573054543
-1.0366276297146786
-0.2128433673035346
-1.634645819416015
-0.11564156653715418
-0.07843477781165242
-0.003385272236845621
3.774758283725532e-15
-2.6229018956769323e-15
5.551115123125783e-17
-1.1102230246251565e-16
-5.995204332975845e-15
1.6653345369377348e-16
-2.1094237467877974e-15
5.10702591327572e-15
-2.7755575615628914e-17
-2.2662564635222466
-9.250867433958916
-1.5984279134328432
-1.4867723650108715
-0.4639537405754979
-0.783494245170651
-0.11617044587057457
-0.07740605768830822
-0.0018921023399470214
-3.6637359812630166e-14
-1.4432899320127035e-15
-8.326672684688674e-17
-1.1102230246251565e-16
-2.3314683517128287e-15
-2.220446049250313e-16
2.7755575615628914e-15
5.551115123125783e-15
-5.689893001203927e-16
-1.1087633188865507
-7.244732031848358
-0.509231998125685
-0.4029006614257682
0.09586560543273492
-1.3118529823777507
-0.11558297512513248
-0.07557768314901914
-0.000920365011175206
-4.263256414560601e-14
1.2281842209915794e-15
4.163336342344337e-17
-4.884981308350689e-15
-2.298161660974074e-14
2.220446049250313e-16
-1.1102230246251565e-16
-4.884981308350689e-15
6.245004513516506e-16
-0.33595873088820527
-5.067342808028442
0.12641323192216447
0.24794371664606274
0.3873986710584916
-1.7007228166244062
-0.13320120408648783
-0.08010840847535228
-0.0007534992410234143
7.749356711883593e-14
1.5612511283791264e-15
-2.220446049250313e-16
-2.220446049250313e-16
7.049916206369744e-15
0.0
-8.951173136040325e-16
3.1086244689504383e-15
6.661338147750939e-16
-0.10523682312988747
-3.366965478289334
0.24647502498203266
0.32880509157065774
0.3670648863238313
-1.7638571981870683
-0.09811568096571932
-0.049383455256929665
-0.0027533836048809768
-2.731148640577885e-14
-3.497202527569243e-15
2.498001805406602e-16
3.3306690738754696e-16
-9.880984919163893e-15
0.0
1.0116907311896739e-14
9.869882688917642e-14
6.716849298982197e-15
-17.998493508292494
13.08761474872928
-13.2259422942425
-1.3779266798190335
-0.6488172469498039
-0.3421361615566205
-11.835553054299513
-7.368531495230933
0.11214726509391071
2.220446049250313e-14
6.63358257213531e-15
-9.700573677662305e-15
2.0844437287337314e-14
-1.3322676295501878e-14
1.4099832412739488e-14
-1.1102230246251565e-15
-3.9968028886505635e-15
0.0
8.176050965451878
1.8167866044865237
6.433286126573904
8.54530235557803
4.5744308975905525
2.3557797047379028
-2.1197196923672834
-1.1765476132067079
-0.4728450425167239
-4.6629367034256575e-14
-2.1441182163073336e-15
-5.204170427930421e-17
2.1649348980190553e-15
-1.099120794378905e-14
2.220446049250313e-16
1.3322676295501878e-15
-1.3322676295501878e-15
-5.551115123125783e-16
3.780567974117941
-0.7010240599707629
2.990121685593323
-0.3630731955264892
-0.24224087104804326
0.6922452416040743
3.378148871070934
1.9885213185924522
0.39035440296177626
5.995204332975845e-15
-4.98212582300539e-15
1.0255685189974884e-14
-4.440892098500626e-16
6.5503158452884236e-15
-5.551115123125783e-16
9.992007221626409e-16
-1.2212453270876722e-15
-2.671474153004283e-16
3.4911656091575756
-1.3264933623065644
2.802152413019087
-0.08439404638212979
-0.05305477806081704
0.7629612742095282
2.9064261802218283
1.7398844070668864
0.29720924840370344
8.104628079763643e-14
8.729128531115293e-15
8.326672684688674e-17
5.551115123125783e-16
-1.4099832412739488e-14
1.6653345369377348e-16
1.1102230246251565e-15
3.1086244689504383e-15
1.249000902703301e-16
2.3101472252508084
-1.8193784580999477
1.8618767501757783
-0.09037064121732286
-0.05959981240984824
0.47361923739976186
1.9607806670829397
1.2032800557145515
0.08737327928712091
-7.394085344003543e-14
-4.440892098500626e-15
-8.326672684688674e-17
-2.220446049250313e-16
8.965050923848139e-15
6.38378239159465e-16
-1.5543122344752192e-15
-4.440892098500626e-16
4.996003610813204e-16
1.3767917570657104
-2.4675301869534394
1.1737765996575504
-0.05035152099808471
-0.037959100802494206
0.6794186735774352
1.221622369189383
0.769686577390017
-0.11716214799932345
-6.128431095930864e-14
3.9968028886505635e-15
4.163336342344337e-16
1.1102230246251565e-15
-4.263950303950992e-15
-1.304512053934559e-15
3.6415315207705135e-14
7.91033905045424e-15
8.43769498715119e-15
-1.6635446826712297
-0.9248962733895993
-1.426063099193854
-2.425478061375962
-1.6796315740705339
0.20398495714714437
0.9893275029557387
0.6368202419725206
-0.2986721608106677
6.994405055138486e-14
-1.4432899320127035e-15
2.7755575615628914e-16
-1.3322676295501878e-15
3.3029134982598407e-15
5.273559366969494e-16
-2.220446049250313e-16
-8.368306048112117e-15
0.0
-2.7189047709453718
-1.5881563874579854
-2.130698621173522
-3.1545047442336696
-2.2143382242678875
-0.18873802819022423
1.015779975468753
0.6988176338174115
-0.4783743824959714
-1.9761969838327786e-14
-1.0436096431476471e-14
-5.551115123125783e-17
-6.661338147750939e-16
2.886579864025407e-15
-9.71445146547012e-17
2.7755575615628914e-16
9.992007221626409e-15
-4.440892098500626e-16
-1.0896415609492465
-6.146392412139363
-0.6811397256186638
-0.06257339381139104
-0.03879145238787096
0.1726888066557697
-0.601950345894636
-0.02818542942557833
-0.7182888787540236
9.992007221626409e-15
1.074140776324839e-14
3.70536934468646e-15
-4.085620730620576e-13
-1.8474111129762605e-13
1.3489209749195652e-14
3.069766663088558e-14
1.3988810110276972e-14
7.460698725481052e-14
1.1101925283862144
-1.3518871572965738
1.0054949870500032
0.014415408692677545
0.00749672502841392
0.312894659509968
0.9910251828161734
0.5891678220418584
0.02354117040211534
-2.90878432451791e-14
3.191891195797325e-16
4.0245584642661925e-16
4.440892098500626e-16
-1.3322676295501878e-15
-1.8540724511240114e-14
-6.661338147750939e-16
-3.552713678800501e-15
0.0
-0.9829038480462344
1.0087516238082799
-0.8679534981594941
0.11987341478885559
0.08214829582575867
0.5078361683337388
-0.9936947908972193
-0.7914739814509346
-0.19930601174567464
-2.0872192862952943e-14
3.6637359812630166e-15
2.498001805406602e-16
-2.7755575615628914e-15
-5.662137425588298e-15
1.5654144647214707e-14
5.551115123125783e-16
3.164135620181696e-15
-8.881784197001252e-16
-21.840495201946023
-12.611402464495427
-18.38525185078532
0.004264120726929832
0.004789819537397655
0.8542693137710885
-18.365019101602265
-10.05119819636105
-4.368613273521348
5.3734794391857577e-14
1.2947976024690888e-14
1.457167719820518e-16
3.802513859341161e-15
1.6653345369377348e-14
8.215650382226158e-15
-3.885780586188048e-16
-1.3322676295501878e-15
-8.881784197001252e-16
-3.9192050073041003
3.4427320308395224
-3.489012902098139
0.01765537562192776
0.01773273512949558
1.460655335996956
-3.509744187164344
-2.3129130599707466
-0.3057589049115599
3.019806626980426e-14
-8.465450562766819e-15
-9.71445146547012e-17
-1.887379141862766e-15
-8.215650382226158e-15
-1.2878587085651816e-14
-5.551115123125783e-16
-3.552713678800501e-15
4.440892098500626e-16
-9.010992508823634
9.05848068714738
-7.96488207867101
1.4479573588555397
0.9605977506988133
0.5676986845194865
-9.433210677316765
-5.9117999095052625
-0.3760776163537036
-2.020605904817785e-14
2.7755575615628914e-16
-2.7755575615628914e-16
1.4432899320127035e-15
-6.217248937900877e-15
-4.440892098500626e-16
1.0824674490095276e-15
7.771561172376096e-16
6.661338147750939e-16
-28.38621837388138
27.819111952251646
-25.05985967040271
4.000322316306054
2.9003782083220635
0.13867196948264393
-29.0780096039295
-18.092512821305093
-1.1204618069920453
-4.440892098500626e-15
3.6550623638831325e-15
1.3877787807814457e-16
1.9984014443252818e-15
6.661338147750939e-15
2.498001805406602e-16
0.0
5.551115123125783e-16
-4.440892098500626e-16
-86.24139380082823
-30.528881233005336
-73.91455211651447
0.3114238539115206
0.18568295362480566
-1.3030466514625738
-74.222454770054
-41.966472767632204
-16.004578572670397
-3.197442310920451e-14
-5.10702591327572e-15
-3.885780586188048e-16
-3.219646771412954e-15
-5.88418203051333e-15
-2.7755575615628914e-16
-8.881784197001252e-16
-5.551115123125783e-15
5.551115123125783e-17
-5.31043769418136
-21.20963435024504
-4.201362516286434
0.013140306520554645
0.008650888189182027
-0.3833412035083503
-4.219515550314767
-1.9538970160109714
-3.514670838009692
3.019806626980426e-14
6.994405055138486e-15
4.996003610813204e-16
-4.551914400963142e-15
9.880984919163893e-15
3.608224830031759e-16
3.2612801348363973e-16
1.176836406102666e-14
8.881784197001252e-16
-14.747813220086627
-21.775636732533343
-11.643232242319797
-0.01773420472279419
-0.002892772575503688
-0.7510724958590018
-11.586907143575765
-5.610384415068808
-4.440478197351467
-1.1324274851176597e-14
-9.811595980124821e-15
9.421456670377637e-14
-1.544597783009749e-14
2.5723867480564877e-13
1.9902135495186712e-13
9.270362255620057e-15
1.2434497875801753e-14
2.220446049250313e-15
-5.624410544302158
5.494965852432415
-5.171658814465751
0.01082267685742977
0.005554037605641327
-0.22338264430288746
-5.1884825000900605
-3.345087513851631
-0.3962471430540724
1.0658141036401503e-14
8.021361352916756e-15
-5.273559366969494e-16
-3.83026943495679e-15
7.882583474838611e-15
2.220446049250313e-16
1.1102230246251565e-16
6.494804694057166e-15
4.440892098500626e-16
6.4017933491758185
-6.774636421303852
5.394526940391586
0.03643144463578096
0.020770010207598943
1.0238397834356925
5.347370126159483
3.1274484275095418
-0.1009639886390512
-1.3322676295501878e-14
-5.329070518200751e-15
6.938893903907228e-17
2.4980018054066022e-15
-7.13318293321663e-15
5.551115123125783e-17
1.1102230246251565e-16
4.773959005888173e-15
0.0
-31.968066208203368
-22.279714743178545
-25.8937479350614
0.11812636010885226
0.07329369863859303
-0.023051695055039872
-25.989496102249106
-13.591344068422636
-6.414449934875009
-9.992007221626409e-15
-4.5102810375396984e-15
-1.3877787807814457e-17
-1.5543122344752192e-15
2.886579864025407e-15
0.0
-4.996003610813204e-16
4.440892098500626e-15
1.1102230246251565e-16
-35.30902436802326
-14.128970521170203
-28.844618987156935
0.22802201361201926
0.15280593256010988
-0.2232322837269032
-29.037695843795788
-15.575950183670463
-6.153349710718317
3.1086244689504383e-15
2.26554885962571e-14
9.245382237565991e-14
-3.479994070687553e-13
3.8413716652030416e-14
-1.0175055242811482e-12
-2.095545958979983e-13
9.14823772291129e-14
-3.950173521616307e-13
-31.391396424731994
-9.822286814588452
-25.573544573805655
-0.020153079373002925
-0.00465047171910271
-0.3915313344083473
-25.527579644994994
-13.784121995472793
-5.330271967882695
1.6209256159527285e-14
-5.676015213396113e-15
-1.3877787807814457e-17
4.215378046623641e-16
-4.884981308350689e-15
-1.3877787807814457e-16
-3.774758283725532e-15
5.551115123125783e-16
-2.220446049250313e-16
-19.462387646360582
-7.745620230110632
-15.52337570355645
-0.08577786204237725
-0.04844804801138203
0.005810359408507271
-15.423475142291466
-8.185589794339656
-3.5231300396563436
-2.6867397195928788e-14
4.163336342344337e-17
-1.6132928326584306e-16
3.0531133177191805e-15
-4.440892098500626e-16
-1.7763568394002505e-15
-3.0531133177191805e-15
-9.769962616701378e-15
1.5543122344752192e-15
-4.973400170330002
-5.857728676258205
-3.3808290745380347
-0.3922021326897136
-0.23861776404591062
0.4487484894694116
-2.995939626186909
-1.2050647061455528
-1.1289723608058608
7.527312106958561e-14
-5.10702591327572e-15
-4.2327252813834093e-16
-4.884981308350689e-15
9.325873406851315e-15
1.2878587085651816e-14
-1.1102230246251565e-16
3.1086244689504383e-15
-4.440892098500626e-16
3.7076188584321415
-3.6421752407677843
2.7802215147884795
3.0750775847377554
1.920063899737844
1.176396257209376
-0.3184240729505774
-0.2020305462527645
-0.0390776093287899
-3.774758283725532e-15
1.5543122344752192e-15
1.227316859253591e-16
7.771561172376096e-16
-9.103828801926284e-15
-2.6645352591003757e-14
2.220446049250313e-16
-5.051514762044462e-15
0.0
-13.681795519715097
8.811120399141231
-13.699991964021324
0.889252804575122
0.6853366917517789
-0.48951805415723015
-14.609343362699294
-9.513809574346425
-1.3843299707562169
-5.395683899678261e-14
5.797445856714489e-15
-3.3861802251067274e-15
1.2212453270876722e-15
8.215650382226158e-15
-2.275957200481571e-15
-6.661338147750939e-16
-7.038813976123492e-14
0.0
-53.31594723745822
49.33658614357776
-51.10787100419314
2.860166700101999
1.884566581722716
-0.6484175804601193
-53.977098955526316
-35.31179129930439
-4.749619377529083
1.1146639167236572e-13
8.021361352916756e-15
4.85722573273506e-16
-8.881784197001252e-16
1.0591527654923993e-13
-3.164135620181696e-15
0.0
2.220446049250313e-16
-1.1102230246251565e-16
-99.60116108684592
94.2055918858307
-92.52187575428529
2.3170487465194043
1.6536517908115869
-0.8459497473039903
-94.84067240083063
-62.35426397599868
-7.879104700982397
-3.397282455352979e-14
2.9698465908722937e-15
3.610306498202931e-14
-6.88338275267597e-14
8.43769498715119e-15
-6.661338147750939e-16
-8.038014698286133e-14
3.197442310920451e-13
3.055333763768431e-13
-5.645449583596445
-32.47186631757535
-3.810976885337226
2.7336308988596443
1.793667536507826
-1.941950173866539
-6.5527244904472255
-1.0945602084744408
-3.447807707208071
-3.241851231905457e-14
-2.3592239273284576e-15
5.828670879282072e-16
7.771561172376096e-16
-1.021405182655144e-14
-2.220446049250313e-16
-6.661338147750939e-16
-8.659739592076221e-15
-2.1760371282653068e-14
-8.602530123536638
-17.481793129963577
-6.718166004664596
0.5177926631869525
0.33667387768933565
-1.283754031585473
-7.233216114828593
-2.592301211653826
-2.4898025532835106
-2.6645352591003757e-15
3.0184188481996443e-15
-1.942890293094024e-16
8.673617379884035e-16
4.440892098500626e-15
-2.3314683517128287e-15
1.1657341758564144e-15
8.881784197001252e-16
2.2648549702353193e-14
-0.41232044687509983
0.18229035473638078
-0.28524116081516127
-0.1890926717632837
-0.16194832009025006
-0.8421261794221818
-0.09243340137667742
-0.0670040349276162
-0.012326379376703223
-1.0436096431476471e-14
-1.779826286352204e-15
-6.938893903907228e-17
-4.440892098500626e-16
-3.3861802251067274e-15
1.942890293094024e-16
-3.7470027081099033e-16
-9.43689570931383e-15
7.882583474838611e-15
11.429665602132616
-17.353340935816334
8.082953195812024
8.055097292990197
5.231225055770022
-0.18303667383304045
0.02817826194365125
0.04113957056529394
0.008799612091864306
2.930988785010413e-14
-2.0296264668928643e-15
-2.463307335887066e-16
-4.440892098500626e-16
9.658940314238862e-15
-1.2101430968414206e-14
2.220446049250313e-16
5.129230373768223e-14
5.551115123125783e-16
-2.074388692953761
-22.24626936283007
-3.1547233276109523
-3.637582060056644
-1.3420742222967306
-1.5668232696681201
0.48881591592592605
0.2903698609615333
0.04100510537584867
-4.3298697960381105e-14
1.0824674490095276e-14
1.942890293094024e-16
1.4432899320127035e-15
2.886579864025407e-15
-1.3322676295501878e-15
4.4853010194856324e-14
5.051514762044462e-14
-6.938893903907228e-15
-2.96736163576778
-28.60312442967146
-4.350083682156075
-5.499216790403111
-1.7739842663486485
-2.7570350948698774
1.1799526083263174
1.0559328678262716
0.20239628212919847
4.718447854656915e-14
-1.607047828144914e-14
-5.551115123125783e-17
-8.881784197001252e-16
-1.1546319456101628e-14
-8.534839501805891e-16
1.1102230246251565e-15
7.549516567451064e-15
0.0
-30.923659830387816
-28.01071680522142
-24.906007317497682
5.7157128072484795
3.2642773652805204
-0.33922040352926963
-30.557394777893645
-15.945464370492111
-7.481163532270273
4.463096558993129e-14
5.023759186428833e-15
1.6653345369377348e-16
5.551115123125783e-16
1.454392162258955e-14
0.0
6.106226635438361e-16
-4.440892098500626e-15
-1.3322676295501878e-15
-82.79969083120294
20.540796267917074
-73.23365738272093
-0.4995762792631187
-0.3455712074756683
-0.4649861803867199
-72.82640640077946
-42.69147613684573
-11.97012103094971
-2.4202861936828413e-14
-4.4825254619240695e-15
8.326672684688674e-17
-1.3322676295501878e-15
-3.58046925441613e-15
2.5673907444456745e-16
-1.4988010832439613e-15
1.4432899320127035e-15
2.220446049250313e-16
-25.68693874751243
5.924334381309592
-27.585315360553274
9.638913502889835
6.316285857269394
-2.4315451575051483
-37.25898273463474
-24.206794040185414
-3.3163604536091063
2.2870594307278225e-14
3.54230533794464e-15
1.5959455978986625e-16
2.220446049250313e-16
-9.43689570931383e-15
-2.3592239273284576e-16
-2.220446049250313e-16
4.107825191113079e-15
-2.220446049250313e-16
-35.237038339200204
-8.924365043766905
-32.922810412047056
-10.43629660951457
-5.098992598787184
-5.387501132528087
-22.515559333373247
-14.566335219910073
-1.6447863548250954
-1.0169642905566434e-13
-6.0342356111853235e-15
2.7408630920433552e-15
-2.220446049250313e-16
2.9976021664879227e-15
8.326672684688674e-17
8.881784197001252e-16
1.1102230246251565e-15
2.220446049250313e-16
-15.374612042160923
-23.277696041966877
-13.916514683711078
-7.4966067294951
-3.309114541450061
-5.062349321775386
-6.436403283091921
-4.136038022510288
-0.36160514070820193
3.597122599785507e-14
1.3556863964758747e-14
-2.7755575615628914e-17
-1.1102230246251565e-15
1.4432899320127035e-15
-2.220446049250313e-16
-1.9984014443252818e-15
-5.440092820663267e-15
4.440892098500626e-16
-8.00434957812308
-25.78896734141471
-6.671156308192703
-7.265194624017155
-3.2095495138882937
-4.508946719777455
0.5829670868499335
0.3846988952012733
0.0253995235186133
6.061817714453355e-14
-5.6343818499726694e-15
-7.840950111415168e-16
-8.992806499463768e-15
2.986499936241671e-14
-4.9960036108132044e-15
4.884981308350689e-15
-7.926992395823618e-14
-2.2093438190040615e-14
-8.554738235050635
-21.497366271356597
-6.620053851338504
-7.163531642972515
-3.1901752940109933
-3.9080734004001556
0.5298435597108195
0.3361081446032088
0.01805310453407505
-3.6193270602780103e-14
-1.1301723445988898e-15
-4.163336342344337e-16
-2.220446049250313e-16
-2.275957200481571e-15
0.0
-2.6645352591003757e-15
-9.769962616701378e-15
-2.1094237467877974e-15
-1.6352124645975579
-25.36328720967862
-0.6240588809103826
-3.015334155005462
-0.6375668235212473
-3.034437983257689
2.413357465553048
1.5345683938090247
0.027206013568344733
-4.440892098500626e-15
4.579669976578771e-15
-1.249000902703301e-16
2.5673907444456745e-16
-8.43769498715119e-15
1.6653345369377348e-16
4.440892098500626e-16
3.774758283725532e-15
1.2212453270876722e-15
7.007584825034165
5.288628840024103
4.438820331717174
1.5709032895694577
0.7583255085910352
2.308382684904835
3.0598524849483937
1.9097196942514074
-0.04828815347879223
5.0182080713057076e-14
-5.88418203051333e-15
1.6653345369377348e-16
1.6653345369377348e-16
1.0436096431476471e-14
0.0
-1.2212453270876722e-15
-3.9968028886505635e-15
0.0
8.516969388688409
-7.561577576704451
7.4145522234555585
4.147116013247633
2.4740613495939954
-0.6115110896195795
3.2303372830592307
2.1037486076741914
-0.02477697092514486
-1.9317880628477724e-14
-6.106226635438361e-16
-2.220446049250313e-16
-3.3306690738754696e-16
-4.884981308350689e-15
-2.220446049250313e-16
8.881784197001252e-16
4.829470157119431e-15
4.440892098500626e-16
16.223146315639074
-8.006954752087495
13.094616266179479
0.7748865576971724
0.5414838268753783
-1.6517079869642126
12.313682134536208
7.201254305599001
1.1106956561199581
-8.881784197001252e-15
-2.7755575615628914e-16
-1.942890293094024e-16
2.220446049250313e-16
3.219646771412954e-15
0.0
-6.661338147750939e-16
-5.662137425588298e-15
4.440892098500626e-16
11.462551575424612
-3.9135276680007673
9.353459613505962
0.34453169989855326
0.23252443922220323
-1.612448070998898
8.953905353070013
5.1639266684418885
0.9677836473703252
-9.103828801926284e-15
2.3869795029440866e-15
0.0
1.9984014443252818e-15
7.494005416219807e-16
2.220446049250313e-16
-8.049116928532385e-16
6.661338147750939e-15
8.881784197001252e-16
4.925664784258544
-2.9281074946111976
3.960312928702507
-0.008958726772789305
0.0010753812535355678
0.4098279004459844
3.93887117661734
2.3896430499061836
0.344980212352354
9.903189379656396e-14
-4.440892098500626e-15
1.3877787807814457e-16
-2.6645352591003757e-15
-2.3314683517128287e-15
-1.1102230246251565e-16
2.0539125955565396e-15
8.1601392309949e-15
-4.440892098500626e-16
-1.5686760127295578
1.5560367081960749
-1.2843832950643286
-0.13986673974662622
-0.09514476994168652
1.5334931377653236
-1.1441246927743833
-0.738393478523335
-0.04624191575326453
-1.0391687510491465e-13
4.458239333260394e-15
6.106226635438361e-16
-9.992007221626409e-16
3.1086244689504383e-15
-6.106226635438361e-16
5.447031714567174e-16
-2.1260770921571748e-14
-2.220446049250313e-16
0.7568261766649869
-0.899657030290939
0.7262124399176173
0.7566591753385481
0.5156527849873953
0.6952795312835773
-0.032101465237968085
-0.021187935856614715
-0.0021817630415705835
-7.771561172376096e-15
-2.220446049250313e-16
-3.5214886562329184e-16
2.3314683517128287e-15
-8.881784197001252e-15
7.771561172376096e-16
-5.551115123125783e-16
1.1546319456101628e-14
2.220446049250313e-16
0.8232733170852384
-0.7770333735435315
0.7888159673832433
0.7797269453273109
0.5277145437387887
0.7513345580956594
0.0018967086380285991
0.0044688054675781075
-0.001533280635478862
2.9976021664879227e-14
9.43689570931383e-16
-3.622102617839573e-15
-9.103828801926284e-15
5.329070518200751e-15
-1.917910275039958e-14
-1.4765966227514582e-14
-1.021405182655144e-14
1.3322676295501878e-15
-0.7910782997364337
-2.163589071446218
-0.46796121436587157
-0.527882547449785
-0.07707311220131885
0.7399851886035123
0.052011471929972686
0.03261180972424427
-0.0013931162467740732
5.1736392947532295e-14
-1.2212453270876722e-15
-5.551115123125783e-17
4.440892098500626e-16
9.43689570931383e-16
5.551115123125783e-16
-1.4432899320127035e-15
1.5543122344752192e-15
9.992007221626409e-16
-2.2379255808868166
-2.884609726885955
-1.6112755696100205
-1.6711778332888043
-0.6611214424065182
0.28414322775026335
0.05629520924729903
0.03432945617432992
-0.004343489447090287
-8.681944052568724e-14
1.7763568394002505e-15
2.498001805406602e-16
-2.220446049250313e-16
2.220446049250313e-15
1.0408340855860843e-16
-6.106226635438361e-16
5.10702591327572e-15
-9.43689570931383e-16
-2.3772667275310058
-5.486580031950325
-1.6803527764974504
-2.7224963173910997
-1.0669826381809386
-0.57629314273278
1.0113406117532433
0.5897247566196295
-0.09947876062382655
5.950795411990839e-14
8.604228440844963e-16
3.469446951953614e-17
2.220446049250313e-16
4.440892098500626e-16
4.440892098500626e-16
-1.1102230246251565e-16
-3.941291737419306e-15
8.881784197001252e-16
3.598013261833998
-7.214948141802438
2.5576819184761774
0.10801555493635816
0.07544512867145414
-0.8484812957226725
2.5102038543057574
1.7405197561448347
-0.5736010144340753
-1.9984014443252818e-15
-7.771561172376096e-15
-1.2906342661267445e-15
7.105427357601002e-15
-1.2490009027033011e-14
1.8041124150158794e-15
8.326672684688674e-14
1.3322676295501878e-15
-1.5987211554602254e-14
12.661845849601761
-7.185857810335506
10.317469032240922
0.013129832667061692
0.019568228681407618
-0.13819026924042888
10.337654074369809
6.180172943767452
0.5620026680200283
-1.7541523789077473e-14
8.354428260304303e-15
-1.1102230246251565e-16
-1.3322676295501878e-15
2.6645352591003757e-15
-1.2073675392798577e-15
-1.609823385706477e-15
4.884981308350689e-15
0.0
-4.517910388270963
-6.141413017739836
-4.158013317984441
-0.001168281753990641
-0.0020813360702227612
0.2113790231612347
-4.118944245229329
-2.0750068469645093
-1.3732525631574504
3.3861802251067274e-14
-1.8665624601510444e-15
-9.020562075079397e-17
8.881784197001252e-16
1.0325074129013956e-14
1.6653345369377348e-16
-7.216449660063518e-16
-4.218847493575595e-15
8.881784197001252e-16
0.44067467798234006
-0.8264909117258412
0.29666852581998526
0.05471701643737736
0.032531358635500496
0.42097841202319364
0.24000362151770815
0.12994785769878803
-0.06819384700805475
-8.837375276016246e-14
2.345346139520643e-15
6.670011765130823e-16
1.7763568394002505e-15
-1.4099832412739488e-14
-5.551115123125783e-17
9.992007221626409e-16
4.315992008230296e-15
-9.992007221626409e-16
-18.90492768716331
-9.30940526726124
-16.588744932172773
1.1879478773517818
0.8536057845815428
0.7843302463613542
-17.818523967462692
-10.065303071276645
-3.6227421339383756
5.1514348342607263e-14
4.966513311721599e-15
1.0880185641326534e-14
-5.040412531798211e-14
-1.84297022087776e-14
-5.10702591327572e-15
-1.588729148238599e-13
1.189465193007777e-13
-1.9095836023552692e-14
-7.98512391002247
-20.436825729083978
-7.161167037882265
0.03307814993186042
0.05468373400813675
0.9871280812561852
-7.179768539385236
-3.3973165217996035
-3.18830289754861
-4.440892098500626e-15
-7.022160630754115e-15
2.498001805406602e-16
2.6645352591003757e-15
-3.9968028886505635e-15
8.881784197001252e-16
1.6764367671839864e-14
1.7763568394002505e-15
-4.8405723873656825e-14
7.645370569512494
-18.420697093751528
6.4003667708992324
0.009838963190688332
0.011397328240018822
1.6979179051982802
6.3946006704663745
4.25727980670126
-1.1205836432068992
-3.0531133177191805e-14
7.077671781985373e-16
1.5785983631388945e-16
-2.6645352591003757e-15
8.43769498715119e-15
-3.3306690738754696e-16
4.440892098500626e-16
-8.659739592076221e-15
0.0
11.293961545001338
-0.718909200495716
9.458379637966075
0.17293306197545633
0.13672080718000856
-0.1368997228263229
9.277118662855488
5.168140726912764
1.3590043665904634
-1.5765166949677223e-14
7.0360384185619296e-15
2.7755575615628914e-17
8.881784197001252e-16
-6.8833827526759706e-15
-2.7755575615628914e-17
-5.551115123125783e-16
2.831068712794149e-15
4.163336342344337e-16
3.225620027356504
-21.03984765037868
2.4586456762834605
1.9240302909911549
1.3495629615002365
-0.9803429961257134
0.5080267134461423
0.5531692931587404
-2.251010115456289
3.863576125695545e-14
-6.966649479522857e-15
2.0539125955565396e-14
-1.7541523789077473e-14
-5.395683899678261e-14
-7.605027718682322e-15
5.029310301551959e-14
1.0041967257734541e-13
-3.3306690738754696e-16
-1.7970929880701512
-30.03962685300432
-0.3488206661224389
-0.06433352737057163
-0.030156339340134508
-0.17724824180860888
-0.29752118399037286
0.7635318028670457
-3.6854301047441425
-6.283862319378386e-14
4.718447854656915e-15
3.0253577421035516e-15
7.771561172376096e-16
4.440892098500626e-16
-1.942890293094024e-16
-8.326672684688674e-15
-8.881784197001252e-16
3.1086244689504383e-15
127.3422165252324
-19.467553867875495
107.01754238510188
2.4873849016419634
1.6584698500609782
-0.2666199443856594
104.52077122270391
58.954374857821605
15.103366902945087
5.828670879282072e-14
-1.3433698597964394e-14
-6.245004513516506e-16
2.4980018054066022e-15
1.2212453270876722e-15
1.942890293094024e-16
0.0
-3.164135620181696e-15
-6.661338147750939e-16
-53.250965502541774
-37.46542721550372
-42.01363470188822
0.5403166335389997
0.3862071714692483
-0.8058021622238272
-42.51373136278581
-22.392136114007734
-10.705407149085488
4.884981308350689e-14
6.3976601794024646e-15
3.885780586188048e-16
-1.4432899320127035e-15
-3.635980405647388e-15
0.0
0.0
2.275957200481571e-15
-8.881784197001252e-16
-107.19033092728033
-26.25208958501446
-87.74331787389998
-0.12377555316110644
-0.06330505933363817
-0.33815741806503563
-87.4870112529186
-47.68694994371046
-17.304811796281925
-3.863576125695545e-14
-1.0269562977782698e-15
-4.0245584642661925e-15
2.398081733190338e-14
-5.2513549064769904e-14
-1.3100631690576847e-14
7.127631818093505e-14
1.2101430968414206e-14
2.6645352591003757e-14
18.472954108474354
-24.174165439186822
18.018172457620096
0.000960865901028285
-0.003249073611624631
0.9905794107174561
17.991507883335938
10.852896008795803
0.3168063844064335
-2.6423307986078726e-14
2.0192181260370035e-15
1.8041124150158794e-16
7.216449660063518e-16
1.5543122344752192e-15
-5.551115123125783e-17
-1.3614109839465982e-14
3.774758283725532e-15
0.0
-3.2390967035474514
5.401527919942112
-3.4434409939564503
0.005951530694279228
-0.001179777462889886
0.021098755394040047
-3.48396065621968
-2.4253328354426285
-0.05736896744206632
6.017408793468348e-14
1.7208456881689926e-15
6.245004513516506e-16
-2.7408630920433552e-15
6.661338147750939e-16
7.216449660063518e-16
4.9682480351975755e-15
6.217248937900877e-15
-3.573530360512223e-15
20.048298177857255
12.436999731750404
15.128820521352736
-0.011904772632764349
-0.007233009813305991
-0.1622073749153352
15.132379630610236
7.63600341529403
4.135635120671764
-4.884981308350689e-14
-5.9396931817445875e-15
-1.0269562977782698e-15
9.992007221626409e-16
1.7763568394002505e-15
2.826211487061414e-14
-1.1102230246251565e-16
-4.218847493575595e-15
-3.3306690738754696e-16
6.243815745544868
-7.1598099135860025
6.7446164997096005
-0.0592525744358845
-0.03548254363843745
-0.4301878915602214
6.790782239119256
4.4929941126031245
0.850930918597097
4.951594689828198e-14
7.216449660063518e-16
-1.1102230246251565e-16
4.440892098500626e-16
7.771561172376096e-16
-3.608224830031759e-15
2.220446049250313e-16
-2.220446049250313e-15
5.551115123125783e-16
-12.017973592253995
-19.8112400796339
-4.5338556909280925
-2.476602128467384
-1.5328618712473663
0.41957740925786524
-2.1078205882387344
0.6844763880749767
-2.55722543905307
-1.2212453270876722e-14
6.078471059822732e-15
-2.7755575615628914e-17
-2.6645352591003757e-15
-4.440892098500626e-16
6.661338147750939e-16
-2.7755575615628914e-17
8.881784197001252e-15
-4.440892098500626e-16
14.68449170429875
17.839466979584586
6.8732375064864115
-1.0236626799207897
-0.3119022855848268
1.120521584215993
7.896255805013774
2.7675891647684203
3.969090064655132
5.917488721252084e-14
-8.923417560424696e-15
1.3877787807814457e-16
-2.220446049250313e-15
2.55351295663786e-15
4.440892098500626e-16
0.0
2.9976021664879227e-15
6.938893903907228e-16
-7.6193431440815935
0.006341437671949279
-7.341434671514065
-4.160163617467276
-2.2912644398965085
-0.011863583230166341
-3.164973341202497
-2.0119514593274133
-0.3730204730463882
-8.43769498715119e-14
4.829470157119431e-15
-2.5673907444456745e-16
6.217248937900877e-15
8.881784197001252e-16
-4.163336342344337e-16
0.0
-6.5503158452884236e-15
0.0
12.524492774090135
-14.5852108797597
12.300438280785556
-0.24155684256999166
-0.0854025540421759
-1.2710026322354508
12.55313314022422
8.048387573969677
1.1904744931652864
-3.1530333899354446e-14
6.689093723366568e-15
-1.1102230246251565e-16
4.440892098500626e-16
-2.6645352591003757e-15
-2.0122792321330962e-16
0.0
-1.1546319456101628e-14
-2.7755575615628914e-16
3.152967896022531
-4.737940267984925
2.776663878927451
-0.2938973853256073
-0.14615887505516412
-1.1316649590971224
3.066726563817067
1.980337715240367
0.32136498800085755
-1.6653345369377348e-14
-2.2412627309620348e-15
5.079270337660091e-14
4.383160501220118e-13
4.587441537751147e-13
8.770761894538737e-15
3.747002708109903e-15
1.199040866595169e-14
-6.084022174945858e-14
8.5958483337117
-15.748243733319041
11.124481147736688
-1.6835587070238203
-1.025947260941109
-1.3225531282755751
12.80717097122467
8.795210721444473
0.8804263410468502
7.693845560652335e-14
1.6653345369377348e-16
-3.8510861166685117e-16
-1.5543122344752192e-15
1.717376241217039e-15
1.1102230246251565e-16
-1.509903313490213e-14
-1.787459069646502e-14
-4.651834473179406e-14
-43.50319180311446
-5.418307421131999
-30.650621920618438
-5.554673563422667
-3.3891410197853804
-0.016370399932497115
-25.098423928012227
-12.429924916078521
-6.507936303505023
-3.186340080674199e-14
3.913536161803677e-15
-5.551115123125783e-17
-3.608224830031759e-15
-1.5543122344752192e-15
8.326672684688674e-17
-1.3877787807814457e-16
3.9968028886505635e-15
-2.220446049250313e-16
-2.1290568119885904
7.960128363362686
-2.4824775326694066
-1.7230046336176805
-1.181759779092836
-0.5716714642615468
-0.7599185185847457
-0.6836695805996147
0.5548664954387583
1.9095836023552692e-14
3.3861802251067274e-15
0.0
4.163336342344337e-15
-2.831068712794149e-15
1.6653345369377348e-16
2.220446049250313e-16
-4.440892098500626e-16
-1.942890293094024e-16
1.455931431814804
-1.4983861071029878
1.0226370402590987
1.019033170243361
0.6722436558813172
0.5369615013908486
-0.006045415020309974
0.013246207463573967
-0.0027147308279991123
