2.220446049250313e-16
-9.298117831235686e-16
5.273559366969494e-16
-2.55351295663786e-15
-4.440892098500626e-16
6.245004513516506e-17
0.0
1.1102230246251565e-15
-8.881784197001252e-16
-6.306518855581089e-06
7.016967458639556e-06
-1.0843664313142654e-06
-6.493228710269249e-07
-4.16860256535756e-07
-1.2085772937986405e-07
-3.5415585308840036e-07
-1.0465414526095174e-06
1.3301869117299248e-06
-4.440892098500626e-16
3.5110803153770576e-15
2.220446049250313e-16
1.1102230246251565e-15
6.661338147750939e-16
-6.938893903907228e-17
2.220446049250313e-16
-4.440892098500626e-15
6.661338147750939e-16
-2.3260058792828886e-05
2.47964785309307e-05
-1.5541512347283515e-05
-4.515555644957203e-07
-2.9470326623481924e-07
-8.704326903696824e-08
-1.5059411687445845e-05
-9.233380116491219e-06
1.5638024848385612e-06
-4.440892098500626e-16
-4.163336342344337e-17
-1.1102230246251565e-16
1.5543122344752192e-15
-2.220446049250313e-16
0.0
-6.661338147750939e-16
2.220446049250313e-15
-1.7763568394002505e-15
-2.4660662909070652e-05
2.2862203735485313e-05
-1.7674186766569733e-05
-3.905798706682617e-08
-2.4963924261101056e-08
-5.0939363838153895e-09
-1.764063169140684e-05
-1.0754804101509308e-05
5.965617617675889e-07
-1.3322676295501878e-15
-2.050443148604586e-14
-2.1094237467877974e-15
-1.6653345369377348e-16
3.5083047578154947e-14
5.839773109528323e-14
-8.848477506262498e-14
-7.549516567451064e-15
6.084022174945858e-14
-3.595021037483548e-05
2.210373322242276e-05
-2.769386605905311e-05
-1.0741883826881349e-08
-5.649923195960582e-09
7.457129025389975e-09
-2.7718830512668546e-05
-1.664089264785673e-05
-1.4762422182457158e-06
4.440892098500626e-16
3.812922200197022e-15
-1.1102230246251565e-16
1.27675647831893e-15
0.0
-3.3306690738754696e-16
-9.547918011776346e-15
2.6645352591003757e-15
8.881784197001252e-16
-5.174505034233334e-05
2.338200813056801e-05
-4.1669264300381315e-05
-5.346213871604278e-08
-2.7581375627860893e-08
7.982459027111588e-09
-4.16788301542681e-05
-2.4884455637419478e-05
-4.333712205095708e-06
4.440892098500626e-16
-3.1589314497537657e-15
2.220446049250313e-16
1.8318679906315083e-15
0.0
-6.106226635438361e-16
9.325873406851315e-15
-2.6645352591003757e-15
8.881784197001252e-16
-5.223541103305251e-05
3.580795836910511e-05
-4.467941891839189e-05
-1.8598247386591993e-07
-1.0771290170907831e-07
1.430858687090364e-08
-4.459637835374508e-05
-2.77894951068447e-05
-4.329683164883136e-06
-2.708944180085382e-14
4.427014310692812e-15
-1.1102230246251565e-16
-1.1657341758564144e-15
2.6645352591003757e-15
2.7200464103316335e-15
2.220446049250313e-16
8.881784197001252e-16
-8.881784197001252e-16
5.28661322221069e-05
8.579621825788308e-05
3.2722899520720716e-05
-7.646901245550453e-07
-4.6739963366349e-07
5.7021990240713194e-08
3.3344770935528345e-05
1.048851795459882e-05
1.4805392627437184e-05
-6.661338147750939e-16
-6.938893903907228e-15
2.636779683484747e-16
-8.881784197001252e-16
6.106226635438361e-16
4.440892098500626e-16
0.0
-3.552713678800501e-15
0.0
7.174025562051156e-05
4.879703396909463e-06
5.9549935514269237e-05
-1.6555604034351745e-06
-7.147637468563062e-07
6.618951156056596e-07
6.126111506432608e-05
3.383162917458549e-05
1.3059208300553182e-05
1.5543122344752192e-15
4.996003610813204e-16
-3.885780586188048e-16
1.5543122344752192e-15
-4.440892098500626e-15
4.440892098500626e-16
0.0
8.881784197001252e-16
1.7763568394002505e-15
1.8101495271594104e-05
2.587143967502925e-06
1.4801826246468863e-05
1.5375443151555146e-05
8.535793654118606e-06
1.4395011760370835e-06
-2.618511469876239e-07
-6.12534707400414e-08
1.3872312021323552e-08
-1.7763568394002505e-15
5.3208305816898616e-15
1.0408340855860843e-16
0.0
1.887379141862766e-15
0.0
0.0
-8.881784197001252e-15
-8.881784197001252e-16
5.683375803755553e-06
-3.5713554211724836e-06
4.174320604732884e-06
4.101449180282657e-06
2.5738111872897207e-06
3.626060696149125e-07
-6.54191367743806e-10
-9.474437256962176e-08
1.953859185555018e-08
2.4424906541753444e-15
1.9012569296705806e-15
1.6653345369377348e-16
-8.881784197001252e-16
-8.326672684688674e-17
-2.220446049250313e-16
8.881784197001252e-16
1.3322676295501878e-14
1.1102230246251565e-15
8.520685383928139e-07
-2.935320992492052e-06
9.34566593002728e-08
-7.004174129576768e-08
1.5859590263289647e-07
-1.4734632713953033e-07
1.2209828881282192e-07
-1.5869028135995222e-07
6.673153807312815e-09
2.6867397195928788e-14
-3.3306690738754696e-15
-1.9845236565174673e-14
-5.329070518200751e-15
-4.218847493575595e-14
2.084998840246044e-13
4.884981308350689e-15
-1.554312234475219e-14
2.986499936241671e-14
-4.484327575937641e-07
-2.6736437064300844e-06
-8.361938084178178e-07
-1.0622329984499856e-06
-4.3181065123576445e-07
-2.85701339919342e-07
2.2456313963914454e-07
-1.4897482714104626e-07
-3.2517906145557163e-09
-2.4424906541753444e-15
-3.885780586188048e-15
-5.551115123125783e-17
-8.881784197001252e-16
4.440892098500626e-16
-3.885780586188048e-16
8.881784197001252e-16
-3.3306690738754696e-15
3.1086244689504383e-15
4.831259161619528e-07
-2.9405894110823283e-06
-4.884993387577197e-08
-4.904335675348648e-07
-1.9156207997639285e-07
-2.777449452651126e-07
4.434120945973064e-07
-5.810377956549928e-09
8.168809184638803e-09
2.4424906541753444e-15
2.4702462297909733e-15
0.0
7.771561172376096e-16
-1.1102230246251565e-16
4.996003610813204e-16
4.440892098500626e-16
9.048317650695026e-15
2.6645352591003757e-15
1.312355699667478e-07
-1.5736049192582868e-06
-1.9306190068846263e-07
-7.750660979688462e-07
-4.51883641616746e-07
-3.855628563087521e-07
5.818684210012748e-07
6.91496380156309e-08
1.4976773599073567e-08
-5.10702591327572e-15
1.6792123247455493e-15
5.551115123125783e-17
-2.220446049250313e-16
-7.771561172376096e-16
-1.4710455076283324e-15
8.881784197001252e-16
-9.992007221626409e-15
-3.552713678800501e-15
4.484779836388952e-07
-1.3228298740841637e-06
-7.275950686391752e-08
-7.953396412574421e-07
-4.7035219452595816e-07
-3.9758099035225314e-07
7.109259483328857e-07
9.385240451464938e-08
3.3245750263866114e-08
-1.6653345369377348e-15
-6.0923488476305465e-15
5.551115123125783e-17
-2.220446049250313e-16
2.220446049250313e-16
5.134781488891349e-16
-6.661338147750939e-16
5.10702591327572e-15
4.440892098500626e-16
-6.313761033993615e-07
-6.172383635316692e-07
-1.8522000000409378e-07
-7.705395308477136e-07
-4.623199618691842e-07
-3.8358296450269336e-07
5.895966381785911e-07
9.168842711460012e-08
3.0867752021102035e-08
-3.3306690738754696e-16
4.9682480351975755e-15
2.7755575615628914e-16
0.0
1.9984014443252818e-15
-6.175615574477433e-16
1.3322676295501878e-15
1.3322676295501878e-15
0.0
-1.948198033119297e-06
-1.1037381852929684e-06
-1.1186141701813312e-06
-7.955770993106626e-07
-4.813563982963842e-07
-3.7285221310412453e-07
-3.1295001789999333e-07
-2.0795505450976748e-07
-8.508350346492222e-08
7.771561172376096e-16
-3.7470027081099033e-16
-1.1102230246251565e-16
0.0
2.220446049250313e-16
-6.938893903907228e-17
-2.220446049250313e-15
-1.1102230246251565e-14
-1.3322676295501878e-15
-8.903899937351412e-06
7.101706174239553e-07
-6.940724801118846e-06
-8.099783705972641e-07
-4.925759018448161e-07
-3.561354020575891e-07
-6.115591546063115e-06
-3.7283292153578178e-06
-9.113490836432092e-07
2.1094237467877974e-15
-2.2065682614424986e-15
2.220446049250313e-16
0.0
-6.661338147750939e-16
-1.4988010832439613e-15
5.950795411990839e-14
-3.019806626980426e-14
-4.884981308350689e-15
-2.785240249991716e-05
1.527725508765343e-05
-2.186976084916914e-05
-9.234998277207751e-07
-5.578755430946103e-07
-3.4917279378987587e-07
-2.0950993199875256e-05
-1.4667042649296747e-05
-2.507583537592062e-06
-1.7763568394002505e-15
4.2049697057677804e-15
2.7755575615628914e-14
2.6867397195928788e-14
1.8984813721090177e-14
4.088396288182139e-14
-2.2426505097428162e-14
7.105427357601002e-15
-3.1086244689504383e-15
-2.3053007168982734e-05
1.666024231639085e-05
-1.6686069573612627e-05
-1.2787421059812232e-06
-7.594272908306721e-07
-3.7194558899500407e-07
-1.5442713616309334e-05
-1.166982251649129e-05
-1.2108185473147515e-06
6.661338147750939e-16
-1.8435773740943517e-15
1.1102230246251565e-16
0.0
-3.3306690738754696e-16
5.551115123125783e-16
2.6922908347160046e-15
-1.7763568394002505e-15
8.881784197001252e-16
-7.086720788862522e-06
4.716991256259462e-06
-4.571061716696079e-06
-1.6613035729307057e-06
-9.768662323494937e-07
-3.9979369148568367e-07
-2.9394358129763987e-06
-2.8197294070775314e-06
-2.2030100688130716e-08
-2.4424906541753444e-15
-2.8380076066980564e-15
-1.1102230246251565e-16
4.440892098500626e-16
4.440892098500626e-16
-1.0547118733938987e-15
-3.3029134982598407e-15
-5.329070518200751e-15
4.440892098500626e-16
-3.1387201886445837e-06
1.2368907675863738e-06
-1.8810612205655277e-06
-1.924054100044259e-06
-1.126034245402252e-06
-4.160914386375225e-07
2.7518186396235933e-08
-6.282399338530809e-07
9.090480293516556e-08
6.439293542825908e-15
7.716050021144838e-15
-9.575673587391975e-15
-4.6629367034256575e-15
-3.400058012914542e-15
-3.7969627442180354e-14
-3.985700658404312e-14
6.838973831690964e-14
2.1316282072803006e-14
-2.6788437281766164e-06
1.0314464446992133e-06
-1.6958245989684428e-06
-2.050168765421745e-06
-1.1960766741481166e-06
-4.165174090076107e-07
3.530548822183732e-07
-2.7271072067236446e-07
6.116234360642459e-08
-7.327471962526033e-15
-4.107825191113079e-15
-9.71445146547012e-17
6.661338147750939e-16
-9.992007221626409e-16
8.326672684688674e-16
1.5543122344752192e-15
1.7763568394002505e-15
3.3306690738754696e-16
-2.8104583975618884e-06
1.3943124699267173e-06
-2.0041454735775233e-06
-2.2531938137504426e-06
-1.3067558555235337e-06
-4.22121189558311e-07
2.628647468583267e-07
-1.362336163879263e-07
3.713036345054377e-08
5.995204332975845e-15
-6.938893903907228e-17
8.326672684688674e-17
-2.220446049250313e-16
2.220446049250313e-16
-4.440892098500626e-16
2.220446049250313e-16
1.7763568394002505e-15
-2.220446049250313e-16
-2.6413155893578733e-06
1.4138372037564297e-06
-2.1346887434658957e-06
-2.247030052873744e-06
-1.294178485267139e-06
-3.7777395789362345e-07
1.4018115379599294e-07
-1.568081842151514e-08
2.481989258562578e-08
-1.3322676295501878e-15
-1.8647583477360286e-13
4.75175454539567e-14
9.325873406851315e-14
-4.085620730620576e-14
-1.509903313490213e-14
-1.2034817586936697e-13
-4.8405723873656825e-14
-1.0502709812953981e-13
1.4841474182958334e-07
1.1683631413461626e-06
-8.501417969597469e-08
-4.758584415398559e-08
-2.537175447514528e-08
4.986799240214168e-08
-7.624620934620907e-10
1.9469489132006856e-08
1.3257260622623336e-08
1.3322676295501878e-15
9.735268147181841e-14
-2.7755575615628914e-16
-6.2727600891321345e-15
-2.353672812205332e-14
2.220446049250313e-16
6.661338147750939e-16
5.551115123125783e-16
5.995204332975845e-15
1.328737837980043e-06
1.1810226254738154e-06
9.428049430049157e-07
1.083270716684126e-06
6.17479794406961e-07
2.896526538620492e-07
-1.0170641218110177e-07
-4.641813688976981e-08
1.1935842314514389e-08
-3.3306690738754696e-15
-8.326672684688674e-17
1.1102230246251565e-16
-1.5543122344752192e-15
-8.881784197001252e-16
-4.440892098500626e-16
2.275957200481571e-15
8.881784197001252e-16
0.0
2.286480338398178e-06
8.72675968821568e-07
1.7443093658364717e-06
2.0373014688601643e-06
1.143705196327005e-06
4.79198554614868e-07
-2.525427795774249e-07
-1.6256001877934523e-07
2.1586593068612103e-08
2.220446049250313e-15
-1.1379786002407855e-15
-2.220446049250313e-16
8.881784197001252e-16
0.0
0.0
-2.55351295663786e-15
-2.220446049250313e-16
0.0
3.531232579234711e-06
-4.813834095784841e-07
2.9334247866330543e-06
3.3664214384998563e-06
1.9321437285668708e-06
6.6563877965109e-07
-3.875212630788383e-07
-2.5452787077995254e-07
2.9643292154268863e-08
-3.1086244689504383e-15
4.531930386519889e-13
-2.683964162031316e-14
3.694822225952521e-13
8.348877145181177e-14
1.5631940186722204e-13
7.99638133486269e-14
8.881784197001252e-16
4.263256414560601e-14
2.3285576986609158e-06
-2.534289691880076e-06
2.398431696803982e-06
2.847187712262666e-06
1.8271987727302985e-06
4.4813442201530057e-07
-3.9667855133984636e-07
-2.6993615520609637e-07
2.1124957783058562e-08
-8.659739592076221e-15
-5.807576641814194e-13
-8.326672684688674e-17
-9.50350909079134e-14
-8.881784197001252e-16
-6.483702463810914e-14
8.881784197001252e-15
4.551914400963142e-15
-1.5543122344752192e-15
-2.689181101800386e-06
5.730142902393709e-07
-1.54084661518894e-06
7.560055621524952e-07
7.4070603162113e-07
1.0456422216975625e-07
-2.24284968597388e-06
-1.6030114355913838e-06
-3.703178395042528e-07
1.9539925233402755e-14
-1.3877787807814457e-16
4.163336342344337e-17
-4.440892098500626e-16
-8.881784197001252e-16
8.881784197001252e-16
-1.1102230246251565e-15
-4.440892098500626e-16
-4.440892098500626e-16
7.646274951866872e-06
-4.23793869686051e-06
5.410291976204462e-06
-1.2377572744526334e-08
1.9924728533737834e-09
-4.457478736119569e-08
5.369169549851449e-06
3.15283589458204e-06
2.7957751669305253e-07
-5.329070518200751e-15
-8.049116928532385e-16
9.71445146547012e-17
8.881784197001252e-16
-1.7763568394002505e-15
1.7763568394002505e-15
-2.6645352591003757e-15
-1.9984014443252818e-15
2.220446049250313e-16
7.700491892137507e-06
1.4879002492307336e-06
6.448547722470721e-06
-1.994449760900352e-08
-4.972156020244256e-11
-1.7016149378434875e-08
6.392195096793785e-06
3.5675779059829438e-06
7.018210510523204e-07
-8.881784197001252e-16
-7.494005416219807e-15
7.488454301096681e-14
-3.268496584496461e-13
7.105427357601002e-15
-1.5432100042289676e-14
-2.1316282072803006e-14
-1.192379528447418e-13
-3.452793606584237e-14
7.151680136985306e-07
3.1595584459864767e-07
6.242312338144984e-07
-1.4541409854018639e-08
-4.351262239410403e-09
-4.057068569984779e-09
6.156340859320153e-07
3.476953587266962e-07
9.249564669744359e-08
-8.43769498715119e-15
-1.7208456881689926e-15
-5.551115123125783e-17
-8.881784197001252e-16
4.884981308350689e-15
-2.7755575615628914e-17
4.440892098500626e-16
0.0
-2.220446049250313e-16
1.5918462636932418e-07
1.6811140568506744e-07
1.715989839112808e-07
-5.824052795588841e-09
-1.6522889723091794e-09
8.30467916657085e-10
1.773885034417333e-07
9.960792368701732e-08
3.6445499063120224e-08
2.2870594307278225e-14
3.677613769070831e-15
5.551115123125783e-17
2.6645352591003757e-15
-1.0880185641326534e-14
5.551115123125783e-16
-1.1102230246251565e-15
8.881784197001252e-16
2.220446049250313e-16
-5.926466783989781e-08
2.230581230833195e-08
-3.189473929410269e-08
-5.896233279401031e-09
2.0598633909685304e-11
3.4494747058744224e-09
-2.7715053363408515e-08
-1.681064532021992e-08
1.6810810521405981e-09
-1.9984014443252818e-15
-3.2612801348363973e-16
-4.8155923693116165e-14
-8.881784197001252e-16
1.1102230246251565e-15
6.661338147750939e-16
-1.3944401189291966e-13
-6.483702463810914e-14
6.561418075534675e-14
-2.9287718916748414e-08
3.358496769578778e-08
-9.837251013777859e-09
-3.814944804503284e-09
-1.5766499217306773e-09
2.7006672453921965e-09
-8.014083618945733e-09
-4.735398295707682e-09
2.122440001528503e-10
-3.2862601528904634e-14
1.887379141862766e-15
3.2959746043559335e-16
-2.6645352591003757e-15
-8.881784197001252e-16
-6.661338147750939e-16
8.881784197001252e-16
-8.881784197001252e-16
2.3092638912203256e-14
3.5143411736271446e-08
8.178059829333506e-08
3.910355417247047e-08
-3.5048977053975254e-09
-4.799322494974945e-09
8.542758722640542e-10
4.1622978841360236e-08
2.1490826895842474e-08
5.239169098558705e-09
1.7985612998927536e-14
-5.620504062164855e-15
-1.915134717478395e-15
1.3322676295501878e-15
-1.0658141036401503e-14
-2.4424906541753444e-15
1.3322676295501878e-15
4.440892098500626e-16
-7.216449660063518e-16
8.515244687146151e-08
9.36179276322946e-08
6.854309830828242e-08
-1.53002908120925e-08
-1.5427206179197128e-08
-2.0681205636918776e-09
8.32453501686814e-08
4.5058086595162194e-08
1.0956121343497216e-08
3.3306690738754696e-15
2.498001805406602e-16
2.7755575615628914e-17
2.220446049250313e-15
1.3766765505351941e-14
2.6645352591003757e-15
-9.43689570931383e-16
8.881784197001252e-16
8.881784197001252e-16
5.2814293383107724e-08
1.715769997190364e-07
2.9164674231196838e-08
-1.3443904833820852e-07
-1.0983339304715402e-07
-1.9983267263157245e-08
1.6349715004082555e-07
9.274184264995711e-08
1.8311737903786707e-08
-6.8833827526759706e-15
2.3869795029440866e-15
2.220446049250313e-16
-2.6645352591003757e-15
-3.552713678800501e-15
-2.220446049250313e-15
2.7977620220553945e-14
-2.4424906541753444e-15
1.1102230246251565e-16
-2.9402303880488034e-07
3.493021267786389e-07
-2.4285023414449824e-07
-2.8710517341323794e-07
-2.2789832276881586e-07
-3.865646758249852e-08
4.383396756679758e-08
2.4479342997096865e-08
1.346634803667257e-09
2.0539125955565396e-14
-1.7486012637846216e-15
-4.440892098500626e-16
8.881784197001252e-16
3.552713678800501e-15
0.0
-4.440892098500626e-16
-6.661338147750939e-16
2.220446049250313e-16
1.874901300880083e-08
-8.603286971720081e-08
1.721626574635593e-08
2.9312953842008937e-08
2.6234750372111648e-08
4.232981076768283e-09
-1.2949467276257565e-08
-7.811003399638139e-09
-6.05199801384515e-09
-3.019806626980426e-14
4.1494585545365226e-15
5.551115123125783e-17
7.771561172376096e-16
1.7763568394002505e-15
0.0
4.440892098500626e-16
2.4424906541753444e-15
-1.3322676295501878e-15
-5.9421456199970635e-08
-5.622723620035686e-09
-4.7615420939450814e-08
-4.2308675674007645e-08
-2.8501617066467588e-08
-4.3189525289477615e-09
-5.896552579542913e-09
-3.930889391767778e-09
-4.969294309375982e-09
-2.353672812205332e-14
-4.7781223422305175e-14
2.721434189112415e-14
3.8191672047105385e-14
3.108624468950438e-14
-2.2648549702353193e-14
3.419486915845482e-14
2.475797344914099e-14
3.3306690738754696e-15
-2.956404721032868e-07
1.689732016529888e-07
-2.3039767360621966e-07
-2.1757800761079693e-07
-1.5251969465168713e-07
-1.0904326774863193e-08
-1.2568072804697294e-08
-7.860446515906006e-09
-6.220798098865998e-09
2.1760371282653068e-14
6.436517985264345e-14
2.42861286636753e-16
-2.220446049250313e-16
5.329070518200751e-15
-1.5765166949677223e-14
2.220446049250313e-16
1.6653345369377348e-16
2.220446049250313e-16
-1.372607592031727e-07
3.583829766284907e-08
-1.0806258643469846e-07
-6.132555074866985e-08
-4.604946113317965e-08
-2.4358489669751293e-09
-4.6682941956532886e-08
-2.7409384983911877e-08
-1.284318074112889e-08
-3.3306690738754696e-15
-3.774758283725532e-15
-1.1032841307212493e-14
1.7763568394002505e-15
8.881784197001252e-16
0.0
2.220446049250313e-16
1.1102230246251565e-16
1.9984014443252818e-15
-1.044268600480791e-07
-4.349449511664716e-08
-8.88803466381205e-08
-4.9567323578969535e-09
-6.531669871634448e-09
-5.710314998630395e-10
-8.42504146447709e-08
-4.8751104486655095e-08
-1.926697734688787e-08
-6.217248937900877e-15
2.4147350785597155e-15
-3.3306690738754696e-16
-1.3322676295501878e-15
-8.881784197001252e-16
0.0
-1.1102230246251565e-16
1.1102230246251565e-16
-2.220446049250313e-16
-1.4997267605565415e-07
-6.109738848181223e-08
-1.2101459168079032e-07
4.241584639075313e-09
1.6416139558828036e-09
1.5361838467953248e-09
-1.2547483940750226e-07
-7.177866478969008e-08
-2.5649356416579394e-08
-3.552713678800501e-15
2.4424906541753444e-15
1.6653345369377348e-16
4.440892098500626e-16
4.440892098500626e-16
0.0
-1.1102230246251565e-16
-6.661338147750939e-16
4.440892098500626e-16
-1.565301133155117e-07
-1.06454621118246e-07
-1.2789589742823182e-07
2.245619157292822e-08
1.6400354851953125e-08
6.7476659815213225e-09
-1.5041170620122557e-07
-8.563215203594154e-08
-3.044394247808668e-08
6.661338147750939e-15
-1.8735013540549517e-15
-5.551115123125783e-17
-2.1094237467877974e-15
4.440892098500626e-16
-1.1102230246251565e-16
1.1102230246251565e-16
6.661338147750939e-16
0.0
-2.8128582130193536e-08
-2.63728423988141e-07
-4.618134896716697e-08
9.618044849446505e-08
6.782932082671778e-08
2.096395501638426e-08
-1.4220840682810376e-07
-8.068386492254831e-08
-3.18347588290635e-08
7.105427357601002e-15
6.522560269672795e-16
0.0
3.219646771412954e-15
-5.551115123125783e-16
0.0
0.0
2.220446049250313e-16
-1.9984014443252818e-15
3.499419989339003e-07
-5.689679767328926e-07
2.3230179024835704e-07
2.8973775023644066e-07
2.044960911717908e-07
6.191880752570711e-08
-5.694742721829016e-08
-3.269221693358304e-08
-2.30144365787055e-08
-9.992007221626409e-15
3.427813588530171e-15
1.7985612998927536e-14
-1.9984014443252818e-15
1.5543122344752192e-15
-2.498001805406602e-16
-9.992007221626409e-15
-1.7763568394002505e-15
1.3322676295501878e-15
4.636447670236521e-09
-7.353122555286973e-08
4.401310249591006e-08
2.0336506700857626e-08
1.6549842385416014e-08
5.8362764621122665e-09
2.3719461061944003e-08
1.3495176531819197e-08
-1.3953183497505963e-08
5.10702591327572e-15
2.55351295663786e-15
0.0
4.440892098500626e-16
-1.7763568394002505e-15
4.440892098500626e-16
-4.440892098500626e-16
-1.7763568394002505e-15
8.881784197001252e-16
1.8360915987614135e-07
-1.1318235237922636e-07
1.7144748554187572e-07
-1.9725607813825263e-09
-2.9242324117717544e-09
-4.827833133269621e-09
1.7344973457511514e-07
1.0033828257149935e-07
1.0924935622824705e-08
-6.661338147750939e-15
-9.992007221626409e-16
3.3306690738754696e-16
-1.3322676295501878e-15
3.3306690738754696e-16
-2.220446049250313e-16
-1.6653345369377348e-16
8.881784197001252e-16
4.440892098500626e-16
7.121714773461462e-09
-1.2492478163039777e-08
7.142272551163842e-09
-7.519018296875402e-09
-5.446276540865824e-09
-1.4592135277879947e-09
1.4562996142331029e-08
8.454659194967462e-09
2.2470736382729228e-10
5.773159728050814e-15
-6.938893903907228e-17
1.1102230246251565e-16
1.7763568394002505e-15
8.881784197001252e-16
-1.887379141862766e-15
-1.6653345369377348e-16
-3.1086244689504383e-15
-4.440892098500626e-16
-1.4240043810787029e-08
2.3712402708042646e-08
1.0540688322180358e-09
-4.521720242678385e-08
-2.981283486747088e-08
-7.860886608312967e-09
4.6106929829647925e-08
2.673923837903658e-08
2.200367665849967e-09
4.440892098500626e-16
7.632783294297951e-17
0.0
5.551115123125783e-16
-4.440892098500626e-16
1.1102230246251565e-16
-2.220446049250313e-16
4.440892098500626e-15
8.881784197001252e-16
-1.0597271966616972e-06
-1.1287511370028369e-08
-8.103251367685971e-07
-1.069482166826674e-06
-6.187270411572854e-07
-1.0538758443701113e-07
2.594051462523339e-07
1.5660577190601543e-07
2.7310733230478945e-08
-5.329070518200751e-15
2.498001805406602e-16
-2.7755575615628914e-16
-2.220446049250313e-16
1.3877787807814457e-15
3.0531133177191805e-16
4.440892098500626e-16
-1.7763568394002505e-15
0.0
-3.626996658567805e-08
-2.0121206034673378e-08
2.7638941801910732e-08
-8.726027544980752e-08
-5.226859656204397e-08
4.6240065110225714e-09
1.151594624104746e-07
7.851136274439341e-08
8.056304068304598e-09
3.774758283725532e-15
-3.95516952522712e-15
-5.551115123125783e-17
-1.27675647831893e-15
-6.661338147750939e-16
0.0
-2.220446049250313e-16
4.440892098500626e-16
-8.881784197001252e-16
-1.2958362560766545e-07
-1.2459551612664654e-07
-7.510717736636252e-08
-1.9920733507206023e-08
-1.2126819548541334e-08
-9.506090359323593e-11
-5.554826287834658e-08
-1.4362001365952892e-08
-2.1455988985508156e-08
-4.440892098500626e-16
4.6074255521944e-15
4.163336342344337e-16
-4.440892098500626e-16
-2.7755575615628914e-16
0.0
0.0
-8.881784197001252e-16
1.3322676295501878e-15
4.0207936535807676e-08
-5.422532467491692e-08
6.235268301679753e-09
-5.461180396792997e-09
-1.1296084068135315e-08
-3.636881462654174e-09
1.1385177245415434e-08
6.5782046476670075e-09
2.5446196261214027e-09
5.773159728050814e-15
3.3306690738754696e-16
7.716050021144838e-15
-3.5083047578154947e-14
2.6867397195928788e-14
4.440892098500626e-16
8.881784197001252e-15
8.881784197001252e-16
0.0
1.7035520727404219e-07
-4.6581477874951815e-07
1.2078180589014664e-07
1.213399372090862e-07
9.853866522746557e-08
8.175138788146796e-09
7.679599178800345e-10
3.292610628591319e-11
-7.475242647103642e-12
-7.549516567451064e-15
2.491062911502695e-15
6.938893903907228e-18
3.774758283725532e-14
-1.454392162258955e-14
-4.440892098500626e-16
0.0
-8.881784197001252e-16
-2.886579864025407e-15
2.299806851624453e-07
-2.831395704561146e-07
1.6647936362801374e-07
1.675284337920857e-07
1.052665119516405e-07
8.393925554628368e-09
-1.4163674677547533e-09
3.753086730284849e-11
-7.116573996768238e-11
-8.881784197001252e-16
-2.9837243786801082e-15
-2.7755575615628914e-17
-3.4861002973229915e-14
2.275957200481571e-15
0.0
0.0
-2.220446049250313e-15
3.1086244689504383e-15
1.0362941793573555e-07
-2.1823805695930787e-07
6.598969282123335e-08
6.49861995327683e-08
4.366995298710208e-08
-2.4161650458154327e-09
5.540421454952593e-10
3.7992009538356797e-10
6.529043972136606e-11
1.199040866595169e-14
-7.771561172376096e-16
5.551115123125783e-17
-4.440892098500626e-16
-1.7763568394002505e-15
1.6653345369377348e-16
-1.7763568394002505e-15
3.9968028886505635e-15
-2.220446049250313e-15
3.1352413998320117e-08
-1.9386254734854447e-07
1.4534567327473269e-08
1.3791811248609065e-08
1.2714092889609674e-08
-7.465509099802148e-09
5.783498124856123e-10
5.919078560623348e-10
9.672573852981259e-11
-5.551115123125783e-15
-1.1102230246251565e-15
1.6653345369377348e-16
-2.220446049250313e-16
1.3322676295501878e-15
5.551115123125783e-16
2.220446049250313e-15
-1.9984014443252818e-15
2.6645352591003757e-15
1.0402004591014702e-08
-1.5235264783086677e-07
2.2734327753681782e-09
9.056244643090849e-10
2.640311969059894e-09
-8.581629629134113e-09
1.2632099810616637e-09
1.0078204937258306e-09
2.5579482976212375e-10
-1.5543122344752192e-15
2.4147350785597155e-15
-1.6653345369377348e-16
2.7755575615628914e-16
-3.3306690738754696e-16
-3.885780586188048e-16
-2.220446049250313e-16
1.0880185641326534e-14
-6.661338147750939e-16
-1.2512236580164426e-08
-6.94184478788884e-08
-1.793581105857811e-08
-1.953037465085572e-08
-1.24918209110092e-08
-1.222237955289529e-08
1.4233361156357205e-09
4.26862101221559e-10
-2.6328272895170812e-11
1.5543122344752192e-15
2.192690473634684e-15
1.1102230246251565e-16
1.1102230246251565e-16
-1.1102230246251565e-16
-2.3592239273284576e-16
-6.661338147750939e-16
-2.220446049250313e-15
-8.881784197001252e-16
-8.090367487056938e-09
-5.860364638010651e-08
-1.5376695472468782e-08
-1.792653847587644e-08
-1.1399707844361728e-08
-1.0033609498805163e-08
2.2569869306821033e-09
1.4094825306898429e-09
3.864826791932785e-10
-2.886579864025407e-15
-1.4876988529977098e-14
2.7755575615628914e-15
-1.2656542480726785e-14
-5.878630915390204e-14
-1.1199374760906267e-14
2.4202861936828413e-14
-2.1760371282653068e-14
1.1812772982011666e-13
2.1095871716170222e-09
-4.507450057644746e-08
-1.5996572955145894e-09
-2.4236257445409137e-09
-2.6987692081092973e-09
-6.646040162650024e-09
1.4784031776571285e-09
9.949656654129058e-10
-8.042344568082171e-11
9.103828801926284e-15
3.1086244689504383e-15
-2.220446049250313e-16
2.142730437526552e-14
-2.2898349882893854e-16
-1.3877787807814457e-16
6.661338147750939e-16
-2.6645352591003757e-15
-2.220446049250313e-15
1.5599589175963047e-08
-3.415550509089371e-08
1.0220851720532664e-08
8.942379281506874e-09
3.968626316463997e-09
-4.723226254554902e-09
1.363570589774099e-09
-1.8173973437285437e-10
-2.655375919147218e-10
1.9984014443252818e-15
-2.9698465908722937e-15
0.0
1.1102230246251565e-16
-4.440892098500626e-16
-7.494005416219807e-16
2.220446049250313e-15
0.0
8.881784197001252e-16
2.1903471036921474e-08
-2.247188746196116e-08
1.834541785150634e-08
2.3937626991710204e-08
1.256592341292162e-08
-3.1030822356115095e-09
-5.5477986649066224e-09
-5.869262853508417e-09
-1.5387795482268984e-09
-3.3306690738754696e-15
3.866698627952303e-15
-1.1102230246251565e-16
-1.6653345369377348e-16
8.049116928532385e-16
-1.6653345369377348e-16
-5.10702591327572e-15
-2.6645352591003757e-15
0.0
3.1243425624438714e-08
-1.903821100768255e-09
3.1646472997692854e-08
4.7434692618253393e-08
2.5955404936439663e-08
1.800799509510398e-10
-1.572729502186121e-08
-1.3610201188285487e-08
-2.360175721527469e-09
1.7763568394002505e-15
-1.8214596497756474e-16
7.549516567451064e-15
1.887379141862766e-14
-9.679756995950584e-15
1.1449174941446927e-14
7.105427357601002e-15
-1.1546319456101628e-14
-2.220446049250313e-15
4.5585447583373906e-08
6.189285528535038e-09
4.830470246020013e-08
6.28802609980994e-08
3.4901994183655916e-08
3.348361587995896e-09
-1.4411418725046587e-08
-1.168215635338754e-08
-1.4837459039185319e-09
5.10702591327572e-15
3.1988300897012323e-15
0.0
3.3306690738754696e-16
1.1657341758564144e-15
9.020562075079397e-16
2.0816681711721685e-16
-4.440892098500626e-15
1.1102230246251565e-15
4.878675596842186e-08
-2.9141915547370445e-09
5.196706887033997e-08
6.169432786862217e-08
3.442348806004247e-08
3.7531151519942796e-09
-9.481874396755074e-09
-6.695865195638362e-09
-8.63336624412625e-10
1.3322676295501878e-15
-1.1570605584765303e-13
1.354472090042691e-14
-6.661338147750939e-16
-5.229150445984487e-14
-1.021405182655144e-14
8.104628079763643e-15
3.552713678800501e-15
9.992007221626409e-14
5.1500137487892055e-08
-8.84613271523449e-09
5.494759669488758e-08
6.356509940630417e-08
3.5404235987357424e-08
3.534438519636751e-09
-8.372460946759475e-09
-5.692779581067953e-09
-9.071934314874852e-10
-5.329070518200751e-15
7.994993556081909e-14
-3.0531133177191805e-16
-1.5987211554602254e-14
-9.43689570931383e-16
2.015054789694659e-14
-2.4424906541753444e-15
3.552713678800501e-15
4.440892098500626e-16
5.7163340727584e-08
-1.2932559911860153e-08
6.044428069174046e-08
7.193413820161254e-08
3.996054687149808e-08
3.6926621760358103e-09
-1.1379142961231992e-08
-7.970461624040581e-09
-1.4008496584949626e-09
-1.9984014443252818e-15
1.6139867220488213e-14
-1.8984813721090177e-14
-1.1102230246251565e-15
6.661338147750939e-16
4.440892098500626e-16
-1.7763568394002505e-15
0.0
-5.551115123125783e-17
4.189804059251401e-08
-2.7277582859142058e-08
4.5034183493442015e-08
6.026526777613839e-08
3.316845287315573e-08
9.165574965663836e-10
-1.5213853288287282e-08
-1.0648387060996356e-08
-2.1539485750565746e-09
-3.774758283725532e-15
7.355227538141662e-16
8.326672684688674e-17
-6.661338147750939e-16
6.661338147750939e-16
2.220446049250313e-16
8.881784197001252e-16
2.6645352591003757e-15
2.220446049250313e-16
-1.373990698994021e-09
-4.709491463472659e-08
4.033602785113999e-09
2.2523376941308015e-08
1.167290086812045e-08
-5.052967821939092e-09
-1.8514576538564143e-08
-1.312295161426391e-08
-3.02346503389117e-09
-2.220446049250313e-16
-5.717648576819556e-15
-3.4416913763379853e-15
9.992007221626409e-16
-8.881784197001252e-16
-8.881784197001252e-16
-2.6645352591003757e-15
-1.554312234475219e-14
1.9984014443252818e-15
-4.633601236037066e-08
-7.44094741378376e-08
-3.801098458211527e-08
-1.6183099305067117e-08
-9.909050469047997e-09
-1.1056627613470482e-08
-2.1897770707823838e-08
-1.4535858738895513e-08
-3.6330640718063023e-09
-1.7763568394002505e-15
2.761679773755077e-15
-1.6653345369377348e-16
-3.2057689836051395e-14
-8.881784197001252e-16
4.440892098500626e-16
-2.1094237467877974e-15
-4.440892098500626e-16
-9.325873406851315e-15
-6.576111388767458e-08
-6.966093479832125e-08
-5.0351928848613163e-08
-2.9524297673333425e-08
-1.6684157166935165e-08
-1.2218606570968404e-08
-2.074505422999806e-08
-1.298404761485017e-08
-2.286980826937679e-09
8.881784197001252e-15
1.0469403122215226e-13
-1.0011436124557349e-13
3.885780586188048e-14
-6.750155989720952e-14
-5.684341886080802e-14
1.8074083896202353e-14
6.750155989720952e-14
2.9531932455029164e-14
-1.7412526176485699e-07
-2.5089811117595673e-08
-1.335782506828309e-07
-1.1208044981003695e-07
-6.312831146715325e-08
-2.6382018347703706e-08
-2.166081713994572e-08
-1.192903997804251e-08
9.651429655477273e-11
-8.881784197001252e-15
-1.3547496457988473e-13
3.7789216200678766e-14
-4.729550084903167e-14
1.5365486660812167e-13
-1.9539925233402755e-14
-3.164135620181696e-15
-7.549516567451064e-15
-5.551115123125783e-17
-1.8907198295892158e-07
5.1695607794499665e-08
-1.4228927547321746e-07
-1.1109048614343919e-07
-6.36225614414343e-08
-2.3628238920991862e-08
-3.140302418103147e-08
-1.7337499880198948e-08
2.318722991390132e-09
5.10702591327572e-15
3.191891195797325e-15
-4.163336342344337e-17
-2.220446049250313e-16
2.6645352591003757e-15
8.881784197001252e-16
2.1649348980190553e-15
0.0
0.0
-1.0299916652911634e-07
8.742799195715634e-08
-6.828945942061182e-08
-3.919479496516942e-08
-2.459368175777854e-08
-1.0494783708736577e-08
-2.9618789199048482e-08
-1.8833029358233944e-08
3.5209100079924838e-09
1.7763568394002505e-15
-2.0056178939853453e-13
4.225786387479502e-15
4.574118861455645e-14
8.526512829121202e-14
-4.440892098500626e-14
3.5860203695392556e-14
5.88418203051333e-15
1.3322676295501878e-15
-1.90740152561375e-07
7.315577477129409e-08
-6.875856950472325e-08
-2.124338216447086e-08
-1.5549321830121698e-09
-1.5811927767117595e-08
-4.835332134689452e-08
-2.974826696089394e-08
2.2222024442797306e-08
-8.659739592076221e-15
8.343326030058051e-14
6.938893903907228e-17
1.1546319456101628e-14
-1.1901590823981678e-13
1.7763568394002505e-15
-1.9984014443252818e-15
-8.604228440844963e-16
-4.440892098500626e-16
-1.6885041986824945e-07
-4.873271564065362e-07
-2.5960811056435773e-07
2.91550783515504e-10
2.6916247009012295e-11
-1.935488214144243e-09
-2.610675622349845e-07
-1.4164439932073947e-07
-9.653574295498402e-08
-5.773159728050814e-15
1.3600232051658168e-15
-1.734723475976807e-17
-6.616929226765933e-14
-2.6645352591003757e-15
-2.220446049250313e-16
1.1102230246251565e-15
3.885780586188048e-16
-4.440892098500626e-16
5.6980582030519145e-08
-3.824629857263062e-08
3.812708371242479e-08
1.5708145895132475e-10
1.31914035250702e-10
4.2298887725777945e-09
3.8761825749134005e-08
2.4265133902190428e-08
5.244586986918875e-10
8.43769498715119e-15
3.524958103184872e-15
5.551115123125783e-17
-3.9968028886505635e-15
-1.7763568394002505e-15
1.942890293094024e-16
1.1102230246251565e-15
1.1102230246251565e-16
7.771561172376096e-16
2.567125534369552e-08
-2.6057193736050976e-08
1.679224936879109e-08
1.142232974871149e-10
1.7929213669276578e-11
4.93674245927167e-09
1.7133828578153043e-08
1.1969063962169457e-08
5.939426728218677e-10
-1.2878587085651816e-14
-2.1094237467877974e-15
-1.1102230246251565e-16
4.440892098500626e-16
8.43769498715119e-15
4.440892098500626e-16
-4.440892098500626e-15
1.1102230246251565e-15
1.1102230246251565e-16
-5.729106078433688e-09
-2.1760833135431312e-08
-7.765963871975146e-09
3.9049652400535706e-11
-2.7150726111813128e-11
4.548248888625039e-09
-7.66770469340372e-09
-3.129313697058933e-09
-2.3799131554369524e-09
1.199040866595169e-14
1.4710455076283324e-15
-1.1102230246251565e-16
4.440892098500626e-16
-8.215650382226158e-15
-2.220446049250313e-16
3.1086244689504383e-15
-1.6653345369377348e-15
3.3306690738754696e-16
-1.2402921356624574e-08
-1.5105470652088115e-08
-1.2462262333201579e-08
-3.113864721626669e-11
-2.5974777884130162e-11
3.282446758845481e-09
-1.2419913986150277e-08
-6.829315779555146e-09
-3.3062761417568254e-09
1.1102230246251565e-14
-1.1934897514720433e-15
8.326672684688674e-17
-2.220446049250313e-15
-9.992007221626409e-16
4.440892098500626e-16
0.0
1.2212453270876722e-15
-9.159339953157541e-16
-1.0272188433191332e-08
-1.501479118815041e-08
-1.084116263427859e-08
6.015365983103038e-11
5.454037221852559e-11
1.6094967580926323e-09
-1.0895099933350139e-08
-6.074763803098904e-09
-3.2356624046769866e-09
1.4210854715202004e-14
-2.7755575615628914e-17
-5.551115123125783e-17
1.3322676295501878e-15
7.327471962526033e-15
1.1102230246251565e-15
-1.1102230246251565e-15
-2.1038726316646716e-14
8.520961713998076e-15
-1.7686616615719686e-09
-1.7862589629658032e-08
-3.988514407637922e-09
2.2289725620794343e-10
1.0950618190008754e-10
1.5527048535801669e-09
-4.118994922919228e-09
-2.2555539658242196e-09
-2.74203415528973e-09
-2.1094237467877974e-14
-1.1796119636642288e-15
1.1102230246251565e-16
0.0
1.3322676295501878e-15
-8.881784197001252e-16
-4.440892098500626e-16
1.3322676295501878e-15
-5.689893001203927e-16
4.880572390675297e-09
-2.1309091380317113e-08
1.8729569006836755e-09
3.4610003751822665e-10
1.3710099722175073e-10
1.4884307120155427e-09
1.541955896300351e-09
9.054907934569202e-10
-2.5629418587413966e-09
-7.549516567451064e-15
-6.938893903907228e-16
-2.498001805406602e-16
6.661338147750939e-16
-2.220446049250313e-15
-4.440892098500626e-16
2.220446049250313e-16
4.440892098500626e-16
5.551115123125783e-16
6.6558847322539805e-09
-2.6108878614650166e-08
4.115269902627006e-09
9.988987414999428e-10
8.572982324039913e-10
1.1896350571305447e-09
3.093120426456153e-09
1.7505854543742316e-09
-2.8558844178405707e-09
-2.220446049250313e-15
1.1379786002407855e-15
6.300515664747763e-15
1.021405182655144e-14
-5.773159728050814e-15
-2.6645352591003757e-15
6.661338147750939e-16
2.049471703458039e-13
-3.9745984281580604e-14
-8.153527630838653e-09
-1.1558558554725096e-08
-7.045236394276344e-09
-1.1429602153611995e-08
-8.413783447736023e-09
2.857536429701213e-11
4.556103050390448e-09
2.3539463711585995e-09
-3.017149197148683e-09
6.661338147750939e-15
-1.5126788710517758e-15
2.3592239273284576e-16
-2.220446049250313e-16
-5.773159728050814e-15
0.0
-2.220446049250313e-16
-7.771561172376096e-16
-3.885780586188048e-16
2.023064293865673e-08
-2.5099188505350867e-08
1.690488860006667e-08
3.876824195003792e-09
2.707812640778684e-09
1.5450138945993788e-09
1.2878377475544767e-08
7.011916380861293e-09
-1.5554348919977201e-09
4.440892098500626e-16
-1.3877787807814457e-16
-2.220446049250313e-16
-9.159339953157541e-16
0.0
2.220446049250313e-16
0.0
2.1094237467877974e-15
2.7755575615628914e-17
3.7876176861573185e-08
-1.656691495099949e-08
3.170151430254009e-08
-3.9522696226867993e-10
9.701128789174618e-11
-1.5621182125613586e-09
3.212268850916189e-08
1.803749327677906e-08
2.0939268097208696e-09
2.4424906541753444e-14
-4.440892098500626e-15
-5.562217353372034e-14
-2.4424906541753444e-15
1.7763568394002505e-14
9.992007221626409e-15
-4.873879078104437e-14
-2.3359092438113294e-13
1.092459456231154e-13
3.887845423378167e-08
-7.702396942477208e-09
3.411730631341925e-08
-4.0590641958715423e-10
1.1479972528150029e-10
-3.809663418063991e-10
3.362413281138288e-08
2.02786480940631e-08
4.744535431200347e-09
2.4424906541753444e-15
5.551115123125783e-17
4.421463195569686e-14
1.7763568394002505e-15
-1.7763568394002505e-15
4.440892098500626e-16
-2.220446049250313e-16
-2.6645352591003757e-15
1.8207657603852567e-13
-1.243788627647291e-08
5.296897143125534e-09
-1.2272041161054403e-08
-6.761524673493113e-11
2.405542431915819e-10
8.479710267295104e-10
-1.2002274729638884e-08
-6.469818458754162e-09
4.0098235842833674e-10
-1.9761969838327786e-14
-8.326672684688674e-16
-4.440892098500626e-16
-1.7763568394002505e-15
2.6645352591003757e-15
0.0
-1.1102230246251565e-16
2.220446049250313e-15
2.220446049250313e-16
-6.715768385845422e-08
5.712536221835762e-08
-5.715609319167925e-08
5.989519991089765e-11
-2.6650681661521958e-11
1.687137207717626e-09
-5.6859519759200345e-08
-3.056513456223264e-08
1.649523628799443e-09
-1.4876988529977098e-14
7.355227538141662e-15
7.038813976123492e-14
8.881784197001252e-16
-7.105427357601002e-15
-3.3306690738754696e-16
-1.3322676295501878e-14
-4.618527782440651e-14
9.103828801926284e-15
-6.310444859991549e-07
-6.452987122429477e-08
-5.285217525852204e-07
6.232987459497963e-10
2.908056018213756e-10
4.1746461842961935e-10
-5.29071996879793e-07
-2.984812850215235e-07
-8.109677196443954e-08
1.2878587085651816e-14
1.0408340855860843e-15
0.0
-4.440892098500626e-16
2.6645352591003757e-15
6.661338147750939e-16
0.0
1.3322676295501878e-15
-7.494005416219807e-16
-4.498746619674421e-08
-3.60527678822109e-08
-3.5330749881268275e-08
1.8286989700300182e-09
1.1216858553098064e-09
-5.037364969595615e-10
-3.734229281349144e-08
-2.1202017030930165e-08
-1.0319268994862796e-08
-1.354472090042691e-14
-6.245004513516506e-17
1.1102230246251565e-16
1.6653345369377348e-15
-8.659739592076221e-15
-1.942890293094024e-16
2.220446049250313e-16
0.0
-1.27675647831893e-15
1.1724559101367049e-08
-4.476422077459575e-08
1.2259093296052015e-08
3.999872433269047e-09
2.6574369371701323e-09
-5.85534842834079e-10
8.1847240096522e-09
4.78261696912341e-09
-3.745896037798957e-09
3.552713678800501e-15
-4.198030811863873e-15
0.0
-1.609823385706477e-15
1.2212453270876722e-15
0.0
-2.220446049250313e-16
-8.881784197001252e-16
4.440892098500626e-16
5.359517274428072e-09
-4.605885095543272e-08
8.777057303177571e-09
2.259341158605821e-09
1.5458407887081194e-09
-1.4256735791917665e-09
6.689063525300298e-09
4.412692433675147e-09
-4.351065285845834e-09
-6.661338147750939e-16
-3.989863994746656e-15
-7.771561172376096e-16
-9.992007221626409e-16
-5.995204332975845e-15
-4.440892098500626e-16
3.0531133177191805e-16
-8.881784197001252e-16
8.881784197001252e-16
-7.156771175687027e-09
-5.1496243713700096e-08
8.072049695329042e-10
8.809011575738879e-10
6.316041023524122e-10
3.866075237723976e-10
-1.1128520327474689e-10
1.666258242494223e-09
-6.049134526620037e-09
-1.2434497875801753e-14
6.231126725708691e-15
0.0
-2.9698465908722937e-15
-2.220446049250313e-16
4.440892098500626e-16
0.0
-2.6645352591003757e-15
0.0
-1.2460162679417408e-08
-6.189706880377344e-08
1.6341794584207037e-10
-8.105782711709253e-11
-1.0700518249251445e-10
-8.455622868552837e-10
2.233626616998663e-10
3.743775067732713e-09
-6.834255827925517e-09
1.9984014443252818e-14
-3.164135620181696e-15
-1.1102230246251565e-16
1.915134717478395e-15
1.3322676295501878e-15
-2.3592239273284576e-16
0.0
0.0
-8.881784197001252e-16
5.712507800126333e-09
-8.837432119435107e-08
2.3056248465991303e-08
-1.1081695561188099e-09
-6.663936069628562e-10
4.460096736380592e-10
2.412449617850143e-08
2.080863836795288e-08
-3.309310159238521e-09
-6.217248937900877e-15
6.5780714209040525e-15
-8.326672684688674e-17
-1.1102230246251565e-15
-2.220446049250313e-16
-2.220446049250313e-16
1.9095836023552692e-14
1.7763568394002505e-14
-1.7763568394002505e-14
-3.994301778220688e-08
-5.32080548509839e-08
7.110138255939091e-09
-4.1374752512979285e-09
4.442606282850647e-09
1.6145997427940983e-08
1.1304736702300033e-08
1.6453256534987304e-08
-2.7849473838159615e-09
1.3322676295501878e-15
-9.686695889854491e-15
-1.1102230246251565e-16
1.5543122344752192e-15
2.220446049250313e-14
0.0
0.0
1.7763568394002505e-15
-8.881784197001252e-16
1.3090657091652247e-07
1.1238915931244264e-07
1.1471679961516656e-07
1.150293655882706e-07
5.1516213517288634e-08
9.913982523812592e-09
-8.497540449070584e-10
6.863043466864838e-10
5.368194777588542e-11
2.886579864025407e-15
2.4841240175987878e-15
5.551115123125783e-17
-1.5543122344752192e-15
-6.661338147750939e-16
0.0
0.0
-2.6645352591003757e-15
8.881784197001252e-16
-1.3367014162213309e-09
2.6661382435122505e-08
-1.090093348921073e-09
-8.461142897431274e-10
-3.0047431209823117e-10
8.109708460324327e-10
-3.5505820505932206e-10
-1.748792666234067e-09
-2.2200807858752114e-10
1.354472090042691e-14
4.191091917959966e-15
2.4702462297909733e-15
0.0
0.0
-2.220446049250313e-16
0.0
0.0
-1.3322676295501878e-15
4.357261218501662e-09
2.1050425402791006e-08
3.5473295412202788e-09
2.1303314667875384e-09
6.607052682738868e-10
5.832916372128238e-10
2.1401405092547066e-09
-1.0043699205652956e-10
6.66631194690126e-11
1.9539925233402755e-14
-4.3021142204224816e-15
1.942890293094024e-16
1.1102230246251565e-15
-7.216449660063518e-16
9.992007221626409e-16
-1.3322676295501878e-15
6.661338147750939e-15
9.020562075079397e-16
2.5422380645068188e-08
5.3634762409160424e-08
1.878262523291596e-08
9.10342556892374e-09
4.1913565951290366e-09
2.5302071549049288e-09
9.687710189609788e-09
-3.04085290281364e-09
-4.2648462539318643e-10
-1.709743457922741e-14
3.1502578323738817e-15
-8.326672684688674e-17
6.661338147750939e-16
-2.220446049250313e-16
0.0
-2.220446049250313e-15
-5.329070518200751e-15
-1.5543122344752192e-15
-4.476837034417258e-08
-2.0939552314303e-08
-3.548897886673785e-08
-2.129118215066228e-08
-1.2770033475106857e-08
-1.5586323343086404e-09
-1.4230886691279919e-08
5.746144893237215e-09
1.9824439867477395e-09
-2.220446049250313e-15
-7.771561172376096e-16
-1.1102230246251565e-16
-6.661338147750939e-16
-3.3306690738754696e-16
-1.8318679906315083e-15
3.9968028886505635e-15
5.6815663285192386e-14
1.7763568394002505e-15
-7.519703615344042e-08
1.61968358725062e-07
-5.033072270066441e-08
-5.639880562569033e-08
-3.189509278911373e-08
-1.7611654357096995e-09
6.273076280649548e-09
-2.017389455488683e-08
-3.862802078202776e-09
2.2648549702353193e-14
-1.8041124150158794e-16
3.3306690738754696e-16
-4.440892098500626e-16
8.881784197001252e-16
5.967448757360216e-16
-1.3322676295501878e-15
7.105427357601002e-15
-3.9968028886505635e-15
-6.142551001175889e-08
6.469169022693677e-08
-3.4426239636786704e-08
-2.96998301507756e-08
-1.5794240582067687e-08
-2.958991274226719e-09
-4.2788346199529315e-09
-6.397286672621405e-09
2.2479873518221893e-10
8.43769498715119e-15
4.6629367034256575e-15
1.1102230246251565e-16
2.220446049250313e-16
-2.220446049250313e-16
-4.0939474033052647e-16
8.881784197001252e-16
-1.4876988529977098e-14
4.440892098500626e-15
5.586514362221351e-09
-1.6404047897822238e-08
6.589939260948086e-09
1.01304715727224e-08
5.666834113071673e-09
2.7257271995040355e-09
-3.7241094652529227e-09
8.961794972783821e-09
2.46764647604536e-09
-8.215650382226158e-15
-3.066991105526995e-15
0.0
-4.440892098500626e-16
-7.993605777301127e-15
-3.885780586188048e-16
-1.3322676295501878e-15
3.9968028886505635e-15
-1.7763568394002505e-15
-7.3183628046535895e-09
2.937371590405746e-08
1.7998225132487278e-10
5.339903630385834e-09
3.0027740294258365e-09
2.006657950914814e-09
-5.4683089167895105e-09
-3.567427409034707e-09
-6.65449473302715e-10
1.9317880628477724e-14
1.9290125052862095e-15
0.0
-4.440892098500626e-16
1.5543122344752192e-15
9.992007221626409e-16
1.5543122344752192e-15
2.220446049250313e-15
-1.3322676295501878e-15
-5.968979266413044e-08
7.4864786370199e-08
-3.494075251353479e-08
-1.1812293587709632e-08
-6.649234052247266e-09
-1.906954594232957e-10
-2.328129600215334e-08
-1.9685425900473064e-08
-4.252015739503179e-09
-2.5424107263916085e-14
-5.35682609381638e-15
0.0
0.0
-3.219646771412954e-15
-5.551115123125783e-16
-2.6645352591003757e-15
-3.552713678800501e-15
8.881784197001252e-16
-9.087498575865993e-08
9.413794899160166e-08
-6.037981403750337e-08
-5.6344262588936544e-09
-2.9689317671000026e-09
1.660396264924202e-10
-5.496531407800376e-08
-3.7392310248129945e-08
-6.249550099646228e-09
-3.3306690738754696e-16
1.1934897514720433e-15
0.0
1.1102230246251565e-16
2.4424906541753444e-15
-1.1102230246251565e-15
4.9960036108132044e-15
8.881784197001252e-16
-4.440892098500626e-16
-4.4425585876695095e-08
7.952606750905034e-08
-2.687471312157186e-08
1.7848866384895246e-08
1.03518384975132e-08
3.0905056291885558e-09
-4.4904540086321276e-08
-2.4257389652504457e-08
-1.1298834090567311e-09
-4.218847493575595e-15
-3.1502578323738817e-15
-1.1102230246251565e-16
-2.220446049250313e-16
-1.0547118733938987e-15
9.992007221626409e-16
-5.23192600354605e-15
8.881784197001252e-16
0.0
4.1719687260410865e-08
-2.2424508472340676e-08
1.8242816424152153e-08
2.5342511200676654e-08
1.4751970311976947e-08
4.771649741996953e-09
-7.769796361856152e-09
1.2121809334075806e-08
3.48233045177615e-09
1.1546319456101628e-14
2.959438250016433e-15
-2.7755575615628914e-16
2.220446049250313e-16
3.3306690738754696e-16
-4.440892098500626e-16
-2.220446049250313e-16
2.6645352591003757e-15
0.0
8.543788965198473e-08
-1.0874425981910463e-07
3.151214045260531e-08
1.9085763192094873e-08
1.1344280181901922e-08
3.64696006727172e-09
1.1728177540248907e-08
2.6225071003693756e-08
3.568185968916282e-09
-1.4432899320127035e-14
-4.488596994089988e-16
2.498001805406602e-16
6.661338147750939e-16
-3.7470027081099033e-16
6.661338147750939e-16
3.9968028886505635e-15
-2.6645352591003757e-15
0.0
1.3385987074343575e-07
-1.049959124088673e-07
7.853026762205673e-08
6.075884506628881e-08
3.518522717627093e-08
8.586773958541018e-09
1.7228980908612357e-08
1.976509445000829e-08
2.5567425954164946e-09
-9.325873406851315e-15
4.912736883966318e-15
1.3877787807814457e-17
-6.661338147750939e-16
2.4424906541753444e-15
-2.220446049250313e-16
-1.7763568394002505e-15
8.881784197001252e-16
-1.3877787807814457e-16
2.4500467077359644e-07
-6.819227138521455e-08
1.9071835133388504e-07
1.7345527103529434e-07
9.923793875543652e-08
2.554988043357298e-08
1.656018788764868e-08
9.467781225680483e-09
2.0032304703931914e-09
-1.9984014443252818e-15
1.8735013540549517e-16
-5.551115123125783e-17
-1.1102230246251565e-15
-3.774758283725532e-15
-2.220446049250313e-16
1.7763568394002505e-15
-1.7763568394002505e-15
-2.220446049250313e-16
-2.140873789358011e-08
1.3986401370402746e-08
-5.217157816872486e-09
-2.364379536601291e-08
-1.3819120070479585e-08
-1.0438050423999812e-08
1.971229224295712e-08
-9.827232361203644e-10
1.870908983292452e-09
8.659739592076221e-15
7.66053886991358e-15
-5.662137425588298e-15
5.839773109528323e-14
-9.547918011776346e-15
-5.306866057708248e-14
-1.687538997430238e-14
-4.996003610813204e-16
1.1546319456101628e-13
1.947629755250091e-07
-1.7575592892171699e-07
1.415608855692696e-07
1.3273414900538683e-07
7.668169832442118e-08
1.7537544749757217e-08
8.559284836451297e-09
1.2453737596729297e-08
3.0165938635917655e-09
-7.327471962526033e-15
-1.0130785099704553e-15
-5.551115123125783e-17
-1.3183898417423734e-16
1.7763568394002505e-15
2.220446049250313e-16
5.162537064506978e-15
2.220446049250313e-16
2.220446049250313e-16
4.8296911359102523e-08
-6.871228208638058e-08
6.323975032529461e-08
6.744540925751608e-08
4.0081561181182224e-08
6.62446097976499e-10
-4.24144652733105e-09
-1.0416858486905767e-09
2.3941295612672775e-09
2.5091040356528538e-14
3.3584246494910985e-15
-1.942890293094024e-16
9.992007221626409e-16
-1.3322676295501878e-15
8.881784197001252e-16
-4.1772141301521515e-15
1.3322676295501878e-15
0.0
-4.044744628117769e-08
-1.3839925827596744e-07
2.4762514705400918e-08
3.429040162927777e-08
2.7882748554475256e-08
-1.8411725477562868e-08
-9.786503829545268e-09
-3.7026559596142757e-09
2.4998299402723134e-09
-2.1538326677728037e-14
-7.299716386910404e-15
1.942890293094024e-16
-6.661338147750939e-16
8.881784197001252e-16
8.881784197001252e-15
4.052314039881821e-15
-2.6645352591003757e-15
-2.220446049250313e-16
-2.8290769193972665e-07
-2.7859496753990243e-07
-1.276537404670819e-07
-1.2377988056755385e-07
-4.385279339658155e-08
-6.465162272206726e-08
-3.701921880150394e-09
-4.90702878330751e-09
1.4039870377402508e-09
9.325873406851315e-15
4.440892098500626e-16
-1.1102230246251565e-16
-4.440892098500626e-16
0.0
-8.881784197001252e-16
-2.7755575615628914e-15
3.552713678800501e-15
1.1102230246251565e-16
1.7053793399668393e-07
2.4763491524026904e-07
3.620421384908923e-07
-1.7364207138825805e-07
-5.9603133095720295e-08
-6.054189327642234e-08
5.354466097173827e-07
2.895932817992275e-07
1.321220750583052e-07
-2.220446049250313e-15
4.85722573273506e-15
0.0
4.440892098500626e-16
0.0
2.6645352591003757e-15
4.440892098500626e-16
-3.344546861683284e-15
-4.440892098500626e-16
2.2688573437790183e-06
1.456713221159589e-07
1.9126144827907865e-06
9.646514836925135e-10
-1.4404655246380568e-10
6.386594142426816e-09
1.912386515812159e-06
1.1065658362952036e-06
2.623580996896635e-07
1.2434497875801753e-14
-1.5126788710517758e-15
2.7755575615628914e-17
4.440892098500626e-16
-3.552713678800501e-15
-1.7763568394002505e-15
8.881784197001252e-16
1.1102230246251565e-15
-6.661338147750939e-16
1.075252527016346e-06
3.1394563393405406e-08
9.002056415852167e-07
-4.212372672895981e-10
4.505815165423144e-11
8.176115118274652e-09
9.002645846578616e-07
5.176848745236384e-07
1.1807698285792868e-07
-3.774758283725532e-15
3.4416913763379853e-15
0.0
0.0
1.7763568394002505e-15
-9.992007221626409e-16
-1.6653345369377348e-15
2.6645352591003757e-15
6.661338147750939e-16
3.511966610858508e-07
4.103770834262832e-08
2.972380599430835e-07
-5.632614374917466e-10
-6.377209871288869e-11
6.445429079349196e-09
2.980776301342303e-07
1.6902662913764743e-07
4.38791118995141e-08
-1.354472090042691e-14
-3.2612801348363973e-15
0.0
0.0
-2.6645352591003757e-15
-4.440892098500626e-16
-2.220446049250313e-16
-4.884981308350689e-15
8.881784197001252e-16
1.257026553957985e-07
-1.3328769910003757e-07
9.914827714396779e-08
2.8461144552238693e-10
2.667182030791082e-10
6.4028966573204116e-09
9.87765069737634e-08
6.611221436969572e-08
6.702808086345158e-09
1.84297022087776e-14
9.367506770274758e-16
5.551115123125783e-17
-4.440892098500626e-16
3.1086244689504383e-15
1.1102230246251565e-15
1.1102230246251565e-15
3.1086244689504383e-15
-1.1102230246251565e-15
7.149870668854419e-07
1.7313340094915475e-08
5.965841651800474e-07
1.9105605986169394e-11
3.313349594691317e-10
3.860340047623367e-09
5.967322351807525e-07
3.379766688738073e-07
7.493700593386166e-08
-9.992007221626409e-15
8.827660824550776e-14
-8.93729534823251e-15
1.199040866595169e-14
-7.882583474838611e-15
1.3322676295501878e-15
1.2656542480726785e-14
-8.881784197001252e-16
5.551115123125783e-15
2.2113044906291182e-07
-1.5502621408813866e-09
1.8410218238784637e-07
2.0318502436111885e-10
3.880327170691089e-10
2.0561226055093584e-09
1.8397488688037808e-07
1.0410693757068047e-07
2.2850272785035486e-08
1.7541523789077473e-14
-1.2727319198546638e-13
-1.3877787807814457e-16
8.881784197001252e-16
-1.7763568394002505e-15
-4.440892098500626e-15
6.661338147750939e-16
-4.440892098500626e-16
3.3306690738754696e-16
1.3173981727732098e-07
-9.972467296393006e-10
1.0912837211662918e-07
8.690648201081785e-11
1.2215917166713552e-10
1.819707273753579e-09
1.0895680091493888e-07
6.112897121823835e-08
1.3302269508130848e-08
-7.327471962526033e-15
-2.7755575615628914e-17
1.1102230246251565e-16
-8.881784197001252e-16
1.865174681370263e-14
1.7763568394002505e-15
4.440892098500626e-16
6.661338147750939e-16
4.85722573273506e-17
1.0533184102712312e-07
6.786109452150413e-10
8.656613559310244e-08
-2.9581830318647917e-09
-2.4031807654978365e-09
9.537624023892022e-10
8.944270035726731e-08
5.007816383795216e-08
1.0802452266034379e-08
-2.1760371282653068e-14
-1.3877787807814457e-15
0.0
6.661338147750939e-16
-1.199040866595169e-14
-8.881784197001252e-16
0.0
1.9984014443252818e-15
7.216449660063518e-16
-1.3853795888252305e-09
8.108636961878801e-08
-5.058218732756358e-09
-7.520728928511744e-08
-5.7414330179028645e-08
-9.95195925668213e-09
7.010062219592328e-08
3.926229830142347e-08
8.424478892266052e-09
5.10702591327572e-15
-5.523359547510154e-15
-1.0297318553398327e-14
2.4424906541753444e-14
1.1102230246251565e-14
2.6645352591003757e-15
8.348877145181177e-14
3.68594044175552e-14
6.217248937900877e-15
-1.1877453540143357e-06
1.265276793560588e-06
-9.711570054804497e-07
-1.0210749366024174e-06
-7.842542428804222e-07
-1.2727976028692467e-07
4.988740087696897e-08
2.8029127463469194e-08
5.370736744225724e-09
-6.661338147750939e-15
5.745404152435185e-15
4.749672877224498e-15
8.881784197001252e-16
-7.549516567451064e-15
4.440892098500626e-16
-2.220446049250313e-16
-1.199040866595169e-14
8.659739592076221e-15
2.876591977951648e-07
-2.3541267069049352e-07
2.288992728693984e-07
1.5360284244536615e-07
1.209615572150824e-07
1.6493247656512722e-08
7.523481571070079e-08
4.230118832992957e-08
8.115009109133098e-09
1.0436096431476471e-14
-2.55351295663786e-15
-2.7755575615628914e-16
1.887379141862766e-15
0.0
0.0
-3.3306690738754696e-16
-8.881784197001252e-16
-8.881784197001252e-16
1.449731144020916e-07
-6.187559620229877e-08
1.2464160192848794e-07
1.7306975408359904e-08
1.4649311097514328e-08
-6.839586674800557e-10
1.0729408117526874e-07
6.168438915210572e-08
1.2701917739832425e-08
-1.0436096431476471e-14
6.661338147750939e-16
1.1796119636642288e-16
-2.3314683517128287e-15
0.0
0.0
2.220446049250313e-16
-4.440892098500626e-16
8.881784197001252e-16
6.991045076176761e-09
-2.556714662205195e-08
-2.1813839623519016e-10
-1.8464252349303933e-10
2.3208270860664015e-09
7.722179007352281e-10
-1.6408208125540114e-10
-1.5690559962422412e-10
7.812417379682302e-12
5.551115123125783e-15
-2.9334173978767808e-15
3.802513859341161e-15
-1.2545520178264269e-14
8.881784197001252e-16
-1.3322676295501878e-15
-1.1379786002407855e-13
-3.9968028886505635e-14
2.761679773755077e-15
1.1814524469855314e-08
-2.4082055460894477e-08
-1.7509051986053239e-09
-3.240252510749997e-10
2.3864554776764635e-10
7.775118326946995e-10
-1.5386714125043e-09
-7.044582694959445e-10
9.837619607822035e-11
4.218847493575595e-15
3.0531133177191805e-16
-2.220446049250313e-16
4.440892098500626e-16
-2.6645352591003757e-15
-2.220446049250313e-16
0.0
1.1657341758564144e-15
8.604228440844963e-16
-8.093614667359361e-10
-4.41934844275238e-09
-9.958201374615783e-09
1.1834444535452349e-09
-3.0746605261811055e-10
8.345191204739422e-10
-1.1200226968099969e-08
-6.23047879955152e-09
3.316824592758394e-10
-1.7763568394002505e-14
2.9976021664879227e-15
1.1102230246251565e-16
-1.7763568394002505e-15
0.0
-1.1102230246251565e-16
-1.9984014443252818e-15
1.4432899320127035e-15
1.3322676295501878e-15
-8.829452013969785e-08
4.222641791784554e-08
-8.002534457318689e-08
3.5013165700092945e-09
3.875541665365745e-09
1.5722609880697291e-09
-8.356085867688989e-08
-4.5507633661401314e-08
2.638194551707329e-09
1.1546319456101628e-14
-2.3314683517128287e-15
-2.886579864025407e-15
-2.220446049250313e-16
1.7763568394002505e-15
-8.326672684688674e-17
-9.325873406851315e-15
-6.8833827526759706e-15
5.773159728050814e-15
2.314347824494689e-08
-1.0540225048316643e-07
3.62718850510646e-08
4.539331932562618e-08
3.165504480762138e-08
1.0668508909628116e-08
-9.01649599427401e-09
-5.164362271159462e-09
-1.4217206967259699e-08
-1.4432899320127035e-14
3.8441472227646045e-15
1.1102230246251565e-16
2.9976021664879227e-15
-8.881784197001252e-16
2.220446049250313e-16
0.0
8.881784197001252e-16
7.771561172376096e-16
3.8656324363728345e-08
-4.157442390351207e-08
6.279543995901804e-08
1.0347832013479774e-07
6.58836150080333e-08
2.491545414429197e-08
-3.9537851659332546e-08
-2.1875842470819862e-08
-1.3205848858888201e-08
2.2648549702353193e-14
-4.260480856999038e-15
-1.1102230246251565e-16
-6.661338147750939e-16
-7.771561172376096e-16
-2.220446049250313e-16
0.0
4.440892098500626e-16
-1.3322676295501878e-15
-6.294256138517085e-08
6.0816773839178495e-09
-2.8356830661380172e-08
2.3456764530749297e-08
1.583151920669934e-08
1.4589149444077519e-08
-5.136713276954197e-08
-2.8100787474727443e-08
-1.1026429547200678e-08
-2.4424906541753444e-14
1.2732870313669764e-14
1.6653345369377348e-14
3.164135620181696e-15
-5.773159728050814e-15
-1.9761969838327786e-14
9.596490269103697e-15
2.886579864025407e-14
-1.5987211554602254e-14
-3.7098413940839237e-07
1.7375484162585053e-07
-2.697778453963906e-07
-8.57392716824279e-08
-5.127578646402231e-08
9.009397256010132e-09
-1.84009353532133e-07
-1.0288864871199621e-07
-2.798118714508746e-08
3.774758283725532e-15
5.412337245047638e-16
1.1102230246251565e-16
-2.498001805406602e-16
-3.9968028886505635e-15
4.0245584642661925e-16
6.661338147750939e-16
-8.881784197001252e-16
0.0
-3.3958750123019854e-07
3.2964963736503705e-07
-2.3116194824979172e-07
-1.5468704539500777e-07
-9.457399263723687e-08
1.2359755829915999e-08
-7.651360789395767e-08
-4.6115729901430313e-08
-4.3535735017030674e-09
2.4424906541753444e-14
-2.864895820575697e-15
1.1102230246251565e-16
7.771561172376096e-16
2.4424906541753444e-15
-1.1102230246251565e-16
-1.1102230246251565e-15
8.881784197001252e-15
2.3092638912203256e-14
1.252347914260099e-07
1.749542519746683e-07
1.068872066412041e-07
-7.238369192918981e-08
-4.112786022858472e-08
6.5689861328266375e-09
1.794445836367231e-07
9.200134343245737e-08
4.431822731021384e-08
-2.1538326677728037e-14
3.747002708109903e-15
-1.1102230246251565e-16
-1.1102230246251565e-15
8.881784197001252e-16
-4.440892098500626e-16
0.0
-2.6645352591003757e-15
-8.881784197001252e-16
-5.407472087881615e-07
5.385167582971917e-07
-3.0639606052318413e-07
-3.1063761873895146e-07
-1.9067605805389576e-07
2.7715699957298057e-08
4.430411593148165e-09
2.7162667670665996e-09
9.379729215552857e-10
1.5987211554602254e-14
-8.326672684688674e-16
-1.1102230246251565e-16
1.9984014443252818e-15
-1.9984014443252818e-15
0.0
0.0
5.329070518200751e-15
8.881784197001252e-16
1.2996794680475432e-06
-3.012016946968288e-06
1.078618893757266e-06
1.0769152432033025e-06
9.293521863185106e-07
3.1645963716187e-07
1.5502870098771382e-09
-4.737947811861432e-10
4.186044566534264e-11
-1.2878587085651816e-14
2.0816681711721685e-16
-1.0241807402167069e-14
-6.661338147750939e-16
5.6621374255882984e-14
5.995204332975845e-14
-2.398081733190338e-14
1.7763568394002505e-15
-8.970602038971265e-14
2.1729108823365095e-07
-1.0800249583553523e-10
1.7769108140441858e-07
1.8015715452790457e-07
1.0414526485647002e-07
2.548009803149398e-08
-2.5255140201352333e-09
-8.681428909085298e-10
1.154643047840409e-11
-1.4210854715202004e-14
5.146057191485198e-14
1.3281042932078435e-14
-8.881784197001252e-16
3.885780586188048e-15
-8.881784197001252e-16
-4.884981308350689e-15
-8.881784197001252e-15
1.1102230246251565e-14
-2.2023409940175043e-07
-1.6177693851204822e-08
-1.8365238751982815e-07
-1.829947944287369e-07
-1.0149358331545955e-07
-1.8597027917621745e-08
3.4701130857683893e-10
-2.248316643971293e-09
6.488853898645175e-11
-6.661338147750939e-15
6.966649479522857e-15
1.942890293094024e-16
0.0
6.661338147750939e-16
3.3306690738754696e-16
-1.7763568394002505e-15
8.881784197001252e-15
1.2212453270876722e-15
-1.4538224490934226e-07
-1.440628238924546e-08
-1.2101925506158295e-07
-1.2418965145144512e-07
-6.86277488171072e-08
-1.2686754757851304e-08
3.1927100963002886e-09
9.428520186816058e-10
-2.3280932737179683e-11
3.175237850427948e-14
-5.6343818499726694e-15
-5.551115123125783e-17
8.881784197001252e-16
-4.440892098500626e-16
-5.412337245047638e-16
1.7763568394002505e-15
4.440892098500626e-16
0.0
1.0593629440336372e-07
-5.9119287243447616e-08
7.929354151059442e-08
7.935206336462386e-08
4.745232651259812e-08
7.92120857795453e-09
6.334399671459323e-10
7.214731034821398e-09
8.135003781717387e-11
-1.7208456881689926e-14
1.2612133559741778e-13
-9.903189379656396e-14
-1.5543122344752192e-15
2.886579864025407e-15
-7.249756350802272e-14
1.199040866595169e-14
6.600275881396556e-14
-1.5987211554602254e-14
4.919349905208037e-08
6.2669016642757924e-09
3.510798407546645e-08
3.060401354559872e-08
1.766669921465791e-08
3.1138966960497787e-09
4.841037792857605e-09
1.857500819824054e-09
1.6931700486111367e-10
2.4646951146678475e-14
-1.6295298443935735e-13
-1.27675647831893e-14
-7.327471962526033e-15
1.0547118733938987e-15
6.439293542825908e-15
4.440892098500626e-16
-3.1086244689504383e-15
-1.7763568394002505e-15
-1.0302571240572433e-08
2.1340247968737458e-07
-4.078213322600277e-09
-2.309801594435612e-08
-1.323967957489458e-08
-3.4043665664285072e-09
2.0086563523591394e-08
-3.104011092602832e-08
2.1593460353130922e-10
-5.329070518200751e-15
-1.4988010832439613e-15
-5.551115123125783e-17
2.220446049250313e-16
1.1102230246251565e-15
-3.3306690738754696e-16
-3.3306690738754696e-15
-4.218847493575595e-15
2.220446049250313e-15
7.602942275752866e-09
-1.399373772414947e-07
7.33074045911053e-10
2.3805895033035537e-08
1.3468194559607126e-08
3.3274858424192644e-09
-2.4525826813892593e-08
2.5498621880615246e-08
1.4625860522698986e-09
4.107825191113079e-15
-1.3322676295501878e-15
0.0
0.0
6.661338147750939e-16
6.661338147750939e-16
-2.886579864025407e-15
4.884981308350689e-15
-1.3322676295501878e-15
3.854568753069998e-08
3.0015437602060047e-07
7.517731770434466e-08
4.462940861316156e-08
2.559712442007367e-08
4.0370693454860884e-09
3.157937467079819e-08
-4.153313604149389e-08
-5.913987077832417e-10
-1.5765166949677223e-14
1.8596235662471372e-15
1.1102230246251565e-16
0.0
-1.1102230246251565e-15
1.5543122344752192e-15
8.881784197001252e-16
1.7763568394002505e-15
0.0
1.051162979992526e-07
-1.21506481320921e-07
7.664848133970281e-08
6.341383429475655e-08
3.601298903532779e-08
7.1592154426980414e-09
1.208672806285449e-08
3.8265214552524185e-08
3.6563957417357074e-09
7.66053886991358e-15
1.0269562977782698e-15
0.0
1.1102230246251565e-16
3.3306690738754696e-16
-2.398081733190338e-14
1.4432899320127035e-15
-8.881784197001252e-16
0.0
6.949611375262066e-08
-1.2214681532896066e-07
2.5256938762652226e-08
2.9048928151809154e-08
1.6171886940696822e-08
7.558824677289522e-09
-4.658147645386634e-09
3.280811178285603e-08
1.7517326478255768e-09
1.1213252548714081e-14
-9.71445146547012e-17
0.0
3.3306690738754696e-16
-6.661338147750939e-16
-1.1546319456101628e-14
5.551115123125783e-17
5.329070518200751e-15
0.0
-1.1025679924614451e-08
6.171211452965508e-08
-1.7482679082192476e-08
-2.5820431126533094e-08
-1.4291508421138133e-08
2.5428334993193857e-09
8.364247072734088e-09
3.7512228878711085e-09
2.2827884027520895e-10
5.440092820663267e-15
-2.5951463200613034e-15
-1.1102230246251565e-16
-3.3306690738754696e-16
0.0
-4.440892098500626e-16
5.967448757360216e-16
-8.881784197001252e-15
0.0
-4.6811727827389404e-08
1.481569711359043e-08
-4.9628108400590065e-08
-5.111228418286373e-08
-2.8473905899772944e-08
-4.495106509239122e-09
1.443871688877607e-09
3.039428708717651e-09
1.101846947015872e-10
-4.218847493575595e-15
1.1700709845463564e-15
2.220446049250313e-16
2.220446049250313e-16
5.273559366969494e-16
2.708944180085382e-14
3.3306690738754696e-16
8.881784197001252e-16
4.440892098500626e-16
-8.471742063420606e-08
1.2259135928616163e-09
-8.406707441288575e-08
-8.46806287313484e-08
-4.824783417234357e-08
-1.2081173395017686e-08
6.06541483705314e-10
2.817210464911568e-09
4.1340098011488635e-11
-1.5987211554602254e-14
-3.0531133177191805e-16
-1.6653345369377348e-16
-4.440892098500626e-16
-4.440892098500626e-16
1.1102230246251565e-16
-2.4424906541753444e-15
3.552713678800501e-15
2.220446049250313e-16
-1.9504960846461472e-07
1.0992465604431345e-07
-1.5835400279939904e-07
-1.6371425548555862e-07
-9.639689935170281e-08
-2.4864270642410702e-08
5.247056122925641e-09
-5.059334284851502e-09
4.039552026213755e-10
1.2434497875801753e-14
-4.163336342344337e-16
3.5388358909926865e-16
-3.3306690738754696e-16
3.3306690738754696e-16
0.0
1.1102230246251565e-15
4.440892098500626e-16
1.1102230246251565e-16
-1.8266513279741048e-07
3.700408512941067e-08
-1.5637567582493794e-07
-1.5950757820126782e-07
-9.536631750961533e-08
-2.6686407750275976e-08
3.430324468922663e-09
-7.925446965373339e-10
2.7636093413718754e-10
1.7319479184152442e-14
1.3600232051658168e-15
-5.689893001203927e-16
3.3306690738754696e-16
-8.881784197001252e-16
2.220446049250313e-16
-4.440892098500626e-16
-1.9984014443252818e-15
-6.38378239159465e-16
1.8671690327209944e-07
-9.152216762231548e-08
1.4129137815288573e-07
1.410491492492838e-07
8.076873347917513e-08
2.0820792201448057e-08
8.416485286488751e-10
5.415444093159749e-09
1.497513224535396e-11
-9.103828801926284e-15
3.3306690738754696e-15
3.885780586188048e-16
4.440892098500626e-16
4.440892098500626e-16
-2.220446049250313e-16
8.881784197001252e-16
1.1102230246251565e-15
4.440892098500626e-16
1.3543526193871003e-06
8.076894175701455e-08
1.1248745845904295e-06
1.1243839850294535e-06
6.469377042961355e-07
2.1462633981172985e-07
8.632490278159821e-10
1.42105704981077e-09
2.057580772429901e-10
1.8207657603852567e-14
-3.191891195797325e-15
-2.7755575615628914e-16
7.771561172376096e-16
4.440892098500626e-16
2.220446049250313e-16
-1.7763568394002505e-15
-2.275957200481571e-15
-2.220446049250313e-16
2.7141282998854876e-08
-6.765984039702744e-08
6.09165020648561e-08
5.6641631829279504e-08
3.8146211522871454e-08
-7.219220776732982e-09
3.777714141506294e-09
-1.104268676499487e-09
4.850662094213476e-10
-1.509903313490213e-14
2.609024107869118e-15
2.7755575615628914e-17
-7.771561172376096e-15
1.7763568394002505e-14
4.440892098500626e-16
5.551115123125783e-16
1.3322676295501878e-15
0.0
-4.4775562457743945e-07
-1.164305416523348e-07
-3.4804359572149224e-07
-3.272668749332297e-07
-1.78671967887567e-07
-8.468148138263132e-08
-2.097592499694656e-08
-1.1544425859710827e-08
-1.58460933263882e-09
-2.4646951146678475e-14
1.304512053934559e-15
2.220446049250313e-16
-8.881784197001252e-16
8.881784197001252e-16
-8.881784197001252e-16
7.216449660063518e-16
1.3322676295501878e-15
2.220446049250313e-16
7.295083435110427e-07
8.267272733064601e-08
6.519366451129827e-07
-2.3630259704532366e-07
-1.292901927740786e-07
-6.108701811058381e-08
8.882817965627509e-07
5.206118345313371e-07
1.326049030581089e-07
1.2878587085651816e-14
2.220446049250313e-16
-2.7755575615628914e-16
4.440892098500626e-16
1.7763568394002505e-15
8.881784197001252e-16
-1.4432899320127035e-15
-8.43769498715119e-14
2.1316282072803006e-14
5.323417724412138e-07
8.572686738261837e-08
4.540724773960391e-07
1.9716279453518837e-07
1.0813112449881146e-07
4.297992628465863e-08
2.5740996534295846e-07
1.4968479078447672e-07
4.382597751373396e-08
1.9539925233402755e-14
-1.917910275039958e-14
4.654610030740969e-14
4.3520742565306136e-14
4.440892098500626e-15
6.217248937900877e-15
-2.220446049250313e-16
5.10702591327572e-14
2.6201263381153694e-14
-3.5166215184290195e-07
9.514135967947368e-08
-2.7528496104878286e-07
-3.0729552236152813e-10
-1.3625545136619621e-11
4.5283510274884975e-09
-2.7377345190870983e-07
-1.6399106783637762e-07
-2.3468558651984495e-08
-1.176836406102666e-14
5.460909502374989e-15
0.0
4.440892098500626e-16
2.6645352591003757e-15
-1.4432899320127035e-15
2.4424906541753444e-15
-3.9968028886505635e-15
4.440892098500626e-16
7.516670024187988e-07
3.330751496832818e-08
6.248673045661235e-07
1.1871605920532602e-09
-8.053273603536582e-10
4.210962689654707e-09
6.224032063073537e-07
3.60942045585233e-07
8.559369746308221e-08
2.375877272697835e-14
-4.440892098500626e-15
9.053868765818152e-14
4.440892098500626e-16
0.0
3.497202527569243e-15
-3.552713678800501e-15
4.884981308350689e-15
-6.661338147750939e-16
2.499494513585887e-07
3.378676183274365e-08
2.182385401283682e-07
-2.8695330556161025e-09
-9.032241621298454e-10
1.021572626491718e-08
2.2044025627110386e-07
1.2599185605921548e-07
3.0260395078585134e-08
-4.8183679268731794e-14
2.1371793224034263e-15
-1.1102230246251565e-16
-4.440892098500626e-16
-4.440892098500626e-15
-2.220446049250313e-16
1.3322676295501878e-15
-1.1102230246251565e-15
-3.3306690738754696e-16
-9.379230334616294e-07
1.8435309812048217e-07
-7.506606536367144e-07
-1.023777507214163e-09
-1.1393073151566568e-09
2.146026911731269e-09
-7.502922088065135e-07
-4.257144419206327e-07
-6.191449131165427e-08
3.552713678800501e-14
-2.942091015256665e-15
0.0
8.881784197001252e-16
9.103828801926284e-15
-6.661338147750939e-16
-1.6653345369377348e-15
-2.220446049250313e-15
8.881784197001252e-16
-2.708849876853492e-06
4.6083926008577686e-07
-2.244433915166155e-06
1.327623344593576e-09
1.589146592095858e-09
3.560143069236687e-09
-2.2453660122323527e-06
-1.3129713174464541e-06
-2.5919010226971295e-07
-3.108624468950438e-14
-1.0269562977782698e-15
-4.246603069191224e-15
-4.440892098500626e-16
-1.1546319456101628e-14
0.0
2.9976021664879227e-14
-1.1546319456101628e-14
-2.7533531010703882e-14
5.588498108721751e-09
3.793365976889618e-08
-2.04905425960078e-10
1.5304122413795085e-09
-2.2560815438055215e-09
2.851302638440245e-09
-1.3061836057204346e-09
3.7690028875658754e-10
5.135403213785139e-10
-1.7763568394002505e-14
1.9359513991901167e-15
6.938893903907228e-18
4.440892098500626e-16
2.1094237467877974e-15
-1.5543122344752192e-15
5.551115123125783e-17
-2.220446049250313e-15
1.1102230246251565e-16
6.1628204761632324e-09
-2.5722897589730565e-08
7.411884439534333e-10
-1.091656987028955e-09
-3.039916762759276e-09
1.3023959688496234e-10
1.5599610492245122e-09
3.3582434610934797e-09
1.527925563848953e-10
6.727951529228449e-14
-5.190292640122607e-15
0.0
-1.3322676295501878e-15
3.552713678800501e-15
0.0
1.6653345369377348e-16
2.6645352591003757e-15
0.0
1.1014384782015442e-07
-1.260746103071142e-07
9.682932855525905e-08
-1.566290208643295e-09
4.166549771866812e-09
8.531126916011544e-10
9.780636567313648e-08
6.385084638793614e-08
1.635372148811598e-08
4.196643033083092e-14
-6.13398221105399e-15
2.5146551507759796e-14
-8.881784197001252e-16
-1.7763568394002505e-15
4.884981308350689e-15
-2.930988785010413e-14
-5.595524044110789e-14
-8.282263763703668e-14
3.2798971005831845e-07
9.496399400177324e-08
2.711028912472102e-07
7.079137276377878e-10
6.474452973748157e-09
1.1203726835162797e-09
2.7005534519730645e-07
1.4288833227737996e-07
2.4672424103755475e-08
-4.707345624410664e-14
1.1379786002407855e-15
2.7755575615628914e-17
2.6645352591003757e-15
1.7763568394002505e-15
1.1546319456101628e-14
-4.440892098500626e-16
1.9984014443252818e-15
1.2212453270876722e-15
-4.841774625674589e-08
5.085432235318876e-07
-1.8107172650161374e-08
-3.3559191336962613e-07
-2.7083784281956014e-07
-4.093046035436032e-08
3.166252753317167e-07
1.7250627593057286e-07
3.132631576363565e-08
2.6423307986078726e-14
-1.2420620087993939e-15
-1.1275702593849246e-17
2.220446049250313e-16
1.3322676295501878e-15
-1.3766765505351941e-14
6.661338147750939e-16
-2.220446049250313e-16
-4.440892098500626e-16
-1.7345433889204287e-07
7.647560096302186e-08
-1.448250781521665e-07
2.2494816676044138e-08
1.9410588691926023e-08
5.760121268849616e-09
-1.6600444835424e-07
-9.623758501220436e-08
-1.4084799992986063e-08
-1.3988810110276972e-14
5.054984208996416e-15
-9.020562075079397e-16
0.0
-2.6645352591003757e-15
0.0
0.0
-5.551115123125783e-16
1.1102230246251565e-16
2.619567851525062e-08
5.2017497864653706e-08
1.6364779753530456e-08
2.7527396362359017e-08
2.014154532048451e-08
1.065675769851282e-09
-1.1043853831438355e-08
-8.797695016937723e-09
2.4815722809989893e-09
2.4868995751603507e-14
-1.5126788710517758e-15
8.326672684688674e-17
-1.9984014443252818e-15
1.7763568394002505e-15
2.3092638912203256e-14
2.220446049250313e-16
-7.216449660063518e-16
-4.440892098500626e-16
-5.882702680537477e-08
9.63126893793742e-08
-4.2850047066167456e-08
-3.964528794142553e-08
-2.850540337107077e-08
1.457342024835384e-10
-3.5550282717622395e-09
-5.113580670013107e-09
-2.8683508901394816e-09
-1.9317880628477724e-14
1.5265566588595902e-15
-4.163336342344337e-17
1.7763568394002505e-15
-8.881784197001252e-16
-2.220446049250313e-16
0.0
-8.881784197001252e-16
5.551115123125783e-16
9.303896320034255e-09
6.539508490277512e-08
2.1694575025321683e-09
-1.9956747365768024e-09
-6.639186977963618e-10
2.3072954657976652e-10
3.970480833004331e-09
2.8137492336099967e-10
3.897733691360372e-09
-2.4202861936828413e-14
-1.4710455076283324e-15
-5.551115123125783e-17
-2.4424906541753444e-15
-1.7763568394002505e-15
0.0
2.220446049250313e-16
1.27675647831893e-15
2.220446049250313e-16
3.365220280215908e-08
8.717915989109315e-08
2.273862875767918e-08
5.788782786453339e-10
1.708855279503041e-12
6.887843628788914e-10
2.2058571413907657e-08
1.0570051500735644e-08
6.909665728471737e-09
2.1316282072803006e-14
1.7763568394002505e-15
-2.7755575615628914e-17
4.440892098500626e-16
2.220446049250313e-15
0.0
-2.220446049250313e-16
-4.996003610813204e-16
-6.661338147750939e-16
4.002686626591867e-09
7.601857276995361e-08
2.0185257909588472e-09
1.5808900855063257e-09
8.360796499573554e-10
1.1656845488872136e-09
3.1659119770210964e-10
-3.9578829102993046e-10
5.4472977240038745e-09
-3.219646771412954e-14
-2.040034807748725e-15
1.3877787807814457e-16
3.1086244689504383e-15
-1.7763568394002505e-15
0.0
-5.551115123125783e-17
-8.881784197001252e-16
1.2212453270876722e-15
-2.541126420396722e-09
3.011010107911716e-08
-3.9777878768632036e-09
5.232731581372718e-09
3.891065247785264e-09
6.020215437274601e-10
-9.348747553872272e-09
-4.5636383561031835e-09
4.417501031639404e-09
-3.863576125695545e-14
4.6629367034256575e-15
-3.2807090377673376e-14
5.218048215738236e-15
-5.551115123125783e-17
-8.049116928532385e-16
3.552713678800501e-15
1.7763568394002505e-15
-1.2989609388114332e-14
2.5980746443110547e-08
-3.4612384069987456e-08
1.0319805454628295e-08
3.328410969061224e-08
2.402172150084425e-08
5.951893811140252e-09
-2.309496327512761e-08
-1.2693618600678747e-08
7.072316066114581e-10
4.4853010194856324e-14
7.292777493006497e-15
2.3148150063434514e-14
-1.9984014443252818e-15
0.0
0.0
1.8762769116165146e-14
-1.4654943925052066e-14
-2.3592239273284576e-15
-2.4903147988197816e-08
1.7152473219539388e-08
-1.869039500945746e-08
2.798541842707891e-09
2.633855800127094e-09
7.055755979479272e-11
-2.1371193703600966e-08
-1.1973699143297267e-08
-8.750902225074242e-10
-2.4646951146678475e-14
-4.057355579983879e-15
1.6653345369377348e-16
-3.3306690738754696e-16
-4.440892098500626e-16
2.220446049250313e-16
3.3306690738754696e-16
-8.881784197001252e-16
0.0
2.0556569779728306e-09
6.702438781758246e-08
1.0050585252940891e-08
-1.9259710271057884e-08
-1.4329729847162298e-08
-2.4293018707766123e-09
2.984017832829977e-08
1.5876024939132094e-08
6.594163437512179e-09
-5.329070518200751e-15
1.942890293094024e-15
-1.1102230246251565e-16
1.1102230246251565e-15
2.886579864025407e-15
-1.1102230246251565e-16
3.3306690738754696e-16
-3.9968028886505635e-15
1.5543122344752192e-15
-9.13612296926658e-08
5.645188139169477e-08
-6.477739011856443e-08
-3.673310899898752e-08
-2.3820197370127975e-08
-3.015973026876395e-09
-2.8089285564192327e-08
-1.5529494135080313e-08
-4.262261654730537e-09
2.4424906541753444e-15
2.609024107869118e-15
-1.4988010832439613e-15
-7.549516567451064e-15
-1.0547118733938987e-15
9.679756995950584e-16
3.11972669919669e-14
-1.3766765505351941e-14
3.9968028886505635e-15
-1.9052257016483051e-07
1.299762857343012e-07
-1.2473835475645956e-07
-7.979394567314557e-08
-4.848273782442902e-08
2.9267577250635664e-09
-4.513066187428194e-08
-2.4955685518079918e-08
-7.714987759754877e-09
-1.199040866595169e-14
-1.7763568394002505e-15
-5.551115123125783e-17
-2.220446049250313e-16
-5.551115123125783e-16
-5.551115123125783e-16
1.6209256159527285e-14
2.6645352591003757e-15
8.881784197001252e-16
-4.451706558938895e-08
4.1768259961827425e-08
-3.202038101335347e-08
-2.1116534298926126e-08
-1.268401028653443e-08
1.0548573126101246e-09
-9.300270775725039e-09
-6.7023862015958e-09
-5.555023108172463e-10
9.992007221626409e-15
3.164135620181696e-15
1.6653345369377348e-16
-9.71445146547012e-16
-1.3322676295501878e-15
5.551115123125783e-16
-5.88418203051333e-14
-4.440892098500626e-15
-8.881784197001252e-16
3.038528006982233e-08
1.9548282992332133e-09
3.167142104132381e-08
-5.4419544426309585e-09
-4.153758226266291e-09
-1.1923539933178517e-09
3.7511045825056044e-08
2.2445313163643732e-08
5.7743250181374606e-09
1.9984014443252818e-15
-7.233796894823286e-16
5.898059818321144e-17
4.0245584642661925e-16
1.4988010832439613e-15
-6.938893903907228e-16
0.0
1.7763568394002505e-15
-8.881784197001252e-16
-3.064110032369172e-08
-3.500531420286279e-09
-1.5496632199685223e-08
-1.0153497598253125e-08
-6.7255765401341705e-09
-1.34249433791922e-09
-5.327668972654465e-09
3.097859746503673e-10
-2.7175701688975096e-09
2.7755575615628914e-14
-5.10702591327572e-15
1.942890293094024e-16
2.220446049250313e-16
-6.938893903907228e-16
2.220446049250313e-16
-4.440892098500626e-16
5.329070518200751e-15
-8.881784197001252e-16
-9.062389949576755e-08
1.3082291161481407e-07
-6.410637354292703e-08
-7.249073785686733e-08
-4.4092384854366173e-08
-4.961906441280917e-09
8.560000708257576e-09
-1.5219381310771496e-09
-1.0679662709733861e-10
-1.4876988529977098e-14
3.6290415117434804e-15
1.3877787807814457e-16
-4.440892098500626e-16
0.0
1.3322676295501878e-15
4.440892098500626e-16
4.440892098500626e-14
3.1086244689504383e-15
2.642050844769983e-08
1.5158650512603344e-07
4.5271008275449276e-08
4.2775280206797106e-08
1.8538806045853562e-08
1.5377878526123823e-08
1.970636986925456e-09
1.3786660701953224e-10
-9.505662160180783e-10
-2.19824158875781e-14
-5.384581669432009e-15
-1.1102230246251565e-16
-4.440892098500626e-16
1.9984014443252818e-15
0.0
2.6645352591003757e-15
-4.440892098500626e-15
-6.661338147750939e-16
5.591545004790532e-09
1.0631418945195037e-07
3.690384886567699e-09
-2.5037447670683832e-09
-6.0988583072685296e-09
6.514980555039074e-09
6.250909123650671e-09
-4.085093152639274e-09
-1.171889918438751e-09
-2.7533531010703882e-14
5.218048215738236e-15
1.4988010832439613e-15
0.0
-4.551914400963142e-15
2.609024107869118e-14
-8.43769498715119e-15
-8.570921750106208e-14
1.3281042932078435e-13
-1.2952587269410287e-07
8.432417075709964e-08
-1.1197617943992101e-07
-1.1466573340834783e-07
-6.607137414960107e-08
-8.60340776398516e-09
2.872444948565089e-09
-9.779737908388597e-09
-1.575616970228566e-09
4.440892098500626e-16
2.7755575615628914e-17
-1.6653345369377348e-16
-8.604228440844963e-16
3.1086244689504383e-15
-3.3306690738754696e-16
4.440892098500626e-16
-4.218847493575595e-15
-6.661338147750939e-16
-3.6956322446712875e-08
1.0383109838585369e-07
-2.330759585333908e-08
-1.8971275217438688e-08
-8.961034581034255e-09
3.539810222719097e-09
-4.296181632668095e-09
-2.0639181030901455e-08
-3.0000224526816055e-09
3.9968028886505635e-14
3.1363800445660672e-15
-1.1102230246251565e-16
-5.10702591327572e-15
-1.124100812432971e-15
1.4432899320127035e-15
0.0
1.509903313490213e-14
-1.1102230246251565e-14
-1.1525528975653287e-07
1.2804898119611607e-07
-7.009813529634812e-08
-5.2154425222994405e-08
-2.8858191836178548e-08
3.9179326449811924e-11
-1.790134085410955e-08
-1.970953800167763e-08
-1.7580288336205285e-09
-4.6851411639181606e-14
-2.192690473634684e-15
-1.1102230246251565e-16
-2.220446049250313e-16
1.942890293094024e-15
0.0
6.661338147750939e-16
7.549516567451064e-15
5.773159728050814e-15
-1.1131788824059186e-09
2.4522819330741186e-08
3.3637661545071747e-09
-1.6548597159271594e-08
-8.888943803242455e-09
2.1152075646568846e-09
1.9532727435489505e-08
1.8202835350145108e-08
4.925873486882892e-09
-2.3314683517128287e-14
-1.1102230246251565e-15
2.220446049250313e-16
2.1094237467877974e-14
-1.3322676295501878e-15
-2.2370993946196904e-14
-1.1102230246251565e-15
-2.842170943040401e-14
2.220446049250313e-16
-2.200937885277199e-07
3.0291378294577953e-07
-1.3880713156666502e-07
-1.7243430150415406e-07
-9.712674042816616e-08
-1.4575483930912014e-08
3.3831296430975044e-08
-3.1539631351051867e-08
-2.930355957886377e-09
6.994405055138486e-14
-2.609024107869118e-15
1.1102230246251565e-16
6.661338147750939e-16
-1.1102230246251565e-15
-1.1102230246251565e-16
-1.1102230246251565e-16
-1.0658141036401503e-14
-2.220446049250313e-16
-1.0855079324301187e-07
-2.02657943759732e-08
-8.164480291839027e-08
-8.720719435473256e-08
-4.8779213557281764e-08
-5.5004889532028756e-09
5.308036232776203e-09
4.664872932380604e-08
8.729009071117844e-09
-7.649436639667329e-14
2.095545958979983e-15
-1.1102230246251565e-16
-2.220446049250313e-16
-1.1102230246251565e-15
8.326672684688674e-17
-3.3306690738754696e-15
1.7763568394002505e-15
-1.3322676295501878e-15
-8.436611409479156e-09
3.131523840238515e-08
2.194916359776755e-08
-2.9188328198870298e-08
-1.5757201765609352e-08
1.1327472293487517e-09
5.0847365429262936e-08
4.9629083953561803e-08
3.6318128504575498e-09
2.375877272697835e-14
-1.1379786002407855e-15
0.0
2.220446049250313e-16
9.992007221626409e-16
-9.020562075079397e-17
-4.440892098500626e-16
-1.7763568394002505e-15
8.881784197001252e-16
-7.058641671164878e-08
1.1791604492827901e-07
-4.268673681195878e-08
2.85126500187971e-08
1.7103729987866245e-08
9.587509453012899e-09
-7.176040028866737e-08
-2.800932241697751e-08
-1.351090272994071e-08
9.992007221626409e-16
-8.916478666520788e-16
2.220446049250313e-16
0.0
1.1102230246251565e-15
5.898059818321144e-17
3.427813588530171e-15
1.7763568394002505e-15
4.440892098500626e-16
-1.1906996677524262e-07
1.9513240800961285e-07
-7.69342110018556e-08
1.1380714326492125e-07
6.6113759800146e-08
2.247114139208861e-08
-1.915035570121404e-07
-8.635603088169574e-08
-2.2419902601100716e-09
-1.7319479184152442e-14
7.569899568293792e-16
-5.551115123125783e-17
0.0
-1.2212453270876722e-15
3.7816971776294395e-16
-3.4139358007223564e-15
-5.329070518200751e-15
-4.440892098500626e-16
2.050812710763239e-07
-4.5663604453238804e-08
1.5347263282450285e-07
1.7189362822023213e-07
9.979563841966409e-08
3.156627315092919e-08
-1.9011915597388906e-08
3.8771335031384524e-08
1.3397993242625361e-08
1.021405182655144e-14
1.8735013540549517e-15
-4.440892098500626e-16
-2.220446049250313e-16
6.938893903907228e-16
1.457167719820518e-16
5.218048215738236e-15
4.440892098500626e-15
0.0
3.608735106297445e-07
-2.3963843887031544e-07
2.295390286732868e-07
1.95840627270627e-07
1.1373085229138269e-07
3.538973203376372e-08
3.3220974415826277e-08
7.547870684021518e-08
1.1431678770268405e-08
-3.352873534367973e-14
-2.185751579730777e-15
2.220446049250313e-16
2.220446049250313e-16
-6.38378239159465e-16
-1.8041124150158794e-16
-2.886579864025407e-15
-1.7763568394002505e-15
2.220446049250313e-16
4.576979861781183e-07
-4.4168988466708464e-07
2.5401631509325284e-07
1.8984349559048042e-07
1.1008916089849664e-07
3.4565417195153714e-08
6.387281081821072e-08
7.792846723475577e-08
8.385109218078668e-09
3.8413716652030416e-14
2.1788126858268697e-15
-1.354472090042691e-14
-2.6645352591003757e-15
-1.942890293094024e-15
-8.049116928532385e-16
3.3306690738754696e-15
-7.993605777301127e-15
-8.881784197001252e-16
4.365881665080451e-07
-3.571386599787729e-07
2.512453933789516e-07
1.703191312429908e-07
9.903998687832427e-08
3.280946714312449e-08
8.108203086720778e-08
5.573259720392798e-08
7.112081812366e-09
-1.354472090042691e-14
-2.7755575615628914e-16
-1.6375789613221059e-15
0.0
1.0547118733938987e-15
-6.106226635438361e-16
-6.661338147750939e-16
-1.3322676295501878e-15
4.440892098500626e-16
4.5260053127549327e-07
-2.2223722240255483e-07
2.995615107082017e-07
2.0238912767922557e-07
1.1757343187923652e-07
3.9292345377361926e-08
9.773681419744662e-08
4.6022666566614134e-08
9.027312564136025e-09
-1.84297022087776e-14
1.915134717478395e-15
-1.6653345369377348e-16
-1.3322676295501878e-15
-5.551115123125783e-16
3.3306690738754696e-16
-6.661338147750939e-16
8.881784197001252e-16
-6.245004513516506e-16
4.017608148387808e-07
-5.711154216214709e-08
3.075724137602265e-07
2.0252120336294865e-07
1.1803452260039649e-07
4.141388387779443e-08
1.0549009132887477e-07
5.104738853844992e-08
1.5337586756203336e-08
3.774758283725532e-14
-3.816391647148976e-15
3.3306690738754696e-16
1.1102230246251565e-15
-8.881784197001252e-16
2.220446049250313e-16
-6.661338147750939e-16
-1.1102230246251565e-15
6.661338147750939e-16
1.3448489255551976e-07
6.641704697329942e-08
1.3394152276191562e-07
1.1310596903513215e-08
8.549441585237183e-09
9.458744898438454e-09
1.2334757570897636e-07
6.553477760462556e-08
2.3272549221076133e-08
-4.374278717023117e-14
-1.3877787807814457e-17
-2.220446049250313e-16
-5.551115123125783e-16
0.0
0.0
2.220446049250313e-16
1.1657341758564144e-15
-2.220446049250313e-16
7.393506962216634e-08
1.3729462011724536e-08
7.136364388315997e-08
-2.1526012972117314e-08
-1.157181550581754e-08
1.761797818744526e-09
9.326092076378245e-08
6.173333311210172e-08
2.11166187868983e-08
1.021405182655144e-14
4.4825254619240695e-15
-1.6653345369377348e-16
7.771561172376096e-16
8.881784197001252e-16
-4.440892098500626e-16
1.5543122344752192e-15
-1.9984014443252818e-15
-2.220446049250313e-16
-1.5565859712296515e-08
1.0998989807831094e-07
1.556966111593283e-08
-4.4555108047461545e-08
-2.5711674567219234e-08
-5.392806201598432e-09
6.019550724545297e-08
3.938250436874568e-08
1.504716973244058e-08
-2.3092638912203256e-14
-4.871103520542874e-15
1.942890293094024e-16
8.881784197001252e-16
-1.7763568394002505e-15
-4.440892098500626e-16
-1.887379141862766e-15
2.6645352591003757e-15
0.0
4.615236719018867e-06
2.883211738691216e-06
4.58037457917726e-06
-5.598891306135556e-08
-3.240984014496462e-08
-1.0196856692346046e-08
4.636336498720084e-06
2.6590349264665747e-06
8.6601298221467e-07
2.3092638912203256e-14
-2.8033131371785203e-15
-5.551115123125783e-17
-8.881784197001252e-16
3.9968028886505635e-15
0.0
3.552713678800501e-15
-1.7763568394002505e-15
0.0
1.0794853793072434e-06
2.171461574107525e-06
1.4067657332361705e-06
-1.4258875680184246e-07
-7.783737387967449e-08
-3.256492320247162e-08
1.5509600075347407e-06
8.147926209289835e-07
4.194704530391391e-07
-4.218847493575595e-15
3.774758283725532e-15
5.551115123125783e-17
0.0
-2.6645352591003757e-15
0.0
-1.5543122344752192e-15
-1.5543122344752192e-15
-8.881784197001252e-16
-2.6261854912945637e-09
1.2559667084133253e-08
3.0106708237553903e-09
6.602363100682851e-10
3.59486218570737e-10
-4.936429043311819e-10
2.0345254370113253e-09
2.4678961096924468e-09
2.388204745074063e-09
-5.10702591327572e-15
1.609823385706477e-15
0.0
-4.440892098500626e-16
-3.552713678800501e-15
1.3322676295501878e-15
8.881784197001252e-16
8.881784197001252e-16
-8.881784197001252e-16
3.1491804719507854e-08
-1.5004388842498884e-08
3.7921935813756136e-08
2.383373498560104e-10
1.0174261433348873e-10
5.5023137157661495e-09
3.748952082105461e-08
2.8780696936792083e-08
1.28506156826802e-08
-1.9539925233402755e-14
-6.669664820435628e-14
8.315570454442422e-14
6.572520305780927e-14
-3.375077994860476e-14
2.220446049250313e-15
-1.9539925233402755e-14
-2.6201263381153694e-14
-8.769651671514112e-13
2.391033248727581e-06
4.2278287537556025e-07
2.0617865814642755e-06
-5.750209197685763e-10
-1.7844570265879156e-10
5.9644511551937285e-09
2.0632093509220795e-06
1.1727731568100808e-06
3.0119988991827995e-07
-1.9539925233402755e-14
-3.975916817999803e-13
-1.3877787807814457e-17
-4.440892098500626e-15
-2.220446049250313e-15
1.887379141862766e-15
-8.881784197001252e-16
1.1102230246251565e-16
4.831690603168681e-13
5.401330156473705e-07
2.366217017879535e-07
5.123018134156609e-07
-5.308464778863708e-10
-5.686402460014506e-10
5.08507902452493e-09
5.131129512392363e-07
2.9836599724220036e-07
1.1179812986483739e-07
3.175237850427948e-14
7.216449660063518e-16
2.7755575615628914e-17
4.440892098500626e-16
-1.3322676295501878e-15
8.881784197001252e-16
-8.881784197001252e-16
8.881784197001252e-16
8.881784197001252e-16
-2.7066076881965273e-06
7.599367108923615e-07
-2.1952433595373577e-06
-8.597595971271411e-08
-6.068890456845111e-08
-1.8581232552605798e-08
-2.10774610920339e-06
-1.2370601218947286e-06
-1.9846800114464713e-07
-4.884981308350689e-15
3.488528910189359e-15
-5.551115123125783e-17
0.0
8.881784197001252e-16
8.881784197001252e-16
1.7763568394002505e-15
2.6645352591003757e-15
0.0
2.313868350256598e-07
-2.1185587684158236e-07
1.9164521170011994e-07
3.406182003118374e-10
4.3100811808471917e-10
9.34336430447047e-09
1.9089222291768237e-07
1.2585395836595126e-07
2.3298341034205805e-08
-8.43769498715119e-15
-1.9206858326015208e-14
4.764522110178859e-13
-7.949196856316121e-14
-5.995204332975845e-14
-2.1316282072803006e-14
-9.60898027813073e-14
-2.3314683517128287e-15
-3.035349749325178e-13
8.314349173588198e-07
-7.409203135466669e-07
6.455502798985435e-07
2.0111912135689636e-10
2.8627766823774436e-10
2.100122076242883e-09
6.457349570609949e-07
4.0748037433147033e-07
3.669988646315403e-08
-1.532107773982716e-14
-2.3071822230491534e-16
-1.4058199049316045e-14
4.440892098500626e-16
-7.66053886991358e-15
-8.881784197001252e-16
8.881784197001252e-16
1.7763568394002505e-15
0.0
3.815895723846552e-07
3.9529822970507666e-08
3.1011856549412187e-07
4.99021268751676e-10
3.5853986446454655e-10
7.547837910237831e-10
3.103257952830063e-07
1.6884913378589772e-07
3.179015983789668e-08
3.6637359812630166e-14
8.604228440844963e-16
0.0
-2.220446049250313e-16
3.3306690738754696e-15
0.0
4.440892098500626e-16
-1.7763568394002505e-15
-1.2212453270876722e-15
3.405883575169355e-08
3.7920756312814774e-08
1.8755962116756564e-08
1.3257235309538373e-09
7.763354403778067e-10
9.78903180737234e-10
1.6335789609911444e-08
7.68861774247398e-09
5.565937044593738e-09
-3.708144902248023e-14
-1.27675647831893e-15
-5.551115123125783e-17
2.220446049250313e-16
-7.105427357601002e-15
0.0
1.6653345369377348e-16
2.9976021664879227e-15
1.4432899320127035e-15
-3.1527935817621255e-08
9.578286608302733e-09
-2.6493530924653896e-08
4.720732249552384e-09
4.0590713012989e-09
1.6903634048048843e-09
-3.101695611462674e-08
-1.7312874689423552e-08
9.907807907438837e-11
7.349676423018536e-14
-2.4702462297909733e-15
-9.853229343548264e-14
-7.549516567451064e-15
-2.220446049250313e-15
-6.217248937900877e-15
-7.083222897108499e-14
1.970645868709653e-14
2.8554936193359026e-13
-1.205992816721846e-07
7.84883553706095e-08
-1.019934963153446e-07
-5.141981773704174e-08
-3.842437656942366e-08
-4.620614557637737e-09
-5.0395570383443555e-08
-2.8683246000582585e-08
-3.3317064662696794e-09
-2.708944180085382e-14
-1.4155343563970746e-15
-5.551115123125783e-17
1.1102230246251565e-15
-8.881784197001252e-16
-4.440892098500626e-16
-2.55351295663786e-14
-3.885780586188048e-15
-4.5824455341403336e-14
-1.906021616093767e-07
1.417222534882967e-07
-1.4975166973130172e-07
-8.159881659253188e-08
-6.444085087764506e-08
-8.36198799092358e-09
-6.801859697702639e-08
-3.843820906013207e-08
-5.850253614880785e-09
2.6201263381153694e-14
4.4825254619240695e-15
-1.3600232051658168e-15
-1.7763568394002505e-15
1.7763568394002505e-15
4.440892098500626e-16
-2.220446049250313e-16
-2.1094237467877974e-15
-2.7755575615628914e-16
3.66842360932651e-08
-1.006830530059233e-07
1.4030400841136272e-08
7.533788703995015e-08
5.736304942161041e-08
3.3102038887733447e-09
-6.100386329421781e-08
-3.4117135783162666e-08
-5.879051911961142e-09
8.881784197001252e-16
-8.722948578732126e-16
2.2898349882893854e-16
1.1102230246251565e-15
0.0
-4.440892098500626e-16
0.0
4.440892098500626e-16
6.106226635438361e-16
-6.572814470473531e-08
-9.420801916348864e-09
-6.098845517499285e-08
1.11975864136582e-08
8.469035250868728e-09
6.175399080987631e-10
-7.201424523373134e-08
-4.0267945422556295e-08
-7.597890316901612e-09
-3.68594044175552e-14
2.063019893805418e-15
-1.3683498778505054e-14
-3.774758283725532e-15
-4.884981308350689e-14
8.881784197001252e-16
3.6193270602780103e-14
3.019806626980426e-14
1.1657341758564144e-14
-2.4187647795770317e-07
-6.4628622453710705e-09
-2.088306345626734e-07
-7.007541213965851e-10
3.462812259158454e-10
1.8003092905338747e-09
-2.0791735799718936e-07
-1.1700677760018154e-07
-2.843387392204022e-08
1.532107773982716e-14
-1.0241807402167069e-14
-5.589972928987663e-14
3.552713678800501e-15
-8.881784197001252e-16
0.0
-5.595524044110789e-14
1.687538997430238e-14
2.6645352591003757e-15
1.7527290552266095e-07
-1.6283888726320583e-07
1.4320025343295129e-07
2.8583446720631405e-10
4.897908745249424e-10
7.982476901702285e-10
1.428164324579484e-07
7.5689001732826e-08
-5.64471758224272e-09
-1.1102230246251565e-15
3.941291737419306e-15
-4.163336342344337e-17
-4.107825191113079e-15
8.881784197001252e-16
0.0
1.1102230246251565e-16
-8.881784197001252e-16
1.7763568394002505e-15
2.113053298558043e-06
1.0538497186018958e-07
1.7341907465606712e-06
8.649276850292154e-10
1.0209770806568486e-09
-5.474236619562589e-10
1.7336058784067632e-06
9.700915271082522e-07
2.402451855232357e-07
-1.1324274851176597e-14
-2.4702462297909733e-15
2.7755575615628914e-17
9.992007221626409e-16
1.3322676295501878e-15
-5.551115123125783e-17
-3.3306690738754696e-16
1.3322676295501878e-15
-3.3306690738754696e-15
-2.9542701301954466e-07
-8.992928002271583e-08
-2.515352051091213e-07
-2.3222320066906832e-08
-1.4406747794737385e-08
-5.166916228205309e-09
-2.2831268453593623e-07
-1.2863328002765684e-07
-4.303572609387629e-08
2.0650148258027912e-14
8.715250743307479e-15
8.348877145181177e-14
1.3433698597964394e-14
4.907185768843192e-14
7.593925488436071e-14
1.482147737874584e-13
-3.530509218307998e-14
5.662137425588298e-15
-5.549695529794008e-07
2.9876147777940787e-07
-3.915203059534633e-07
-2.038449480323834e-07
-1.4913690193907314e-07
-3.238199974830991e-08
-1.9390190431067822e-07
-1.0920147186510575e-07
-3.616001720274653e-08
1.6209256159527285e-14
-2.0816681711721685e-16
0.0
4.440892098500626e-16
1.4432899320127035e-15
0.0
-1.0669243266647754e-13
0.0
-3.122502256758253e-16
-1.401724727401188e-06
1.262371824850561e-06
-9.862399181770343e-07
-1.0357727973087094e-06
-6.887063328520071e-07
-2.2345632988418626e-07
4.52966446573555e-08
2.2331126281471825e-08
-8.321876521222293e-10
-2.842170943040401e-14
7.61196661258623e-15
-1.1102230246251565e-16
2.220446049250313e-16
-1.887379141862766e-15
0.0
3.980149543281186e-14
-1.7763568394002505e-15
2.886579864025407e-15
1.0544031709969204e-06
1.7077510960916698e-07
7.362385368026025e-07
-6.343238823092179e-08
-8.635110848587146e-08
-1.3528527986750305e-07
7.934458707836712e-07
4.278486827047346e-07
1.2746416189202137e-07
2.398081733190338e-14
-2.55351295663786e-15
2.220446049250313e-16
2.220446049250313e-16
2.220446049250313e-16
2.220446049250313e-16
3.3306690738754696e-16
0.0
8.881784197001252e-16
2.9093255875523027e-06
2.34849898106404e-06
2.569318034773005e-06
2.4663590281193137e-07
1.0944463757489586e-07
5.823316867603623e-08
2.3196825864602033e-06
1.2065983092668375e-06
4.413223564370128e-07
-4.551914400963142e-14
-1.1379786002407855e-15
-1.1102230246251565e-16
-1.887379141862766e-15
2.6645352591003757e-15
5.773159728050814e-15
-2.220446049250313e-16
8.881784197001252e-16
-8.881784197001252e-16
1.4977237867697111e-05
5.098575400097616e-06
1.1454281320766313e-05
-3.884273098719859e-07
-2.175151543326592e-07
-4.625897176424587e-08
1.184125225328625e-05
5.786873813917737e-06
1.9623193452389387e-06
1.1102230246251565e-14
-9.43689570931383e-16
5.551115123125783e-17
2.220446049250313e-16
1.457167719820518e-15
-2.7755575615628914e-16
-4.440892098500626e-16
-2.6645352591003757e-15
0.0
5.311314505718201e-05
-2.3851686350440104e-06
4.416843574617246e-05
-8.487423031056096e-08
-4.988909196868008e-08
9.027409042516865e-09
4.425187545198384e-05
2.12217670814141e-05
4.6276438112613505e-06
1.709743457922741e-14
8.673617379884035e-18
5.551115123125783e-17
2.6645352591003757e-15
-1.6653345369377348e-15
1.942890293094024e-16
0.0
-2.6645352591003757e-15
4.440892098500626e-16
4.054396676167471e-07
-2.9119939881638857e-07
5.064841888113847e-07
7.077643005004575e-08
5.3456080451042e-08
2.5842031403655596e-08
4.4255332265485947e-07
2.218477508364458e-07
4.2897618457438114e-08
-2.886579864025407e-15
5.551115123125783e-16
-6.245004513516506e-17
-1.1102230246251565e-15
-5.551115123125783e-17
-1.1102230246251565e-16
4.440892098500626e-16
1.7763568394002505e-15
0.0
4.240625716533941e-05
-1.107452311543966e-05
3.4802063879624257e-05
8.05683749138808e-06
5.72720380276337e-06
2.1781501891027233e-06
2.673483726578496e-05
1.4504025620087901e-05
5.645149454003295e-06
1.1102230246251565e-15
3.6186331708876196e-15
-2.3592239273284576e-16
0.0
-9.992007221626409e-16
0.0
0.0
3.552713678800501e-15
1.7763568394002505e-15
-2.3254361281033198e-07
5.2883087278132734e-06
3.7759083681976335e-07
3.274185225166093e-07
-2.7677450731289355e-07
-4.459896274511266e-08
1.4989947771937295e-07
1.4829300620800012e-07
6.996251800117648e-09
4.618527782440651e-14
1.4335754805472334e-14
-6.201983371312281e-14
3.9968028886505635e-15
-1.7763568394002505e-15
1.2656542480726785e-14
-9.325873406851315e-15
-5.329070518200751e-15
5.639932965095795e-14
-1.0017275116069868e-06
1.722771230561193e-06
-5.364216448811021e-07
-4.800660562409576e-07
-3.4921414027166975e-07
-1.032980279092044e-08
-7.050179995360395e-08
1.0798160721137151e-07
1.614390088278128e-08
-7.549516567451064e-15
1.9262369477246466e-14
6.078471059822732e-15
1.3322676295501878e-15
1.6653345369377348e-15
1.1102230246251565e-16
8.615330671091215e-14
0.0
1.0436096431476471e-14
-4.6561706312786555e-07
1.0337913352032047e-06
-1.4021497207750144e-07
1.8449684446864012e-08
-2.308380331328408e-08
4.6177035528671695e-08
-1.9367870329745074e-07
9.384588839367325e-08
2.107559193831321e-08
-7.993605777301127e-15
-3.191891195797325e-15
1.1102230246251565e-16
-4.440892098500626e-16
-1.7763568394002505e-15
0.0
8.881784197001252e-16
1.021405182655144e-14
-1.887379141862766e-15
-6.599504160931247e-07
1.0190570947088418e-06
-2.774367626745544e-07
-9.757075114524838e-08
-6.57411329818558e-08
2.1009050499287696e-08
-2.0297442215877481e-07
2.0942003686741373e-10
1.1294678747830744e-08
-1.887379141862766e-14
2.3592239273284576e-15
0.0
0.0
8.326672684688674e-16
-3.885780586188048e-16
4.440892098500626e-16
-3.6637359812630166e-15
9.992007221626409e-16
-9.19034661706064e-07
2.4198321568746906e-07
-5.54344965486564e-07
-3.387576574809259e-07
-2.0509563292137043e-07
-9.494956998423731e-08
-2.3356956146969313e-07
-2.7004206870628877e-08
1.3726934477986674e-08
