-24.197596035566978 -19.22833597641737 1.3466338012769048 -3.903598035791519 -71.63036946026016 
-38.71203973783669 -17.58859637383268 -9.67183535086329 20.082454250591617 -20.237682056926435 
-33.942290018908935 -22.792147777754902 7.082302101420349 5.6326509732825185 -75.67776411651818 
-24.384345294948485 -18.550599581378982 18.329301563784835 9.80933756873672 -73.4777232506407 
-7.278582660364994 -7.899173885121722 24.41485086531273 18.923620988356554 -71.78735164836414 
5.760868286280264 0.6575331523607352 25.671224532424365 32.76245004963761 -73.72118657873047 
15.77562770285408 5.325855316525546 24.81230104762125 49.98912597761501 -80.10429725064309 
2.0879134098613723 -0.901085009848235 7.959194350257424 37.20975802502032 -27.916105027765347 
-24.29640112194864 7.672488049356279 5.040595756255612 -20.174910706452916 -1.3993210265470482 
-5.886567892607132 4.667237130158595 6.995173128403018 0.3066893846813711 0.19043729463004777 
1.235985366786466 9.064969729667324 8.80319676028279 5.309378419705105 1.1873885941141593 
4.740046980215085 9.4377766416843 8.586925806255639 8.893970794045567 1.7472195768555965 
5.483679586559896 6.630381513056951 5.105394725470206 9.883263713729463 1.7596822246949229 
2.1968053028973835 1.6494656696543184 1.9541749238855093 6.9578199108768155 1.251602072277599 
-2.390098024511131 -3.962360521198657 0.6914950483503488 3.548170346915128 0.7509202642906058 
-5.269296537008875 -8.38342523845485 1.7094012920997947 0.7731979185710954 0.4822499644861 
-7.688267729759318 -12.11414510003884 5.026937864920244 0.22157440001321546 0.4944941509573987 
-9.840029296779672 -15.447408548580452 8.634911294735629 0.7218091553222107 0.5929716532639006 
-11.94467580401179 -18.266143918674437 11.19795162094093 1.6440249568597918 0.7749169503313408 
-13.368391351334676 -20.060641914987176 12.292773796103187 1.7398191075269345 0.8006715430781987 
-14.510155608118156 -22.044092607587245 11.084787021724713 1.6363533479393966 0.7312717389861589 
-15.75910254823453 -23.22371810815411 9.284308241739204 0.6824764763489958 0.5948474086165209 
-14.929871738529505 -23.835830566972152 4.628954621345527 -2.9212148646591696 0.24731885304436485 
-11.097450965581103 -23.23363921798776 -3.012586727882434 -6.27253358117074 -0.07656593281923726 
-4.4082142277779095 -20.096495586596596 -11.162091589961836 -11.181470150930284 -0.6836464482579149 
2.540770083529993 -15.233594570536125 -18.507571951725943 -16.062213885489868 -1.3751955999140677 
11.887423581397071 -6.475784338891167 -20.83128217132682 -18.98706240880574 -1.7769565745540794 
25.817827887959048 8.295795494187185 -14.305479765217 -13.870955000425345 -1.1163956500600913 
39.19130939841489 29.2830799968974 -8.74876451462173 -5.5093575306968585 0.009882749989407198 
37.87378597348943 38.58989670819879 -14.088168864077566 -20.33987999171872 -4.532759791295431 
13.733331437714604 9.45088275930814 -53.140920065232656 -12.034004126105193 -65.8322754973957 
10.914036737053058 -17.914309995793936 -58.258290937082904 8.103315347363097 -100.45254366986876 
8.402247130893555 0.6606432414663517 -37.15774203966885 -1.734447928261638 -92.52601332876453 
8.159797987875223 4.968893235573137 -26.721761280564497 -4.810807302801109 -77.93252902262996 
10.062178947126597 6.13604425766571 -21.515122851872846 -7.465732413082112 -63.283069414050104 
10.217920553294265 7.794972449580404 -21.69842768096105 -11.257469611717243 -53.12986782541243 
10.126972200770537 8.635038640681476 -25.305979239282962 -14.967866312314703 -50.117582573263995 
9.141368846002587 7.225719220897724 -28.554383712910045 -17.592982154834782 -52.91972090744153 
9.766923022488422 5.481417153564293 -30.148862670731102 -18.44824894210088 -60.24289871798918 
13.225161630999978 3.8537448699832937 -32.41832750623968 -20.399819544885172 -69.57015820756685 
16.148050908117877 2.425510729934145 -37.162281358861975 -24.489643490044127 -79.72838176386774 
16.033406133864016 0.4679575588794993 -40.58894284817529 -31.025960610454444 -88.94861469321825 
13.71866934426949 1.4370568182352748 -30.768271304276034 -39.679588943449744 -140.25084969036183 
17.756843005249927 9.911564200339456 21.863641996826154 32.630606473551204 5.94853051076016 
-0.0072890987419663485 7.539155132335163 -13.212423097290259 -14.776073422629569 -2.620873506013316 
-10.332442661377996 -4.964711108993891 -29.61151841790386 -48.490571571048996 -98.49769869836241 
-2.069835257790705 -4.2372349845679125 -6.593282770914643 9.651282355526135 3.9673779144174404 
-7.037906833132114 -10.373494850437627 -7.370269676129126 -43.38495073279484 -149.93204187596157 
-12.131898376924148 -11.526535090471658 5.317115478070835 14.168459132470906 4.237870278943198 
-17.98919889201655 -16.492785461747467 -0.6033061775133057 -28.816355684935882 -155.51151628537778 
-15.260482645513276 -11.512085842447675 19.076608329931325 21.908349700915107 4.094346040597399 
-7.776764587083706 -7.1370186337864565 10.075980801481567 1.037673683078395 -111.90584139819698 
3.4163593460140036 0.9544405477654181 18.709754957172624 15.757031007291667 -90.06841737670875 
5.5075628147676925 5.597395701329579 20.481339318164896 20.377953499995993 -79.01317375325556 
9.313083536306014 8.426955695160506 23.605609431587414 31.24126530822025 -78.22557285433362 
12.2624492452973 15.737733204590807 33.22151937016515 53.60570480003563 -100.6337451839222 
12.061072036254517 -17.287405666764563 14.966060593927486 73.2873137344302 -59.83504913488122 
-13.33525409178556 -20.230715773607802 -5.519632628841211 12.187679096704368 -16.81088448859253 
-53.74471007214509 -6.840692391290407 24.342461973592926 -19.28210172678653 -1.2078951510323108 
-28.21646724040023 -9.914919389372095 19.52630396247283 0.5122686511294153 0.33266391049395483 
-20.690746191475927 -11.030153743182595 22.176543868043836 3.43878618386402 1.059018382777454 
-33.69426442698066 -51.065880431607 -7.216038910376742 19.74329007207831 2.636086628032826 
208.2413525603714 148.1003498565786 -2.321606246780856 38.11551012642119 4.4671069797492855 
-37.38940281088707 -69.66643812351697 -11.857920414077846 -27.452791795280117 -2.3101041916736005 
-40.311011679655465 -21.400192337713758 -4.20735589621358 0.3781221293538594 0.2554890478956854 
-25.55673094879653 -24.270443833761323 8.691335627347197 4.701197924400357 0.857557978080569 
-17.83008841094454 -26.335114250561688 15.489661508804005 3.7936052880928295 0.8803546337697146 
-15.352688039362913 -26.12741749976367 16.631167064122387 3.43912904050477 0.9687360134221971 
-15.578836087141163 -25.85344091517432 15.646703615556572 2.4885855599518396 0.9099034804365126 
-15.776233784547898 -24.768593817563534 13.711528161355364 1.7067543954504927 0.778613037296543 
-15.237092171650053 -23.68097852031412 9.83762553688751 0.1795137578062438 0.6021632620417641 
-14.168777193502358 -23.38431325627052 3.8884772988137875 -2.946817748437174 0.30963025985602655 
-11.866263242724255 -22.907841673072696 -2.611946076186787 -6.244541311827254 0.008764579018180299 
-9.095620224830803 -22.878380650596544 -8.542755340100415 -10.1577218157711 -0.45407228099185615 
-3.572882390139288 -20.599470382080437 -13.446504900107717 -13.173158402886187 -0.8752839804358057 
4.999870588775394 -13.962627266667587 -14.566817266029238 -13.852482278147011 -1.0826641695958812 
13.825297161888543 -4.523210750511707 -7.930663305687959 -11.332357896511708 -1.0207674689504225 
19.817248165509763 5.643979140138639 1.4500593848516128 -6.960997017754244 -0.6020074438253735 
20.5667814393108 13.983003109600205 4.183488269237656 -3.7210526646189193 -0.058504232932994366 
20.0664582233613 17.49673482768081 -0.08484711490816085 -2.8193730445015617 0.18598701796252648 
21.424651939133984 13.957239758231642 -12.228424552396138 -3.2687420965920784 0.12677961493278914 
31.916744480341222 10.556104241002634 -25.25142621053547 4.30717265699171 0.9694609438689157 
20.70122248369287 0.18152181265236417 -63.036416670043046 48.18418264468475 -27.65809347343126 
13.818353268956534 -6.011361166068507 -57.55501040402094 54.58731912530034 -42.857765173639606 
7.08909246984798 -2.8840067349023366 -39.73372947371138 31.057673946345016 -49.88637530609699 
1.4325337343485862 8.5570850164458 -8.538044360387262 -20.23209587120792 -90.22276208844039 
9.09025678921293 8.201756432501854 8.762947107358876 25.7780219804191 3.7653243583986247 
6.767169432197471 6.123543611194864 -26.069017718547556 -16.632210149351643 -54.48987693830494 
10.05474776345623 6.306138669378986 -26.54274184454125 -13.660970953967063 -65.12600303794605 
14.12491006934383 5.588794588274949 -25.502101107198943 -13.334345320342981 -73.53931979015604 
19.00305343507407 5.262364391899785 -26.190562572256958 -15.157721582076238 -78.64129092404173 
22.11530723404714 4.827171074743763 -26.652892807131952 -17.49288379930492 -77.74574451456525 
16.73583336866631 8.582061790851153 -26.28216060238649 -19.57543399392732 -69.67577797377807 
-0.2666182139794743 7.872108790248684 -27.232893791795544 -23.191518562725843 -58.21310759099612 
-12.537629570284661 -8.599291878137054 -15.782675896116414 -35.54274168223497 -96.78663390609297 
-12.71128590394259 -8.327525854530176 36.25342291167991 35.42020294018412 4.823553326521987 
-22.005873949665713 -10.459981775117399 14.826500695845013 0.4766730800191414 -1.693373648496127 
-21.71642951591461 -15.616551259102446 -1.297918499617526 -6.009513896770719 -93.62612057567432 
-13.11292454951632 -13.848113919867298 16.624122682898182 6.342810212140065 -91.15986423205926 
-12.41197380650616 -11.896171599183639 26.034574840489565 11.82859326075873 -84.35105829543244 
-10.682840027445058 -10.926429093513482 28.33585997634061 18.507937105061295 -76.22439305780303 
-2.3664931365166844 -4.425321509796775 28.944748424448782 26.795572611876327 -70.27019196631582 
5.196043864241611 0.12906941454724322 27.990276124976898 35.87675906140974 -71.4254299317125 
-4.5977129459907085 -7.025019976305566 14.762888165450036 33.01526239612751 -61.06050850286576 
-37.971936960578304 -5.714741284698787 1.687323573900468 -12.105696944553394 -0.11379423961896408 
-33.83455447870613 -7.8931598470284134 -0.0373412405508419 -5.976062700147445 -0.5809577246562515 
-15.576451751243184 1.738628512818933 13.892636994003674 -0.38082392882841865 0.45715482555912534 
-2.0298906147608733 9.347435118990385 17.16883089980903 7.543063876662279 1.5283627570200835 
3.7542149744474 10.06158905098403 12.10196822617605 12.099609827174284 2.123562318338787 
4.330384737893042 7.5238658028788805 5.792517535261275 10.924071393151655 1.7898344767507568 
3.3526724831887718 5.150815168314189 2.0148742342180648 6.212736196945754 1.1076975124867732 
2.3289379567266977 3.0214620145285878 1.0103029938052894 1.8688245693171501 0.5909975479232572 
1.2537320973862003 0.1720665687833063 2.712851373731543 -0.4540526640142694 0.3988209916056451 
-0.6788479062416315 -3.897841327632348 5.464659478654176 -0.5579066680038842 0.46032072538182134 
-2.297503289124861 -7.464156419294162 7.343514655153459 0.3139344427943158 0.6048021367821597 
-2.658317856150934 -9.318203038299911 6.2392399383910035 -0.2474109090303061 0.6061401689116738 
-3.1564208589378486 -10.865595898519276 1.6918033942959179 -2.2346084134496023 0.41245321072694513 
-4.3249862332307885 -12.996043221156508 -4.2080177839970085 -5.488770352018659 0.07266840570122803 
-3.693618722937698 -13.268683142214073 -10.183139909109611 -9.007918450028855 -0.35696320339647825 
0.8023472755491169 -10.151452232326319 -13.060384497525648 -11.114816033841203 -0.6706525325656325 
8.073816698771482 -6.56445843867901 -11.913192745116385 -13.107677599539532 -1.069702107037244 
9.800748496739704 -0.999515714821468 -15.955853130280406 -15.837668286061634 -1.4567087221459198 
16.54572040672782 3.9631658462451815 -11.298401196667177 -14.336963128299228 -1.2524181745602532 
19.89447123226633 7.340384097645625 -4.856581119466563 -10.056858578046949 -0.46706459543628437 
6.583329460809866 11.50776728826363 -10.569958259165647 -30.015713457884946 -16.19179685463892 
8.422130615497407 7.438798211880545 11.749708890734704 20.880305593090018 4.498318903022865 
18.535566517856633 7.134366570299837 -11.116400573529718 7.139014033931837 0.3326792284849772 
20.636908764232214 -1.2599140930599733 -47.96104475216793 59.777123115308584 -35.195225293093465 
16.471613818296543 -2.6647282668791608 -36.75024804919869 66.11283749557282 -47.93174876462918 
13.015064733232917 0.24610720999051652 -24.596360961337894 50.72874169983022 -46.779191872006834 
10.631391960179062 3.8919482688945557 -17.79685138653911 30.62176195175306 -44.76284694375878 
5.99225703667571 6.885926736282924 -14.211266150378947 9.899490565154688 -49.33985465825949 
5.87173444133679 8.885222366496972 -12.283189775790738 -5.067955582623259 -63.76654404836221 
8.097819515068005 5.706414250374544 -19.314208672840493 -1.8358383914830765 -64.64181435704099 
9.5311443405708 3.640547533346508 -19.747412573569974 -7.4815155574262295 -71.4261592275873 
10.769814692439585 2.174692879615447 -22.28610178490721 -11.166846669237433 -78.44258900531453 
9.010245568390348 0.39787637190049074 -26.38394857837901 -16.240795565336214 -83.65533226332491 
1.179363772964165 -0.12225089391724783 -19.975010243571127 -27.46650884888325 -124.10743923072077 
0.5457413471627574 3.5026624549044465 31.637709982033105 33.027224511715744 5.130413861345689 
-7.689681619591907 -0.2812936503305037 11.188293829266986 -1.6891588380722797 -1.4934400700465773 
-7.870056313663903 -4.5896858021637446 -9.931894053006527 -5.297661581146292 -0.7037614010439494 
-7.094583931769545 -11.986825212262394 -18.161277614086412 -17.387615662395454 -127.8379254051219 
-11.988509905555862 -14.987221101513114 -8.917587919582708 -13.551272041149428 -144.90591963963962 
-17.815218930515602 -12.382484949634332 22.178563355850173 19.331007360658507 3.218463582281949 
-21.97437711966053 -13.601140499683087 15.92278205899069 6.016059920579523 -1.8855163558054977 
-10.096415710835553 -10.054478938194757 16.029929500758666 12.767396707045364 -88.57787336516171 
-1.406020033471816 -1.8529110377901103 24.19578873394507 25.82393103139885 -78.7598943011502 
-21.263485984724046 -16.20519760477389 12.833709442309848 30.894183281656534 -97.53198734929167 
-42.21860010636243 -21.73755694518169 -6.80699679135702 -12.423017170692708 -21.36227599445101 
-70.68437274817923 -1.322456528466598 87.23533353424894 33.106687731651334 4.140993057718547 
-40.047679749989044 -7.422904337469363 50.53329769916056 26.230169550061692 3.43613206219841 
4.1190559552828026 -47.61991754777188 24.205818819399514 41.826893889644374 9.434520932887342 
212.43164500124763 102.57282897077421 -85.04939484323332 152.69945593081925 20.48230060356422 
-89.90673660652547 65.7786247864744 77.4207341254998 -46.17979409065503 -3.6965168686160816 
-45.48705739583269 -20.651774431772523 34.322126423129056 4.165802499099022 0.6438409988570951 
-28.056449133676242 -34.11606397038281 24.254058858785882 34.988514389656 3.818821773993809 
-26.56421402677329 -19.49518504139017 24.490591970330794 29.518726778696905 3.2718293565371055 
-19.90173274170544 -10.512506475474828 25.70698671670882 14.180899962259842 1.8117803799852974 
-13.887263693871162 -8.898415410038771 21.051112284433774 6.738655685321942 1.1516080523966847 
-9.567345983491444 -10.054201337771703 16.337372849678843 3.9007047244825994 0.9442831053433672 
-7.291412345071581 -10.943782057050875 12.033213022350663 2.2106061349357686 0.8449192765367023 
-7.274495512705532 -11.57292200962028 8.565874352180648 0.10208098831819555 0.6533483702875335 
-9.85206604625601 -13.273110736866112 4.793062122414545 -2.4875030873609965 0.39195921538567857 
-11.639679162872877 -15.367837103596022 -1.785117334179221 -6.560070050934107 -0.11841057117747819 
-9.13284048259753 -15.30166388226573 -5.724454264908233 -10.028871517308078 -0.5526227504862824 
-3.258796571043156 -10.817397409109983 -6.5930668488283475 -11.860012887705368 -0.8651858163057661 
5.821750704549751 -4.028119720126227 -6.094910928957432 -12.387646284885115 -1.0727554786512334 
9.460131097943458 4.42747790036438 -12.222288368260626 -12.792164102192881 -1.19293267761139 
24.563783100209587 14.476270064106075 -3.474020770589143 -8.022129547323086 -0.6882412654619897 
27.415012823358705 21.370561218676844 -8.471272130257105 -6.847478448543985 -0.2841847253872494 
36.69354567139209 22.647716183520323 -23.577770699982555 -4.015349550966968 0.6817488141947885 
53.312533517873135 26.901177213230792 -64.02343067860252 14.924254299919673 25.168337154961822 
62.83733984135624 23.84107222672272 -70.25582618486347 46.71694697219643 8.415791084220297 
51.09183532857793 23.787642329546603 -61.75968437754479 64.23069830055395 -3.4288746976798756 
37.982989009883944 23.042959560075907 -36.74020287231668 62.1599800002243 -4.831630447627471 
10.123549727671742 15.180738525440182 -23.854863668103224 53.91429610701513 -4.5302593278402075 
-12.688078951303575 -49.494619798407044 -32.31955362981669 47.533870637997424 -7.031797582034932 
-3.237422762018164 15.119394717314345 -13.124654728664295 15.730741700749777 -14.647296774667424 
3.6412445987844646 21.178539772705378 2.8635159162230215 -14.041297663832342 -51.22721647982908 
11.578088527408548 10.350406308427024 -11.816848551034388 3.330092143812196 -44.985928429163664 
16.812289205692753 8.52503350581473 -11.902307886378418 -3.142651254658815 -48.833695492909676 
21.4591362421073 8.23991062133352 -12.028758194779078 -7.132769260947492 -52.07506741861452 
22.16050120849877 7.933581877100398 -11.976671986076772 -9.183217324762799 -50.26645659687552 
8.157125447622443 12.348184593200969 -15.0931251489072 -14.659909871223064 -45.814663409602225 
-8.479321105277865 -1.462718846187384 -22.500058647907785 -22.187330922772837 -49.81362428235589 
-5.4441245731592645 -8.796295548056326 -19.775263756973022 -29.951315641326218 -81.88756378377278 
-12.302983562018504 -14.812111699057294 -6.356287344338326 -40.34144657545629 -147.17662319771145 
-11.026680370076054 -9.698462156577166 59.327767016108446 48.81713538091889 6.6602016094435905 
-19.540457042598128 -11.376442092345838 21.79903242254204 0.20926056610106114 -1.2918268201794503 
-14.430633962378351 -13.950494962132245 -5.441915576649645 -11.720631975870978 -110.14309606864839 
-5.817175413996218 -9.124238754916972 4.029468323529694 3.0205832568706885 -107.94439708066793 
6.477197114215161 0.9860820794844511 16.83628651056657 11.527569915775173 -101.69308162486804 
14.053932143124616 5.4472186254199695 19.568006008208904 23.914301119828277 -98.42261109647797 
19.132769588623646 7.9116704429630085 23.299360432634145 40.562197220968365 -94.6988285637947 
13.2681891391727 9.110507297155102 26.889770844871304 54.882769268231634 -82.31565258510659 
-13.430008557574206 -19.960755319584745 12.406384626453368 36.469964720351804 -22.77267865995988 
-30.37571077823723 0.6167428472086156 8.300255399468895 -19.230314037587014 -0.9903866973689747 
-2.621966926792144 3.5299074319152597 8.641096115699135 -0.45333812003105606 0.04146510170767167 
10.292385267970635 13.065517767769231 8.57563817695626 7.779550641944806 1.4748675561634754 
14.574181472645371 13.932773823047995 5.879517943014524 9.071138114048232 1.6468100096379825 
12.405182061532082 9.407026305584992 0.1544984771158875 7.309775328382766 1.3245977958274289 
6.897799509780867 3.572829446728483 -4.835138490180376 4.5701294557497745 0.8793162735421659 
1.205399513517588 -1.360364480186454 -5.306910702115145 2.241263621550943 0.5921196460181368 
-3.5502673167824814 -5.455447571769427 -1.8621047191165767 0.785689980532694 0.4843131706399466 
-8.462152456405262 -9.833273603928095 3.061697598897656 0.1547298852850412 0.49485184786403213 
-12.501315429262226 -14.16633315163841 7.5546469754087795 0.9292569683270125 0.6526777774318788 
-15.52837492322308 -18.150375239333467 10.026051333472953 1.206860953979675 0.7680890127320497 
-17.44073480854499 -21.186943722889893 11.093035964652854 1.2336518338096167 0.8193892976589994 
-19.229721857220113 -24.216383877715188 10.4054148006307 1.19893712275288 0.6750046757186009 
-20.28164235172898 -26.338023384140474 9.590024393290397 -0.4520002024311127 0.3410476713350456 
-19.882121336051238 -27.139774492347087 8.144199441304368 -1.187920015773729 0.2935374047378372 
-18.225760454062392 -26.257648286714844 4.166065702514623 -5.106070841700604 -0.07841309752949974 
-14.559769952828663 -23.987953666580974 -1.8177646178816305 -7.299474645263221 -0.27809722344906185 
-6.715083802074045 -18.456765909691764 -6.643437518961898 -11.105965899648 -0.776543228468522 
6.233969664013619 -10.013741123073116 -11.93904226846847 -12.271085328753951 -0.9915732703162872 
24.013317202333297 1.3786848917006322 -11.64565392487307 -11.628581935721513 -1.0183839234411662 
39.570458951036144 15.454082351405974 -11.963414081763664 -9.351255265720845 -0.7393600968801344 
45.00751331958706 28.184613112785946 -13.218759017617625 -8.893293272345993 -0.5582853177606125 
43.816717559354835 35.98988451677998 -22.46596873622468 -22.816513680571948 -6.603348720403479 
6.9465068171689435 -8.959502551455753 -63.83420559608226 -11.96862899075086 -71.23150341346128 
9.732452685001725 -1.6619115055562756 -49.93388505400454 -13.472674350596701 -80.8069972437289 
16.869172534288996 2.0650876692658695 -42.743469126149165 -3.544693155835718 -81.13499270974012 
16.829975449985472 2.7892734236237877 -37.320392675073485 2.0460709516734137 -77.73188433207666 
15.979829598996632 3.7917331680319664 -30.91370985678662 2.0907303379885716 -75.1820199084813 
16.97471978215663 5.79889120024758 -27.763876590279715 -2.096989121104748 -75.35782413349936 
15.679978505462284 5.868443433761161 -31.96276777683816 -8.46592302389815 -76.95618190742226 
8.071730328670998 3.6215226918886927 -37.70553532493653 -16.686897413159215 -78.15877495117135 
-1.096883969398663 3.6066253236869517 -28.040512803128497 -29.558870896424533 -125.43008885542997 
10.471107599244263 8.152517181862555 39.25757404573526 47.08818414796787 6.522771060504856 
9.754698154898197 9.427280380062774 1.7380692696584958 -5.142199235651971 -1.3947978013265316 
18.12898879412099 4.802318590716251 -34.91376733978453 -15.904529669596158 -80.13389429903022 
25.18946623705364 5.2324399336647405 -26.10913961109854 -11.14969435516873 -88.32226218176383 
15.16364160073001 8.697672462889031 -19.908064246885285 -16.51576056554298 -83.76743039246199 
-5.966565329739338 4.943658429381737 -23.81800648940132 -23.433233671418122 -71.45590610243853 
-8.518566655703241 -10.46698088359784 -14.689556287594835 -35.354985531976546 -121.85473507020662 
-4.698159478165872 -3.196592550546782 35.63632426690405 35.065025850837856 5.0081376458039095 
-11.64978682053782 -8.945007152301898 9.286954523797869 -2.9099080405892526 -2.0405892651989 
-15.253569126962379 -14.68861777525699 -6.614321760761534 -14.923640566581614 -110.33592927662703 
-17.047976755260834 -15.581311519697465 2.006671758201854 -1.2159951651139913 -106.34449226743132 
-7.312051758197748 -9.209275151981682 17.08198371386677 7.409051121757753 -95.88929149414099 
1.478810338606299 -2.8723917603111424 18.74809726861028 17.882975056995434 -82.74611730196288 
6.703240538818176 1.6965340274849623 17.52103232859926 25.752783699550946 -69.17745378425796 
4.785514825647113 3.8371869585679055 16.276897970551875 28.454632098817356 -54.58381005312142 
-16.53356605626418 -8.003312006706574 4.6669024905399645 22.73987736091967 -33.48592375758403 
-22.74616899347757 0.8351948645577049 2.3695036349245115 -6.210378352368706 0.16687154063833753 
-18.174310673190437 7.211828119771679 5.927653946386279 -5.870752360066928 0.041229985926726206 
-15.343301915173692 8.021535257015083 7.010075764946783 -2.440911830612607 0.5056217528174751 
-12.138653520216574 2.6466838969705186 7.245252758750117 2.0436869187118636 0.9242317835994879 
-5.312569638586527 -7.05624414302175 4.736655164395988 6.953792714030914 1.3038273809608771 
-1.0268509997201773 -12.925570008190418 -1.4354183890218852 8.899573681951573 1.3667267338818507 
-4.669164807175335 -4.069052568482523 -1.2126833245537711 3.4577263223814785 0.7308497457082219 
