-23.317719868617132 -18.351340555389942 2.211856741204632 -3.0353945648331773 -70.722236720252 
-38.140936084466745 -22.450765884295453 -10.70304216831726 23.56690302001856 -21.72389631944997 
-33.986530106512 -22.447744955579576 7.551557720930597 5.019562765231551 -69.66571794805736 
-22.349152883102846 -18.269415865365414 17.26086354547084 7.5231633794134485 -63.13043862024025 
-6.326927198522784 -7.343948756622335 18.68373932806521 14.0050436081404 -58.48427486093397 
4.779955996851955 -0.11770142550172212 15.806919521377488 21.432860726001852 -56.215878324993234 
13.033121949460746 4.26158698022568 12.497072832440127 29.959637705358126 -49.50129206893862 
11.760791634711072 6.315472592167878 11.371971040842837 29.802311303424847 -24.46405589146335 
4.772234198778125 19.756583916931728 12.719546035671133 -10.977022788371093 -1.1681735271480982 
-14.885884733399411 38.51749833017647 11.100766983653731 -1.0399726041825978 0.3154344758520076 
-10.889558196012798 41.33570818252559 12.200360047359382 0.98631554705727 0.9101946522901131 
-5.9194884008390405 31.780176009827294 11.38523281778549 4.886007702923212 1.4420260621972811 
-3.397141297900781 18.634476088563954 5.337976088764549 4.953605286437161 1.3039930302570648 
-2.950894668403979 1.0986504118545921 3.9706040989377094 6.790241397964849 1.2389450577553054 
-2.0701121256487305 -10.880792678938825 0.43443864615560723 6.0148781048130475 1.0081526136249046 
-8.089766733764593 -7.786479298748503 2.286978732892116 0.9809001388522681 0.4842936037867857 
-8.570744381932016 -11.367094373687229 5.3628747118509645 0.6627499243402322 0.509894542499492 
-9.087236759295326 -13.73171176317301 8.16829544122992 1.2455768954504918 0.6069991075237612 
-9.746828794922308 -15.367660630210425 9.887611333383456 1.6272667229719724 0.7126870393976729 
-9.74564621801193 -16.035396129023333 10.251606736514157 1.1264245612169301 0.6704060825638134 
-9.733908319273844 -17.29862787491385 8.755587423881352 0.3193303070958806 0.60576766314068 
-10.288403841226716 -18.214929389774674 7.030376223475591 -0.7023384278357182 0.520416862010397 
-9.872557018591241 -19.09708105979008 2.401629776776357 -3.4014153379475034 0.24136750419174136 
-7.8539075718921705 -19.49874609641432 -4.252463884586106 -6.959684555724269 -0.1386097510301112 
-4.358557231922216 -18.363392923573205 -11.06527259746289 -11.510158537735608 -0.7627356405536642 
-2.497015863414863 -16.80935584147646 -17.002963287238824 -15.997969238572558 -1.4733812399427098 
-0.43499111332506674 -12.374208259925535 -18.44807542367193 -17.843900684522097 -1.7552231572371735 
4.858161354317719 -3.2589483100111316 -9.808380402534407 -13.389472292553476 -1.1698225005832759 
14.574505634312034 10.786834988146953 2.6743247453436005 -5.467058904195076 -0.13147235860000486 
22.511460870336606 27.36879378627558 11.211510531177197 2.2035821196624257 0.7347728944446631 
26.590710081818138 41.16088262842431 16.984798104640372 7.126377748598789 1.082894608550753 
23.270030995364266 41.22107287141275 13.0128687307997 7.6591652275555075 1.0250568956724488 
24.642900237747597 -8.206791023528567 -9.973442230395817 15.4785087809978 5.609585210908408 
13.761290315075964 3.0364957080066994 -60.33719511275557 63.56727125369691 -6.766744421756766 
16.461616867732452 4.557216375516145 -37.936853006294974 48.55640461888653 -9.77144267869669 
13.88828435083631 5.1272011334970795 -24.9538377027512 29.9036233804757 -5.5188906280262495 
9.283661601411277 4.909681397568216 -21.197829578026354 17.0553186191847 -3.576083742457091 
5.1022812367491746 2.547523186609075 -22.001315441629608 10.95866462832266 -7.279296729013142 
1.4815568512605901 1.8429600586741959 -18.772222780865356 1.3784551803888827 -23.3562427175414 
2.0560736962620854 4.849814064577687 -4.468133688881575 -18.62191290393745 -71.60914189577939 
9.734996018300372 1.8519073524657617 -14.397660598720556 -7.159326344521974 -69.68528136247166 
14.975498401924368 2.579769789117709 -13.887035019019072 -11.028277470459132 -63.4413270355755 
13.503442387505734 4.98563586486741 -13.900667224655457 -13.553900867581131 -52.77633712121927 
4.2421125584455135 8.595508515901322 -15.086489893063753 -16.075227731694618 -39.73986327035669 
-4.6671394698965525 9.718416620017999 -16.284621520002847 -19.11185368253454 -35.63946895682678 
0.20643279385009142 -2.881870953166902 -13.998930438985306 -21.1538732665409 -49.12573238542967 
2.5117421837442944 -4.149060420758915 -8.730164924082505 -22.022313566052016 -69.02131701443714 
-1.8421170969377578 -6.432925753219652 -6.208373531463044 -21.803633429172617 -81.74935450135447 
-8.348118487788943 -10.794066862119518 -3.8027838318293576 -19.76565095627309 -89.83520402893848 
-15.793484922945293 -14.620173533441111 -0.10331731875434581 -14.257344861881382 -92.85943469980401 
-24.153995296457712 -15.651616249991866 5.01999064564713 -6.231360034556911 -90.3486281277851 
-30.001090617451275 -16.482103524770714 9.98546191878108 3.3540336267355304 -82.23390407800653 
-12.734820362368778 -9.790614804756231 21.125486282098162 9.302100158816353 -71.81763756968972 
9.068077644527612 -3.1560670047949007 10.836503437331272 16.3924120049385 -75.25927862722884 
39.828670672743684 29.352374462260773 4.571635092530418 23.560381815544776 -74.91598373190827 
28.486649231056248 7.447949348400571 3.359691718876397 33.33937488528765 -65.84640696704345 
22.801451097029897 5.292994961173893 8.095901098164804 42.033983319296986 -54.732125112512584 
-0.23227312108853382 3.7728024979569184 10.091948690493936 17.07667422148848 -9.755892397836377 
-34.861701307824866 4.725139557039245 12.604168536799994 -16.430552048726796 -0.5168481771168055 
-15.800419623139302 14.232758650020802 14.738882741799866 2.741572796086195 0.4753507616752047 
-7.6069356021823245 20.503002728096817 17.616486015780893 8.615480307337107 1.7536548170337878 
-4.495687124544764 17.753254008810167 16.07100143091699 5.665466735009173 1.4007207102676356 
2.426063530977328 -0.5383065717899403 3.3571359746387683 5.085501767596809 1.061371344431841 
14.169412559533022 -15.995016514295445 -6.384590151362294 11.890060008110714 1.5274248179164247 
3.425385760779342 -3.167250227930899 -3.971575967849112 -0.16302336903621942 0.31006858370250234 
0.07750439950695277 -9.086687549348575 -0.4096489594084885 -0.852576464447789 0.30521324841414854 
-1.1822734370737322 -13.276693615117422 3.991945289627314 -0.48806652671533934 0.39823963393437106 
-2.5851559296587827 -14.792449331925164 7.252424244182411 0.44391928996752567 0.591825743961991 
-4.606623069643943 -15.467160806097326 8.821268458036426 0.48723841643920707 0.6324261163297464 
-5.7997682541516085 -15.18085056305641 8.721751260127759 0.258597250603652 0.5993024670858103 
-6.081201397066976 -15.059320556010658 5.849199575723138 -0.9796837268590924 0.4864631514923546 
-6.094026632221642 -15.955090840536103 0.21981731378391392 -3.9822603609204252 0.1984461638333461 
-5.225838053925942 -16.8206657885108 -6.166718755732966 -7.451878204653673 -0.13165951695205336 
-4.26256154160627 -18.192309016977596 -11.919633709722461 -11.366686018969979 -0.6018416572732264 
-0.6840570159117434 -17.272941318209348 -16.286427975438993 -14.197555023745052 -1.003896334212001 
6.147495583685766 -12.04034820378409 -16.23522267898115 -14.316580107911665 -1.1361511887804403 
13.830082867458243 -4.655648441318297 -7.430822894437794 -11.055256209667425 -0.9870781182075433 
17.318203862840665 4.170708814271011 3.9926799165769378 -5.6242700303314095 -0.4507962276142888 
16.086669463272393 12.577181565219664 11.892240931132855 -0.5162503758424319 0.23900935501092643 
14.132937065796108 16.91623248680704 12.551878254475808 2.1942864374660567 0.6508034784174471 
12.076272044490858 9.965988301272539 -0.043255228501099544 2.5832471996816166 0.7728358928258089 
11.544617531744011 0.8462164458623501 -30.418474022555763 7.103099549000456 -30.56843011543559 
12.692778836593579 -6.057135200882305 -70.71090885453039 45.0845339377294 -46.00972205423311 
7.67500034456558 -5.252811589146276 -57.832881231755266 33.78971736370565 -60.5860100516872 
2.2676985075590665 6.731390256336938 -13.94413083032246 -17.971164545844506 -113.76965058741706 
9.20410905745065 6.3380756870842525 10.84086797877081 29.277609202950572 4.4840235959432455 
6.037023391665346 4.778545898697819 -27.461265180006468 -9.58345595198237 -57.6493827435952 
7.838584064687338 6.393951998359368 -25.308897961122334 -15.83565541138658 -66.66220356476296 
9.922383040311772 5.6450569618059365 -25.96873138047955 -14.057178709272344 -71.14658967528075 
14.416863694368303 5.662069002027467 -25.35951449347151 -13.261264099199362 -72.85296710063875 
20.40704031417978 6.604459633008438 -25.503868636267917 -14.532147020827566 -73.53231757961115 
23.635831739483294 5.115748467608689 -24.99506637093357 -16.14931260386682 -70.93314874957301 
17.299098362473924 8.517571239738155 -22.75380393541315 -17.935390219042834 -64.71840700516667 
2.637129559466345 12.05153179663636 -21.346066090336866 -20.325591457286645 -61.37674637564426 
-4.840683308538675 -5.582009071405777 -19.747108823257825 -21.988994281863338 -77.13141881884869 
-11.972603159873469 -14.718253208242254 -9.447036662861564 -22.946228912838187 -129.43719756865335 
-22.974483931503535 -12.425170420611858 21.460847285600707 19.802723517533483 4.091169404324167 
-28.393008283862187 -14.876848970995209 14.745131965198768 0.7837313446835857 -1.697696066018483 
-22.494105383598452 -14.479086502577568 16.206131851011868 11.971693133801503 -1.5354934967707317 
-6.08223272272191 -11.469576582702265 29.195751163434053 15.997692476152364 -112.14312897746152 
-2.5788216330804477 -9.378904642323306 29.353433116634182 24.97555247281072 -89.255164334831 
1.7839126439931094 -3.108676773995697 25.555662432645384 26.31680776183634 -69.86635750335026 
2.6335829143642933 0.17077791250091545 23.38826363686984 28.67499088973968 -54.6639484538487 
-0.6715510532170536 3.8723940853591725 20.465810461106965 27.011223578537813 -45.076814756184596 
-28.800079979812196 14.073408876496304 12.227963874951547 8.483769338150418 -8.23543206173061 
-48.55877760490854 32.32830513371191 11.82126158285245 -9.99911451216365 -0.3068685825466986 
-26.32138512643319 32.077510037013155 17.353466747569545 -5.853978880338546 0.01776626055174525 
-3.282192896182464 19.080121303089392 14.240261332816539 5.911642725866969 1.405437201600641 
17.343001034599816 1.0141794084996787 5.3335792572309515 14.807021006442154 2.3906724846047647 
7.996374177345003 16.586231635377892 0.7571311806568282 8.435891894078598 1.5343702819906189 
9.460007389115727 11.327488971714018 -0.6360392537459506 3.420157103386522 0.8168904014021691 
8.961270360697723 6.125273018083157 -1.768635435655745 1.5898294483753124 0.5528215135889099 
6.131620591520007 2.3279591215921713 -0.39682216204696275 -0.3243273687230668 0.39218786190786026 
2.4627049532124574 -2.870183192012648 2.610870046696449 -0.9546366829809808 0.39578477027268505 
-0.7633422078911924 -7.630735600068179 5.098513783107477 0.07682303111424997 0.5571682414014008 
-2.6671597502129316 -10.601136288178195 5.291854404566132 -0.26478845008826135 0.5942596758988438 
-4.483656001295664 -13.286083216486107 2.429491647206874 -1.7202279134992688 0.47125912757195676 
-7.048355893169698 -16.52701041038019 -2.1201691942992356 -4.73753362480879 0.16284236089622733 
-8.308684650710664 -18.554155511116264 -8.44294671611807 -8.575366776028444 -0.3011408133603452 
-6.767483812876412 -17.425240428113906 -14.289656404162924 -11.884355194823277 -0.7492612441089488 
-2.460868779647354 -14.869482806820841 -17.778411889624596 -15.177279123574943 -1.268515308482692 
3.684635054453656 -8.402526357536424 -19.26996086474989 -17.95666933564729 -1.6861914383121859 
14.17968740359275 0.5184320916794826 -13.363318823596527 -16.019848731649848 -1.435048569461844 
21.72608319335921 9.084141479911285 -5.4384152925978535 -10.473103624563976 -0.6383630586429967 
22.78549954175603 12.298483403776782 -11.206137517179874 -10.773163711925838 -0.2638994184840287 
-7.095772485538118 16.578278121365905 -42.27542777090784 -17.568801865142106 -88.50969536828785 
4.137238550911729 -11.916309162573823 5.43405271807399 21.692319658066232 5.045745761592376 
12.408385795483142 0.8041184857123963 12.3045341810158 7.99959131789813 0.062481235832551656 
22.328760555491748 16.541204833075465 0.09304770456822245 32.7513607639252 9.979162334279419 
23.744656574278448 -3.4307719372960506 -42.031047627629 75.53352602357162 -36.67620625071074 
17.687969748727944 3.7531734442932816 -33.23654235151206 65.87787380101126 -44.34911427556396 
11.20240280750363 3.354985941623526 -23.601189810186863 43.17481522630762 -44.97201955817297 
5.9722853048413915 4.474659226156008 -15.200822536266804 19.20592904518543 -49.298322883473425 
2.8734678994364873 5.733343593360034 -5.8131394429444 -2.561092029659844 -63.56740504605599 
5.760873196375624 3.8351081400488383 -8.445376842237298 -0.5196699619984917 -64.1109689371501 
12.613308459308353 6.868462426129072 -7.659925898287794 -2.3963740712493182 -62.58574726131257 
17.171019481642013 13.511261985912972 -8.119181864379707 -4.235990307736271 -58.76646270758101 
16.32749701236108 5.291777801391691 -9.66248935874772 -5.951924668954521 -52.355727422824536 
2.566078287735521 10.40447304324812 -11.523353203741648 -9.884272917833194 -41.04202384061826 
-4.746266454173724 5.472572873748388 -15.347571673511043 -13.591014521692639 -39.95699543448808 
0.8482028337021172 -4.585972829079354 -17.43759256976879 -16.3881552280163 -59.838849940029064 
3.138135416348255 -7.3941119663021455 -18.600473466629342 -17.47562501474255 -84.90677946539023 
-1.7324360475062048 -10.11885985907389 -19.432479746743383 -17.36835799198631 -101.62766584405686 
-6.820076297497724 -12.800452020146064 -9.972413483719702 -17.483837966660836 -142.5964311747258 
-17.15862407927784 -13.1037305387014 27.781302967527925 26.335195354308706 4.7385317567864345 
-13.937118211007563 -7.989002284440153 8.206257695056985 0.3711814189074078 -1.7187357573079467 
18.732224500088698 0.44974252911311813 5.707967125562596 21.011103419564368 -86.49620281276417 
21.62740098289648 7.065226032842088 9.01102831379167 32.60637620952312 -58.93883327598442 
6.18764588007641 13.036727856681026 11.673074357489932 24.21938227204015 -37.119682434665584 
-21.628760173020666 22.441104792543005 14.770392412293765 2.363107150624406 1.1559866548607696 
-12.172545181838915 40.340602864436526 14.997670391378843 -4.469927019037264 0.0056063611351579385 
-4.169560524300517 44.86523851224906 12.590665749787496 -1.9372842402149923 0.5901445192867179 
0.0404500257390539 44.4012017045161 9.1026601081705 -0.15712986556655917 0.9338033870573673 
7.076889763439306 28.451216437494452 6.051297816860327 4.654995658660897 1.3124700823404343 
20.735164617510907 -8.07243208599135 -3.735348900492988 11.787112421656929 1.7569729611854616 
2.0907370912611234 9.173899319626992 -5.63545342620734 4.6560975717679804 0.8840136706626114 
0.8033824325485509 7.033007161542753 4.7473599731794565 -0.896607907731567 0.29870371632856707 
3.980420130307136 2.111222093740046 7.615284199093491 2.5920466534582323 0.6848321466369213 
3.1164084368251195 -0.9979212247449102 7.577627385138992 2.478580934882387 0.7325751683831672 
1.4224911135378453 -5.174026813535572 7.897735050602784 1.1689447049594424 0.6603051399182502 
-0.9845752379776042 -8.467316236205233 7.020502866091341 0.45820267947156706 0.6483036976933828 
-4.384701805052388 -10.523357203111265 5.535090067299618 -0.58309187158764 0.5560384046836399 
-9.063368898979977 -12.816348559642185 3.0912554766481897 -2.4909741772235825 0.3578776490009023 
-12.037217531509636 -15.122436365760166 -2.5355338674219325 -6.400873541867494 -0.14627184807190324 
-10.385028136260456 -15.562757827692897 -5.871404747336469 -9.857234046290516 -0.5920703120146962 
-6.199701724106459 -11.783470580393509 -7.099975003047466 -11.545643769162199 -0.8875596146711017 
2.411462778740363 -7.722677859256017 -6.219792671570345 -12.463085634627927 -1.1511627978290095 
2.5739455042701582 2.2791502877985255 -12.216563648099683 -11.99798715778011 -1.1585683741774264 
17.081443380272294 10.26181994926504 0.8695499018598114 -6.2639266969061325 -0.5749632411017461 
17.85193408464309 17.5297625690874 3.2777657744978974 -3.053435888050059 0.018389473967570152 
21.155860677100062 13.27996481705751 -11.337995588705693 -1.955232460156509 0.5976423257368739 
44.730778943873766 11.731127486399215 -49.22893944743227 11.17479241920154 15.2920168229231 
51.39383864301671 28.493834683541245 -69.52426820928186 37.5035533064176 -3.96930483460705 
59.81427208510611 30.262406255574422 -62.0075496252133 63.49994911734751 -21.112342833255806 
42.93669471037421 27.685833809925857 -40.91090807973766 59.85281809142932 -20.409693111547 
12.213485348015626 23.172158678529268 -28.07433506266358 47.708865806727246 -17.127589345581818 
-3.6952600818623655 -46.4104321150329 -35.55504067050504 39.350041727806754 -17.76348687805484 
1.6141865820828907 17.10261544796112 -18.631124128948105 9.108809314600855 -22.299540167809454 
6.399971128983624 20.30147666026377 -6.236541538142394 -16.553611304328097 -50.92525699839609 
10.67001614810391 8.926752138268881 -19.852377200751693 -3.733106571124447 -52.099333034709396 
11.49470482509504 4.544144647157719 -23.495284276654765 -10.749283650177771 -59.59648558174413 
8.102903354262924 1.8721238083787213 -27.83793165234542 -19.32826095369336 -63.03668662875499 
2.2870287127729476 1.2016644794395699 -18.99049371541741 -33.72170850664114 -102.85803079833468 
5.464601683610274 5.007132229817149 43.71210134504729 41.10037293268964 6.014764079712377 
-0.37662855276874285 4.170610312401071 19.42977262983781 1.3574981891407178 -1.0503869728800543 
3.0796960174985677 0.8325704349162426 -2.4910119487984317 3.251228770248006 2.391428531189735 
11.067704736528897 -6.166313155447218 -22.18058622108894 15.359236571846356 -26.18933815057146 
0.6626793618619137 -9.311413534634832 -4.30410730186829 -3.362896767788104 -59.61760113953941 
-17.553771655557995 -11.954452178537402 12.502388610190298 -24.424364607904522 -110.36272996795276 
-16.633793757886714 -12.21141431723746 9.309549517198176 -6.200362293840396 -102.65304210264527 
-15.061900711011063 -9.214113247411527 13.461560517831716 1.6902518248417218 -86.12131228351488 
0.2479888489726764 -1.8774693581692643 17.178338533722176 9.084229013068184 -80.14573924401505 
11.689574077743007 4.713601563835844 14.465837207113804 17.783084774752773 -81.48008342486366 
20.532481616510218 8.148204345151301 13.84411836303445 31.556405449065704 -82.69972836501584 
27.26103092351889 7.417961272596294 13.95464243465587 50.96322423347879 -79.5059320862075 
22.49910208473667 7.02834216007798 10.271614036538468 46.54634091103043 -36.21924383306006 
-4.810719244995444 8.223851036216754 16.206312335626063 -12.616082468121792 -0.5830316733555183 
-10.011449778715562 7.4244326052051095 12.13201277744735 2.803668050482483 0.4417001286344277 
-10.291868557478686 31.66251940975629 11.19105151891819 0.8573036521239281 0.9483993746631378 
-5.180235991962261 30.169983842218354 9.76561245311865 1.751254375759068 1.0984058475703151 
4.5647634940987825 13.664765898450234 6.891427408310104 6.090944071869221 1.3038520078005695 
23.294830908237984 -2.558121039153619 -9.496898829901268 14.563399551106134 1.9467851302109282 
-3.2236249063708984 4.398031902310534 -18.66869892788878 -14.624437659038067 -1.2088512166798793 
0.03046665832466608 -3.0884020248629533 -1.2038094833167297 8.368616801462215 1.2456084663765339 
-7.164676730409962 -7.027554536981749 9.19289042964138 1.3902109976356505 0.5838890209343448 
-13.196284460606321 -13.354203255186532 10.438216328268975 2.3452412763713517 0.7598825794131461 
-16.64617833301988 -18.575165359835292 9.503615055396894 2.600163247987257 0.8833354465820143 
-17.784882981312542 -20.906793121112685 9.665470990247345 0.8317589975060911 0.7401084212206371 
-17.578784188150497 -22.51500537315436 8.64016926640592 -0.04076862596930852 0.5315123242208094 
-16.13035101014774 -23.379333878031265 7.371333296628612 -0.9231617509288532 0.3299173497054081 
-13.81921659639859 -22.721364314336956 5.832801329638038 -2.094254153120033 0.2269342840047926 
-11.033147497749225 -20.98387513097255 1.4130522991447532 -5.641615566145713 -0.09889063546033508 
-7.345583970940575 -18.80911270061719 -4.479948566980642 -8.443065595734522 -0.3809520020450956 
-0.6893561534654186 -14.516345155889153 -9.648718715760916 -11.582940055174204 -0.7990195720234956 
9.281203277788743 -8.80293048041171 -15.121393686253048 -13.989819007815909 -1.1726306151829002 
21.277021298816535 -0.5416111457747836 -19.216743112634976 -14.383259274138206 -1.2492324097966292 
33.75855160476068 9.491477004738345 -16.943673597720498 -11.676734088185125 -0.9304070122599709 
40.93336199045087 19.748143594801018 -14.698314487159166 -9.443205826278515 -0.5628189302857447 
44.75435453225087 34.48485305041099 -20.38841272700649 -18.596096248185205 -5.998882744494996 
38.907667613091 43.77820652329516 -33.47241058172629 -18.8942525690823 -42.21653757156514 
15.226658761064742 -11.624854667262142 -60.01538584555303 -10.813499963224151 -72.37130631955992 
16.851552686005746 0.7976025114865297 -52.88558382089638 -10.298359638757328 -80.84646246470973 
20.37097867935089 5.566655348873569 -49.390422873198204 -4.807409753920018 -84.74546002743976 
19.560803507654825 4.283793660807762 -45.7678437503301 -3.667906040525215 -87.25133656125227 
14.405259318231016 2.8088172147142614 -44.04830249944188 -10.41522983447371 -88.9397676582795 
5.234971099466805 4.766686487472951 -36.054261247939735 -24.372164692181723 -135.22705940669053 
9.622687953274982 9.729154788399608 35.52534510109636 41.10432505830145 5.9959729137019 
2.191913567036696 10.249326997699566 11.834112772352858 -2.0120819196537045 -1.3682547895994406 
6.801584480136106 8.141624119009043 -14.331312720587885 -5.022750069346045 -0.21454467262961377 
17.950729032383993 4.543004085551624 -33.77654261292479 -12.468860719959817 -100.1026866413993 
26.069078863017737 7.304544909193513 -25.140637326734907 -9.981780550239803 -106.81167368811933 
20.614199208320247 4.155350678089273 -18.792041156011635 -13.978255939844207 -96.77584020156972 
-0.044830114028189254 6.958645893680758 -19.843975442258927 -18.88842996652869 -69.57018245601955 
-9.499509456871941 3.7499431279895674 -13.827011744175081 -34.11133418087819 -79.84816058141296 
1.869599283211383 -0.525557391593671 34.658834057694676 39.217712816698636 5.11819467883417 
-2.512583265386024 -4.29875760389979 -16.814954534637284 -30.562268129865465 -68.6245879247153 
-4.059557050597229 -9.737216547460317 -15.51821922322438 -16.32559157485479 -85.7156375956503 
-10.933810929104805 -11.92505624337908 -6.226691546230256 -15.303890401651167 -95.09400050020562 
-20.380141388842407 -16.332895936382805 -1.3048894248803897 -9.776995720269046 -98.51091918516155 
-11.262653853234804 -10.795230015193264 6.753335825709525 0.13925391767047876 -97.91235927568425 
9.705900312144633 -1.4337357732430995 10.342246323332981 13.911925320176417 -95.8168472181967 
17.409204613591417 3.2457783433530873 4.058999205771106 20.99825046228193 -94.58000053187367 
-4.225023061942675 2.4728712240685793 19.966957412662115 20.3026091851649 3.7108938257147837 
13.80921301674623 6.187332021536695 13.124922941266187 28.79559444542613 -43.48894573617133 
9.946132693116526 17.4193268562571 1.6602154645534726 10.021546779728101 -8.456540062294982 
-19.770913947842477 39.8692306395945 4.239951518431361 -16.183119357636983 -0.6234989713809423 
-16.47304102712559 29.78632891588057 5.524002215586207 -3.1424142928591974 0.45233212705000253 
-9.321156958496198 14.237587196690077 8.569345328056704 3.3031663921487158 1.131388031488723 
-2.3410409833462946 0.3348163894934402 6.476508290164412 8.092866515681022 1.447087159246466 
1.9471624659498308 -8.410358128779803 1.2260516038699498 8.58672908599543 1.3283467735069197 
-0.058785187777032476 -3.0047426798855144 0.7553259495535692 5.1540151222022255 0.9035670776179474 
