176.91881971605832 181.6594325902005 201.2902003266142 196.28052495655965 131.6805684143834 
7.878853473244615 31.196621475374542 32.352488980618304 46.594084034857374 4.435554816038486 
-58.210043944710854 -15.618561457602784 25.867297577071707 3.2346046065786584 0.10411708259316144 
24.82598046022686 20.821351314625094 9.066656975485607 6.4193244448755715 0.5209594672719473 
13.263045312601843 2.7748286539385294 -20.691149762024146 -4.832373457652402 -0.5556763045300646 
35.35141321746048 19.872048747842744 -31.917146723562887 -4.729740941761293 -7.663540955130344 
47.50488492768138 28.01615605765633 -56.38968190016897 2.1192578134174025 -42.03539923583614 
118.63245348567143 67.94157600104535 -59.469303149548686 -22.023444817886162 -10.013439169572628 
103.92106303796554 40.18293539150116 -100.27954712678353 0.10910670138699219 -113.65882543024148 
2.7486431256106663 45.584068316236944 36.811663132362234 39.73886606499778 -35.36241909685658 
-79.17620179736156 42.607759478375726 13.893743414534242 -4.636526058094177 -8.612096049274623 
-94.51378005166495 -31.940844975216937 18.02032335538038 -7.4638792755590275 -2.145169208490248 
-143.72418297309488 -72.54833836850284 118.12734321418539 58.97627359202782 3.956066110113494 
-116.06437886207719 -65.2823981317301 40.57445145656786 8.097430133841975 2.12002770868564 
-91.53396052038815 -46.19887443997171 47.67873279964194 12.002216601113076 1.9072241504125131 
-79.55047259469634 -39.859693318286034 38.45839847895094 9.027267480063262 1.5099167457602705 
-104.95572305447922 -66.83016323093442 55.92241335505696 18.44556951940553 2.1934164791900908 
182.5673111749596 106.07453663505434 -85.96909788875568 -22.591879077789443 -1.8396517313788643 
-99.26084706555253 -37.62585035556566 32.98118508943426 0.6339830582285391 0.6057042611423523 
-54.43881865146706 -7.395520393929528 43.543593783340434 14.748119523945105 1.9705800890234886 
-38.266250873288314 5.463735121307485 28.521366486695932 8.786607145065132 1.275112819761387 
-21.895095055235902 23.1676694515673 20.875005124761806 5.030465117791629 1.100196595399565 
-8.58883322874519 33.37237703801067 11.731222537173329 2.522303867564356 0.23885755093641747 
1.43543505595063 38.62439806669372 9.59786390065682 3.011929154285699 -0.3414321204027825 
6.095125357996723 39.40295002898936 11.571715422153446 4.263828808593672 0.3089374534002211 
3.2881456380814766 39.124330232561896 19.285154585439265 7.449214686271197 1.4011787493671886 
-8.790523810013083 49.552647005546824 36.24504134908115 11.056670403758291 3.299786685968122 
-35.69950658830063 79.58246590653818 65.85021339863485 12.0701433460377 9.788292783306222 
-71.34070946934438 128.8775753137745 103.42303874310792 27.959430962632418 3.2841544919053534 
-53.730977318012236 176.32652923384384 118.73561201491668 32.79462660936745 3.6447787915835725 
-37.41930007463893 107.01524209879521 109.03750511777397 39.291983212741826 7.146383422405522 
55.334822955572555 69.80378614005807 -36.58666986499685 -23.999565647272235 -0.511784629027496 
219.78226449130554 136.0139372886431 -180.3861697968413 -78.3495141260431 -4.723971776309798 
162.26347532165605 102.92455011122331 -160.60685688176451 -75.45217216336648 -13.768852902658697 
110.36009171724251 43.20114249276447 -126.49019442736274 -37.30115793059797 1.1090195740998599 
86.8522274578938 35.552261780347706 -81.920469550572 -24.68717515053687 4.5908626335962675 
84.58127712860797 35.49153816098411 -100.94957980479735 -37.894978260176366 1.5647317872393376 
77.69555209705219 37.956078465126964 -36.905265132699036 -10.018925178900213 4.76533942057968 
51.987378700102084 30.574688417556537 -18.83180888563613 -4.653495317517486 3.365309389384843 
53.127874476342654 41.810772569828146 -3.4572634088085388 -2.26960457732031 -4.564757753608482 
46.71390363354804 55.813071203936104 -33.22365074493485 -19.42286601347992 -13.66703727357277 
210.67998922737613 116.57016360108165 -196.08034358381659 -95.20363477402965 -28.042391626623846 
184.52774992712682 136.10294176963978 -121.36737397031342 -61.19199428036387 -17.028558012271272 
128.53815775073787 117.53054032572568 -125.77472353181186 -84.8305500411472 -38.324092461221255 
60.41375014307405 25.721928286608428 -63.14119999951361 -28.10117883862895 -93.22649370827313 
5.8078395317346665 27.56238121118289 -36.1034206857753 -21.75483995021906 -33.749225795843856 
-86.37533974969784 -22.993306232946185 -38.10623963378598 0.7156608452138506 -26.844004824107685 
122.5481341045913 58.28935001716146 -169.67455901128315 -37.83381964129132 -213.00507397174377 
24.989459509278657 8.894656863198005 -78.41270718048159 2.360455789635084 -110.25766164878821 
-60.951327136248125 -19.397059126878958 75.52698262008833 33.80526073399789 10.221767119724262 
-70.27332526244693 -17.79228830249129 41.828926683729456 9.983217029935243 8.58467360103062 
-62.3213840553239 7.843941732551399 28.789906096118113 10.220358527765413 7.08477602275128 
-37.40412470865395 13.126574901076863 25.098835720818528 20.744651841520405 1.7867819711620072 
-17.518629464470802 3.2982052475742583 4.741455451239473 30.23772721556339 -45.61712300146429 
56.542120629461955 40.13966201619029 -48.668317066287635 1.7754676896890507 -49.050289880131416 
19.04636406996442 9.865827260964991 -30.3038335528087 -1.019287597260039 -35.65036353746433 
-105.44024143710705 -53.42819549267617 109.61493453945374 59.32925588138148 8.79342115847794 
-89.57506669388346 -23.364905524809156 84.21174984296339 47.876068364674126 6.286333340262814 
53.77455354254254 59.26009001964137 -24.303368145566566 20.45106058708825 -22.658808709718883 
58.93805193842558 67.23114588566803 -62.286164071201185 -21.83353518769583 -37.84960003173452 
22.065142368778744 49.985972307469204 -23.314525229334258 -15.841598451768533 -0.6009807350688111 
-35.778004059249874 24.317286574312313 40.953611510399504 16.151453850004803 2.1266638188477045 
-92.94174640565642 -16.481614596280462 84.07268924105557 39.40689617211885 4.511188744733198 
-88.49072975546993 -17.934601181421055 92.40274145847087 46.16164915735015 7.574365060735724 
-206.8716350827644 -104.65739883410133 171.8367723529425 82.47545430147495 12.99861658164611 
84.15426144336432 47.77387433460036 -18.46225250019411 84.8079767929009 -51.51987954556232 
68.62356378480422 35.0952185363943 -61.66233444358041 19.131320815533147 -90.07667284292425 
82.85851674821086 42.12094617343144 -72.01201143846063 6.81874891833356 -79.09399114552669 
88.14158445747441 41.03416414575631 -80.76439890810705 0.9186919161483134 -76.8720046738119 
68.2072328898602 28.15873955257307 -104.18453065831665 -42.10278385818264 -62.694823968357895 
-110.93311883945448 -28.173394984421527 138.90192371603814 63.09891058270394 9.708949194944704 
-54.04816439653835 2.5845055324468995 75.1368018517736 40.330832613257755 4.980291358276622 
-64.37156571920217 -6.03006534352732 58.81501600533913 24.49168494353047 2.683158494595932 
-15.173812403019499 19.051481111638555 23.94496925405178 10.79392468098136 1.093968511918547 
9.576341639108586 33.45341234698042 9.878147975120987 5.474457192983517 0.31081807072508894 
26.997870606358838 39.685083526043265 -1.0737072220178012 2.7855203028926714 -1.0942386411486302 
72.36272586970964 26.55292881771479 -83.3542782699175 2.3703504594206657 -85.31575975818178 
76.24907066757167 31.07227717692353 -91.68189661397244 -27.869164397098974 -95.93471613513546 
60.23411053686882 25.664015832713943 -71.36401911061049 -21.944277919976596 -73.20394866876045 
49.35401730284846 24.724774851496576 -51.874559788205055 -11.367797359035954 -63.067704203890685 
41.306534954953925 20.127610018847072 -39.322089824812785 -0.6862157739995406 -65.82133605576242 
49.85667998127388 22.616085676915482 -44.77456538524654 2.546329116112936 -75.51277957563943 
48.87971384836591 17.578989693781153 -60.00974765844039 -7.131637825147495 -83.25002133925959 
-12.438894396158485 10.765358763255696 62.16476592777101 47.618358157642135 7.20760216176941 
55.699282898945725 13.55030842326259 -99.80122562242893 -34.5542164788011 -86.79425966897878 
21.222298098281573 49.435133082905885 24.46507381485963 10.962739161728802 3.3722181088177083 
-45.30400832916633 -29.733714305294853 55.071894782508664 31.80258835343567 3.040534197231204 
-28.677423507898606 64.00618243009986 56.86817368371102 18.19219910587956 1.891417128294669 
-13.30573058601684 40.70650813875211 35.14624678773818 15.609755611724424 1.533798650384055 
-18.02050141455667 4.6014880779656995 14.839479330245121 16.987972276644832 -1.1724625515332316 
132.37252701053268 44.72265611117628 -162.5622316857712 -46.15404743219334 -140.60980648390134 
89.68347691878766 37.90064133272387 -106.02468948398045 -34.26158378569256 -104.27217119177658 
55.865509812057276 40.026198149925754 -9.757404037834261 12.848231736241472 2.4637514351224197 
41.341585920413934 16.03105127317739 -60.26005705569503 -22.680514766515643 -60.40782340015499 
29.797189722020583 19.360650343438902 -7.847705234571851 19.05232209540133 -40.87901557739292 
49.47248151012867 30.06496350587661 -35.27205276714558 1.2646344845329875 -43.82198631781447 
20.004588477239427 8.65005704905698 -1.4417703008707923 30.053160362673157 -48.068299883314715 
3.1725508210148274 -1.7344383395214529 13.72371773191444 40.84290649147021 -44.0682627343181 
-76.37203847619702 -14.210725743139525 100.16326818368837 52.5136664933529 9.864389901870906 
-89.33204749862458 -14.182095269949327 81.22875032678269 38.55628546969197 5.250070205769795 
-93.00946483830172 -28.820671422676583 66.07527353830379 29.07587084532396 4.109054756508164 
-83.88349265263714 -23.021400520193612 62.9260357114458 28.72118133631897 3.757082249336255 
-76.74349337289244 -18.690409921515876 64.42168291929079 30.498957462393662 3.3655353778362533 
-74.51466529074123 -18.992861870329502 70.37026714008545 35.90633813366714 2.9464994645869313 
-73.43632353122733 -35.86496042056503 68.95906688204501 53.2706639265118 1.039825706136623 
141.2705614470873 56.184701793637146 -113.37935803428358 26.92529806110239 -86.10784091026254 
75.61166346542983 30.590511986436052 -98.21866121765565 -21.326775878366764 -84.20254742171144 
31.15097416687195 15.216015413620758 -33.60232464279533 -20.769477242150746 -1.4766634952473754 
-58.43984225849399 -14.010425070385688 94.97268392676078 59.60908252099754 5.822286446769244 
63.18724229494951 19.482268057275814 -24.842090109306625 87.13974994175932 -81.45176907846822 
51.27204489160058 13.065782225388725 -41.723612185576684 47.09723343705309 -85.79609163845078 
-134.3364050541679 -52.978147067064555 128.65220396197702 48.85128742252504 7.699583977613133 
-85.09295426601807 -33.83026956244754 104.12645859373815 60.3075581618156 6.753687795952625 
-110.7266211161575 -62.8377925405128 84.81727555026764 54.70473022177369 6.692478808434712 
167.20201430937968 76.64626998147153 -72.22280218635309 85.58546654948404 -81.80803458564083 
-18.277597845509096 -9.489544359778368 21.005447808081602 49.1982949345466 -47.90354662489185 
28.433622561327304 9.660095310946657 -46.42449793018396 -5.968573563347621 -43.74534910363079 
-165.3013921480183 -61.813467253015816 153.03869347688024 64.6396717558347 8.832092816398198 
10.040128044767545 35.2924371925409 9.469630705708004 11.981502580045804 2.0484190956825024 
-112.43005479974642 -46.0685436376029 69.25918554726991 24.20322580371099 2.8818752974500477 
-45.977173601375206 0.5709318553402132 40.61357789787922 16.582979655169275 2.0323226613166985 
-10.589462336976931 20.59608911818168 13.815488609777798 4.754172210109309 0.7473576526410168 
9.678306515323316 31.215301123678817 -1.6661396747968846 -2.323440368985174 -0.03677348445778747 
18.027189594854956 39.33987386039848 -5.0926114072625515 -4.006589695218928 -0.19953733067373797 
26.675667344795475 49.20912481476335 -8.573739598527508 -5.819911321138356 -0.3467762276126062 
32.156452141219624 55.45255659089173 -7.995939950780034 -5.3515500643518505 -0.32271279075044557 
28.29036571257016 49.63886705075203 -3.3785441028068464 -2.5610724515844128 -0.21060498234783398 
1.2696029311411885 12.884169338712905 -0.3041979405378421 2.4812630438368437 -0.9863827532073453 
54.007136678127225 14.262613029924978 -80.47856685116504 2.5860581846712 -103.85089636703916 
62.067389749975945 22.346862762153126 -103.55770057295227 -29.391117387149016 -110.13097769668843 
44.015157309901895 12.279085177420678 -87.38474565506719 -26.783742830612724 -90.22416988605288 
-42.996626768849204 -9.411027306652107 86.84124808863845 51.509006527665534 5.548031467145893 
38.498537748475506 9.860229464984725 -60.08395018824485 -3.273764444501751 -52.37835956762287 
33.84822741156895 11.921986124037081 -45.88207434108985 -0.6079624507124259 -69.51657300061667 
29.490242544152643 10.48449630604285 -37.78895976400945 4.05520119563326 -65.6494561647142 
37.51673427934363 15.387322936895112 -40.71745132557452 1.4286200473529682 -58.435830667686005 
38.06961348561584 17.3881868341266 -36.70132546843861 1.659132609065164 -50.02622861125411 
26.852494619252347 14.199024616895127 -17.919902907621612 10.42884880198786 -39.82304458838995 
5.25544831397088 4.803686250574294 10.559936878381635 26.22262676795346 -32.051862316220806 
-6.42701977072695 -1.5693517131876364 26.871623934229397 40.05322334966551 -35.17180524678737 
4.114917540616407 -1.4828366806917894 14.9443118275326 43.07541664552563 -53.99421537019815 
19.968724781988076 2.2070046716653677 -8.80886345322686 34.076752830337576 -64.89984616906138 
-125.7526850053549 -47.30615982250876 175.72870629186633 110.19789662824839 16.314452337981464 
17.467096014169535 7.8782729147083685 6.063506880593392 52.10189867839082 -53.98609704915234 
-205.83595899877645 -89.36424571403386 185.52236937901617 88.31079046164817 13.276778129624294 
-179.29779606875658 -87.8886952555923 146.97525016873735 77.21293801816532 8.705031852646071 
-153.01478447223087 -82.39325248784573 128.30040893165344 82.6100482020013 7.496720842138607 
274.06255091892314 127.38759995605473 -247.6225080419118 -68.7464633526864 -87.54654777183096 
-171.93701327385241 -54.42054412408734 165.64559206876672 75.28931156937706 9.215382272490857 
185.9324719486932 85.657680715035 -130.02506439068785 3.1024660596703684 -70.58389845830658 
92.00620635412109 31.649182239708765 -99.40173939067674 -13.97979326039871 -81.29966633368177 
-76.46524778709258 -28.698380077700136 70.76431815454532 21.163001180038698 4.098924418573971 
-48.56326671360843 -18.563964002089627 58.18234740346455 32.91324008786403 4.232176571758072 
-32.85335886837516 -7.192887824763616 89.06420228469834 83.02284245427911 16.274658703215746 
60.116280062086034 21.090879560381524 19.655218606571214 136.43564504301278 -79.33145936138891 
-170.50409537248402 -74.33326064460108 112.38911112043165 30.69397365927268 7.327555016095846 
-316.24413584688494 -188.32675483752192 227.90980246626873 110.39063489366681 15.541084992537256 
-184.87913080323187 -105.21809047012484 124.69171545603525 59.03090574850539 8.6082372318564 
-159.49468670083374 -95.16319186717665 120.25367083618065 69.34471568869719 9.325259776779736 
201.14162304334408 103.71496974787296 -77.04570491483548 31.22945430761436 7.839609570038962 
-43.381252739905406 4.030310075426916 43.14635824365706 15.798191328121932 2.6066903505725154 
-55.851039427753435 -20.551192581737222 20.496178814470895 2.6743605589973813 0.7044968610703994 
-90.68101950205849 -40.62686953561194 45.55042414019034 13.617033781805977 1.6190334638264312 
-55.59128411537292 -10.507263646377716 43.772819902312975 16.666853572664948 1.9576024128669274 
-34.870352104307614 2.376349421042184 28.406713264406953 9.571133376843859 1.2729507991923774 
-17.762077462762363 12.365344413811956 16.09175065154223 4.161433150885479 0.7120232156744851 
0.7532619690887228 23.242878384508064 4.292806868752623 -0.3764570261361794 0.2460269663020839 
17.5883562514093 33.494467588631366 -7.276187051639501 -4.8835076416805725 -0.21353344568605076 
32.784085162469545 46.94068527973807 -16.5114893840281 -8.724591204540035 -0.5261700809969764 
40.10568327991108 57.449123850559424 -15.830473969867395 -8.001290466108385 -0.4139200764105199 
40.74905289296073 57.399838513848145 -19.77658519504635 -9.646854835696903 -0.649397414754541 
39.74296770069818 51.455271942826485 -24.72126280123159 -15.983504071767047 -0.7991282476467472 
53.426572088835144 21.50894595660211 -80.65035980010803 -19.692376368963068 -71.13588774286772 
62.73523516702608 26.334162150733917 -76.28886976687072 -15.201828477059474 -92.89719758965757 
29.25697946134995 9.460982918649172 -44.93064752436387 -1.9268415892038342 -75.9252792488633 
24.719455132626738 8.363888162058005 -30.421567911040402 4.8915838881694 -60.20130551153271 
35.15134842381405 13.305275982211404 -40.30211893565414 -1.3381430272131587 -58.33237663842356 
42.41231816783776 15.30702154111933 -48.56941320270532 -1.8252956808869556 -68.84600065955613 
51.616179458627606 17.446160082701024 -56.186718558231426 1.517267572830137 -83.40416352305853 
49.74991067181557 15.800722044179267 -73.02145892204156 -14.853002983352207 -84.29585205817372 
-63.986410522522824 -18.067432731210122 104.42931308507724 57.07139229894332 6.998432060262678 
-1.1523998668105586 3.450186231309053 25.76759813607929 32.63203918427188 1.65706018132353 
36.724212888890285 4.193159921933377 -62.97128195023651 5.557070124687741 -109.17230505118755 
-61.55547387449408 -16.920909885197517 99.78171748868449 55.26420351973291 6.747122661103431 
-54.487467211609996 -9.577156215885427 71.99430022723965 37.7865605452553 2.6839364221088395 
-68.26639544459248 -30.369330282906805 28.781974554542227 22.674076066033948 -1.2201279878835467 
196.9471852781161 82.29284092449764 -164.69003383421457 -32.82020088119361 -149.38447612720054 
16.483674820366677 7.867362911762243 -30.3971544521562 4.875866961764297 -74.09561038563803 
4.735926584488979 -3.2091933813586793 -2.261400065160639 26.368684472140885 -71.3386827962073 
-67.50184281424208 -23.613326312935108 98.1933424613087 56.18401745015439 6.1729124696508055 
-41.16819446296144 -16.043712615091586 58.958320843832965 42.606198274088996 2.315371740189601 
7.570680590679429 -1.481809167148606 10.824934631296216 48.34271875742516 -60.953445778176274 
46.204208226183965 18.612037992392416 -36.828775219577075 15.097645026320375 -72.9743145330879 
53.09805057125525 22.939257083512008 -35.27665861133469 19.045466764341004 -64.99615884769179 
26.454240616313335 9.505543727872494 -9.726238062231081 31.812177247204154 -54.66442528461307 
6.112545122474104 3.3373185759283603 -5.241749972626176 15.625856883509176 -33.91611726428175 
-74.08135537301987 -12.158603088855546 74.46389781699965 34.70503436781144 5.2289232945000865 
-99.1267663484283 -35.5967622705173 71.73371576355707 34.05068332575605 4.030336982637484 
-89.20161184724819 -27.261347451499425 64.47731826344835 31.61604457149574 3.2266122995893785 
-83.47816364788335 -25.414176489096125 70.5212151246529 40.6262373739756 2.370589489694485 
89.82675872732439 37.837483210367864 -50.257357028709954 61.410598811480604 -53.5270403032176 
126.34527658007949 68.7102184687388 -112.94852781427511 -35.337163202590084 -67.17166188037854 
29.02240149802245 24.53523313513854 -18.901233013914098 -7.451424201778733 0.6193305544122352 
-34.734406049510895 22.028374175769184 40.62735330852023 15.309471067129095 1.7067804800226218 
-181.21617320325052 -84.7412334089495 151.98004277670455 65.25835043390157 6.916643122634936 
-118.50098097677848 -68.35968933215167 82.55020934991713 54.39125841056723 7.836826459813144 
225.4170307594584 107.23055095742768 -116.73199238972083 51.06613040333972 -78.9989479233441 
11.529661238231176 16.421061996492032 -62.66844295887718 -57.96220373412494 -11.748427152974436 
-101.9513502187603 -14.67082653240101 119.26793531556308 52.43590465490378 4.885945823193105 
-105.97628452876718 -41.51963601152069 80.72794695484039 36.79459563147352 4.666589087358247 
-62.19373207551003 -10.275099828426487 52.63376460505768 23.516587999681757 2.7409223231481845 
-34.27781039848932 6.367027157357133 32.63194825193359 14.669244037494318 1.4413287848628582 
-24.262750219334148 12.218663910311339 30.750243344026146 15.10217688691126 1.0516453881799641 
-26.82646058292282 9.93940544127093 56.91986879232032 38.73732796003023 0.9425835405915192 
-87.28077534275431 -55.93341938104668 60.76258438302834 39.32144529593333 -0.7492718010644542 
54.26958444174731 61.55259108472934 -2.153050557187467 18.36059342095181 -4.524891583386142 
101.38551648022712 35.453750788201994 -146.99700742955744 -39.33848522902632 -139.78096291976271 
108.88140926245372 46.9272770233851 -132.74700463005686 -42.27264704481616 -116.22605193871657 
68.7208922867165 20.692096066838563 -127.23211501525111 -51.17799588664629 -105.23458079058993 
-26.02929722512035 -1.8908184747536294 64.83645525934607 39.12453733038035 4.911685839460871 
34.65008739777626 30.160510441140346 -19.867830817811594 -4.954305599684268 -0.7901311291763291 
1.0627120982308746 36.51766422099623 29.556909746726113 14.744512070818242 1.1407759112030187 
4.175633279736957 65.87721081373424 29.284320013668847 10.205289609297065 0.8560539681117237 
3.390649274531518 49.480506246811586 19.07214753857592 8.200531719675134 0.6105189533223666 
4.860577232829394 21.647878789722455 -6.579118405595293 6.362390734658577 -3.626936965411576 
89.0025980305675 31.790420703508417 -127.94914998907507 -37.985092711229356 -131.75505068872195 
69.6157998874457 28.743099123815895 -89.42282907292655 -25.316462453064474 -103.67256159922613 
47.85303242518169 12.450218579915688 -87.88967985964901 -31.602518925912364 -93.25695403790554 
-3.8053319972371153 7.496702408912215 49.634163068330906 36.508332099998654 3.997665805557747 
53.967516802290646 32.56508512254671 -49.811016000577105 -16.142441500980567 -6.6653824562867285 
44.28442594984244 18.77723599819858 -61.14326148482243 -10.675528657037466 -97.04255811194652 
44.28290138038452 19.69250199906112 -52.749896170208075 -7.064001457185852 -80.10204692046017 
36.539790805050544 24.867236919404508 -3.0957773545047527 17.83342067832502 -6.729697922514346 
40.76876517135494 27.846801889183407 -34.31516566374047 -8.657509550901514 -44.03102292881819 
25.593449098781353 10.060606770838538 -23.82216914011465 4.05931233776237 -51.54157774469603 
29.034951059749535 31.33563317579233 5.858836780170995 15.07785664323161 -8.277851592890844 
43.23260162779322 25.481949009196743 -40.61054508443381 6.817630534426419 -101.3000799237955 
31.781695236438836 2.2003033854303 -31.828051982328443 28.10080961414944 -128.24730345728344 
18.25448271358629 7.440003653866667 28.26990455145233 54.577465111948584 -51.97773763726846 
-4.695254142650741 -1.5126240016878563 -3.886250041561505 -2.7475439384948523 -6.869963980900465 
-21.237766966659898 -7.265717358720361 36.09384435871684 27.804711785692707 -1.2553047519190497 
-8.795977347165437 -0.303492020687302 20.32483152727849 20.036714927706118 -5.2992140087864374 
30.346570583163263 17.10896293325536 -19.948606270597008 21.827701274300782 -48.44006906928599 
-66.90302880744471 4.106098332721578 51.465769842817735 26.47530051244752 9.630652811511474 
-178.98023592869384 -67.91844569158386 104.94522436142451 45.77524666532331 6.43656078071117 
-194.1586182582371 -96.33907827618802 177.70539403813243 108.70594474001308 16.822983315741215 
-135.56103972851346 -106.6058793380499 32.114116329331054 10.384783477507316 2.5880181437061984 
126.0441295404392 75.11202724088712 -9.476596777333505 36.9516574857206 7.272149694567632 
-7.213360008766364 -9.639302768839105 -25.338314640405777 -10.850977666990032 -4.858291055317333 
26.21393229540946 48.10777243995838 15.180757759490607 8.091781099804093 2.4943152470295873 
86.76362794582464 82.22767726295544 -117.51555312612554 -50.74992886230843 -4.418921705919101 
