2312.6360709716278 2314.3010098163863 2321.236754435243 2319.460473656521 2296.9437228353218 
-20.71775277788285 -6.100723333940533 32.97047481575001 25.826923502270482 -1.289120362572282 
-66.79871666554574 -28.387731635975804 96.38472045729621 76.17982132972449 -3.477578729001719 
41.33843280828942 13.115424787703873 -55.491517006111025 -0.4597283069956243 -73.50407100766019 
2.5460867835818033 -2.434447297777781 -9.647180621496013 22.707792208282456 -71.73132011648273 
-1.2970866520910829 -4.236613430970431 -3.3883090201983426 27.805742073005547 -63.365363371531934 
9.116178283045146 0.410357337055239 -12.709226172318754 24.362629189594205 -55.88309480088637 
87.37958984791008 31.760168508512486 -116.29043984844657 -41.81326863338444 -61.58418541306274 
-182.6031066755696 -77.55533627335217 228.7385331644706 142.76005934009785 9.712786148749958 
93.01328179415057 32.9486262244636 -101.11918031160553 8.352554105050663 -64.5249961275688 
34.54927275028708 11.956537712040031 -36.413779736856064 51.66173082454364 -71.01341842384656 
189.17607425234013 70.64568357154431 -247.37510878024088 -88.01236992805359 -94.3144466991024 
-175.26636818316027 -67.2933765765371 213.41039001681764 122.03469998077156 20.42091695806601 
-42.19650476599154 -15.407543683395515 54.40390078713511 37.85059351189879 6.086198461830547 
-53.75357490139629 -21.08500954035465 75.48970315716815 62.416300030554325 9.990087423780233 
-146.08451321407802 -71.33609940471699 165.79647902063127 122.50380226068651 17.875221554425426 
-377.4290044586247 -175.2101105415223 359.00629181509817 205.31185443866158 19.05359031476248 
-176.93296522863372 -72.48552340753871 183.57637519077136 111.79023239318205 4.166788622840484 
-184.9106159912471 -97.28950450844769 184.24910468807465 137.24102822076935 -4.388614295122724 
233.6528166381284 111.07600996488063 -275.52239848811985 -69.51970893762724 -82.61320001294256 
-92.8591819773282 -25.364046759165603 133.77052263578813 103.7123640703307 10.814938822394982 
61.207169052973825 32.905875752478764 -90.56525023080515 27.663264856996843 -100.0024945807471 
183.2831787930684 89.12248486252687 -234.5253332806061 -59.96385576225322 -144.19915988513398 
248.60251345323275 115.96421452659915 -275.2370098286097 -119.17989319049626 -57.81279912043937 
-71.64011149056863 -36.08360389981567 100.43316203013171 75.23437061212937 -2.587195085906896 
-29.52910221571456 -8.197414458633787 34.11148456158863 28.323118545310557 -7.495568261371662 
-220.43354223268918 -88.34886374487162 189.90290853553506 106.28354681963084 19.355262770888928 
-120.85347130676897 -54.859602211823436 137.782647086186 61.20956776048797 32.35678278489904 
-84.4403593166077 -37.76096029612498 99.02647432480077 52.270951241014785 23.649681394220153 
-35.32269954177835 -37.37779523083365 57.805509724066454 35.03955060177496 3.6308571099770806 
-5.255149651559765 11.290315141861077 48.59207285820626 2.6236755099732636 -5.457065356667974 
8.422429861615267 4.38494802147863 44.52126309195834 14.704404296532484 -0.12954998647610783 
-17.685216827722247 0.37603274108193957 74.86079542322302 28.370568603380438 0.7037611056068669 
-167.31769279912146 -99.57352122420323 199.3630753699879 158.30850402344424 33.189037717324254 
274.24975515434363 167.1544403664436 -193.62753462385353 -81.2468241921972 -9.18361263576721 
279.0310724501327 172.83171420337456 -236.1726306934789 -104.69223082126504 -17.061541562023756 
317.7943582928912 196.7967186645642 -306.8717908929716 -162.53478622601074 -51.31399482924965 
241.52183753515126 155.32708528742313 -225.53076162572563 -114.61157262469321 -39.90068007232017 
153.69987876570508 95.23475217871302 -147.40770656534306 -74.29213461494737 -30.14618030646107 
105.22042498536962 62.4943308205115 -106.550555441154 -58.476014035601736 -26.71318502179397 
77.20874324338071 48.54440588698046 -76.95451668681808 -57.81897460806938 -49.06871554474811 
50.07412344670973 36.22474704810098 -54.80260547627165 -42.068814239200535 -55.01555771311184 
23.728724567988444 25.00084346417285 -34.27453838731531 -18.90073618504978 -72.81785255426216 
8.045793781083137 11.009396014336797 -19.266457762230633 -6.222967507261258 -63.74348295260087 
-1.805404509524581 -1.1442988649699377 -8.607326120336985 4.552186680642853 -77.05920179618894 
-5.97099355541477 -6.71958654032428 -1.9576582501543918 10.328684000888112 -72.40433750862347 
-8.735371537670666 -5.171243163872344 2.8552345089061153 13.814596464675725 -65.58542294054332 
-8.251766690100759 -0.8151391872503937 5.553143065513338 16.075782928280507 -61.28609499847242 
-5.693631602214013 2.1289975170598536 5.448336982787479 16.77545189526816 -59.04376164156233 
-6.3291470026046115 0.27039914658328823 1.5621254700829412 15.575876017814942 -55.73404303265599 
12.356427100383568 9.38077473025517 -17.32343308651657 3.451723908113187 -52.809777906143495 
34.89440770118812 32.02624401846206 -38.35855039165375 -9.120552866100244 -49.89340744214533 
49.25641627704698 45.94028308560067 -50.78102097433227 -12.728009408012955 -53.714892469459826 
60.98707338337043 42.574697125791104 -58.30194151959651 0.7140175817127863 -74.06610787929485 
91.80621609512684 28.02885093661465 -91.13520698412985 4.695032072592447 -100.62691423582079 
142.87798254381076 46.21030021659604 -180.7435584840023 -50.66656308129601 -117.76589792612074 
-94.330549469616 -42.206708797578386 82.49058785443117 34.02969670977108 4.545435162157225 
-115.90319825454348 -50.02178494524528 121.38951871082436 64.45786627485467 8.210430427155817 
-186.31869762475915 -78.68925287753186 221.54104809143928 148.47921744508392 23.11299648334721 
82.20261368666718 40.08089052758576 -44.60285159934124 -12.139573377538976 0.6383980018161123 
47.40116179260556 14.235377123039111 -59.2273839746218 26.118657140125972 -54.94661452275954 
254.78463277605275 152.6920605256316 -266.2123750477409 -119.63842290981282 -69.75043121534569 
-47.54390878264708 0.484459501272573 57.324823109775814 26.728461624401575 3.6870010447914936 
-164.11369285556862 -79.96353521449534 135.29854230984608 69.24977395674375 10.418046048328721 
-33.12191268029754 -0.7630633315186912 31.69751472388622 20.286415984977946 3.601672897768829 
-19.537662905859893 6.7847245963408085 25.07571214681821 17.078911052883228 3.33284678334782 
-106.89895825889243 -45.44810389154602 105.23385113343849 60.23384947949883 9.264353427011029 
-74.1887223453199 -29.984475151418703 80.61411120864612 52.75339496570226 8.913057902367704 
-44.99130295639677 -17.148699704572206 49.77105268033494 33.83070356653844 5.698201913618778 
-19.93701133833441 -5.812392046540223 30.845593404642376 37.55987532796016 5.738260527965878 
3.2853539154248574 -2.8450980228702627 -11.153345597726128 65.88296606578537 -47.25703331386572 
183.3730958745786 82.9492888678119 -226.11599308510745 -87.72633493702799 -96.54571639069046 
157.13415264097353 84.1003752464334 -176.3160716212714 -68.11372223462956 -76.46516979426137 
165.93808336689253 88.99813166438582 -191.2917904027587 -92.15573167466307 -65.12992339501068 
-40.89641616280494 12.118247361809134 82.75290496986364 44.328514445463696 6.34751243509044 
-196.5210336010143 -97.50791448182602 178.14055798430195 81.2881347247963 7.625263079948907 
-83.77542176761553 -35.50765923669184 84.74552200114641 49.57816173180044 2.580122748425216 
-57.0082672498686 -13.488356952361535 64.45569232796807 35.847058871882 0.7776060800292655 
-7.7892239811506885 22.288780734605062 24.56672738134668 9.167597916654811 0.5221083677161656 
4.711824010527993 32.70039379592476 17.201175414893843 5.601878060808739 0.18777332064829028 
-28.363617233268773 15.494877632424428 46.685207920400295 18.763683576079533 1.551517652900171 
-178.76393432297755 -80.03131525943976 192.88042239449564 136.6715458923314 36.396597329251705 
270.48300864979325 148.4738044607077 -248.79665473098802 -53.416461252519184 21.823053658906222 
256.7990532363934 156.95470342078727 -258.5844202265059 -110.45696558543662 -4.711522586331137 
293.50954472344966 183.51773899099996 -313.77262467168276 -178.9412408049439 -79.13829700550268 
189.70056473583585 120.38926787916908 -206.06130314836392 -114.03022042956074 -93.33180653916796 
120.24497768411582 77.3543194484137 -135.47700861450016 -73.11581865824657 -75.785827167447 
88.31112534628183 58.548016401075486 -100.57060775965063 -52.74999272929478 -65.34562085638287 
67.43954037775897 46.34740895753978 -77.55321340882878 -38.42284992232292 -61.955830268533056 
46.035770668767675 32.56576219712238 -55.37740261787605 -24.063659677864067 -62.071115932736646 
29.186100418090188 20.563394755992945 -37.88900005934278 -12.291143503271078 -63.22080720944221 
21.80362092971153 14.125288101038935 -29.616156936988144 -6.355195700533206 -64.14317930424816 
15.716526038117184 8.64745425588453 -22.744387128064783 -1.5370711111748132 -63.76690485202887 
8.834850478888512 3.523935938282106 -14.513231130876857 4.08876035869174 -61.816012371057916 
5.613746529872447 1.4710093112758533 -8.755705142225459 8.045696285865287 -58.99641220941702 
11.30005800893097 3.3629214140708643 -10.994220396499228 8.02265977506079 -57.9404401793344 
35.547221817148326 14.95397108145112 -33.0074384298452 -2.224477347053825 -63.44432388240207 
79.28271169374706 39.09435776229843 -73.98075655467296 -21.478838193262163 -74.59350009887915 
117.05530473776444 59.406666494169706 -112.37034757921755 -40.487536729694796 -81.57772534666793 
156.31097387256236 74.48526365611745 -186.36761350627907 -96.34551406218426 -81.78297386175208 
-245.44844675019243 -102.02445390829496 288.088551652596 145.4873144755256 16.0541712814051 
194.56580663473875 70.73352987428594 -194.09740370540268 -30.89964947367877 -102.86894293888066 
200.1043254784568 76.57649343804451 -252.26015561385447 -113.55943140659413 -122.45696227873584 
-143.15272721557542 -56.90973052926197 149.56534842685704 61.200741077410484 9.094165389961235 
-29.803085603331404 -12.096423334035597 40.419645087066804 25.65826911568323 2.643785491506218 
-211.12075025023233 -87.61030120711534 247.89262222132476 147.4243418577669 13.944604821286298 
-80.19496792778607 -47.19592965472093 109.39732087832493 98.31165126488554 5.237559048043871 
32.07216331692256 6.780471266462438 -37.70890199229172 74.09268066928297 -92.6769935080736 
63.570388745243235 38.75399079226243 -69.7735566620732 7.485143026746722 -69.96691711333008 
121.87857703070857 37.25566599805467 -153.12999139577238 -17.31843698855312 -91.78109247872901 
61.63171954339331 19.04767154695104 -73.84174563219297 27.381156897616933 -67.29963727038276 
-230.35786168625913 -91.27573290003335 269.49103394702166 143.61631853453355 22.933420731530664 
-66.72342434922504 -33.38292279028617 70.02195776044564 45.489157423878744 6.169510186678502 
-65.12190611552917 -28.010864672320892 81.2817855144058 45.931066689827574 4.958059384034517 
7.792348295350529 -8.058549987048597 6.1506775702534195 54.970822568008685 4.7843868403132515 
201.98827045038135 95.34053367937243 -223.00797265713385 -52.063775659708895 -114.1012931445586 
136.01328374359042 58.580877699448294 -155.82143829348044 -31.15485203652058 -91.56252166986039 
133.4590027413218 57.31130307528232 -164.97474842921574 -61.043321966880335 -71.99754029115267 
-139.52938568123034 -45.065793209993096 164.16503551385588 87.8446870093027 10.924338496685237 
-127.56267861364313 -49.58135410086368 141.6860689319906 84.1813159120317 8.091818530013411 
-149.95039068356874 -74.2357487484923 139.80870067158702 82.64034737981643 5.62646555246857 
-91.07171675761055 -33.10671314362407 89.62506121706835 51.37694865975741 1.8681712498341845 
-31.097890656086136 4.383710172399455 38.37921620543824 24.026918653924472 -0.37543550434552336 
-15.320561956776329 19.544114339677268 26.16664971740734 10.544079242157016 0.45866743747066396 
9.794510553528266 41.14497458767109 11.05706667660673 2.887615655337427 0.41073084189086384 
3.328697935579933 42.46793096218997 19.904585326615305 6.378669703649384 1.0531875108866735 
-176.50124898423434 -60.99645224622105 179.53450188105913 86.11417025268565 14.487924930452373 
-108.04170570830648 -45.929264477621864 137.50211038743262 135.50356426634892 50.75244959307058 
169.46343504509676 73.4555978675089 -164.65704668213593 -7.084037801032014 30.134682079200957 
225.74614290992494 134.94512255192248 -229.24233536091296 -90.65373755812061 -0.23205756075389886 
267.2910505967557 168.4602145330285 -292.79431129666943 -163.18630770357376 -91.88658613060412 
199.29857834384956 127.60260719957223 -215.13248041742227 -113.70324157242317 -95.34928567083904 
140.11061115360593 90.6760200027666 -151.55990428619074 -78.21177077415227 -75.72498164942236 
108.97957622243814 71.56658221201577 -117.01423985138945 -59.09052357128948 -64.90847406545227 
88.62619963929582 59.08851734455304 -94.25139105457876 -45.704550226975904 -61.105098775901354 
70.49010790615881 47.12768347702067 -74.1070833394389 -32.90973840811979 -60.25957756259857 
53.19607322969851 34.43420484005859 -55.16443083153312 -20.718202327669548 -59.3583131541624 
29.173481564303426 17.130384556274965 -30.60039421817281 -5.909892317297737 -56.73468158322131 
17.879579734711324 11.320588219940259 -16.193883161470637 3.065683635703354 -55.003468965789565 
19.131758790551643 13.562302828025317 -12.836279081426989 7.77476674536254 -59.38503433900498 
16.246511062229693 10.676308987318611 -4.478607737171093 19.039350190355027 -70.42282173260922 
26.96417211888474 7.42053035020731 -13.704484539007542 22.402257622764086 -80.39110748679748 
184.39881061852384 66.69385056078707 -229.8756087621384 -112.29491716413737 -104.65362320753665 
-200.08389147436537 -79.92738941180914 219.46102703869667 98.67147640082625 11.162502362041279 
-66.50138741665774 -27.563240899891788 77.32980509067153 39.64044586170822 2.968870057580466 
-85.57862641656408 -38.13934183234357 109.62422559054593 73.94166060265837 -0.11383055465888976 
152.08813509249958 63.5046984509677 -154.23740770702807 -21.96197851948868 -119.48765560944794 
40.999833604998855 5.745442411353053 -39.66729025810599 34.61176547072193 -119.51958506034622 
200.3359589994616 72.8128909374468 -253.92427165106312 -102.8276038000991 -122.19467611653445 
-188.3508755777377 -74.70857321296872 220.65784632527848 116.07083432220534 15.63028362655907 
-38.328196485018715 -14.644861844231299 49.04497988775598 28.907670053357126 3.152335094180172 
-11.577148128889007 -3.2895416526096 27.61434864354967 25.430951558827648 2.9453624197971338 
-50.59190933244237 -17.869566494185154 102.50562716132846 104.15449095076367 10.026781043944323 
153.09401739507183 67.58639636685629 -178.19433512124454 -21.417925529783467 -106.08169407608632 
107.81258971977674 56.26516556652911 -109.19295221154147 1.6533294678424668 -78.46063692015052 
102.52984247995988 38.327966847410124 -112.04854810534192 -2.460358397345662 -67.21779876288845 
169.5825537812224 65.30478567626206 -203.91959726718596 -73.50373463308405 -70.64931009325586 
-305.03837491739523 -124.56156153154873 362.8564016064184 219.35632456476114 39.37519960885594 
-235.34302619816086 -124.84672695537253 256.59412060700316 168.5660238090956 28.43541269724442 
117.76416285468177 74.81614240874644 -117.71556853432658 -49.352761521096994 -4.014269870387015 
-25.444790304940895 -2.1433252882453138 17.90577863942547 11.05925387782502 1.7265154148372623 
-43.19480317025747 -12.613554192618611 30.615990573396516 13.748159819901343 1.9927156605241836 
-276.7377615270817 -150.75150376191755 238.93693915785246 122.77333150579265 14.072085030749141 
42.17866988084241 35.30061430544995 -27.294240581152593 -2.9156999539867345 0.5209717349852344 
-113.79410425690837 -57.86672739338383 109.32923890720886 68.03177338144873 5.895564693614588 
-120.73610287173375 -60.451990700073246 119.08382453690878 74.73416471889891 5.008898746935154 
-79.06498329740252 -31.71186029961173 81.49170105162368 47.80419906024372 2.262507238419508 
-67.77876185060258 -21.888303396899463 72.58508763248132 41.744021437183946 1.0942691085583787 
-62.548288464866246 -15.246572778876459 69.47546016478279 38.97603555511126 0.2817805998026481 
-97.11477497821403 -34.86132806903764 101.74867329891757 58.0384091582874 -0.32765119697277356 
-134.3017928929268 -65.4767977040262 127.58817598061779 77.2725076285472 -2.243057379952747 
234.62185096615363 124.06116403405935 -236.0459982002994 -87.19857331570164 -87.29361081552865 
121.1951865966644 69.1575479749544 -139.8918150790144 -58.26643227411666 -83.82658673613258 
48.555495981932395 26.63799159116593 -62.59340409327382 -14.5093352469776 -67.17766187996456 
11.49697804182938 3.611128735390044 -20.24014948490751 11.246526640957379 -60.07045584078654 
5.614021167342865 -0.04829854531896006 -10.209748908691413 17.874362758477975 -59.00974258461879 
7.0250902494247915 1.4519200040715141 -7.910051175005963 18.75847420283662 -58.544138078316394 
10.082659531728542 3.942969766798742 -7.158889545095065 18.532230534605134 -57.53710082349021 
17.17637697559315 9.211093527604618 -10.830887922032376 16.192237875379735 -58.254728968420736 
36.99435710106777 22.945083667899013 -27.717907755101745 7.820777738004825 -64.49318478980295 
86.03925599540948 52.70672485134876 -73.09524749914844 -14.675022784505408 -78.24648805484519 
163.77327785922313 96.23852158644506 -150.254672818468 -56.32038451945444 -94.2159183353474 
197.8762768415321 92.98238429064858 -220.8220178214645 -105.96205138091861 -99.05208870820323 
-81.55560563651338 -27.179254544757136 96.33324005931873 44.272229001984684 5.862730469039101 
67.26950427773173 76.30978111405084 -29.6554959331138 -8.410343263982242 -0.7274070662027637 
-201.73811870356914 -78.08887374146721 170.94238698115026 75.69930688938588 6.800086881462571 
-169.57279309016093 -71.23927575999437 157.83639277451698 89.79405434549862 5.776978900786479 
-199.25505337211806 -91.18160477748118 192.3428605985679 109.74691171903486 5.024485796267817 
-258.5785292393846 -131.02483068214465 248.594617819608 137.48497857534917 4.313839344677338 
-104.83524253940882 -46.08336591418173 101.9454024315233 55.92065056028955 0.46197864295593216 
-54.91978474487767 -23.704073324376168 61.1438935177452 40.27925094784782 -2.250140539150064 
200.39514641897225 97.11094103154085 -201.2140811056715 -73.81348994346486 -83.35012478638795 
75.80048641527407 42.10137791062765 -79.40076914386518 -27.185326458026346 -73.78390586788659 
61.043810712802575 33.59714351405699 -63.25569312301765 -17.3153730520947 -60.120061914249185 
46.15064848422436 26.199403652083213 -45.91740708385346 -2.845437258118966 -54.4512214889513 
70.8557121417999 38.86783685587367 -66.00701911425564 -4.1190939093819114 -60.71980095917156 
98.97124461209908 45.98714470291938 -95.29013241707659 -8.373365206103973 -67.59514867413 
125.95132044219909 45.29776343181767 -155.43964414565545 -49.36221023175058 -69.8490137266704 
-81.93140137047499 -30.41666843474381 98.66483536879412 47.17620073664305 8.353885755385166 
-136.3686391802118 -41.45375150871784 168.60909254816022 101.97165255473867 15.665364866797585 
-130.1323092715556 -57.43911590777893 124.48449175961048 75.83686208548966 11.564768150664442 
-225.68503187721132 -122.24481032775662 231.9447894942812 176.16109984330353 24.39005538537271 
380.5004850420177 158.52019881981587 -440.4549364003568 -164.18433446179768 -115.71347165469439 
-130.15151435106733 -37.64745728053522 165.88676485974827 80.96300286551221 12.005895936711736 
122.14902589124165 74.43277806217066 -83.29634020803844 -17.162454375298925 -0.6519154545637921 
89.13418419168437 56.032128661760694 -91.9574122450884 -6.8120892488515645 -49.907379118004535 
76.0769834520646 42.09094617323219 -80.402503463219 -8.149878783280123 -43.942608396186394 
88.60968259213755 55.28736942060351 -87.82650796034771 -24.664312205502082 -37.05446379200951 
-70.75932281700433 -22.486831521399232 74.47886666444221 34.265648341703056 5.683672202739936 
-374.36207187560916 -212.6392186526256 339.240643643073 191.5647727036538 26.668734559635634 
-97.01068438246007 -50.13806306251487 98.40809116902521 68.84781146270869 9.731393000100368 
-145.72638170544556 -79.50244528236297 141.04163537894664 91.21303841230639 9.45912887007366 
-234.1005794960168 -130.1266740542733 222.26241177519103 137.30176809807784 10.717656801985644 
-189.10167424191744 -104.328734569788 178.41478130929062 107.9309159016439 5.574207281554032 
379.9964082042132 214.25903771091515 -359.17336222330914 -164.75906188635727 -57.705157063573715 
-267.25631335954586 -127.42591346757615 252.30126149583108 114.15215188220023 9.473143387565647 
-58.23956503548582 -22.296652520461553 55.113844886111366 22.675135800083254 1.9549592929674717 
410.04512972296493 240.6667101651199 -388.5198773198571 -183.80465683859768 -67.53245428702442 
-264.28251427181715 -113.14602013814024 254.76434732338618 106.3192321231571 10.18947248305529 
-29.087791097465736 -3.869421925916889 24.72191065568782 6.2722132871328755 0.791314459535117 
199.46981203881512 102.89047433861298 -198.3715253701256 -55.24583402625388 -66.11569909175324 
36.872658932456446 14.5774646338954 -70.6403262494846 -12.98067664341267 -84.99374540153725 
2.5912695498810074 -2.6776273748892985 -29.557871887851437 8.32978760877478 -72.96107233288791 
-1.7553827644223419 -2.981216822167165 -18.63882625394111 11.1966350026175 -64.70257592170677 
-1.1104519938465176 -2.062197766446118 -14.353474871988828 11.707891868984685 -60.6915089086907 
-0.23934550135881277 -1.2939074728292181 -11.044313641798663 13.27714318568499 -59.426598091971314 
0.3189281274463258 -0.8387158434361652 -8.406797028040556 14.716214101568937 -59.73519972383891 
0.929332876991921 -0.594590976998715 -6.326383824002788 15.855846027157744 -60.45060777715202 
1.9387773911107429 -0.39521289929926773 -4.755517139075575 16.76939558602889 -60.95760404594756 
3.9352061614361076 0.10375267114354325 -4.643001229246375 16.49834312883762 -61.52891318083447 
7.643031199732735 1.3047552646935299 -7.020161646560486 14.311555335907887 -62.67920288291116 
12.319563488033229 3.0013087384134622 -11.118180052212038 10.821966868335254 -64.65859238807997 
21.359648669949426 8.535415055266105 -19.607078556003675 4.506553706755998 -67.29561007667687 
55.155370684132045 37.272759608371786 -47.95493765567294 -15.286719113896611 -71.29566442404455 
133.77555349212332 82.23572528121305 -119.67253589036832 -59.44533951342604 -111.4267183442385 
249.42808304930347 120.14394345797034 -247.72758990845304 -71.25297032858322 -6.41849499162034 
16.578881682870676 13.652349941981615 7.669118704150161 -0.8240097499350886 -12.710802577318878 
62.62987266369273 83.49250126333712 -49.58918411764246 -43.267454903676835 -10.213536044602266 
-35.494499224452625 13.899885012887523 8.004981929122579 -4.279104446685158 1.178960406189407 
-25.885771641769985 5.492114493991849 -1.0203209118234806 -5.126498302843195 -0.15297336187329905 
-88.47917913837054 -32.50936465859877 51.418768800202294 16.514288733675897 1.9783029454788512 
-17.43061820473857 10.136368005428439 -0.24892355325696278 -3.89716725614486 0.06708474628136855 
4.761140565567817 22.822186534128633 -13.670511793700241 -8.647737037965426 -0.38903743023037185 
4.819414716218812 23.972393416129453 -11.171831096708075 -8.04667518207436 -0.36606093261576444 
9.861856777765096 28.78509132102364 -9.902724539992288 -7.384767401901255 -0.3297340632432905 
13.520347671174804 29.032330536415227 -9.173692694208196 -5.711022569367339 -0.21309571848090056 
7.355310789809039 22.706342338709305 -5.527654790469191 -3.7644477608212763 -0.06853227774684126 
-4.442245995948327 15.257030959301558 2.7748802990809263 -0.82282510617869 0.186646133749469 
-35.98727343654044 0.21258580327839904 34.21922039076259 12.89887826694403 1.4853382092218754 
-93.12763084532604 -27.292847001632506 103.93157344808178 49.43214314985885 4.732414009700772 
-73.17852413450657 -11.4673175985843 103.22591707845697 57.76093906326585 5.159946965168597 
