-18.554549030986344 -13.603165505920233 6.898725797874388 1.666999472630351 -65.81209783274838 
-37.297963588649075 -20.3754575837632 -9.64775470609292 23.43208272942238 -21.613845694771964 
-33.361718970955394 -22.122942749481577 6.528900212437875 4.072670201310017 -67.14962180050637 
-23.870890055340666 -18.613072412058713 15.569492253698385 6.661360006838528 -60.71743116906338 
-7.435852544478349 -7.90132089435706 18.47638368747072 13.067292937192237 -56.993874309127726 
3.1086676733991814 -0.773685328736853 16.553323821802582 21.047800941315995 -54.56147818065604 
11.013373536787409 3.584920714797974 13.861157633436882 29.81678246167108 -47.52510314368507 
14.952780870068386 8.341478961703837 12.239332280698724 30.04159856619353 -22.576219106122448 
6.741372669411703 20.72264597861553 21.418811168918666 -4.532154824575093 -0.14024579079072613 
-18.824619375384987 38.83997403696215 5.917070453530776 -7.848502312673031 -0.446071549923244 
-13.931950957302497 39.504426366874846 9.994368352254474 1.627420895343162 1.007538960658666 
-11.497455580712614 32.130109494806426 14.750063953199348 4.803517278233749 1.407038698926614 
-9.815905074050235 19.04526952828606 15.041529946583784 8.042156901444388 1.6070948438160513 
18.78175176779262 9.210366431937228 -6.286564207959506 5.265734453311881 1.1161139089183296 
-3.5626355345865615 -14.009700750524793 -2.0440028143980333 5.406331473902642 0.9245811816330322 
-8.349064834560771 -5.627443525585654 2.7705483395978576 1.6263703909084941 0.5475399067985823 
-7.59095818965797 -9.745542437005696 6.821100637321328 0.10945513206046846 0.4549695423303574 
-8.11237723714033 -13.116902731682297 8.917221537040351 1.7760529501572786 0.6583107296229935 
-9.201625021403615 -15.17940408513828 9.975446605847495 1.704406642891233 0.7177450908528019 
-9.386561976727842 -15.965520238817502 9.966327453536783 0.852635322510281 0.644819666639025 
-9.223162098797173 -17.092327291166118 8.18831505814847 0.15258489529726443 0.5873907839797927 
-9.385722949609427 -17.658186674484583 6.265016805090031 -0.9204963944520288 0.49256598835909277 
-8.44492860481338 -18.10066487919639 1.3617148735662918 -3.728726112588631 0.19783935128091543 
-5.887601610520595 -18.09512497826269 -5.565394742837502 -7.3126626948933975 -0.18180305291531648 
-2.0063210263962707 -16.70444652254616 -12.385826101907789 -11.826735368329691 -0.7863916381415268 
0.11208282064201285 -15.04107237640792 -17.826888568047668 -16.087279401798146 -1.46259688186514 
2.1556235227170135 -10.89143173309828 -18.19305259753853 -17.620345165337746 -1.7233562043912196 
6.127758610300041 -2.335288323609607 -8.869837960847471 -12.697731902983753 -1.0959050701222548 
13.607094803746113 9.853054055841996 4.053062962111796 -4.691788840855466 -0.06566195424679777 
17.90355605684276 23.153579851771706 11.951163280164163 2.336805362566614 0.7132667197978304 
17.503112377344777 30.363929720091893 13.913157591834068 6.3208435119363084 0.9754499544049606 
15.1753659215954 19.308126240312955 2.917979051249716 11.977508890105673 2.3475920427213444 
19.16626999848235 -4.925037336749868 -46.968441396467874 41.4511997701706 -19.545806463483498 
9.598078382792345 -2.4532142362962115 -49.15412628302763 48.662775337609034 -33.00751223092401 
5.296579301198656 -0.3825912375198308 -35.930615622741456 23.06222137560294 -32.53321953984115 
-0.5460884195937044 9.89256750359742 -3.898677101234281 -30.462238155816394 -76.6351938829567 
0.661784383189686 4.809283785234085 36.9003602774914 46.0160438275842 6.521038117963858 
5.494643144953038 5.00295561908613 -24.19510866147884 1.601764456065467 -3.857054873430661 
8.082832874112945 1.4530757905156835 -29.719166110362963 10.87179776728619 -20.6463923144548 
8.686193932111152 -0.07637226037759515 -26.53846984755946 -0.7442545420072942 -43.56201557810989 
8.31318534281932 4.822523432186468 -8.915076345864426 -27.946566276458654 -99.92808171917343 
16.17044208399124 0.8076562041077039 -19.272402594629582 -9.818253757716695 -77.68631168860064 
16.562724116059023 7.034247064093861 -16.515529855816897 -13.432324853785707 -54.05035674232985 
8.1256703136976 11.217542776479686 -16.72130862437578 -16.081495274124727 -34.14417911796868 
-2.8693994079520793 10.620537790677913 -18.603791142380153 -18.958854028094507 -27.192050272404536 
-0.4668992996937894 -2.7207476265746378 -17.9947945165204 -21.868502611099906 -40.17403918298608 
3.0669509277054083 -3.7153227186891606 -13.55135031701353 -24.331802289510982 -64.06454879731447 
-0.4469564774103907 -6.092323513745672 -12.19746511681485 -25.69103729407598 -81.46775925500131 
-6.395081803475836 -10.140145771875893 -10.781870931489559 -25.01860948829969 -94.85143090998201 
-11.673403070455281 -13.098109692050516 -7.735918910768607 -19.63688587280136 -103.76582623098709 
-13.38844712597861 -11.895112401663123 -2.5761820821451655 -9.666604927501666 -107.14828586812257 
-4.81492413684703 -5.974696460156423 7.449828544255674 0.3673515924844404 -108.54717305199786 
5.182185312431388 -3.351225164102439 12.77624158101505 5.809190884912685 -133.27262630538297 
-11.435764234550954 0.7667279450353457 27.106590845803627 20.435317624131304 3.536995437483914 
-3.6164779985277757 4.958380010783041 13.957251166865756 9.93323705234608 -0.8910867775206162 
17.125404003947263 -11.495379176486619 7.256371309312977 44.2715564936589 -103.70833477267442 
50.443708705121175 28.920512142188812 -0.9214317832657173 51.56441242428001 -66.89838200907501 
27.582305165129604 6.32613039310035 -3.183996667202383 38.781128371868526 -23.773335569874586 
1.7058163446085586 14.046031794276791 -1.5207311279465316 -21.710678262312346 -1.4178027678744662 
-9.523103892374408 15.690699120275957 11.957451922242283 2.6906790786810464 0.5651606522564282 
-7.396246464910218 23.519964013298214 20.830677004059485 11.550257776944587 2.0846483702083867 
-6.604911144596133 20.559509286027122 21.35531484415057 9.405978406741296 1.8115475455505852 
-7.726283120368993 12.379785185973093 16.059872605355256 5.3329949064814794 1.1570724470992568 
-1.9078628693756228 -6.964627126890439 4.890133982601197 6.097038191921035 0.9823226276334996 
3.7617472938542678 -22.682498520309707 -8.54591615868676 6.164980592766552 0.9155637249179891 
-5.9347108318588235 -11.189971920990095 -0.693486321220855 -0.3444657016461734 0.35123991136506766 
-5.1745371712974135 -14.225758608370905 6.007061496980314 -1.3427470998703648 0.31128900424039496 
-5.0651860338241175 -16.173089892979664 9.415831894993177 1.1761480713000243 0.6639042944655307 
-6.423712081659809 -16.55915342682327 10.32695491262333 1.070475904081789 0.6898480590138185 
-6.886005495455331 -15.648388826889537 9.51794583096089 0.5704582712505268 0.6325105564165908 
-6.276274366984287 -14.77543775860514 6.154541541338381 -0.8472708738084898 0.5065330425038157 
-5.34884712640161 -14.879669290903504 0.2893473992735598 -3.9066300509431815 0.21538171424057456 
-3.7239512990361443 -15.180538280044486 -6.158470657132585 -7.4181449879040064 -0.12001333463197705 
-2.4458789052786183 -16.330687983917286 -11.964267754572592 -11.309624774340744 -0.5939563557584835 
0.8259311862460391 -15.796977871542053 -16.65162404316857 -14.334546245522969 -1.0321332138126023 
6.655386967517774 -11.80687961111249 -17.91904629804912 -15.293830926284492 -1.2693899021353423 
11.266748944391914 -5.294649502788721 -12.980944707576272 -13.20293289448107 -1.2003013380509824 
17.8279029279198 3.4967321538370513 0.9602503955906657 -7.208315946512167 -0.6110933801518219 
17.57265421629814 13.438013711485258 9.921240336252962 -1.3637539187445407 0.17482243017872717 
14.437932984897373 19.399172507510887 14.700315319105771 2.592911063495078 0.7066932498781516 
8.12455751757404 15.167838551937209 10.934286349201589 4.406017952584093 0.8987693349734875 
11.833880799903875 -2.021985591385766 -11.709330584065455 6.986558584729779 1.902218565670425 
4.091776298949056 -2.774081463686475 -52.44043392244047 43.887529024435025 -45.46654439529638 
6.559387026259198 -4.924720137359187 -41.01224472775182 46.81318725738791 -58.60006055787473 
8.033241214363727 0.6746115551676097 -24.582376655751453 29.068791204130225 -59.36568805068066 
7.525480377903598 5.350638358543283 -16.910047716559983 5.727520422172033 -57.72412985546454 
6.302799706709055 6.566256679714544 -19.2716069793514 -8.233182556166339 -55.10772005402219 
6.789573881282978 6.279451278564353 -21.87031805558472 -14.223174101410223 -56.762571940192174 
8.520932631281584 5.451755769208719 -24.469501956837505 -13.876814897644556 -60.401720147622015 
13.155462917377614 5.5920086913148985 -25.28758372444785 -13.66022597623935 -65.53152655684254 
19.363156698464177 6.488417205289859 -26.7342879589415 -15.563274538255847 -71.11223403328486 
22.559823277923908 5.8920217180507395 -27.907526407298082 -18.20444567698674 -73.10102318374935 
17.107783407436354 7.244332066400759 -28.396238548081083 -20.76044047026204 -69.24733525412664 
2.5077334526127935 7.537822231972767 -29.745210773581686 -25.00908737474613 -61.94343593628244 
-7.863162686488771 -6.136301471722128 -20.026380724545675 -37.342723381368884 -101.27321454076862 
-16.44581086901275 -9.699480364144442 38.39862824029888 35.35822182032677 4.835969942152288 
-22.6968940140383 -10.92149634357087 14.39313210030437 -0.06215473352979753 -1.581893145614463 
-18.963818409938987 -14.819113920012898 -3.3292440238896717 -7.379408971381252 -99.96569650660766 
-11.750326232439345 -13.65579560446715 14.026898584447526 5.489643667448232 -95.53705482303253 
-9.052918854544798 -11.216902476763671 22.458555584881285 10.305143272725422 -85.25262071722311 
-7.555356253320646 -10.812816969183181 22.057597260417566 14.756869257281325 -72.37501348761528 
-0.23652058444038945 -4.152693222357379 19.18257933229801 18.61372442715662 -60.634429935095504 
6.603129197324348 0.816468302041795 16.02303948072857 23.901369399901995 -51.97399141629897 
8.665224368193282 3.985692681529833 13.98733809067786 27.914247496638666 -42.2054492813743 
-5.66057466096889 10.768837323569544 13.343104762263097 12.888646090880918 -17.041933470381778 
-46.717758073535975 21.92676110184529 13.127503192182852 -10.647395447584868 -0.3289627335401634 
-31.519282983050104 35.41974948962869 17.0662314198059 -3.588072068288143 0.1444153615433702 
-9.362925489285725 37.247229122962786 21.34916705847796 4.406423674354338 1.3236145723792232 
12.92597312306928 20.18566553574913 12.960809323787178 17.20616145827161 2.731342453770209 
17.00915814382248 3.42010845289037 -15.752360639186755 -2.4375322891554916 0.383483248626873 
15.145688520188871 13.546059079362232 -4.355080082129179 10.726077871728332 1.5836492897895584 
9.784977398251108 13.243548670603943 2.799615982763322 0.15451095185799837 0.40728739461705277 
7.22865762258305 3.127944261984866 2.678579704878334 -0.7200231021371789 0.3557224403351051 
2.058901491655274 -3.4259917106821955 2.770899666490126 0.2559917502524332 0.5121866086464966 
-1.7551950132126066 -7.763347398938651 4.842547481494976 0.12149762133291092 0.553737676067644 
-3.144914068467907 -10.177504532910934 5.328659852683428 -0.6507979902687359 0.5463928337884689 
-4.1110004119613075 -12.199429804777596 2.733790942337446 -1.6299499020518207 0.47161858039357024 
-6.045276136417668 -14.868045715595551 -1.548142135897847 -4.262154785306137 0.2056518163053411 
-7.093448699094641 -16.411412276639933 -7.543478118581666 -7.965963601593455 -0.2403385959740446 
-5.591998669058102 -15.590862938950718 -12.93271186267079 -11.26064320900176 -0.6934550295538218 
-2.1875038225015353 -13.52804415388785 -15.959521925630693 -14.516436971149018 -1.2263513066037923 
2.1280137025276256 -8.850737194244738 -17.858390738617814 -17.40880073254006 -1.6605663448383639 
9.328758163092267 -1.413444975633836 -12.660424365021251 -15.68032631809007 -1.415854374901762 
15.972436876546128 8.252581400319556 1.2245075790907476 -8.563301352858117 -0.5054802161240082 
23.340288182020934 21.020967702118902 1.9892106810887518 -4.442532073152958 0.09971592268306483 
21.72241872451883 22.59472143640571 -0.533098035236383 -0.7216213723885279 0.3706731059424047 
10.222909373637446 6.897467612402107 -20.033940708798 4.45760448943162 -26.27470656200334 
-0.11281570228187031 -15.226629486026168 -40.87606116590528 20.32754593299453 -86.57283986502851 
5.681020479535784 0.20315863369175255 -25.542690215479414 20.203496705448643 -108.53099118089091 
8.217498416357717 6.641614338432351 -17.023071897928595 12.966785771255031 -124.93243085584758 
5.517400654473758 6.651781066555679 26.49310864031953 35.19220414699755 4.599047493834122 
7.735155686406048 7.786450759021086 -23.257317428286555 -1.6209551951475802 -87.73936156023387 
9.010582685911201 6.269268742277559 -27.482127011365264 -0.4558127449111377 -85.0352425281022 
10.995513934299485 5.3988499769062 -26.404976111880796 -6.518296898894136 -83.73809345687445 
13.40530445549019 4.8596682852507875 -26.032879050388818 -11.081872070817926 -83.38431547238983 
17.35626613288491 5.757448508929288 -26.749078006114484 -14.142034175877587 -84.56924368438588 
19.05646757939298 5.682051579023008 -29.549599249797343 -16.859532686063268 -87.22342618747453 
12.559381238502828 4.120736737513656 -32.63444312993854 -22.233308635484626 -89.51450598084848 
1.9240258656835838 4.06949302008347 -26.869578942301434 -32.75517276992598 -129.23899621226877 
-7.634767100457249 -4.596771906425333 30.2583553292083 30.469937062596703 5.423846989756171 
-12.647238612083065 -5.871354439582084 11.25619703225466 -2.7905118520944243 -1.8847429554858335 
-13.988453102891881 -8.518461538651273 -2.93618293946686 -3.4110456961799325 -0.4999869357709105 
-13.599658013692869 -10.781818650044203 -5.837456226289803 -1.5133656335194865 -1.189232515753833 
-6.018944867357648 -11.359092435764621 -9.757141098011012 -7.162361538775822 -126.63720075149298 
-4.481067602568447 -11.381051208667936 3.2187402334831776 5.517494982429768 -116.5580966846918 
4.924727506773545 -4.9738133607226525 12.863843974260968 13.910328509363595 -100.91791142213391 
13.006042167812687 0.04242566220805637 10.461798449230187 22.545943681621345 -84.00776151348718 
10.116760334514911 0.9217255115892873 16.291005783071924 33.70167232866786 -63.604109903561834 
13.380015458565113 7.489624532701362 8.869484400923909 29.080406398366193 -37.891031068273364 
-7.633908452883462 18.94625897860148 20.01891546978792 -1.940259855483243 0.4324369269418101 
-2.549457200009602 22.379313232138667 13.39603627116767 -2.5029664025261007 -0.0684226773924156 
-2.1641596950900426 39.1224271770322 10.447116703424584 1.4255774066773164 0.9431455888132593 
-3.179459888269884 43.78323669934417 11.094693542599297 2.8932921229093975 1.2854591325225144 
-6.180086527739996 38.363511205934834 13.162801557597744 3.6317541466607484 1.2473957434588763 
-1.2743761957848385 12.907690415262898 12.826623856728402 6.577193792706631 1.2119169539959973 
34.09726997588198 -5.261496030335626 -9.166712353658864 10.20037264304602 1.5426726577892824 
4.427452457364408 10.830253655132674 -9.9864005279529 4.969082900898336 0.9635838093197902 
3.630751831857661 7.315656411379433 -0.8854402690045476 -19.751282173040956 -1.6956165450296117 
1.9595427168995858 -4.821260043489931 6.4882063461046 13.166367688407398 1.8477914532880908 
0.742686907003112 -5.133229330268519 14.647444228330999 0.6960711927293319 0.6411683284356018 
-2.1307323934971296 -8.230674575301743 11.54010687340762 2.060319759129227 0.7485514478975612 
-5.014422684382599 -11.5320154669063 7.282231029419992 2.083806444437785 0.8523103239954175 
-8.763952762400919 -13.585017635668171 3.853113531647357 -2.277791901096053 0.41398095176042843 
-10.317909802675038 -14.740706523271587 -3.3053029015449793 -7.289706205625803 -0.25349998811959396 
-7.339063144255017 -14.150119284035009 -10.333371816118182 -11.326833945098105 -0.7161562679804877 
-0.20492577610467272 -10.26220895419352 -15.209952370606441 -14.919121611135953 -1.193565431711305 
9.088931810952301 -3.9495612890392446 -20.9699515891261 -18.05775725388601 -1.6278692470628324 
18.995612964953427 7.878936388136364 -25.776249760351796 -17.364185630309716 -1.5614383613149314 
37.547054729855915 21.81349489402779 -17.086379535427184 -11.431850540517665 -0.8904434538455811 
41.82283702596783 32.88355344509208 -18.321624244783415 -14.875416704326007 -1.6348979053237223 
29.614685727594654 36.30120441263096 -44.92333506078094 -32.36366859558509 -47.26279281427962 
21.11084965441543 -6.567017638770414 -83.02409826216304 -13.959927132789147 -78.11411687160776 
35.40243165466641 6.1987047586838075 -69.46721567542099 -5.695850425870306 -97.40984042408685 
27.447673624531408 7.681347486307183 -61.121784032017324 2.966443824005961 -105.50908281419676 
-3.6811098548531134 -13.757610171308752 -55.87174065699642 6.155827552152713 -108.32863149231747 
6.449821348116745 2.29340127659086 -41.24467882399797 -3.564106951335505 -89.68609981807305 
1.506365314223722 7.1779575257175825 -31.640177567116005 -28.333592794366066 -117.70016080930785 
-0.5505414854818726 6.577441484951943 53.43292701824248 56.89608339939036 7.720496849216012 
-1.6112799525930996 11.825276180357312 27.279550435953563 0.6405019452864265 -0.909218068517288 
8.755143577443313 11.077152977829492 4.5692945069983875 9.105458125978327 2.5389528489552453 
27.39534262679575 8.172886903076527 -35.210523661088594 44.55039439434146 34.55785869672084 
35.30788172097139 8.304903027558176 -18.892364079696797 42.736644481395764 32.76534808000106 
28.106424793480066 12.709427058230252 -0.1855647144063281 32.26275753705315 6.131828820582004 
2.7043314997056926 31.99435767694313 4.86831969914503 26.539148847125126 6.7734483014072 
4.61406495658666 4.2498141145223505 4.566548875924591 20.621371584827003 5.438908772573762 
12.759779414533641 0.8438521423394358 4.264358174671768 17.65766487140363 -7.307385455236887 
7.338092013770525 -5.181349463056147 3.3433956722779934 9.537913689722519 -23.640073352436406 
-6.567307424777752 -10.2797408136026 6.758578813648192 -6.36377397882532 -55.520743324325316 
-18.156471292465753 -13.380439850677899 9.61267232521176 -18.13788435311086 -88.95535082650396 
-17.36459209133642 -13.694482099548521 5.397180065386996 -8.489830456655405 -93.19065455511864 
-13.250780237835366 -10.758772527511075 5.955941032119729 -1.973414024499743 -88.63173578353384 
2.8504220289217646 -1.1149293070529347 10.324362295893158 5.38104600716895 -83.04196141661909 
15.140944434386967 6.416977973432205 9.44479953453078 14.194137344611729 -80.78495854921994 
22.616580731718475 9.836627343867304 9.429718214996935 27.329672264801292 -80.98517608771351 
29.58946248362296 8.89402467274702 9.912230248196012 48.54658322751745 -82.96076754976494 
35.29055044178615 9.456957577540418 4.4756837023932565 54.839734811284536 -40.48194994897666 
13.878624236602457 10.421000617696642 6.931484204098964 8.49908956566864 -4.945736266954904 
-6.189861784277897 23.153493663781422 21.978230400378337 -11.452895939583902 -0.32619516168102825 
-29.390773013897654 24.717588358830362 11.319509356762522 -5.308043967132553 -0.01983174826651877 
-12.57332160922826 28.477483555716713 11.768012111406819 6.446467767139628 1.5593326045688767 
-0.33903858833699513 11.831649145213532 3.5913940329962433 10.093448277377426 1.7220039418019595 
7.403881057109037 -6.99031862603673 -1.301448403063357 10.752160496804148 1.4961995348015469 
-3.8776788496462182 1.6766216841939388 2.854699634989977 3.696674608619257 0.7098445693345455 
15.520437290369816 6.08370379369742 -15.130921078930722 0.9314062506201118 0.5264845502441131 
-9.232807431426291 -8.682026468766635 1.1336237330078576 -8.853196859501141 -0.5001302582538987 
-8.14255176213414 -13.127371577849097 3.544231370016311 7.976992872472975 1.3945736246515117 
-12.47264156745383 -14.57540307808417 11.879818588891482 -0.7741248517650308 0.5351695971943841 
-14.608196445893554 -18.814210290983695 9.955783317707468 1.6298004594274658 0.8211850801411559 
-15.921884743620367 -22.112587085048048 7.701371983954215 0.5648074438043438 0.6102377672047189 
-16.248802419928047 -23.398306246800082 6.559161253344136 -2.03066421891252 0.22432539035935362 
-14.996762164109981 -23.603655272823076 4.58930920650076 -2.6191109842603826 0.1688650532250413 
-10.588557740924859 -21.47495218872737 -1.7903646519748924 -6.659168887434543 -0.19505518212991196 
-11.169802801578216 -21.50913066856564 -4.374195531126719 -8.566491034901354 -0.41851458321190294 
-2.6795469076490654 -16.223946495415206 -11.377050158950698 -12.415503916332277 -0.8901370206503681 
8.585074528355165 -9.586894387647689 -16.977918105273027 -14.58178603002739 -1.2134995991560529 
22.461541981575387 0.0932749836942701 -18.789698007551046 -13.851900520225277 -1.1721878237599426 
37.07429422047887 10.162787677708275 -12.711486773150858 -9.63461816901878 -0.7209791062469808 
46.493870866424615 20.28229073788793 -19.29387691997786 -10.518314633644328 -0.5414874441385595 
40.27452352855405 26.913686206003863 -37.901546476779615 -35.51094492589818 -19.304698743680813 
16.56159976027141 28.086483315997903 -76.34044075688891 -49.73140841745292 -97.3625857571028 
48.639141657779376 3.48181202603577 -39.12609955106751 16.303841707830106 3.5547762607010114 
51.59160659610222 20.59986954408241 -48.965208427669204 -21.058950274437727 -3.4686600218936463 
44.95785352232558 18.975343500294834 -66.09339217652368 -19.258258526551945 -108.55795847389646 
38.78548843696211 22.729295941530097 -56.421084731213895 -3.670426953339194 -114.33369660312549 
-0.14704952611201796 50.047371270436514 -28.983180219622152 -16.451293956675062 -153.9833280834227 
-14.875504434702075 -52.99679732361667 44.6881578415404 55.25234920985025 7.018550010623236 
3.641746111285569 20.763072400297318 19.127670195779196 3.997068199524317 1.0400481748266344 
29.86770616916393 16.687890068859122 -54.93203902994997 46.33266033417371 -9.467453931674514 
31.814484903315535 12.532329672683762 -35.37914980355667 9.071685641921905 -33.39257644171163 
24.261016836228094 16.454280487958414 -14.61769785019597 -29.341593296475132 -90.01407473188 
27.07366519887939 9.435175130596077 -26.958269254816845 -8.930042438368405 -79.51365086785998 
22.793602117241512 5.822631489867122 -22.35991197940387 -13.765032791638225 -66.79670203537303 
7.388129420181555 9.764675884862866 -21.1269288886359 -17.303138817717464 -51.43354891720802 
-2.6743714551404865 4.839728058167251 -24.18229143331461 -20.241446242577315 -41.79884531939764 
-2.420351829461299 -5.7884431052021075 -14.06898734559764 -33.20140111964666 -84.93478910884002 
-4.101989756629988 -3.3703076517203265 37.3392270669436 38.51603374343078 5.013421236323916 
-9.412096480950991 -9.852736843225076 -6.220447845442229 -23.08341944816768 -74.04113259949673 
-18.588227740871787 -15.154923610061056 0.8837706502790998 -5.518302874811377 -80.96576379210427 
-33.092426645339145 -19.470707362488742 12.148694557318636 -2.0840181069395687 -82.56093251037842 
-41.26531964121787 -16.292506048437453 20.592082003855445 6.226577471201639 -77.65170397688034 
-32.07898401320299 -6.496306432174445 31.111580870416816 14.36542456073901 -70.13503758715414 
-17.652939217767138 1.3698028097647843 21.662185173209465 28.39729823027473 -77.24294308505243 
28.044206339942605 -9.850571264144078 -0.1954955003314246 50.41294669975105 -92.44985678493657 
43.75755070688788 31.29586282318472 -6.294855448254601 31.877600754736015 -43.85392551042059 
19.47229376404497 12.50020027030239 -1.161572259814543 -12.227110925321304 -0.2254924799544185 
7.556565004479784 18.198508665449467 6.220607065571266 -2.084467023738874 -0.39147857599617575 
-18.166718569888292 33.58196268101576 8.518895251240505 -0.1254636270608832 0.8179898451192495 
-14.696037154182177 18.176531141674417 13.561093963747734 3.8503302839457745 1.246300391802572 
-8.168027153514725 6.9825283294534 10.5503406548407 6.0975914957309545 1.355905351976489 
-0.7887357719546827 -2.8818980312470903 5.281148842143122 8.498463247139329 1.3303587713580871 
2.79212647800529 -5.6608383012623555 2.675515921709241 6.891755327758052 1.0733551953506604 
