-21.827993194361635 -16.867101778656632 3.6736867059738487 -1.5678938424092956 -69.17857779450074 
-36.76456438420537 -19.799648206088637 -7.645232581955558 21.40482520051008 -20.485557016434278 
-34.15514249745864 -23.049061645707177 7.830424772263388 8.782431399423881 -75.46136087774694 
-26.87828340504386 -19.577772230658667 16.887194858563607 8.948119036883096 -76.38347774305399 
-9.453255572242865 -8.47627687939828 22.94417906554472 17.948911387016317 -76.27322109491845 
5.690138700760806 0.28856306126644216 25.792720280004428 33.607169994141216 -77.9783793685354 
16.548605156882765 4.692949799408704 25.364757402286177 52.603732452228826 -79.33254962239866 
10.403838735602672 5.488135731568861 13.696432734031767 43.418019576479445 -28.64900040401549 
-8.658768822351268 15.368248415122832 7.619159060644412 -18.654509973279616 -1.294288870385574 
1.4249670386181827 8.51922459831483 4.618624376999474 -1.4410900131657831 -0.08572819399889488 
3.7281753026000364 9.85251559167172 6.564099440856232 5.878267704665537 1.281624768186038 
0.21312544571131675 6.590804359223194 8.876034164570537 8.657753901009706 1.7482996705058091 
-1.4107284209339668 2.2502724492666712 6.002365529307952 8.654453662567066 1.6649488947757534 
-5.156646817564744 -3.4437476101303517 3.268257905690989 5.663964763364712 1.1619732626630153 
-8.953798650191038 -8.754067033639952 2.276738464416302 2.8539347844241387 0.7067347941113007 
-11.130251936866376 -12.26294197204595 3.8962591552190236 1.1078099414311475 0.5091763832310638 
-12.238929841865184 -14.463280461583368 7.155340301820096 1.1949544395188707 0.5595477821066408 
-12.563589095226293 -15.80806512450663 10.123757261761678 1.8425678613956022 0.6538328535957292 
-12.581208075691974 -16.68689943548199 11.599778811880046 2.3615418938277637 0.7756759320582259 
-11.865181792821147 -16.803238381758433 11.385304026027134 1.84487092935089 0.7333810625878554 
-11.110337541007661 -17.546503663924582 9.18800137143366 1.025857426076596 0.6464741054779235 
-10.976578693824095 -18.040131940765605 6.935001225087193 -0.202922963780903 0.5193987560804422 
-8.745631056029103 -18.109656277228986 1.3977269757638067 -3.544800296990568 0.1900246669573148 
-2.7565883837538236 -16.612378930013282 -5.808035499519914 -7.085939307339261 -0.1391590358850103 
7.981786044795567 -11.697895320860686 -15.251002323839375 -12.848508555533755 -0.8132668083588559 
11.809460173152186 -9.614114636473747 -24.261330816559926 -18.216937237531678 -1.5371150586285562 
15.149633991940986 -5.981501172027547 -30.66216128022663 -23.11443866124763 -2.104589683772716 
17.817332836914137 6.378321644285065 -1.9962892356798523 -8.30794221259987 -0.5467038639402303 
27.306614090321155 16.505574060217686 -13.379549896849623 -11.501442849227162 -0.9149312388781847 
31.292293039783267 27.930374655146498 -26.80075183580872 -21.008514557012305 -26.494679943826526 
16.7739061349831 18.449508035244403 -47.98507391684169 -14.486049598731157 -65.070786001083 
16.37612196251401 -12.425222210375454 -74.48128082017708 -3.658475513385774 -96.30157606420066 
10.47794300700552 0.3997771537222685 -59.57459982068405 -16.33601598492574 -92.1994309949126 
1.4601954694697559 2.5556073192899333 -43.9584209199325 -28.6829512805797 -119.29471583283642 
6.373216133294918 5.611693534406802 35.146324600642814 39.56748087861836 5.679540443252932 
-1.1401060805002803 9.273237155638226 24.58684250402596 2.7268811604575958 -0.6971778679808722 
1.9493492867050444 11.148836402120926 10.435557179030782 2.6773300348262272 0.31493996667185414 
10.884747246323318 10.273996340837956 -1.0378466716293102 8.403967317312592 3.2825119641896707 
17.097324831374568 2.6852424470300074 -38.88431223350601 45.5367736509653 18.2270164543888 
25.67261924930886 -0.08391159497310088 -35.23082143256908 46.34507142451497 4.989765422295661 
32.0473798794076 1.4456837498556963 -36.07119337925434 24.13149349506466 -6.930367141379553 
19.340685229161355 3.022798445216154 -17.18497620495379 -7.829076143136666 -45.905391934241116 
9.768767161056036 10.785335700887506 0.4614938889640876 -25.010586540556922 -83.82482504714956 
0.47425985936407156 12.474566158608724 -13.10169106024952 -6.3040897694541 -36.15441666290857 
-7.91584612024388 6.536259127945343 -13.02618382451694 -11.119076069794621 -15.84409898610985 
0.6471116216467959 -2.954432788913145 -7.539174237166184 -15.879784569115818 -36.96033573656925 
0.66924946355835 -3.692750557031034 -5.445814960642846 -18.056204370781167 -59.4012890632662 
-4.401259016154626 -7.891833651027537 -4.823592748891323 -19.870341330053446 -75.82293330840469 
-11.290208712804711 -12.346639479085377 -3.8324112644767485 -19.270041043256157 -86.73267977576245 
-16.6584948631627 -15.458480627554817 -0.7454161283792182 -13.821163421861714 -91.46819487334913 
-17.947627999091793 -14.11410732735411 5.518346430794961 -3.7815356143350245 -89.51388094731121 
-12.943555997777956 -5.4282654038516025 16.789572110583116 6.792208819391242 -82.45370812177916 
-10.007667666617536 -7.714489798410628 23.22592475051227 12.50466549575681 -73.69765830113501 
6.456770862793873 -3.5770513530845256 15.796254764685369 19.645817959631405 -77.84679009599293 
38.898593993699095 26.46516790015153 9.971189965741894 30.390015409558334 -81.24906829219731 
33.71935159156249 12.231290065677303 8.870566848792043 40.986533799455756 -76.73725381226403 
5.942839334228651 4.219450808979508 7.436824402770992 25.646999305168183 -45.66594891633603 
-53.49602283436226 -34.30358793269541 13.675782296021204 -9.351773297533134 0.05013873311067863 
-34.85734891983567 -16.651250814985435 10.316106054004978 -0.29685523401205954 -0.03185273706194364 
2.907806383434375 2.7725826203586914 7.902729947458305 5.9791632920504325 1.3302807351295187 
-2.3572450861654692 7.436659227277668 -3.320042059323479 -10.889425869261238 -0.27054220719825484 
0.4612588580249184 -1.6409288785486373 4.573438609570299 6.983977681265202 1.5250501351344146 
2.421362807646233 -18.354325898903273 11.10379513939253 14.770187291622738 2.0432605684718324 
-3.2730554887559973 -7.559102031496977 5.450785574322785 5.67502658033433 0.9564221200629454 
-5.019129656733965 -12.865031153184384 1.7334837969673602 2.143464488805488 0.5603984731226425 
-9.306376361061826 -17.74018498252384 2.1927640048880375 1.4190549306166051 0.536146723761595 
-3.2447623297225654 -15.186172041480242 1.4786295388612178 -1.8370292210807881 0.2574251622334513 
-4.200264861072249 -15.171367963349784 6.5659548939648555 -0.08669207771067032 0.521590669426451 
-7.4435783300943585 -16.116222465498446 10.854194118411527 1.5840883375641952 0.7175564081851449 
-6.295132481507453 -14.396167257231461 9.969590906370517 1.315112387228438 0.6869322561107067 
-4.588060389942293 -12.872503486752864 7.069149908413171 -0.21044623374931196 0.5592049421399898 
-3.9443644486061555 -13.411246716508622 0.893089508002827 -3.6699341431157992 0.23265586593837884 
-2.6482785992599873 -14.553097565010011 -6.857282154807592 -7.660520002416487 -0.1414642349575326 
-7.436266715718252 -19.720583810740695 -7.642996467356554 -9.510398464887269 -0.41457585601375885 
-3.7788578926349587 -19.968748528718965 -13.314837154868309 -13.075100470524703 -0.8733026829503948 
3.554107665878668 -15.439973486658754 -14.453292947176564 -14.204051308758805 -1.1097416422084998 
7.246241443035116 -8.247131478652234 -8.880612599888147 -11.785665286176041 -1.0158186230928619 
14.728792060780453 1.5180482367399266 6.839495071734442 -5.385126137334887 -0.4314285078290897 
15.926244399735323 12.842364675123687 14.01718105567092 -0.07600788695108188 0.30298796902557373 
13.671589894992115 18.49300380402007 14.580177397571488 2.6474382387455853 0.7189544369950064 
13.366106552769285 14.268696422928157 1.7928888806210377 1.380216156352461 0.6450702513614776 
19.91199881993118 1.4360286873934929 -18.926595247127064 5.4866424444077415 2.407084564653299 
13.043640982178255 -1.17513279938161 -61.98846422417715 44.28169304642856 -28.454489955515466 
12.82642725847523 -2.920614063430119 -50.580063812084745 50.91978062384183 -42.21952683477562 
11.333533576147156 1.6901736836674341 -28.166214160943245 34.43627773962297 -47.06663016279567 
7.895466048604092 5.082729571920206 -16.52723517115371 11.429556124096473 -48.368185512143825 
4.7529507226143215 5.782505987180502 -15.956031485382237 -4.9620607509556995 -50.80992644274715 
4.25361039870547 5.374194700423259 -18.35768204213544 -12.358235437625725 -57.002203635779836 
6.59022129523847 5.018987025015393 -20.206759466350377 -11.579130228126614 -61.77974768996704 
11.746748556163555 5.2794771621115 -20.492618989881123 -10.570471460983255 -65.17606315844004 
18.372717210768293 6.454209438264987 -21.190655847590126 -11.783782214537158 -66.74911410838307 
22.252776508564118 6.549430058489828 -21.04975991459065 -13.353339599736533 -63.01574356776704 
17.609283838057095 8.291925584123655 -19.03267472004401 -14.590865373836065 -54.16944571548773 
1.922860518223825 11.380471645515735 -17.484580861541524 -16.762295908403875 -46.50709795171827 
-7.085444153943167 -2.5466960458193895 -16.876936736423673 -18.47572285626448 -55.857928792329986 
-5.845099221425768 -9.599689032773979 -11.651638059519303 -16.897937506896035 -84.32288514776944 
-10.780777324567346 -11.857402486706045 -6.2334654866104255 -12.68341167372943 -103.38911975944737 
-11.762064163682645 -14.199596073707937 9.868776560954656 -10.921761431661954 -137.7341538253445 
-29.202764068902585 -16.956091046485533 37.70879442483718 27.374760870655063 4.652464295345721 
-35.85170041382672 -19.10542926179673 25.01934781301594 4.9362377507974795 -1.3800084737182154 
-24.008400379146725 -14.909298355334057 25.792755428705465 17.63933016873282 -0.2569129846489424 
10.376773163486002 -1.9429674278819802 24.831702095794885 32.331843569565265 -107.44673310212919 
18.349331965722037 4.730152952705265 27.697945541713565 49.47040031342561 -90.36447818859057 
19.2976072382779 8.803472937087424 22.008828326350162 56.18317908162779 -82.33551983273544 
-4.812296150894548 -0.6830434655804403 5.483249102775316 27.21806925233776 -21.095202890732732 
-35.36858737960527 -0.046526855161608566 5.237284614327645 -16.799704519866744 -1.0850722022525774 
-19.958903225542137 -1.5031655142626092 8.263272133932862 -0.29590108170256774 0.26391069994061755 
-3.413468227905563 6.197607733638123 15.473611375440214 8.684372432002693 1.6747306067126004 
1.0140737459369706 8.995552540967036 13.69439182783487 12.344512431134886 2.1983513356243307 
-0.13099719216211875 6.013682636786331 8.27495146316304 10.623012750981294 1.8051378529543587 
-1.1379834141955236 2.888670692983774 4.114122441106157 5.937522854381572 1.1148112691865502 
-1.2686032652475638 0.683302921915356 2.3439700353849253 1.9329083186612377 0.603559068464134 
-1.1757239342585146 -1.513353384384095 3.2574557600257545 -0.07373946148705597 0.41313123898286935 
-2.1097342480433174 -4.614419761498578 5.253023995896427 -0.08134415538303269 0.4654702916964682 
-3.1457797374498577 -7.415624019503788 6.4347427515846665 0.6701649057373207 0.5873545724369292 
-3.4199272805815557 -8.991413129902872 4.957665793411883 -0.14183191784334942 0.5674861732440505 
-4.136921944919761 -10.72850380440422 0.8076043067607973 -2.108244575550116 0.3920654044474485 
-5.806859740173644 -12.957015505874251 -3.6656408323452383 -4.822006861402193 0.11190486908017619 
-5.187087370520828 -14.14396473060927 -6.956265961833456 -7.525179583499136 -0.22761405882019295 
-3.401269213461006 -12.072004621796877 -9.229563874170568 -9.601565293788822 -0.5361368208456807 
1.0697778886403702 -11.94413507910706 -8.424164692460845 -11.748149553261008 -0.9602227596119965 
1.1445774268802176 -6.774518394923178 -10.243316438128707 -13.738532893376556 -1.276510014845568 
10.733245614188508 1.3008302602935766 -4.601165331549452 -13.252510504688376 -1.1968364811045757 
14.322915868118686 9.144845660305942 9.004816459983676 -5.293054807782007 -0.18743824401323236 
11.668849234293996 10.823036954301173 7.31211587904026 -3.332864354323053 0.15870911310905356 
4.042152917893813 10.140044780948031 13.468586166670214 9.586799149243664 1.3954283995818713 
14.667907605861496 -1.0216355784550402 -22.868349386314488 5.079422933921725 -9.571343009151144 
8.986646263509083 -3.2834116860562754 -28.441424243326345 27.762649194310203 -54.839609836503335 
11.004604052170754 -1.554029902112151 -33.587081132670626 59.085783422634016 -61.79663109636094 
12.485440934487293 0.22110938198385607 -24.794724877424958 50.92690428085528 -63.769236858155416 
8.925891234049294 4.712398202052214 -14.39666730081877 27.886511612944865 -64.94037930637305 
-4.335656787857675 0.8478719829084139 -9.170534118562793 3.4595506086664827 -71.14063758516133 
5.982526025519905 8.214951846170324 -14.51749383506904 2.297528266653024 -62.426965387962255 
11.121795857250614 7.384089190642714 -18.200966425482264 -3.56217865178311 -59.8342100256741 
13.338170283387898 6.591613276820877 -21.097807684575137 -9.200412980360891 -63.80574479081834 
16.529726556229384 6.221982483813995 -24.110997410170864 -12.855023206398 -71.55073400282733 
17.626508463698165 5.0320007261979125 -28.19698526277617 -15.884703682911049 -80.73403923200681 
10.637621680896233 2.1295071566915644 -31.535645151795155 -21.423005383342616 -88.4240597706385 
-2.6198264824024116 1.0760133617060057 -24.649889090612145 -31.511293926552373 -135.23394324552817 
-7.791181307015485 -4.428703573625813 35.10390218863607 33.748262481497434 5.769571289107795 
-14.357966486434014 -6.203711273271681 13.394508640265387 -2.2604870332478524 -1.881230069368367 
-15.275616185030184 -8.994239783813391 -1.6413058695270997 -2.9115719044095587 -0.5204484974488743 
-14.689624479901799 -11.316519193684908 -4.03258407142499 0.40138183374561137 -1.5805966623636567 
-10.539299689895657 -12.286729311308127 4.942771849970737 3.3101136544134073 -119.70974212495118 
-7.874376682455012 -12.302853112378237 17.404220982098078 11.753413530011358 -125.53939985138005 
8.370357443392267 -3.4903628354831118 16.705900888518322 18.206800043476 -118.92078938159086 
6.027425518660412 -3.7617244997921184 19.886262687969413 30.337594024969167 -125.88656413738214 
-15.821620377485916 -1.8865032942382378 36.27807373798431 33.456006951633434 6.027982628368012 
-18.933049906306763 -15.936628003693716 11.092561291534993 22.029106016054726 -32.56986563308364 
-39.22800253203126 8.197678238724157 17.261666035739538 -18.6216600815327 -1.4922628310242454 
-3.4180614254696713 9.818826668430969 11.465468555085296 0.2340269964527954 0.4302662696077925 
0.38592264464793324 13.048502257649673 5.467280753412552 1.7110040773689277 0.8876702538622426 
6.759265784302124 16.75422963018495 8.993651317177013 7.07983331394857 1.6061954204618059 
6.486306352858506 14.091501104546325 8.625586869661385 9.15114557567948 1.7394148065934667 
4.963280616399831 9.722011025645132 4.826944282491169 7.93386623334071 1.3900537288172672 
-0.14591346520917642 3.28797182389108 3.3198984642271303 4.770036529252517 0.9154491666727157 
-2.727703136179247 -0.15625914784872486 4.3763522936924595 2.7939284498886403 0.6855928561583101 
-1.4222416321293243 -1.0476407001027346 6.805555226627526 1.9863632967815352 0.6156660812497519 
-0.8288872488690974 -3.1911957502078225 8.061586050067428 1.7290553656587748 0.6413121865422636 
-1.1205129167031824 -6.374427356848119 9.277426893324616 2.013718558164648 0.73140828833933 
-2.2897335416848077 -8.640003390436673 8.939706650005494 2.0440732892421827 0.8054451738717805 
-3.9741852327500866 -9.927331667494121 7.4638276313574945 0.7162069989218249 0.666353481352718 
-5.962284556665241 -11.252453073077925 3.873323375528762 -1.8158220651457708 0.4070322315011158 
-4.920766301500585 -12.0762272675191 -4.510707862564863 -6.95279319683041 -0.16699252765628192 
2.059371280111179 -10.089884984722724 -14.224653503423141 -12.554142602219883 -0.7542720134890222 
14.194729065619638 -2.7369581717624163 -23.14871395920363 -18.7257226798094 -1.445746647609224 
30.21040624334842 9.331092170508757 -35.70050043621797 -21.58830409497971 -1.6046054262986673 
59.22845161651549 24.665387725467035 -48.92569003039875 -24.492846199532494 -1.4073757607692692 
61.84648363603147 37.88903352095074 -63.861767142362766 -58.387902688235826 -23.826579478791338 
21.061662132267053 40.391216067672275 -106.38378318840232 -66.02695847172264 -134.8446367412933 
45.19382293692747 -1.1089765974267807 -35.53137804145332 25.664669372359644 4.861821871218015 
38.74731908956754 8.171037952477809 -51.996882286630544 -27.66633517730445 -3.898550377006836 
41.17399837293493 12.563409800198867 -79.82417503174847 -29.966945240371064 -95.3681751596834 
41.252450123430826 17.97470580415588 -70.11679216868006 2.750775613694278 -92.38736469859536 
40.75239024986734 26.57717701285916 -36.12152428885048 11.747765207203063 -93.61029059788108 
8.506191329853394 41.512011532856285 -14.164032054385192 9.18628082175395 -101.14190037212772 
-28.135847672248964 -67.5489053161773 -26.779654340698816 10.46451717762816 -104.27588338549599 
-8.090947752319662 9.596818758616527 -13.143492043241803 -4.8378361319127645 -76.58783000892196 
10.339668460080489 24.465199667131095 -15.187534619455814 -5.974665242904584 -54.962685557494865 
22.658727004987327 17.903312049320206 -19.009408476827755 -7.037402624082469 -44.727302699002294 
28.345401251899126 14.199454493265051 -22.272532117722648 -9.939798415993973 -46.64942399444266 
31.225262019308094 11.747755820799133 -22.694252960638917 -12.330765255008082 -53.33731517451753 
27.59422437182201 5.955825478685016 -21.26117163865191 -14.014301650121531 -58.443616532648896 
5.725488156376458 7.707545861911132 -23.268541486476103 -19.854442405850858 -59.37844689093809 
-13.018093842694187 -2.1575419186550344 -27.488566691129318 -30.077901639828738 -69.32116305685933 
-6.267150522851851 -12.29110104927013 -10.251279689412037 -37.00227656682796 -163.70659936392218 
-8.697364424269631 -7.972050710305263 48.56209725915723 41.49038508938685 6.618231707348514 
-14.582653984736512 -10.57062277041808 16.601204222825945 -2.5189879592405613 -1.662106259954581 
-16.986075616194473 -12.24094120313053 0.692047280389269 -4.01069518933224 -1.0105750190989502 
-8.73691830406563 -12.231290319521385 7.517569458963614 -1.7569908977588133 -146.60850942681355 
6.395946548466669 -6.441475656273583 14.16650622997351 4.66673403159212 -153.38593505001998 
-10.321333256825053 -1.4784711970236348 25.97733961775304 22.823439906519308 2.620143237436015 
9.247205471275914 3.497258208320884 28.61955562986445 27.67734768490258 -117.2052296923743 
14.85203898909552 10.427171773047682 36.959392502463835 50.922803574012256 -101.09307228889857 
0.9923122236686429 -6.8597943061891735 36.5571561810179 68.6890259024309 -86.80917228208533 
-5.94634630575665 -9.87331129724045 21.63915536338444 50.848828064163754 -25.548584205168893 
-33.382569282850916 -0.7035514113944052 16.835669549704168 -17.169075490181 -0.9218177302300277 
-11.662942511522148 -4.987732534571318 9.135797013304755 0.7571682443239436 0.2661605998590033 
0.4859534489624651 6.2292105800533495 9.01774607326688 6.337771025260692 1.36610443122936 
6.495054654217726 8.88614342644004 6.011776779897507 7.3609876519263535 1.5083340096952869 
6.405965584851239 5.781805297958434 0.8848282959067979 6.29336688564569 1.2452046952952212 
3.27671460418793 1.7602425351577522 -3.782831394622331 4.399045236664601 0.8694867556706324 
0.4532745910592406 -0.9238942811175062 -4.591975140163952 2.701248703061795 0.623639944288792 
-1.5012682091076772 -2.702122030743994 -1.7859808777448267 1.5314421203191029 0.525382725546731 
-4.079601423405369 -4.969229390586357 2.3421626573551713 0.918794046301669 0.5286847542285893 
-6.451601568260712 -7.817942137085221 5.986710777466664 1.2922026482334807 0.6403106240300499 
-8.647736037214457 -11.052429564915899 7.775192031734294 1.1100899497616132 0.6988623487288455 
-10.338385070335331 -14.12102025532523 8.383366132749101 0.843593176896089 0.7194751450263774 
-12.436824582923517 -17.5123171419615 7.8627033220833376 0.025730341247140978 0.5398682226121178 
-14.325649873467844 -20.732321274055042 7.151356979843029 -1.0826034275706131 0.3012143544832772 
-15.345611040801595 -22.88065379502189 6.137596765090229 -2.1222111438023687 0.1998548423078142 
-15.37562600059208 -23.951061777381714 2.5519392019244878 -5.214380902592833 -0.0656352230165161 
-13.805656845313875 -23.587641752860453 -1.2469605199738225 -7.494834262183652 -0.2803709107752849 
-8.241675359639336 -20.066675955880072 -3.270580502580773 -9.25527570421784 -0.5226783888734549 
7.915884111197175 -11.431481857038237 -8.329350880562385 -11.594253924417211 -0.8335801499551456 
21.116886760913008 -0.8938273711731067 -10.71230959446748 -10.710230772562204 -0.7421414248177679 
36.4845200095665 11.030009425052201 -6.88676275744858 -7.111562791590597 -0.36990111006209836 
43.49489282036145 22.016671201937363 -12.004629297353647 -6.2984102405224895 0.09689766233619043 
33.18852555421455 34.431060164038115 -27.117757304611278 -36.40604173680817 -25.684164271606875 
36.692215389235436 32.83294559129371 1.3330593381414244 13.374653566615411 2.3598998624063574 
4.1730039991788725 -14.1564421293721 -72.47316495937366 -19.629102499772745 -83.09391507252681 
10.325456322350275 -0.9041663557564361 -51.415972547036205 -8.188206143641883 -91.85698318766097 
12.975014475882904 3.06825961801505 -37.56806041837955 1.886554854771769 -88.04107199194695 
12.809589066513173 4.274040594988977 -25.708812118772467 4.54052378961372 -78.58458203949012 
13.20008394105247 6.238257557490247 -18.366151691957363 1.2348386487889054 -69.4142391086563 
13.300355153651273 8.223797224060256 -18.688716810336484 -4.514644865787497 -62.8818937633797 
12.053579575254147 8.419277741778009 -21.756178870497287 -9.346543150673336 -60.44290720008967 
11.350308747954266 7.215527560614371 -24.645071342218472 -12.096286283079946 -61.475849327593956 
13.454756765285603 6.159715290135707 -28.082764066518678 -14.589341420799016 -66.37037101987409 
18.572821919631355 5.960920871117681 -31.340351373294126 -17.111789288175775 -75.40570625256639 
22.497173320300643 4.724210043793593 -33.526448175760166 -20.19098494656277 -84.73811982996246 
14.406642112262277 1.2467840046803524 -37.51653164329576 -26.078297684167726 -87.74883603403053 
0.052298486713567474 1.8899687046268578 -26.45461372454262 -38.92126449678131 -137.65868274695973 
-2.028748576114421 2.966327538428954 49.68503041587889 46.44852240396023 7.084133708706995 
-8.771679452691782 -3.3903475824913185 18.48622190653889 -1.6280678094331338 -1.9304431821759123 
-8.126012715845581 -5.180988935485458 -4.6219810419589615 -2.7219465734458983 -0.3728533429991862 
-7.796342554695676 -10.27589313516106 -3.982246071626927 -3.840439000165154 -87.2889604120458 
-13.55357092279306 -12.299806608494608 11.880638943075759 0.27820636329161824 -92.68506950866589 
-31.31292353415983 -13.492270330540325 21.233427887672672 3.073289766491164 -84.7376114347733 
-43.5815004808447 -9.57423440785595 29.34130712673591 7.265204253383067 -71.76793156690958 
-33.55888643599398 2.598450991782119 29.511136041825285 17.719344090961975 -77.67061438430211 
-3.222694305562278 -7.8278384345321745 24.571836844156497 42.09006916166062 -110.23218986063571 
13.646113833011452 -13.983886376679312 9.94597319737118 53.08752392469936 -90.45620424267939 
-16.192456339090498 4.4427007611203555 -5.825076624640015 -22.603816702798202 -0.6965366646246419 
-6.510934849581657 2.7609925171675433 1.2787494483298805 -2.1383025139200913 -0.7033585035879562 
-2.3227971655365227 5.142868601871044 8.59956751660646 1.4966491587625856 0.6432107474747912 
-1.8346873260469039 3.51443188987435 10.344439915917583 3.2735588066106196 0.9529878672327308 
-3.084458673860644 -1.5089808327147183 9.27023072015299 5.858226519628519 1.2456949068359275 
-3.654079115032573 -5.745783766875105 6.195506112084357 7.237493527429246 1.3379353929330882 
-2.322173770319181 -6.997974524652193 1.9243096443149212 6.903577106014941 1.1787451064896701 
-3.8290899151847038 -7.001287849836365 1.8502595476344588 5.19749154685312 0.9078040079519847 
