1152.0908992031214 1155.3626540314358 1168.931825277143 1165.4658933499113 1120.977443270145 
-17.425011149219536 -5.481665391734735 25.618046828861964 19.08824700083322 0.9593563171929707 
-64.53458608782908 -25.26634702906055 93.98157689716388 76.83304410838174 0.9178036614790862 
40.91603007531138 15.244154588320825 -52.32993839950522 -0.1345212738139354 -77.00629201497767 
10.637516247082447 4.751982799364628 -13.86346847046448 19.950653126894473 -67.2547918921829 
5.007406800586673 3.7547641632772932 -4.922561778268428 26.364460328070468 -59.295407163025295 
17.48885179044199 5.5423948612972165 -20.384637697573382 25.55712416071773 -61.4568217497718 
121.77210792449678 45.7924162630046 -160.65965020417573 -59.73205349929703 -78.39395557723124 
-139.11043371459866 -54.39541115066962 168.43509483856533 95.04934491505013 12.722144454167388 
-73.84252622838478 -33.962452773509014 118.8445343670467 104.47508678315948 15.893364119122488 
130.3599596626234 49.62275350402749 -145.46161021917442 -0.6439484290466189 -84.86465600200798 
143.3481946667857 53.793039848273125 -176.9088163098555 -42.816244336044754 -84.09104268895453 
-137.14306870704948 -52.36612105737617 175.8323399167851 103.95930039040759 19.698639544490568 
-44.96148503690632 -13.53736502017966 81.72430631333187 71.30784258317642 13.80802330140782 
274.12740961575753 149.04172771684733 -286.037524809073 -121.45476644496068 -74.27569487135546 
-286.8592080228024 -137.57621265350048 286.2129128331582 163.65940011481598 29.431340403841883 
-166.64535791841914 -83.52605629342631 158.98596007115987 99.61750949435427 17.60615362332489 
-89.43795554072473 -37.59986706912197 85.09695197942537 50.00228610293462 8.673499253178337 
-33.54502080692106 -4.638340102347674 33.644323069881516 16.904276305123208 3.2313488094937335 
-7.218407778510369 11.409829503253492 13.220462613539928 5.957779703455865 1.5085483003037565 
-2.143980724228499 14.473419358584756 9.688084598881039 4.124362831327552 1.0738532087073873 
-1.262291702391672 16.215863243446897 9.765629115029773 3.771094112859532 0.8151191635876585 
-12.435303872585528 11.279375464283172 20.64309370997456 8.25625447942169 1.0325236432965845 
-17.989192629528866 9.929379021610586 29.20543178521744 12.250578806013772 1.1762950945775308 
-13.493595280323529 13.24218114217594 28.04167585266641 12.17884457093912 0.9126706583739335 
-20.171533951915755 7.209789798571544 31.762948902574745 15.55972274115116 0.6144906875292517 
51.17232138812506 30.897874965318632 -44.67717569357083 16.562430377694373 -38.96463295260838 
153.9284637664338 73.33099750888387 -191.46607040953958 -77.9738259647848 -103.36865903051154 
131.9689753213677 71.61350223286976 -150.9185498160983 -55.43705530392238 -92.69863784899961 
312.3296478909068 176.6937592364242 -343.19106451370675 -178.99533186251233 -109.39453915663375 
-138.641558201255 -53.9257064360755 161.53944500237083 79.52767040563053 7.383067233456472 
5.344420582177609 6.624039591915371 10.026439771660598 17.601476409751754 -0.7869376128978589 
214.908569772005 116.8773112584506 -224.6913809704804 -95.31834069353938 -85.42327510510803 
136.46582620241063 86.50279321745087 -137.0919115022141 -55.35346183354871 -82.5628862452852 
87.9962504203605 54.72210425300452 -86.75007768255189 -27.89608627423582 -69.61688169853541 
63.26092324033065 36.98907870153704 -61.17708147615226 -13.618866888802534 -63.13237788966468 
56.84199950309062 31.145922401018574 -53.64194271125911 -9.0238848110156 -61.195296414128464 
76.16492159275802 41.78936410628846 -75.86614739411846 -23.777855671798672 -61.03182442573315 
138.34580321802372 75.49305117566394 -175.92774234243115 -93.77301153646128 -85.85587570294696 
285.68419389203814 218.39216575452076 -173.21227256108926 -58.16787031286966 -13.106808452104342 
-241.56368676271686 -76.76497631452409 224.47016255804226 89.42337516316753 8.859548391713295 
-248.24978614090696 -111.00541752073804 199.3822792221413 83.4397278222366 6.958556240149269 
-146.04310973818147 -52.64790792098873 138.17264484040658 70.90496375256305 2.2003186777178403 
-106.84606181386116 -50.83996330353728 97.57247230251885 62.25542804755729 -3.721132136944394 
-129.2084577080803 -63.32330891378833 153.66771464465103 98.99028477650003 -8.336983955021147 
375.70672525427096 203.54200724622547 -378.8258902178479 -178.6071395231395 -102.7823480883107 
285.4994929136249 171.00306670750672 -312.9029328984511 -178.09927848632927 -106.73559527849402 
150.53563433133667 92.3281570195947 -157.8661701283882 -85.60547405004044 -68.21401380557677 
81.91733427353913 43.65918766620987 -88.70063788504382 -43.93498781309999 -50.078485905741424 
39.513873639804366 17.259154092015674 -42.94862831589588 -17.076352147294877 -35.6838142775077 
43.669430544029034 18.52690655451404 -46.578757774514784 -19.778596120778374 -27.880019739241284 
56.495904000865295 24.759785698970354 -67.43967190912488 -32.58582354480754 -31.737704453362543 
75.37485577914703 33.941123941186866 -79.87492547739893 -31.941720851368306 -52.77535203894132 
128.47711338710604 43.75034620480701 -126.78257451975108 -33.84597051594475 -128.69970343354007 
143.36380063781925 45.746007104751016 -121.19465751342986 3.928365980979611 -189.23154732721295 
98.98016912093793 30.97425599922323 -107.10602986319488 -22.282296900971797 -117.21723160434351 
-125.8508933965246 -53.73077863518277 181.2634993480756 100.28840183997842 13.101680543517798 
-267.1292472543277 -112.13060944583033 334.97049696193403 203.78633039998167 18.678451517389366 
-172.2228465247448 -73.44517484467625 217.62420313832664 145.69528819166152 8.213703189489577 
-79.67114354644596 -40.98325471083886 109.15594205438238 137.41747819352747 -29.51104872847624 
-28.792217600039862 -14.415413428298407 57.07481807352334 78.04354191239196 -48.793177421620726 
-17.163432706461347 -2.8356532633526315 53.46766860329179 29.17939336191844 4.4527596470421305 
-16.21757042592414 -2.8991090092639253 38.1917604656994 17.760452419805333 1.211342366661092 
-19.422909175039074 -7.4271021310156415 39.622141223088356 42.65498653517694 4.366376570610993 
-30.76193726385403 -24.271428911131725 33.01765369857993 48.18316446386642 3.436386212276772 
-58.83065044650466 -43.82728070587823 38.88701175850052 55.02870636480356 -70.90497428921915 
-78.00442431466071 -31.369291673809993 82.58358148753256 85.28575011300397 -37.02799297099226 
-133.09726323431735 -90.11691155947494 128.16419313184483 92.69780854461918 -21.179104600276098 
-204.8413714574465 -87.57646044896255 186.71537053352836 95.9644447315438 5.5420139076295545 
-96.3610548647177 -33.578681259237726 132.7284170917628 95.20114888321054 2.3293531772765355 
144.45785662142492 58.0262752789444 -167.06131849624722 -12.828931964004255 -203.20004266776684 
41.396485790174566 11.297474455826181 -58.6184601271237 21.721866541636434 -122.23444858993187 
217.59472811330073 85.10984442808929 -277.1779369957612 -136.7296240737351 -108.96504755411466 
-133.30972217687096 -47.89938700277216 171.57975015587476 89.65876523339504 11.153736114781472 
4.44871240744309 0.8982735688517449 4.970380862792302 11.152163222654583 0.6725046020949862 
92.81768146229128 37.95848911433781 -69.95255246582732 -3.8012007728030395 -3.8712150851468095 
129.93789552685257 60.40168457505919 -92.35093342910814 3.461491744050859 -98.86690445321325 
-403.8312061616201 -166.80648607626534 412.0946897742334 198.51346529447204 19.224123955298378 
-38.32069788752888 -22.532736789971484 60.223048511461144 37.839061035878416 0.7839470784467346 
-66.07056605740651 -40.09071590440025 46.50463342967073 43.03551433000001 -5.650296442209081 
486.83988641003253 257.29700818974004 -501.85908339798635 -226.2178173464975 -141.88198336842723 
-199.4761283255863 -82.75623516765461 214.10361921132343 149.79839101308707 -54.21202456144696 
106.46137329987643 38.07998916133814 -127.51658124171149 -37.86307548903055 -102.6951621504047 
29.605523907187383 2.8379128857307143 -56.79517547045427 0.9824743292640847 -102.34261008436776 
141.9400602288517 52.670594082423825 -185.8283852093194 -79.97519278798384 -104.40590476203042 
-132.00024803145956 -49.205565894376356 161.77815547533416 82.21541169154507 9.20702022405501 
-104.9148280269775 -41.799525939717135 141.16065602532942 93.78929341652223 1.0043402637645567 
131.69495705744205 44.613925206149744 -153.71258843588802 -33.87621592140601 -118.16625340551938 
182.519176573558 68.32091824804408 -233.93480877303728 -104.51142194379854 -131.91716002622837 
-156.54168502556516 -61.225311010642905 186.46576947726408 95.42863956537424 9.913065663623794 
2.3968588412295952 -1.6653995705184612 14.76920812942849 22.299091920406525 -2.476703006037265 
29.428278851910918 -0.2934020522270415 -14.846510768992049 35.91051620049186 -79.03356366831868 
38.275449209410084 7.380620061113021 -30.21937553183058 15.5533616932512 -101.70752702751956 
213.1509912001206 85.5603622073778 -236.76229765777416 -96.36878755772094 -144.59813342298023 
-38.728838301305125 -24.527104872515604 74.34855125949059 70.46122553970409 -72.74907278725642 
-1.7334898940341703 -1.2243074774795635 36.56221611674572 15.912259416590738 2.739200993458402 
-4.771433228073185 -2.5910800048444163 36.53280001900933 17.087555179801058 1.0167745319550248 
-3.385604600825063 0.7449655551492056 47.149669518256026 26.943386399964684 2.5564871656579196 
8.833505396044654 2.9948285171382345 70.95225526248343 89.61520602122302 -58.32370984800986 
-65.5417795133539 -25.676688727311575 174.69577925282513 161.7223929498081 -93.47696511118218 
-313.3776586243225 -142.70285305735888 303.46879163415264 160.5212341854499 9.572520860809673 
-365.8826540568802 -167.1041411611437 365.13889458703 191.29217807751994 20.175308511520118 
-342.5156861141508 -150.59718464768787 412.6526485480922 265.6001571999936 29.616433140818298 
204.9454563209287 95.64623208887242 -179.93051364740558 -53.63324206385459 -66.12593368640829 
117.60435918509532 56.74502408478355 -84.35933428015042 -27.87451945306549 -27.891421777856127 
-286.36744254252693 -135.85347546969737 296.8500419406506 167.50071185684791 24.35542019267108 
-160.89733852752863 -92.04289483596095 209.73616905186697 183.27557722904538 25.47529734774145 
333.3121034548675 130.28474845776543 -335.82046466752456 -96.79169753499855 -121.58703498318226 
126.37579090071891 37.808341622721585 -144.18092580593685 -24.226020476172494 -68.63750689710228 
-85.53258356418654 -27.536775638249136 113.4581313257824 75.42665047379425 14.00205735213482 
-231.22744880888075 -126.04272604183045 234.24716403949205 144.18742469474012 22.244070750851556 
-163.08935030644292 -90.13368529123865 153.04269414523458 99.19940386331866 16.330450567713466 
-99.89140849188183 -46.81089862932984 93.88842191128244 55.42126121479362 8.612100564730671 
-36.13135485713423 -7.200157692694741 34.37302806786657 14.13298714503981 2.25949138022906 
-11.694647888720601 7.949801498384422 16.461240644592177 4.246606922133253 0.881886962851434 
-12.46707241884204 8.148252446253856 19.679680979621967 6.512719473131297 0.9861033769696352 
3.101952914122162 18.47492368906061 8.716756083600032 1.8659563678017748 0.44933819495844546 
-0.5601519375687509 18.146622866132347 13.394535010820588 3.3116415589936157 0.5165100255317902 
-7.571761536033194 17.49047310626824 24.654885543635835 8.052798154563867 0.8591530118829077 
-7.985474749656446 18.667771598410948 29.575022058720737 11.314136286707058 0.9718260709818352 
-30.78933472270955 2.0400489449306733 47.3911569878352 22.258806270156136 1.2410609108146657 
-97.07512215705738 -49.22354244756069 98.0638476989706 66.05927656227279 -1.955583898775529 
277.9797412224828 141.50885815717422 -297.1302582959974 -118.61707690994089 -104.61683602267773 
173.3189731764686 100.39736875125443 -186.90866189363106 -81.89523913350372 -90.3824351771024 
126.32666971127824 71.8996815771861 -141.4767599305275 -57.96102798604157 -76.06553531735035 
123.06101847563049 69.15964323892537 -135.3260817944138 -53.127216145725924 -73.22907001039347 
255.78334839305444 146.02434708588197 -275.100519811149 -139.79900217411165 -89.06622924930565 
-188.55756215805283 -75.51173165120859 210.3622373173093 105.71653442191685 7.265703754852946 
106.28954093328599 40.86661174328193 -107.32352544886092 -9.252634955827386 -62.052992985607304 
13.922541724375069 1.7845179476921538 -21.185632009499287 26.380834915580227 -85.50546677138479 
17.69528088169636 2.604446215455084 -19.947661040309345 31.359207982655526 -90.78739526488869 
176.7483661501009 69.92366922598842 -225.99851652198902 -98.47367757556157 -114.0222705577509 
-180.9241037862047 -71.00159523598744 214.92385235228187 107.64662726917736 10.061951258774561 
-27.042051003762275 2.562013088075133 49.44818902065511 29.42001242316851 1.4211171332645067 
-72.75952766334032 -10.041834382932363 82.85975172165192 44.948150501715936 -0.24215330368728916 
158.36724942639236 66.60979505473128 -162.0033388924724 -37.61492150279925 -109.90436148619686 
77.00114204084514 34.69250560799105 -87.32640060807343 -25.538840297977114 -95.92193488407413 
41.23531651440943 19.11297370183737 -45.00039175163254 -5.730702113562223 -75.58437632400022 
14.537048125398297 8.239039706128208 -6.906566806271917 18.838699032847266 -72.11213778614348 
23.229933270995986 7.417923966368553 -12.942827943136079 23.37952429466421 -83.07822332910983 
194.78032348401186 71.23818101814135 -242.8206602378736 -113.5201138554261 -117.18422188591938 
-186.23414834855578 -74.11900869864596 211.68319257679988 103.95817882291809 12.088832873798367 
-43.08990295014583 -17.156211428788012 50.311219285849134 27.82351007871041 2.2954490794881726 
-35.024963822473374 -1.9937778987996635 58.83471608501139 41.04895856933207 1.9403588968568126 
-223.02213353293266 -106.81266243594389 219.75647240160737 138.4006540742587 4.334414056600219 
198.01681158235067 94.85429362372051 -202.29089709381736 -56.66134109643423 -128.9303584888585 
219.80072520521583 91.68388859912567 -266.02768728051865 -123.51546984855096 -118.96486838509685 
-186.06731409189933 -72.95131627636756 216.2282629210516 113.52596864161944 12.6300023499325 
-33.57676930776833 -5.844239794277707 39.581584283133736 22.8566932574261 2.1097682693636304 
-37.002606881682894 5.279625897316219 53.9722760349816 35.460466516032426 3.3192155430356767 
-217.51344763465826 -109.87645059153753 228.12713409667828 160.45773004083583 15.186303671057534 
236.6045977544902 105.08756912517433 -253.72497969575306 -57.8493640356118 -108.79742089139144 
181.42773222436585 69.61244955305189 -223.51007210695113 -76.19944234552847 -99.94031647218594 
-155.68265877682848 -60.534597111098854 186.84575383516597 101.29513241793903 15.67441165943815 
-23.382496246218107 -7.916870499057971 37.89660890662826 28.760784441787752 4.394271980655696 
-22.269291074665837 1.351812251152782 62.86155471803368 65.84277277980846 12.329939836150627 
266.0202224687004 139.82782815019317 -272.92882154317283 -94.04947250186856 -85.1986776583192 
-45.2577878237672 12.592918155292994 58.834320381276115 40.51039876990764 1.065205504593239 
-264.06051192237965 -133.8695987934556 238.9376776285372 126.25655108192012 19.249391888219478 
-264.58252566335216 -139.4739039892342 248.9424515819201 149.72994727103628 23.355679487604665 
-32.67208813261266 -3.712277434494015 39.9868982485833 29.419410443925873 5.373618675759217 
30.261831173117532 34.18288098601594 -12.639173442189835 0.2443551000690759 0.9184239865451304 
-180.20640262393735 -87.83779609003818 176.14783995875135 99.32762776461372 10.909301248233938 
-86.92676527447453 -33.531928455896896 92.6081826152784 55.40546023662722 5.178794176915546 
-99.1534543264728 -40.937621573011626 104.03019113740883 61.44156224327755 3.949570660055667 
-149.82422125245833 -75.79545523452164 144.63599679417155 93.68668190662254 2.9344221220600932 
227.7344852045793 111.09096030674216 -239.71762819771695 -74.90723937942651 -89.79492129136345 
229.00413202640485 131.0003203101549 -249.97244322400317 -124.05138218177605 -91.1790860795706 
-202.94316729841765 -82.3990859445266 221.26451208317087 104.34631863604295 8.283441869045811 
128.24694944186814 46.03920965628343 -142.34891812100508 -26.095445420585552 -65.87865267342883 
76.90481677871216 34.07762351845256 -98.35360817729168 -25.043017186078554 -84.68590291146084 
80.2500660327415 40.295993295056796 -93.74829802596145 -22.363519868531547 -78.51315668720451 
213.77631226738401 121.9686294578733 -232.1403588935776 -113.43444488453022 -84.73426996873778 
-190.68922779294377 -76.76111331459292 222.13185921605495 118.41276780608827 8.794435610923982 
144.04731285975066 59.65360959761661 -150.36468290428306 -39.57683761717976 -69.39921560392524 
96.04690922355344 51.8882781145159 -96.94710030144095 -24.129884762204924 -82.59786624070136 
120.95251690021108 70.25867143670081 -116.40493794893793 -36.68759538677391 -80.92216165980753 
216.20815837151147 123.40622845377341 -232.0094920192256 -115.07797053926411 -84.25451499221164 
-0.043525367599046176 49.201678159114145 54.36114167858001 30.071841033802006 3.868252732560165 
-259.7675781244465 -107.83044281161595 246.7855360304788 114.24301349642224 9.129191599076885 
-234.3928769882309 -112.56190493912236 227.14308102976068 125.46521140012337 3.7046802294046355 
-153.59721315301877 -78.99464036562917 160.4057170709875 104.4912028540457 -3.9995927116754415 
149.04415369412803 62.544871346712085 -146.19164800223228 -35.26340980360979 -89.2424760998521 
65.00946647732064 28.085768560657417 -74.8525946457559 -24.687768863331083 -86.43103694764699 
56.67818735182851 25.39300304123104 -62.97768622243205 -19.399661182083214 -75.38520585508125 
90.87830853422453 41.579381319565194 -97.1089333341237 -36.70204453211406 -80.09868677103536 
151.71146497271835 57.71118100964233 -173.7863753573665 -75.50101080861333 -97.98213077562438 
125.10658285990188 44.16298081799722 -115.40072248891637 -31.110778264515016 -85.16586639223623 
-317.5194034747616 -132.42362446567995 345.52833323334676 170.0839987454229 15.366706724782256 
-172.38733312489666 -72.5576620786037 214.66354433816517 128.54735358588587 7.000169136568058 
-174.29496598022797 -84.56413410216872 191.92519473132492 124.26443445042705 2.6884445489920106 
214.80558725856332 89.11634939102322 -207.5878989505224 -60.88118609284215 -114.32224639604048 
140.50577157389083 54.66219271773423 -153.97169566311814 -51.002306016495986 -105.58408322214144 
160.4281315890601 58.68176780648381 -200.00985813366907 -80.97775150582784 -105.69152138858746 
-76.60366129685536 -30.129370027921244 100.61237970669679 58.31971836405127 7.927390599405706 
-250.43794863794525 -103.5804431062836 287.4104992699428 159.89451222916043 16.509330330648872 
-169.66119154256089 -81.62145558790529 231.39356263611847 182.71103447361685 23.27766793616821 
209.00543730622093 80.35876955792918 -219.96863122299064 -29.872314587176014 -126.19591630633099 
132.76511837127828 50.07923880411194 -177.34079801467408 -57.00632305837228 -91.28885951455882 
-184.37456081207847 -73.20589367684822 264.7145982431583 173.28114601920862 30.60013944820197 
243.6318345475313 90.69047870334664 -297.2671744845921 -103.147877824228 -92.81309102545973 
-140.66758640756703 -51.73375021152181 164.90394608342595 78.26487143177665 13.536350028875102 
-31.203936579195023 -10.73075995790699 53.85771441633644 42.74092708885963 6.345917664134708 
307.06045215506185 172.78926049945534 -300.19432909077466 -131.90311028979144 -32.82844279318269 
-233.58482520939077 -101.18850536837591 219.98202914310386 110.2028614144014 15.935223402355794 
-99.24320947546929 -38.62081078083889 81.60645437152418 40.192034742958924 6.279960928812984 
-40.37516105625288 -3.615037907324975 34.515583704904316 14.4799468365406 2.4274830621200603 
-24.98948438630026 4.740270066420172 25.724152130970605 11.28169523968039 1.7751503991514308 
-40.581396341630864 -5.540314307616112 43.34104594887665 22.076767167282277 2.8011480531454582 
-77.36825785904205 -28.943156345565367 80.22490466825703 45.835502337412244 4.985844170945621 
-98.68209633967824 -44.73116079135004 104.73894576832285 65.01977748825516 5.726078114570338 
-121.11714375295071 -63.04266461545558 124.66535890308803 80.49178158986234 5.090914118936336 
-132.5022914256693 -65.9422631571964 126.52436768429557 81.58597695331072 2.4813068374741007 
117.10553687981987 48.87170865895745 -128.42707413984556 -10.051003956383774 -73.77541170313117 
32.00433451876567 12.885743980595503 -55.28628498160777 -4.346100597175325 -75.63197901662461 
18.48786420530811 6.071643072513171 -33.115051312096824 3.849714377097928 -59.88858258442082 
25.832369321516524 7.842106606373749 -38.17367426577546 -0.801865281841576 -53.61276276291026 
12.630672314315309 1.5958312302141653 -21.610277748099495 8.530803976011008 -49.57711952097823 
14.924140174099994 2.023595718309283 -21.036902676181754 10.379571220309039 -50.47343834853542 
16.391552757514486 2.6334363133594274 -19.424916156414085 13.661289052606794 -52.245181148695934 
26.053842126796162 7.665007394847828 -27.7448084256922 11.37284938026047 -56.320766101406434 
45.10375295973013 17.716902837481957 -44.52606540528409 3.9180733717004976 -60.93593137306217 
94.32675402463599 48.21403420286772 -92.91707221371232 -25.434746274462892 -65.56720082746362 
156.74856948027335 84.98873900723703 -180.38252097146201 -89.01723293272424 -73.34063923580231 
100.66415535258567 100.07905983252672 -43.92150385514375 -16.103498115217942 -8.70497436115926 
8.977610518704772 66.15803464001776 23.007341633515548 12.009401866881545 1.864754451272199 
-229.913995177906 -99.55591504933271 187.24966906244057 76.06213030192431 7.418970060750113 
-227.41452720659618 -105.62805855269434 208.44666385909372 109.58946548961161 7.548996260043086 
-222.21264206435205 -103.35843251223307 253.1475305606086 160.68044378206696 2.215691357048773 
225.12711789185835 102.97102901298665 -213.91199664965674 -68.77339943989875 -88.06288775307158 
147.6102164368042 80.7844945530636 -151.40917018216447 -69.61868905043559 -85.71812575706551 
150.49044687050906 87.71459062608994 -153.74217289039083 -74.93553312828448 -70.84647248215346 
166.35517268415492 107.32702922356488 -155.42571871617918 -76.51310471812101 -58.05175707740737 
182.7975755703195 114.42749552548393 -185.33720514870691 -96.14586655719181 -59.86368518796277 
139.38776354466643 87.41690473572235 -145.83871319192187 -75.89193364498051 -49.15138796154231 
123.5181477001815 91.83683647900921 -103.19397871732492 -50.13257803872046 -31.152350557377048 
-75.00220515353485 -1.6725188513895004 61.28793521628328 24.18224461560194 3.249891953062602 
-38.9006274077741 -0.1962039417407967 20.476971239312263 7.5153449465904565 0.9007048818330822 
-21.469166220227528 10.088656329304355 1.2590682726455433 -3.155798231910541 -0.1570812013384476 
-7.669925183875208 17.354774265129915 -5.575678301791327 -5.91273540059731 -0.21257266225725216 
-4.31785486488365 16.898620288888043 -4.383458953601479 -5.141971913752114 -0.06489104030805766 
-0.8335624620510694 17.73874989841928 -2.790892825764848 -3.8266811751436576 -0.012820599000798617 
-1.5033028288758 16.586783554378236 -1.030287056634962 -3.007863253554946 0.03308534904951964 
-2.1238042026777504 16.966264814253176 1.3684255047367753 -2.012289085750429 0.13847539864220548 
6.238880224137672 23.968024730018602 -1.1929892604319023 -2.7774334647227534 0.11108727265198667 
10.096459135079877 27.36459596291015 -2.559849016997526 -3.477611695406227 0.08694320503201261 
8.65888058362324 26.490547922252727 -1.0331861147207582 -2.9536605632525568 0.15934478001284533 
3.44651168069054 22.883555711629256 3.7355830751986807 -0.6775006334127283 0.38217526601155327 
-8.6406939986226 15.767216713130434 13.953968295442037 3.535756567820536 0.818095804220603 
-57.195291114136644 -10.545287657709443 65.68494626642291 29.43689978959437 2.7687174541241157 
-78.75479861764063 -24.840199730867983 101.67158875860254 73.02056440336142 13.256259833069846 
