-23.73220375401423 -18.76449026734711 1.8041670350929617 -3.4444677869823423 -71.1497657357931 
-36.593565416616144 -21.127809153714733 1.261186269862259 -0.024108687925938413 -76.96406314420878 
-33.594936905351496 -21.706273178981068 10.167522221402548 -0.010248928281084724 -70.92386714533174 
-20.555633628693055 -17.366826420632293 20.86102087240483 7.6142173957208605 -60.794133768758236 
-8.767235601028329 -7.990965838340199 22.48865798227622 16.545446867957118 -55.08500214661381 
0.15387709866846433 -1.1682786854422393 23.00349274670254 25.656581087692942 -53.57249583791032 
5.6784490411488715 2.858433021869816 23.278832879990087 35.73620911689061 -50.22669280792044 
-1.6055949380012988 -1.8055256048025963 17.325060133893363 33.09165039486123 -30.64410621979083 
-17.705095117436215 11.726241442786295 6.1012621648162035 -13.227148405421815 -0.7246644398214781 
-13.056511784634166 20.662823506309685 5.297822523563324 -5.52276318731441 -0.23991676140517637 
-0.2542957339912293 10.222452633387647 3.9746579905057864 2.5748624511752682 1.0474287279720904 
5.0843626700958735 1.4841536788915415 4.360971007534115 7.72257142155796 1.6873403086858436 
-3.1057452136925074 6.061986315293275 4.169649826148054 6.480038863553266 1.4528633135679072 
-6.798317236915868 -2.4177398307784386 3.131758765472604 4.598458661011249 1.0434525338449194 
-10.500251087972877 -10.636087984273374 2.8179645114536522 3.0130927568092987 0.7129598382844877 
-12.631611749566027 -14.737720192132691 4.19118366616772 1.430523023084509 0.5378231268407283 
-14.010136324140618 -16.67158668040145 7.306870291387992 1.6002404568697715 0.5957055146266204 
-14.52332398769079 -17.63362743049838 10.285150231487574 2.1971766889236153 0.6755488650774986 
-14.433370984414019 -17.95150297196751 11.873130209116825 2.677178033049887 0.786652246714953 
-13.192357899872368 -17.579665371413686 11.822746642745942 1.9512101567481364 0.725014070519042 
-11.522058875356146 -17.604497040896035 9.538397216151525 1.1283979923890044 0.6550744274721724 
-10.086155549372192 -17.2046925122265 6.778266989317324 -0.13208022739275144 0.537907973230221 
-7.076668993649103 -16.75120480595787 0.9136716981198734 -3.6230615245301285 0.19267481186257443 
-1.7983297593445393 -15.659423334219035 -7.26149336814784 -7.5832995318548 -0.18868128984549787 
5.64034796506854 -12.742724506622825 -15.539364093805403 -12.91080261528729 -0.8468043504809992 
12.010500564373542 -8.91192098860016 -22.98349792697463 -17.925563378268837 -1.5604796639482224 
19.706787925213494 -1.858773914953571 -27.64136472438041 -21.422408292457003 -1.9754719205779079 
27.93866897576427 9.861127772658923 -23.888195055945705 -18.320742206693907 -1.489502704068313 
39.9246558490444 26.0777653311362 -17.435762936612125 -14.083083130595584 -1.1740461592920906 
48.12781528434371 43.17366313181381 -15.389751726319316 -14.495703469977796 -4.702279843320172 
35.123011620811845 44.55796178771617 -29.916542661046087 -13.343271568998768 -42.234920914120984 
15.562145597236203 -18.107748534352744 -59.775368905859715 2.3143500817982487 -87.18730227121581 
11.207788577246536 3.2196632149040822 -44.07979294225645 -7.850981307190876 -87.19945915455955 
14.216359027293363 6.48820908622458 -38.46904403133637 -10.626676030258094 -80.79364344265007 
14.661083472695488 5.607589664766998 -36.76857697200863 -14.836568521342315 -75.14270379463781 
11.649426740445307 4.550737456091185 -39.36740482079158 -19.809984781591222 -73.47064574582404 
5.459016689082795 3.1265440224459766 -43.00783599401816 -25.19924511717908 -77.06128280346955 
0.943686917298474 3.066013389880679 -34.65593956086965 -31.056133665566026 -119.30810279684098 
8.591685470864268 8.516253188952055 18.482043280703653 27.379050526305576 4.782214137453506 
8.520424177523939 8.866376498722973 -3.0781759168497675 -6.452052008358961 -1.660261733082714 
14.51295201628536 8.21780237330604 -25.145992356169515 -11.329281185786996 -1.0345500756149784 
22.23841592576087 3.039249346879521 -31.597160118343268 -22.305671477657672 -90.70118624667158 
25.435050915345034 1.4768731805489361 -28.456179739088512 -20.225850958146538 -98.49813083900446 
12.776259418566331 8.257708167120377 -25.696289661885892 -26.853718588693823 -88.26953691617086 
-7.195375214325719 8.48665073488699 -27.284733799378838 -33.87407924462807 -77.70727819455092 
-6.491220701366114 -10.3105948959574 -14.792216468622659 -41.730086743791 -124.19200559038394 
-3.3785729048025623 -3.286453486471543 26.311642004943526 26.578378381638 4.49405112371016 
-10.813294642107198 -8.269185648987312 0.5487946308873111 -8.685477439187633 -2.1396985587546156 
-14.764187318476202 -14.817471428560802 -7.883180201637922 -32.01047258896601 -135.78086261809602 
-17.74660987402575 -14.377671420131827 5.914727032718224 12.34306543320995 2.578444643092277 
-15.10170144298613 -13.385262100994877 8.194183712795098 -7.807303790975808 -122.93889857385653 
-9.873505236162197 -4.2964372948921765 19.172703859899823 10.70593363507905 -107.40858231787836 
-9.301614830328175 -6.146665703180307 27.83097090063059 16.436759097339 -89.0428665802848 
4.747580254140659 -3.7136134928802527 19.403833885606176 22.225038419815995 -86.2745284557318 
30.779914093782022 22.633392918476584 13.821932839974018 30.14451084658427 -82.56626900047544 
24.208928263500717 6.425489072500449 12.117810759140509 41.04237860172295 -73.79656576781373 
9.170285018017188 1.1470158993771793 14.75776398006947 39.473367446312615 -49.286312260251705 
-34.7648831013742 -18.46394066070728 2.420812132507007 -15.898676277489013 -0.7243233776928533 
-24.1568233781895 -10.565657224641242 5.448852547605962 0.1373196658137314 0.08447514740381507 
-10.408842985895173 -4.586099328023052 14.783400426976264 4.5588274280099235 1.1163832500760391 
-0.3647311709929074 1.7464767557219485 16.999159170491865 6.72308478460785 1.50472715850078 
-7.048618222060908 4.829700673545201 9.526637504343437 1.1879014926308873 0.9538017133897352 
-3.2821934237490877 -10.879716745617882 4.601155405344962 5.9823102283251695 1.1881324268914377 
6.2110360681977435 -23.134949569856776 -4.7207728675226335 10.707991286242063 1.4516672808268747 
-5.048612528939932 -8.42804352171235 -0.18616539968599569 -0.06606440675512747 0.337454136405966 
-6.739282990096847 -14.01671531834108 2.5572608156098573 -0.04526740445192969 0.3894222263638703 
-6.467954630194897 -16.681085700164633 6.60143665427898 0.3315735536872803 0.47235975457057017 
-6.304955240641524 -16.64435617293469 9.392945664041099 1.4560040360589999 0.6786144113831456 
-7.011051503961206 -16.110801003854693 10.558047222448113 1.4400620033668636 0.7115427979419491 
-7.311102656032774 -15.069425416691185 10.09934977134367 1.1043480479024377 0.6648381064416483 
-7.185238771390329 -14.685437425004329 7.048583984692534 -0.20948745815663375 0.5443986630731169 
-7.2071154563533 -15.749582685932408 1.5232010735096735 -3.2677120606785346 0.25763950228646676 
-6.577886873020149 -17.118705815937346 -4.505157764743528 -6.69989455201685 -0.05785112393139787 
-5.907485390317067 -19.177574201054757 -9.736257059518344 -10.491496724062648 -0.5033429038619065 
-2.6398032757047845 -19.1088615590092 -13.539344017757793 -13.189024343562876 -0.883682264726452 
3.5792863228164924 -14.942404362930732 -13.479350402444766 -13.599006769194059 -1.0470734829043542 
10.750005146216202 -6.522249767057923 -9.933892832130898 -12.067584102615683 -1.0237501008106202 
13.605545545360123 1.346536790104943 8.868053855994965 -4.266290557113417 -0.3231332313696763 
17.08839303533443 13.825018264198267 13.548140551864561 -0.05658516969366004 0.30926037424357705 
18.48858704201099 21.278660699514163 11.35957982174164 1.70934545136521 0.6529097798592111 
17.547753888592684 13.270543729460416 -4.339956280404075 0.9825683816486954 0.7755334450820741 
16.730390167617813 0.12543164289677056 -33.73773221580299 3.879930863995112 -23.305932456877894 
10.948509944863504 -0.6735151172850398 -56.326399646805065 41.57145427710404 -39.24259471787833 
11.608804352680343 -2.853919787854011 -40.85409175810206 42.394183057928004 -52.768540442260075 
5.777565348480032 -0.23563778837400884 -23.904815282511635 25.534306276253332 -56.145049849989775 
6.6872388682268635 5.553957270491059 -15.023331279744871 3.50295285869565 -56.95634557573047 
6.221370658186183 6.873630215778303 -18.54325153712966 -9.475642134681223 -55.9430044499328 
7.89705877241857 6.727840186041657 -23.873070469499872 -14.597546536664817 -56.00379639780516 
10.561432182771368 6.405107050123343 -27.208016273568408 -15.273289159193878 -58.61028328226048 
15.296482931251367 6.413810090397157 -28.770127964648495 -15.763983331220766 -64.28727581871775 
21.23625808318456 6.285988152120855 -30.802246791696167 -18.015673911944877 -72.4666123326335 
25.03421751599549 4.5769826621097085 -31.69768108738034 -20.612400572204326 -78.77902585043601 
19.424042225519496 9.658628843779287 -30.56202414988399 -23.237084237680527 -80.20551426870941 
4.1495844473694525 9.814590581200479 -29.285509460473055 -27.144341061256743 -81.79785167746557 
-6.209204368449384 -12.866940906205668 -18.827018769594737 -31.231379350331892 -137.6898866497801 
-17.898748961940928 -10.008589757305822 24.040757940847996 24.140014270084816 4.969573766696898 
-29.618578049546706 -14.005159803545691 14.54538692357074 -1.8449949899053604 -1.9367384419816929 
-32.33366681435357 -16.722450540182912 12.638361591509167 3.876196296166181 -0.04736326923519504 
-23.182804459428635 -14.963701983694264 23.594414799530085 16.636419096792206 -1.8120030235200137 
-11.836083259570167 -13.642509952576523 34.475519667889216 20.155471732237796 -125.23275583179995 
-9.796015292261014 -12.199116874001854 34.2449527139127 26.05247106377924 -106.42173108856873 
6.1218966982840195 -1.931864957480165 22.685078356386995 27.14182638882886 -92.81640241043674 
9.941173068000301 1.8524858870583707 23.831609616930024 37.43994150460683 -79.91908433758408 
16.624844991009784 4.804657613654024 19.885716517026268 50.515529218199305 -79.66110637531143 
-0.09335062984745102 2.870994061822353 4.768584156845448 22.62439420471799 -19.428510303102282 
-31.905659010930354 3.0314096172759255 6.159418225851202 -16.31609793628336 -1.1534174586165633 
-18.359699305297212 -0.09595833423377555 6.14553795923807 0.5374046744253458 0.4510357644622867 
-1.2795670722386958 7.750111194334338 17.222690842739727 9.036476741940564 1.6928761039988605 
3.20688789328239 10.473715879963668 13.644806922651632 12.26977588440052 2.1941704705457505 
2.8060895554638257 7.791806943450153 6.69452398161113 10.095270238219245 1.7644255996338776 
1.7723593052739839 4.564067069328989 2.040210502010437 5.179374971791727 1.0449051028388845 
1.155867325806755 1.9550108857680903 0.4636655849743623 1.2303835767613527 0.5403437472947666 
0.5298239011370801 -0.8459241097887271 1.8635520414410662 -0.5544173267018387 0.37761382219641026 
-1.150642912138122 -4.58221644610214 4.519113714133595 -0.28356316936986364 0.4590430526698615 
-2.762424321687423 -7.936153373855739 6.4596175483026235 0.7377788776725651 0.6088322718240059 
-3.4199018620964794 -9.98262634645323 5.5285472952468355 0.0965540670034269 0.6056045068957455 
-4.528722201244245 -12.129483485121309 1.1182676862239502 -2.052868234719943 0.4041268455832036 
-6.646750188772699 -15.22110884465749 -4.975085937124027 -5.605545289928551 0.03629617329856423 
-7.43794476748115 -17.07121794434522 -11.694926506994847 -9.581111344337558 -0.4361329063085786 
-4.522228268630785 -13.963106775298929 -15.92042300877683 -12.11112356067778 -0.784574429836758 
4.460894205517152 -12.323478760880258 -14.17314472966957 -13.97056399501801 -1.1514934799894598 
6.380584820056733 -5.009166504070886 -16.703430016741304 -15.580414272237919 -1.3966202202286364 
13.446947913381788 -5.019503012375899 -15.563117427803878 -16.214776240829277 -1.2536358042371725 
-0.12431924662995471 3.698052819879231 -14.054439970637842 -41.680457694133196 -25.95186943300304 
-1.1184482521310664 10.136842585162999 39.561602034750855 29.089612072691153 5.93384997501174 
-1.591168429519611 9.924889493725845 13.162758377910588 -1.4794678295505945 -1.0187977614897794 
9.796943597190253 1.2264080096949326 -9.645858227575937 0.48630799226350135 0.25761114211886715 
27.972952838861357 1.5027107485499638 -16.752664490460724 30.888724918268256 11.50846091417626 
12.318912230954279 -2.6850685592240664 -36.016970105840315 70.13069529280199 -36.4452441115313 
10.791679091238969 -0.5331534118704064 -34.11077869988414 72.86551198081928 -47.47858193730661 
13.971786099150345 4.949522460037922 -19.72594189445231 48.82316579515781 -46.71509952413494 
8.051355416286771 5.781746354824409 -10.586742271906587 27.929422041508584 -45.963255545777194 
3.0006876139468686 5.691790546823282 -6.849608784153249 11.97276376036041 -50.12390565952465 
0.6066661632147963 4.666081567570261 -4.355324710112486 0.4525833261301014 -60.193499392354624 
2.6316333967320826 2.670593544679211 -6.435023476808778 -1.1318176558060855 -66.60132765481796 
9.285221883121963 5.040611091527693 -6.885687199029494 -2.476372536228971 -67.5722533892055 
14.532714174270863 10.594581767761301 -7.396233009761122 -4.011707669554371 -63.72155032853547 
14.720681726229486 5.363037033768297 -8.866408291383426 -5.717827810928722 -56.398672270664136 
3.880557997039866 10.395455013889991 -10.409914654017932 -9.103537031555755 -43.177069170144826 
-4.006521515395993 5.699797591451483 -13.93309108271801 -12.323582713463987 -38.09336916177784 
0.888400099999341 -4.605854814643452 -16.375109289882833 -15.084786809020489 -51.46396594317731 
2.8165221037243144 -6.0549161086083325 -17.68754926932575 -16.623456162988422 -69.81867016391111 
-0.6540793590301652 -8.524824741714774 -17.67178271481788 -15.670318439919894 -82.21812683442238 
-6.989048998975014 -10.998292271478444 -15.592780741333467 -13.022692380144926 -88.44598174172154 
-11.164837402517936 -13.639289590983555 -0.30309420201833037 -13.165586423838507 -122.37636960068085 
-11.115826839509031 -7.008566847859524 40.76628263529047 44.54874905603892 6.202432458665851 
10.014733718960313 0.360663561832965 14.867703208281402 20.94455299040418 -95.75597370348497 
20.045916360440494 9.776948428210222 21.514826175981053 48.2321237857565 -83.59345252749314 
-5.156378631364387 -5.144275287322233 7.494879090364201 27.592846854577584 -32.230110500743635 
-34.21747876666019 6.102622777750749 13.016609834032908 -10.831010391394695 -0.12704914543238083 
-10.156268450415887 4.810501526438135 9.264981689498002 -0.13432640570869855 -0.062340518726930846 
2.1300608332591997 13.632195855176361 9.243819663132012 2.629451385326697 0.9520469718264477 
8.606027106514055 17.60729544248835 7.44094741081926 5.744937375585891 1.4801903218584174 
10.766289085973156 16.2498691134483 4.7306776436755085 7.513676584770657 1.585488973961705 
8.118690313524334 11.534275959009012 2.205823789923001 6.894525097987903 1.2864421221513325 
3.3040791788322084 5.690094457344718 2.026240190085406 4.270711935587525 0.8681755054047532 
1.4390540936875023 2.9149449495824045 3.648573536599198 2.6483910154069767 0.6773018364737649 
3.270363245852454 2.389259663616226 5.702746212871433 1.7682481990789787 0.5970406542811573 
4.254692470060659 0.4364742654960751 6.123953010190847 1.1270793799821874 0.5839145959631526 
4.370028574123462 -2.4811152762900726 6.428312716295674 1.033317175598531 0.6327746435753117 
3.613903280746662 -4.479542149988834 5.339146607009117 0.7057557050429218 0.6591328265935312 
2.195260302495025 -5.552775341138782 3.416550653837542 -0.8430495157387007 0.5093398647431532 
0.09375231242588165 -6.86522420914501 -0.06906663262366008 -3.3818250671069694 0.2512777950410342 
0.5003120317389371 -7.824096876205347 -7.379602674852508 -7.907722519866404 -0.2828065176988382 
5.689470402524731 -6.252175830937078 -13.906066128823854 -12.385017528133519 -0.7627088822305136 
16.472571937796616 0.2584786946791392 -20.237141986243554 -16.328814485155643 -1.1921788369379018 
31.106622641880048 7.937304536998185 -25.517375611502587 -19.71727869907649 -1.5779916882999057 
36.83944438080173 18.924721888954526 -42.84441951375452 -22.657139724949218 -1.6317562974716626 
49.10019200832449 28.161079849691728 -42.16413924437243 -38.97452542865525 -14.64046487545559 
28.823096196067677 29.13045545093124 -59.57435025029512 -31.46811301242021 -73.04075912621617 
9.387439431524943 -7.381610119609104 -84.61718594575491 -20.58016400224605 -97.46104388885946 
10.760077494242395 -6.818365889667329 -71.30198059757313 -19.573389629492812 -90.36603672859081 
21.06319316637577 1.1679848286000454 -68.70902058675524 -8.60466804557578 -86.8451253816758 
24.4743621527903 6.183591264743673 -57.24792498059536 -1.8314736402579732 -112.21538438053938 
28.058553337581692 10.940768693792442 -4.254108864481262 19.637105211022487 3.210119985351108 
15.907526013453442 9.071842590000086 -20.47929707393868 -6.527401909656857 -3.262874708031807 
4.1840994478105165 -0.40499910418435653 -42.271260446654885 -7.863249201680863 -117.4267611890355 
-3.0393774032223693 -1.6804148084070851 -37.646527753771295 -4.998048413927231 -161.54007969641 
1.4557110615923037 7.690535373040389 30.913323302949575 33.45721229468466 5.966324162865606 
-2.1074038548374383 7.814187986879995 10.529292398502506 -0.7300365546051087 -1.4547617081673008 
5.7261848874679036 7.263446869786583 -7.356317119611037 -2.621284954616104 -0.05379545948040975 
18.279576563073533 4.361664530532948 -15.518071908015454 -2.7874339529920524 -79.7423214713742 
22.57124409059544 6.3561131333701955 -4.046620366286533 1.6401013440784578 -77.62199432362104 
8.088356551496043 9.87374481074614 0.2970501866243202 -5.168882365923585 -61.91459290038844 
-10.328628375142145 3.925219617131449 -5.5603294507273375 -12.504062550454835 -47.51384374540112 
-4.093036745635582 -5.708304327961861 -4.707427698322244 -17.592449218017713 -64.06878162010679 
2.32936259476166 -6.543965906042124 -0.6174047110230071 -19.96100482173758 -88.76979747685064 
-0.34716477582421085 -9.485852460589522 2.513739236438078 -20.59863380223001 -111.36845782075017 
-8.950550217639298 -13.14316312474226 3.895850190002272 -20.44400941630743 -134.4108618879855 
-17.283551192924055 -17.4053347672218 10.055745330073833 -14.86102686799991 -183.03939231434273 
-29.150303636764 -14.937628864549156 41.43625309203203 29.433269021960243 5.264586615327378 
-31.09654832489983 -8.615688982945667 29.079472407673414 3.941080552136089 -1.8076505025020766 
-24.21765783449051 -15.29032006896225 22.714080232184035 17.69364909652917 -1.2205373796394847 
16.95077517705137 -13.775190956443549 20.46365535290396 52.70249295637037 -130.6932463057108 
49.5718975602241 46.50240525339562 28.22461964045667 72.95603846909121 -109.68006593759426 
1.1474748415319094 -25.719817929187066 11.443178514863469 64.77162589909568 -45.302796626745284 
-13.322241111548905 5.983880451349594 17.644989951096164 9.918998233499293 0.8614823230618899 
-10.719263446614248 10.300081189323306 10.422786230652662 -17.7598635592156 -0.970537656425017 
4.275474011356496 8.365942328078553 5.128492026667959 -2.752243053894151 0.18391880203491034 
9.3293147635761 9.522665350507683 4.778960277369195 13.395866835969445 2.110582255403741 
6.5631514837491185 5.910167116752493 2.5513299390287045 10.323439710196475 1.6661567112932223 
1.523940367586554 1.1088486294355113 -0.8228929317277213 5.904151107505684 1.0253922411159417 
-2.3790423225345503 -2.378530050826369 -2.006009978478597 3.431387087985724 0.6968785797309576 
-4.891864094665748 -4.727204847790264 0.29011549714070906 2.1537685415988004 0.5877088822470448 
-7.5690311433335395 -7.202635253311107 4.06545218608442 1.5041785076674343 0.5869283806666286 
-9.617987721700908 -9.926380619864526 7.46052081701262 1.807953546274922 0.6929023809035431 
-11.17934998514695 -12.80706768139717 8.943165198454237 1.5447685533421711 0.7483048763824326 
-11.997756793494922 -15.38923142533423 9.1284117379652 1.1327277450915076 0.7556220731125924 
-13.146061106887108 -18.22058540006549 8.06475580419841 0.07736437794827992 0.5456487731900439 
-14.067915727857262 -20.82246029630541 6.964337754770656 -1.204485296609379 0.2880081160729392 
-14.169492905149895 -22.243541850343 5.85614259410842 -2.275009598190631 0.18457876663496736 
-13.245330304807574 -22.595768527962175 2.3748513358044745 -5.196565133762627 -0.05694057437592246 
-10.728295371659195 -21.598101445831794 -1.8061202718464113 -7.594219245806775 -0.27830183499789485 
-4.351834608578083 -17.644212343999104 -4.9699696227437675 -9.651853101183525 -0.5464520546608992 
8.02500729596966 -11.812976713499216 -10.616759372578684 -12.636056878216866 -0.9527774219960065 
17.442707503800666 -3.311490403738145 -10.738229693886883 -10.897344369965335 -0.8100912162482574 
32.03874328346846 8.664204948571621 -13.470225804723272 -10.245336676606103 -0.7072392617600651 
41.266464393445695 20.6551726555156 -10.785670370757439 -6.815250726138794 -0.20971772082080792 
41.63884786641625 33.52750779597697 -19.621848312468668 -19.759905604100506 -8.864710305846005 
31.511243973331844 35.45993774744862 -36.07300338230345 -17.46290294037208 -47.89063139700931 
13.432153215015779 -14.308388915860666 -61.33577298850935 -8.975520539198612 -74.8591569030061 
16.720503784582224 3.5414823184091504 -47.66576273801708 -10.271863360351 -74.6625844118236 
18.978337103842406 5.935379334948026 -41.960897580789876 -3.7037464669869316 -74.29376112761905 
18.3208818465532 5.217346427548255 -36.49236303912995 -1.627454383774991 -76.67324004392619 
16.9016188786401 4.4586479530887875 -34.17117371423547 -4.535540751169895 -82.25553524851796 
11.962730282275901 3.495997990662012 -37.58806104257719 -12.086405082722601 -88.97388554054116 
3.8029175223546887 4.0209996359131885 -32.20387581862482 -22.212004308790327 -135.0020664131595 
7.771248867998994 9.051811947891157 28.788467203848317 34.02387595496225 5.277882034929872 
3.172846257599406 8.859965971131434 4.645796714278193 -3.6080098178184996 -1.4800083121663379 
8.708664364910971 6.962618777381966 -20.0516788963184 -8.236606181710277 -0.7301116447030427 
16.606028372892183 1.1759645342756426 -33.02085304106108 -17.916474922521 -118.4141795345683 
17.088727554078027 2.489543659978206 -20.888891031645592 -16.93251723386957 -137.07610385292801 
10.400573372050138 6.270374227823637 10.126359954280867 20.167340005235236 4.097807912063846 
-6.221217426521164 6.649054795490745 -8.526165820802108 -32.48244394636531 -96.36882820546137 
-1.3843062789960763 -2.134425294128027 6.64486361112449 18.36741465638772 3.4080162301997743 
-4.120047534285734 -6.854164368688093 -10.283553067452676 -25.23155250973161 -93.2457761035219 
-7.675632821084353 -10.706190725076183 -8.254614427689821 -15.190215626592897 -97.86688419396106 
-3.3931019860804716 -8.19379133187153 -5.1524514719986625 -13.778877741540258 -96.75985639424671 
-21.205865709453 -15.991015872894705 3.750608379480743 -5.7216021570143605 -89.07295509548322 
-12.022553807204796 -10.996818273271387 13.191025395185273 3.581660415250494 -81.87165339751536 
0.7594917327190474 -3.023724920177653 15.642513028020083 14.342621291786948 -71.53046456701188 
5.391052083744059 1.9704619923012814 16.266295384636873 22.64153329267717 -60.67783952388264 
2.4523636705003695 4.630748943107494 16.306866183457362 25.300865078242033 -48.783327252998355 
-19.923024200719407 -0.12529349871978482 7.219188407464439 18.43974554290863 -30.859590945881774 
-29.54154523845481 11.466860615928878 4.134687759997425 -5.595151600646028 0.28755661301532576 
-24.26564102475084 12.96458152581923 5.715171640711987 -8.970084813035559 -0.20360839515516427 
-13.877187078215345 1.5024603368668694 4.560018562257781 -2.8486192927281238 0.44688628095579314 
0.007737426478910884 -14.935138185229828 3.104562579062165 7.251705525323262 1.4200472203981644 
-7.481591737103247 -4.2200297680109875 3.2409792238623694 4.60384377101749 1.0846375048408614 
-4.742262082985107 -7.4852120423343775 1.252039200760516 4.8459906934085 0.9739539747465845 
-2.922371144666352 -7.001033715796196 -0.24432957743932013 4.377714287451867 0.8327910425725128 
