-25.42881874387432 -20.458306518102116 0.12185001316614255 -5.129705644075715 -72.87352751016557 
-38.07671149782867 -18.869327299924883 1.675399403124575 0.6778557036639472 -75.70330745190432 
-35.71649622834699 -22.63607155302906 10.27434070510917 -0.7420364285432387 -70.23923708585149 
-26.436667140758075 -19.032337662531685 17.339564442983843 6.455059662101544 -61.61101011150378 
-9.707313004004668 -8.687008787257462 22.024276247146545 15.088904487802978 -57.23882610835498 
1.8569667588628527 -0.8526500746707207 22.92577727111085 26.53222948564541 -59.92772419056025 
8.86598881589317 3.2048729789411348 22.71309355237207 39.40303037856029 -62.940089165651116 
-4.736172150375416 -1.6617817874358878 8.512510599906019 30.924704473901382 -25.7075865678563 
-23.433410492170232 5.138271763000164 5.893350261718928 -16.9974877728774 -1.0542781383069493 
-9.212725412013109 2.3816873608792535 5.923355641676335 -0.7415771767859817 0.1373649160278003 
-3.8019949757342344 6.021682193051721 6.391081837392235 2.568365695745844 0.9549193901069551 
-0.6606704279888109 6.174052126430098 6.271805225586011 6.146700381919721 1.5217746544155917 
1.0175653844350994 3.7577741078559166 3.9774182351938356 7.979870330846652 1.6149523052927148 
-0.56882058117089 -0.029221273067557132 2.1866346000665438 6.526648601097144 1.217875192752978 
-3.45610603345484 -3.90762599921185 1.5307680305413167 4.552566731315872 0.8138136603634821 
-5.130198082949996 -7.225265375629004 2.3530398587131685 2.2071430634527216 0.5723789361387986 
-6.997061173426839 -10.649602198861817 5.166519361750241 1.194402136177421 0.552058732162127 
-8.832241069165004 -13.77608327838188 8.160022770508181 1.0257095337647828 0.5925937068570234 
-10.607886596780748 -16.784988050270893 10.171803697518747 1.3370046558843354 0.7140572037142239 
-11.778945482525813 -18.87488786541046 10.928700306290292 1.0737483577765168 0.7084545183727354 
-12.686823381929074 -21.081691160528923 9.831923899151946 0.7112618556028261 0.6565697021503544 
-13.729440364236261 -22.38095974522852 8.448246314612884 -0.12320207362805626 0.5621772217664942 
-12.577015435777271 -22.857557163781912 3.6375646334837266 -3.137052133159114 0.25782134437926607 
-9.098185775515725 -22.348702329440126 -3.7138576055795975 -6.78903531713385 -0.11238466588645933 
-2.643623905667319 -19.45773967837644 -12.553721554281672 -12.136440717071562 -0.7901659339237289 
3.2397819540497785 -15.379179489523764 -21.31448980061443 -17.31049732224024 -1.518544164400945 
10.726855995116306 -8.482063209252642 -25.24754897589731 -20.762694300080355 -1.9514633903893335 
19.916679717135352 4.042170859913736 -24.069659369416456 -16.540349173351856 -1.2628288302157715 
31.22874346318551 16.299755663885975 -21.701289398262887 -17.321384582552998 -1.3768646423603605 
13.145512298743004 32.585224980546165 -33.65441498185107 -45.74540229062349 -58.22305537640558 
26.56890096532412 28.868539257325192 20.189469967252112 28.563851910655533 5.37438303388682 
21.329688209567095 -10.353630548565405 0.0933600568304082 4.5460105380139915 -0.23215871647078692 
15.268089318264336 4.367836214590399 -5.78359428091183 23.27342314736006 8.459913963779034 
14.942570850428341 6.459913309518813 -37.927999379175894 73.00800729340773 -3.9730960353059395 
7.897310113023295 -7.899261400179212 -44.550547197153804 67.36534582488218 10.370727524606723 
14.508550289709463 8.03843853721255 -16.720871436152134 29.7848042999735 12.40896102151071 
15.27696568548738 11.81395362734726 -13.731433762206827 16.438052758995195 7.531465398250348 
15.06481209872655 10.037616502450495 -17.317513945402247 10.326116329540595 3.3637131109964837 
15.74169699126638 6.134547183710646 -25.17394378708733 12.576303323999602 2.5944089213674792 
16.55130081691209 0.41170358589767153 -35.74593953510971 12.414823521798693 -3.209464094508906 
10.70614595692311 -1.6278547660206573 -33.28327627543471 -14.663184109758912 -39.343897933985524 
0.5514315946778292 1.0959381872549385 -16.3146706651677 -48.14439201261494 -128.178076535686 
5.060733316999916 2.2544833066783894 -28.32843879859694 -29.8332769582777 -100.74889879264408 
10.153257940500193 10.33522686925664 30.78911504351364 35.43050070513828 5.072125350698069 
-2.2933080002701107 9.555112852809495 12.867706631351899 -1.4687284873028517 -1.017293204448619 
-1.1399834576550332 -0.6708815183743772 -7.843386749326521 -1.5577780226136522 0.884462563524523 
6.226967148164042 -2.7016846825165373 -22.99886821834799 -6.29051381502678 -15.378480263834314 
4.569356436944147 -6.361447737314081 -17.333292116927183 -1.0940098469719475 -44.30042433887431 
-8.574550879234502 -12.008531649082899 -6.295431878369658 -13.92431628679811 -78.21074103817348 
-22.15085687786968 -14.33718594269652 7.936421094100166 -23.081754606606932 -117.10429801729161 
-13.033758729133016 -11.857274934085138 13.894440235474278 2.2579974977242503 -101.22810027520082 
-8.022855244126985 -4.791587775917937 22.471683904659653 10.937423264742037 -83.36217200174585 
-5.76190109337002 -0.7036494764981994 24.264782423783352 14.484611395402363 -73.02834368421236 
-1.6556183927314059 -5.924436265475814 18.92827785959126 18.68443399039698 -70.98752617445761 
15.493550284069052 14.004278970018829 17.569078635868017 25.298313612522463 -68.14356630828837 
8.658213333735896 4.333354240758395 17.375352726900452 33.66270086921626 -65.61798867793526 
-10.732024490474322 -21.74355970270039 6.676799258081191 34.770972793849324 -47.75954527153499 
-32.04575168613975 -14.681232084410066 -5.998499781857567 -19.975749118010246 -1.404152828812756 
-24.878620130701144 -13.40676637785696 -1.4109087895642545 -3.458168196806629 -0.03404722121443024 
-8.165765227772338 -3.5293309982827243 12.09166481529529 1.3081344334562823 0.7886676652254871 
1.036338002468778 2.1926081730667835 16.37931382634443 7.0887976032448465 1.5056590691476102 
4.497377246505637 1.7929678234432123 13.581121594919043 10.39566529715266 1.7793383836388055 
5.611273534042335 -0.29235588730627826 7.279467735424391 10.231495245432793 1.514806387724085 
4.567465677164559 -2.8768132858939945 1.3609541810372274 7.345180437555195 1.0276663160343447 
2.041151366223396 -7.0489868259528565 -1.4738269958425267 3.3821076934120855 0.6144159392980307 
-3.1647927673209693 -12.308688542651714 0.4521555614559704 1.0878665068889612 0.48272558066014376 
-4.636209994355932 -15.836913674784496 5.421551555241644 -0.32915367290387126 0.4315146358034962 
-5.963949199923759 -18.061812302914195 9.457778765667692 0.48759388622843375 0.6372692912543892 
-8.129294906876218 -19.57103551303339 10.586644259810603 0.3929347041553292 0.6679992554788259 
-4.608820133150397 -16.654865589673534 9.299269446677044 0.02184956074574984 0.6091430926946391 
-15.509731165271369 -23.081963503109428 4.8609386562748815 -1.946147385996068 0.3541177750369398 
-16.69000023817387 -23.08805584209134 11.888010564033461 0.5342258678610831 0.6144935216012496 
-15.337295662366294 -24.04900814644165 -0.7899805261895949 -5.5430892619350125 0.043589831561831875 
-12.017569309777715 -24.178042322418793 -9.841070444781039 -10.865535833470629 -0.5443236896735635 
-4.772166205302342 -20.65385870776344 -14.489585798320347 -13.639615726083274 -0.9048473670256985 
6.2218268860124315 -11.782327927007383 -12.408745235640543 -12.42653687929562 -0.8539340057275355 
17.93130019403348 -2.720635013210526 -1.1893829310510113 -8.614488678255007 -0.6781148564214126 
19.9164765116499 7.412472228971265 7.30972055542831 -4.08659263271193 -0.26191197738038446 
18.71166149359328 14.94806330977423 12.201305142344996 -0.525119467539589 0.23223933302599722 
15.472559320810442 15.455242971763257 7.454504086854492 0.08486076204202772 0.40645520753570125 
16.039378930112374 4.248712442143245 -12.201517298283216 1.0993537181763267 0.6546031605556579 
22.121152020933962 7.041877873648027 -45.32980164568269 22.030761984825766 -23.523623589446693 
12.858204832947568 -2.2613394854608577 -56.30267203597289 38.100493318111695 -37.11031153932221 
13.10915313355419 -2.820226286635023 -44.27453156605935 36.79028427355686 -44.323116241777704 
12.074458170494859 1.3751654070347819 -31.923432222531957 23.0754829735355 -46.291039310854885 
10.747724317163126 5.6908582389965146 -25.617592450103956 1.1440969181674758 -52.66631809954339 
8.239218230584923 7.55458219833897 -24.66274619179177 -19.367610025352146 -70.3507753912122 
7.680052346972408 3.2378326428523363 -35.06950464580706 -16.751747315901948 -76.72565577661038 
5.741545310153763 0.6578549159479508 -37.1462487248778 -19.22616685494727 -80.35722980983392 
2.723778004494786 1.1661694288309397 -28.054607653386753 -27.175936951595354 -115.93458732894759 
11.509462559658735 7.530259793569507 24.323967457316876 29.710894230083607 4.9539811188376826 
9.482549593742947 7.798883236281625 8.013604007706665 -0.8566370205497753 -1.2715892835348315 
10.1762999719844 6.778680218930508 -7.3268129188539115 -1.8857826736685979 0.018223448914500312 
4.442895084387286 3.6015694138959162 -15.890462002729233 -12.902577595907772 -73.00974076790304 
-7.093845776596224 1.5971330242689747 -9.775595040347755 -9.613684465228944 -75.93185989461594 
-6.441980714841305 -9.61590438314223 -1.4157172704165268 -11.800130618298631 -89.0377209788693 
-13.055025000322766 -11.187271415011638 2.316760629973669 -9.883100374201137 -90.06600860192677 
-19.26310095473066 -14.353264355352435 6.6716135082615535 -5.641837319279339 -85.75616670374414 
-21.837763241980092 -16.204154617228248 14.496409609042473 0.9356970502373871 -79.1592392114831 
-17.034788271565645 -14.44867059428032 25.15777975373391 9.124406747908642 -71.7287235815947 
-13.589993023904391 -12.383064452577775 29.08351634806688 18.512878042402964 -65.27440905949445 
-6.149523442005159 -5.943828348919947 30.97537443789218 27.012909378582492 -60.57798376359197 
-1.7669384801993469 -2.7830105921059816 30.630455292248865 33.98110584993808 -58.79413802378841 
-11.937266116668095 -11.400682911705518 19.14048304019215 31.98871788899073 -51.95374725380489 
-40.025472916455776 -7.399457047723935 2.25454277967233 -13.74473109391321 -0.17649650924899077 
-34.04171091095636 -8.826815472463021 1.3774881998357535 -4.428273944083121 -0.5932169884756324 
-15.680513968213129 0.527385705138238 15.041169403590679 -0.8617613101183991 0.4358540780190478 
-5.740702989393359 8.442418494906077 14.654767120360798 5.853714328110754 1.4153989793282364 
0.6507877153613194 8.897744745630012 9.974954292783002 10.080706465861834 1.9691635271224661 
3.235523745006062 7.043362748928101 4.749393930305297 10.124508787455527 1.7154705333375895 
4.232171829548666 5.640927000551791 1.5083581710219378 6.792462739787876 1.1196201454387535 
4.059209817286554 3.9714417538624494 0.467147533129851 2.890287170753161 0.633614814829141 
3.098365846471341 1.3854049261549668 1.819216155476044 0.1804272376113119 0.4172322108513426 
1.0895000289303955 -2.6059296136911025 4.326401292184874 -0.4074695050083429 0.44596312031294016 
-1.0914283905921665 -6.652216587713135 6.657188273915478 0.36670929429082433 0.5936962976480605 
-2.395537445656387 -9.265631165474037 6.795352916767057 -0.003052567606642629 0.6335153915205799 
-4.099254916800186 -11.671496451782405 3.9180031057030207 -1.3119387395985607 0.5185916581244253 
-6.982353401202665 -14.924085235420835 -0.3024849615952518 -3.980887368972776 0.23573145604103707 
-8.92962232677596 -16.911142526191853 -5.9206728265190085 -7.476823728907545 -0.19999504617698788 
-7.6280685228203575 -16.35898690341394 -10.77991504629621 -10.360210755685896 -0.6061625343203946 
-3.175126674801114 -14.03011249637352 -12.743334880378645 -13.88462119218983 -1.1695617943763705 
2.023524146027616 -6.567275232614159 -15.112819415971048 -15.388381648691356 -1.4247818769601737 
16.117281349213783 2.700050294483085 -6.948727682671062 -13.9761384136356 -1.2520886299517862 
24.789729438727086 17.184784084468923 1.7138830270685839 -7.9384839457215 -0.4168209122606194 
31.021307265109456 29.86754036825623 2.39442232534319 -4.730714891986566 0.0689979658833858 
30.6832564458806 22.205249526851762 -15.44239860533583 -8.710949272853352 -0.5035265135879187 
14.37050794501174 -7.803488577875807 -60.36220185495324 4.575916349666797 -64.51541897739462 
7.396101135475473 -2.0395107512542574 -42.32082561509308 9.954549489877296 -92.24602561925026 
10.650152811330694 1.001813368103968 -24.88795293175633 17.28333298946856 -99.59534697837823 
10.308543182251581 3.326535098479221 -17.517499086282047 15.73182949632512 -93.04602248474214 
8.63916436461491 5.467529367210865 -17.019895602014145 8.841943586207107 -83.71503768970763 
7.024622933560598 6.629388760238626 -19.38221139887252 2.221836658486331 -76.14736941812717 
7.902695161994681 7.082895286197366 -21.792207415519687 -2.443840799868758 -71.75984798356966 
10.344736781270791 6.492886167214876 -22.298734695407823 -5.633832466918595 -70.0547586398922 
13.739148524474334 5.756213375072372 -21.72718213281496 -8.152683399082274 -71.1321007732317 
19.078507342332575 6.301318162066693 -21.427413118788465 -9.62750024452898 -72.89919125339175 
23.314408948990522 5.350514003008852 -22.493582088559766 -10.97216483254825 -74.43671401012118 
17.551049418427233 4.123739365940471 -24.805689735072974 -13.847558350595403 -72.52260159700747 
-3.7762234954568292 5.683569167429416 -28.627648592949758 -21.43555487688389 -62.67854404687531 
-20.536969934030093 -8.993653560473513 -19.37681937482065 -34.161665227142805 -119.87394758594904 
-10.248837976016592 -6.505261066083612 48.74153366285443 44.609718878402475 6.9071279923334705 
-15.30098391953216 -9.243086183273602 18.55677496662571 -1.3002976112333202 -2.0388389504337554 
-14.033684688508245 -10.683073487835765 -1.8457459470484343 -0.6141541018420863 -0.9043430202303271 
-6.1358289830887855 -10.874552716663121 -2.9566673385429825 5.88971440717522 -110.60932892044501 
2.5854026107959616 -7.813278077599263 17.36537587564545 15.60209064507258 -105.84698071426318 
2.51358729467121 -4.691652992288693 25.869617416356455 23.581542936138607 -98.66712462037091 
-3.095704026091737 -4.3944681473197456 28.339368176291295 28.808785741957205 -108.61583802693696 
-31.86765527339541 -10.166018709062163 31.438014816276265 26.463930356503287 5.1319630665380185 
-35.3692204654942 -20.529564293238302 6.575007977982422 11.308551439725411 -19.877351456362135 
-51.582945819626666 -2.7046053052893644 18.940587530174668 -15.40632472358169 -1.1452026411329321 
-24.081877731048017 -1.198136265259967 14.91505076209821 -1.7763382588234229 0.29925741274412015 
-9.544693725496385 9.129279992438095 11.95246271169676 2.9293719480881055 1.037048426276312 
1.9434037719779942 14.663355247061096 9.999089852791421 6.445176206450159 1.5552767805305638 
7.577096525478554 14.388038203675322 6.6363523749607785 8.328279345488042 1.634636801764594 
3.194727355704954 7.540938875471831 -0.10029154527205297 7.57197970251399 1.2657341908234756 
38.41825158787694 27.90806744741431 1.0752588283997804 7.714296773402929 1.2025635964272323 
-10.714681548943355 -5.122016286848801 -1.4826465582941004 1.067966182061637 0.43971783370930595 
10.52708869208019 7.281471135229519 6.6012747370765315 2.743238670869599 0.7088683615933755 
-1.7248151556213789 -2.575697332522164 7.9907655033233445 1.2967959280902939 0.6162010524501296 
2.338726918636434 -3.405677693464899 9.871705938580785 1.642422943732332 0.7405891971112801 
2.582747520887414 -5.204111086505168 8.006187728841187 0.8393670838515597 0.7228146039785335 
0.5573612641524895 -6.990896423758112 5.657953126033691 -0.7978698137162789 0.557742786329165 
-3.2396659588393493 -9.352748879752744 2.8393822951890515 -2.91096325466934 0.33385419561785734 
-5.428103963470406 -11.65280943525338 -3.130213314808901 -6.707672623195663 -0.14605631422024384 
-3.169893341187021 -11.547755420054278 -8.13846874064144 -10.403420042369017 -0.5767375940331606 
4.241015074309586 -6.766675815901234 -11.510408023891916 -13.312173349454698 -0.9549269662106924 
15.846901555920676 0.36570569269273107 -15.688833065147426 -16.18500643562601 -1.350890516196454 
24.240113830615357 12.512720627302485 -27.892250106555224 -16.94531353057011 -1.3244084664872358 
47.42817449952971 24.29154255169164 -26.347115369885625 -15.670329644620047 -0.9514667170242261 
42.64772346243226 39.149107810991794 -45.361029498881 -38.63953076405435 -32.8138146672345 
28.123163478134686 31.6811997291825 -68.00293616060887 -24.07077177662445 -79.69186768601483 
21.58503449938881 -13.038908390834841 -88.4213667520394 -9.944732283109447 -108.23647744588536 
20.204871250682245 0.7661155469464348 -67.16881636969606 -8.334094803156223 -90.98407441701231 
15.231990799933014 2.4047834633567704 -52.86929760947749 -5.339699583000195 -63.24313487387902 
4.977685664009916 8.032609685399901 -18.091544017783487 -21.461273759510583 -79.76375661892904 
16.522957048616476 10.977912606480325 53.77970194812427 67.54884222231642 8.556537828962362 
21.531022722178697 10.785762316314274 -24.442462121459055 23.343909331897585 13.794400635365255 
19.962053229664072 8.310695696179884 -36.481940437410884 34.964680868716066 8.251907720525288 
19.506523083681014 1.0484713950872142 -44.099378039433205 41.23641883864019 1.6755638872335048 
11.551686820973362 -1.1682122907542944 -35.707761060027764 14.712761344621024 -19.447069714653296 
-3.8986287137129967 5.652845584265752 -7.926329424160322 -38.3216568214457 -107.93943589309677 
6.866234292574404 -2.8524188800125505 -28.686271298547027 -5.060514740039455 -69.35268496728969 
2.2316883165506765 2.288822475695519 -11.909170545822896 -26.843643575750797 -75.83465154964607 
4.089554894582595 9.3501307124188 53.56326248287891 45.99633759257695 5.818458377417616 
-6.121954149526514 5.125351238926044 26.506185411268255 3.721080298224521 -0.639916192027693 
2.606838762489266 -0.7194330120857635 3.2048913830591164 6.796856964820397 2.827199023389765 
10.299014016586787 -6.1063545442960905 -17.734967602609906 21.52030499560888 -7.329602733047685 
-1.0052019984502054 -10.938190027125845 2.164797223690277 1.803867373706544 -55.00878430494573 
-18.611970663609565 -11.223412264596208 20.78942280081248 -21.745936957322638 -110.52803468003435 
-16.427415254281758 -13.279107667194923 19.01752682822838 1.7558816750374764 -95.82000424988382 
-18.154494948215746 -9.785267356318764 24.153190725083107 8.629763472702273 -81.02573080575951 
-13.3402703800482 -3.938684637470577 31.062325662168067 17.993984949089082 -73.20912992064741 
-9.084394575067696 2.2143309216182603 40.257240292040755 30.345276858677835 -81.82899585080429 
-0.6638123651149955 2.4066154743507244 44.60190689463758 53.954604788083664 -126.35110058950899 
1.9720300614403163 -28.28995540362044 12.658810087968352 53.37861724777444 -77.36240066454776 
-55.04223554644012 -14.744992259252172 24.255229826127554 -9.045568604772582 0.12725346685517308 
-34.876740405692004 -18.116233328846103 14.168510948638966 0.5028464190508892 0.047563202225699215 
-12.348125212229693 2.1560423682551506 19.52070016471536 0.29512778995594763 0.5860528626008248 
-4.588066267264538 13.439729447467958 12.024424902684709 3.856606999518981 1.1461196854154552 
-12.644635363409954 -1.7085545839968646 9.768063589610424 0.938935015332378 0.7963761188718278 
-40.95350827031005 -63.041952955905195 -24.76949247477104 5.402469248541729 1.0167484476841375 
247.3142848280972 168.93508993106397 -51.28015746768132 26.777214279568224 3.4487095654896307 
-50.19161203313422 -69.32666888039304 -1.7191727032627837 -35.24488057018021 -3.3831325191851946 
-44.01761182221992 -6.81760142625658 9.490892797747456 7.401771387552729 0.9951566004191329 
-26.337623206693895 -11.766747200802802 16.491039508832323 9.981071423671654 1.4492907951493392 
-18.455842100791127 -15.75965210625313 18.014702820808512 6.378709872719487 1.215212661726412 
-16.498380038246953 -18.18918986211147 15.20576219052444 3.280398987723084 1.0261542672888804 
-15.626595669109712 -20.586772679450604 12.004162083744616 1.4969761852710108 0.9360809895930999 
-15.946691679185802 -23.371466887137032 8.682537278943741 0.22694055391729398 0.6274980709594531 
-16.801292590782968 -25.85476339454308 6.571381356473524 -1.3752430089543515 0.26016067666807097 
-17.106314689053946 -26.965733173387804 5.9854049264915545 -2.7927693293964317 0.17002085636474104 
-16.822101678039953 -27.154184762067676 2.8006342659054164 -5.352317079362853 -0.04767144165789808 
-15.436948961963322 -26.344010960459684 -1.489308927622805 -7.6244964620526705 -0.27988367805622716 
-10.322827260016654 -22.7593495698044 -5.118961655357421 -10.234524891611105 -0.6453696535214584 
-0.5942668416325795 -16.73525068236988 -8.840374150978116 -11.818182559732419 -0.9372801475263687 
12.606888486589488 -6.85556216834165 -10.208652625877816 -10.77173345272698 -0.8892383104573371 
27.32032199236716 4.462748256154508 -5.345588849084827 -8.218607105286317 -0.6807142855659162 
33.20579998332603 17.884629619763466 -4.807122239378944 -5.3616029420075 -0.2341443990418642 
41.33373480128353 34.35602421031998 -8.337836884941158 -5.459498534072362 -0.06228140436396335 
36.62858410560551 38.787796254171916 -24.960411593730857 -19.756154894103606 -19.549448091436084 
9.351298717784514 -15.258037887269793 -54.74836157143005 -3.6948228991700898 -65.14198439121206 
12.750066703552774 2.214542765315155 -38.828296405015514 -1.9159721422358034 -81.76276557142123 
13.885077368976072 3.605623106702207 -32.227078975766815 5.343351346412226 -82.44630717206365 
13.750822197310058 3.9860764898916385 -25.498142859875635 5.707334178550571 -77.03615094295183 
15.55154988891292 6.652618886321593 -21.499288275356918 0.7179468654079447 -71.5576628478259 
17.109875944994148 9.218823526565645 -24.023019339584405 -6.1952088127878655 -68.6251978876746 
16.424177908359738 9.211481233301223 -28.31978370558838 -11.747506085113939 -70.07384978222183 
14.6903356835777 6.665578254150087 -31.827986759160403 -14.98555333367593 -74.85781521487817 
12.531919299613007 2.95214246640376 -36.798380043010866 -17.904034743054755 -81.0912866884939 
9.653715676631855 -0.49852469907913954 -41.10940084480048 -24.078323025794035 -87.23018713852396 
4.16984947860866 -1.4513338249347623 -31.616600805701513 -34.64355292090424 -142.52592188457842 
11.064217769375192 6.640970914029952 41.08673960674173 44.072633484321564 6.939419978908435 
2.9129308012972928 6.277027766148192 15.154486150665864 -1.5460394656765355 -1.765042179611244 
0.71366773925359 3.915017181202305 -8.461081166721744 -3.9013695321357202 -0.20025909907945647 
-3.331175343180722 -2.658893735709572 -23.222340638831977 -15.63687558615325 -75.06365794767332 
2.162748628620248 -5.305083791111717 -10.937870194843574 -13.684320854347119 -94.91203316186667 
-1.055005126637593 -7.365200939597956 0.08095314317667116 -12.836312354525862 -101.56406566114804 
-10.379417435070573 -10.311405712338424 7.3062845797538625 -7.5602984159699735 -97.72836235087189 
-20.868563567453766 -14.849139981722066 12.44966996537262 -0.2085192763635591 -87.86208801832186 
-16.8648924622177 -13.078892026043333 21.311152244370632 9.175446035217714 -76.25155861083215 
-9.290380621484179 -5.081422054196916 27.022912922858403 19.352927445655972 -62.931091566976704 
-10.670714559962375 -3.4516173715245735 27.043593247786806 22.84351051499429 -54.32029100553953 
-17.570474752231892 -10.354004883613992 12.717191272226769 25.343699702147855 -49.76441296818279 
-28.224646455775826 -7.870561432910025 -1.125383590326383 13.336186494188867 -31.419764639210733 
-38.894056729082564 3.4641459745814474 2.3606261002220372 -11.574802563281944 -0.1464264002379229 
-21.77274852447952 -4.80547645573157 2.572483228577396 -7.484673777824816 -0.21199433828885406 
2.5722982703595028 -19.219770887715928 2.2750930797657856 5.426152895487214 1.2190565967448284 
-9.331089499212892 2.555684672237687 6.4183811354408 2.0590943357772984 0.8883895455876096 
-5.1856425971492355 -3.9791914671889566 5.879910035341971 5.795853833282663 1.1746570159998684 
-3.2509824274846477 -6.5948675165240696 0.9332494613326661 7.505092104882759 1.1933189877090582 
-2.955011723714401 -5.40862057547089 -1.5442121012041772 5.378316242497279 0.8902055982369732 
