-23.722111503187786 -18.753882377368683 1.8168608089699707 -3.432298864805791 -71.1448392128855 
-35.57493369579718 -22.38680215884073 0.27338298769628583 0.7643777887476421 -76.99850652139943 
-34.63054957182275 -22.29472926474466 9.383998774538743 -0.745047340000309 -71.11780520149681 
-21.342561655670764 -17.494631018100378 18.158350519296334 5.7915489596751 -60.44090340850662 
-7.193263782546559 -7.3490792145461175 19.230248360582422 13.884538864521 -53.77294144059946 
2.620030027254373 -0.7009887648979434 17.311607120658635 21.11091404699755 -51.73617653142319 
9.649634678379892 3.30798824077166 15.782560254732285 30.342067490149617 -47.469700036112116 
7.084752589167107 5.255143068988162 13.887981583281979 29.59896001351316 -28.596690942534824 
-15.127284075382297 10.463829142865665 5.736771938725569 -11.499990694528424 -0.6256563231473855 
-15.036580805961322 26.603742083730474 6.117771552986099 -6.150756071686563 -0.24317977024204518 
-5.236436393758031 19.825022879336252 5.270683003270269 0.0799169670331087 0.8040104677145994 
2.2071580149404855 8.580004356573836 4.603579155339924 6.877322365902543 1.6151564427298344 
0.5351458953044146 3.5135013540276803 3.9438686011688358 8.213488890597178 1.6173102123809164 
-5.85635693581204 -1.20065024942039 3.4735494819546795 5.523228596586804 1.1157304101839651 
-10.531152261963122 -10.024574051656248 3.392621716343341 3.9508536181016187 0.7892653246249474 
-15.474614329977651 -15.525720517321618 5.752221679281349 2.6377079803063173 0.6486751134971336 
-19.24533794970685 -19.558171434386193 9.216241906668142 2.2336604621346665 0.6594008461211889 
-14.812346814623616 -18.497040805850787 10.49571915812252 2.0185121438853213 0.6878966952083103 
-22.548534223207653 -24.505308585201508 14.76249178989587 2.942836386649316 0.8517778599339105 
-21.128096044946894 -24.48375051796288 16.35961784491844 2.941222224297128 0.877532676965737 
-19.084929016608942 -24.638728883024708 14.300206052409724 1.9103262790336855 0.7940954241548736 
-16.46670356936718 -23.36974113386584 11.738660185552446 0.41576160398423995 0.6765826850470086 
-12.264827344244768 -21.09420622423565 5.891233958135609 -2.616284849301839 0.369835615657085 
-5.18952769007514 -16.770316955053815 -3.6080817302640487 -6.889329572394596 -0.09752165243239533 
0.378551686144439 -11.988236623534338 -12.823663902117211 -11.921743943206359 -0.8174623940945412 
3.7548062874124515 -8.008896045866862 -22.201646908280885 -17.174995862604217 -1.6429776775776324 
7.987435384214977 -3.9261537598024545 -27.026287662369477 -20.000332079148606 -2.011950936835002 
15.899157548862796 3.496898816925126 -20.063313344935352 -16.439701371820362 -1.4636779783521823 
27.418061213405693 17.97884618495099 -7.140410255564357 -8.604902926185392 -0.37777422473110744 
38.640732852745394 36.40666700787188 5.528702133823882 0.05500043851522364 0.616417868332976 
43.8800003580514 51.84129940160832 12.075191892265627 5.7171863268433665 1.15394047254021 
39.01691045017829 52.78807796111924 -0.09149724980003707 14.663880626197042 5.406498456478722 
23.022128857381976 -3.042089992372657 -60.64194786472082 67.05208722676977 -2.306277295704875 
7.412989309084529 -5.243149935397212 -42.71643900639478 52.10202464201772 -7.079089706472429 
7.455860627629384 1.2768282479743591 -22.682522424465045 32.303884892062015 -5.660100005638805 
9.35905151708795 6.581067701457529 -11.966672653155845 17.120023347378616 -2.239184672730185 
9.403915986512839 9.585555048209617 -10.562667355557222 8.884978581469316 -1.9927854826115594 
9.089104982304933 8.116114715976954 -14.503013485615494 7.717374761309595 -3.462052521775122 
9.743434370637955 4.201829693696616 -21.043436142153947 11.960499944258714 -7.174241576950584 
11.80761841306038 0.08453032668012163 -27.239880466908556 11.194492071428988 -17.468808817311647 
10.932844365979307 0.8611809585058745 -21.535331932892273 -10.340182485569208 -47.47386413423484 
10.766585554502871 4.611314703700452 -5.525871608686624 -33.06747956346249 -111.60001729138935 
19.065656309971047 7.533946188955212 -20.361203575957283 -8.503652971116875 -66.67208180898092 
13.29549339988429 14.355013469515356 -17.92975244557346 -13.794522948943209 -33.74919232713501 
-1.4085369579061386 12.070148257142959 -18.324069775256223 -17.480252957818887 -21.54774628938381 
-4.215833170770911 -4.338934288194748 -18.08607040306525 -20.455007271128633 -31.91051043083676 
1.3336947942334516 -4.13989001261496 -12.376233521957634 -22.8824763048643 -59.634146314939755 
-1.4258629761003974 -6.623093038966732 -10.982435882888492 -24.31973859622246 -80.79457172348816 
-7.204725128608842 -10.841617165717645 -10.261768900678577 -23.766642503779394 -96.06520581214725 
-11.625281520035184 -13.207621257876712 -8.010767958172742 -17.65966890159868 -103.33581638773329 
-9.145087186739586 -11.0698287611493 -0.21474191784012348 -8.230858089835042 -102.687846982953 
-4.2077249594781145 -6.433672387143765 11.623460708866574 -3.6409285450654716 -117.9857470347986 
-6.553953994610975 -0.9459407184923381 28.455822700167282 29.923416303752017 4.059015509725301 
10.92951699416174 5.964973252844725 10.792705276319378 10.700446318022722 -91.36518892145337 
23.523533681749342 11.020116281015884 11.865535574029645 29.98743490401919 -75.50978290039565 
22.7157636286132 9.906312989237565 14.444521454382594 39.89190176600798 -67.13025334051832 
12.954287106127572 5.569885332490118 17.217355732416255 45.0481078813036 -55.982767290240496 
-15.177566899118291 -16.119310083834833 8.77110324229416 24.337711949935724 -10.560936210253148 
-34.007936802404444 -5.266635820778258 4.052832556399086 -21.758465892761773 -1.2795170884390668 
-12.74345940815574 -2.291072122535265 10.54889462065001 4.237707142722558 0.7858972496329169 
-8.37775240535342 8.686558088116582 16.765890583951947 5.695282368542175 1.4424162180417408 
-2.0050180270951996 -0.06998497712448014 12.39562556150485 8.091791454008826 1.605502743194722 
8.637940324430955 -16.33893115351335 2.6569714804288624 14.049845248332586 1.9334256722788588 
-1.6557141001125721 -4.053655904607909 2.3699346825742897 4.854685188819417 0.8364389678098934 
-3.144602984881673 -10.749619537125755 1.3968817169806025 2.286471969446813 0.5488346837587252 
-8.153000428704116 -16.750608539568265 3.0768382924834796 1.7585368918215276 0.5637611491327279 
-10.541663958609938 -20.589642916179443 7.680800830847457 0.7078964174766418 0.529783546755076 
-11.922731083263523 -22.519302812019774 11.141460553879414 1.3688300014654542 0.7144331468158337 
-13.12717320554195 -23.265246730091977 12.887562177812823 1.2916025585062858 0.756410604526887 
-12.91608531645317 -22.073907676059473 12.86932783560048 1.0644174845403804 0.7222871094010895 
-10.489186956303309 -19.678804277839316 9.381875959178013 -0.3321822568016012 0.5960264984677418 
-8.024492136875661 -17.682632745456498 3.1976648799815566 -3.319684237043558 0.3023938026046645 
-5.542239618808095 -15.291463916437586 -3.9079363735636194 -6.588975383027954 -0.042646172172033044 
-3.385943669454892 -13.025574264172084 -11.3407147729664 -10.533096585789341 -0.5686574601475402 
0.9687314165151842 -9.5011073204846 -17.81435704533529 -13.600144289805787 -1.0398584314421624 
9.423233557271974 -5.71696791880928 -19.483661969429154 -14.689095701820436 -1.2456843298596678 
17.384926498949433 0.0026710379540459176 -13.587765213192956 -12.597579691635469 -1.085914487335023 
25.886376840945637 9.162411675934623 -0.20219162986832717 -6.735175939190095 -0.38916190503942 
28.946172054211335 17.705145670747747 4.65242163571219 -2.2246386917343024 0.48663734192028024 
20.60632600013635 23.08766437543431 -8.86918130383708 -4.405979839824856 -22.598388655400157 
16.05891574207985 16.74943386299124 -21.928848763569675 3.9960177965288235 -33.26052579203292 
15.823548269779598 6.006651488018812 -40.596891686144545 19.88065202505349 -36.58739251267305 
11.698405300156216 -5.264604244434183 -41.60190786729822 26.399593153307702 -48.20266970119979 
6.092487925240489 -3.306589407403836 -34.11783740407437 24.40389840780008 -53.94915408185874 
3.8080471962810023 0.7405471929719167 -21.738327236695014 10.2645538491856 -58.8519492001699 
6.295839506741043 6.651864203816935 -15.872193428508751 -7.667141250146321 -64.18080201053321 
8.656891629806408 7.2743563260285455 -24.93772295876289 -11.077158362616707 -58.42577081598735 
11.825407151633778 7.641229859130643 -29.20951797765614 -16.664467250243533 -58.112968583273926 
13.703302544152672 7.076737533576078 -32.01637326087566 -17.865265052687928 -63.06765890393668 
15.892224997170489 5.449564773078743 -33.70644218318531 -18.70734794937859 -73.31645592780251 
17.41925870829918 3.1653165873251936 -36.64115799893331 -21.553096416439207 -86.46800062604215 
14.72614505193721 0.9674063433731847 -38.35082849257164 -26.59424918774294 -96.5833404586473 
6.821710178117827 0.5908652966996253 -28.324289164716458 -34.37867675338429 -139.70439858251999 
2.081357977893186 2.0762576588038804 23.640427207721626 27.0095066363446 5.172996837188504 
-11.222014200461187 -3.14656016090058 13.257260415697983 -1.9841373055730316 -1.803347977253794 
-18.307862364814863 -7.76054281223638 4.281398326362454 -0.42865250182428455 -0.26433617318532227 
-21.042549575737393 -11.143387551340235 2.650174591578899 2.3351728002047727 -0.8601016366438927 
-20.328690267106573 -15.881805819318156 7.567317260199351 -0.9004368359601534 -119.39243141796666 
-17.00282770276461 -15.465039315118139 24.011861413421894 7.467953375626997 -108.0802322573969 
-18.071527735521258 -14.342384086203921 30.46518042609371 12.566376606851277 -94.45822886129726 
-16.515214999324133 -13.84999079495212 30.148740713901905 17.295820858520052 -80.75542882420282 
-2.59221385440838 -4.840116971775844 23.82463423073754 22.374523146910732 -72.25505935640501 
5.595249881550402 0.5227745882153467 26.70495387731456 36.8905574191182 -71.64961379554231 
14.42489329584484 4.40163291581027 23.16496729199109 51.91386086961449 -73.34624194712133 
-4.862330444307083 -1.477808528863894 6.461157336330925 22.750913772081972 -15.618785452266533 
-32.67588249196469 2.6035269735125746 5.660873381905604 -18.110632696721073 -1.1698034498216605 
-15.907785757142939 0.22920895004520425 11.0982341919051 -2.5641865793346486 -0.07738964561905816 
-0.9894859680319578 7.736650721686447 15.744779990379842 11.794480631871304 1.9780087869576373 
2.459042419332211 9.551220528669976 13.42485790967328 13.704715351039056 2.3292275998553342 
1.2148986918085496 6.6087967705840125 7.866593877714241 10.919460509325836 1.8290703128284915 
-0.6287644220897877 3.093148041148992 3.919375481795934 6.120884675438624 1.1206152624953127 
-2.5328700033296294 -0.18134503937704796 2.9310937010877383 2.2922793748928596 0.636010965860679 
-4.1127426405872605 -3.5587282281578787 4.652908396927115 0.3132766952567543 0.4640953231753266 
-5.851096991747723 -7.541264028850813 7.298814261856603 0.21830381558514894 0.5251794334583997 
-6.799170343986717 -10.826716400718373 9.302369811500672 0.9816060161539748 0.6715852031314767 
-5.8291053362180065 -12.07237892207171 8.5960847398806 0.3068910457766593 0.6797768097033728 
-4.535351040288206 -12.38580461151159 4.607772488305276 -1.533432883932559 0.5159265826343671 
-3.8577038406726154 -12.659042848911254 -0.9766962760630911 -4.46722845527803 0.21275582023027848 
-1.7265625058961969 -11.212490449751181 -7.735883601679626 -8.095502967991237 -0.25319977817911726 
1.7634344063096146 -6.648923372341035 -15.237131428451898 -11.198586692252011 -0.7272738555288548 
8.307716711843657 -1.760229148042527 -19.72362726308188 -14.619628383940224 -1.3202158753837137 
12.884521270665168 1.8542405315108639 -27.48707255705211 -19.09184014595386 -1.8501509857805214 
23.143046417927977 7.504570137727947 -25.315540948990805 -19.423237758686767 -1.732176284045109 
34.67347120618057 17.001059241453483 -14.704250927870032 -14.605980236681285 -1.0743226571440823 
29.73243416869258 27.204277189403914 -22.680751142681668 -16.36504322905549 -29.251525944321028 
20.075499425978904 23.517104809598777 -39.45383724267721 -5.622193210415627 -62.88530847307468 
17.55189396065324 -6.901125104119045 -60.35329103102512 11.360922149636467 -90.78075510247768 
11.005498439018671 -4.20624313035692 -40.6729328409655 12.404766698569409 -91.86013925234408 
7.840228711136517 0.009486176818618505 -27.70918874453368 12.914001072913214 -85.74034819364782 
6.350675624173826 4.992143946613184 -15.212704648330469 4.123707467345261 -95.10507843528882 
11.522280063123844 9.023738929660196 16.567761500191395 28.16613712693467 3.446400443690018 
5.437488889654567 8.127655896038739 -19.1827391446519 -5.305691985593358 -68.70963135569657 
8.43004073924036 6.947867332998641 -24.18396196468323 0.5790135288207245 -72.95628663818339 
10.836829899965851 5.804790758884972 -22.30828760879741 -3.604902242950749 -78.00392455691205 
12.718434394286534 4.566144650764446 -21.2606434075545 -7.03435316530098 -81.74570186907651 
16.29206978993274 4.600775560796011 -21.326655612026595 -9.159239657937112 -84.70043678021884 
19.302836703108877 2.9801847506988355 -22.490049557169613 -11.511916878915635 -87.39546193595932 
10.038413113546342 2.3071422609195826 -25.895838583044284 -16.989037729871903 -88.13312588438383 
-5.873743460628274 4.013722846686675 -17.943352344191357 -25.99617233466185 -130.51479317634306 
-6.43599556101068 -4.436293338382638 33.24632211312653 32.33394617687533 5.679788520405869 
-13.528589666859393 -6.643163150799999 12.95750873447832 -2.2622529856986078 -1.9081686312434811 
-14.466277734812687 -8.580856135578047 -0.4876577808959314 -2.2352803204035587 -0.5048704629677062 
-12.809754771919616 -10.288539297660632 -1.7687594131994167 2.6473881923229006 -2.02437677881334 
-10.809474867848609 -13.074797846692864 7.155364819431176 3.7409808010015184 -138.71383845088403 
-10.176403999606823 -13.653631964524044 20.239952986902008 15.23869490108997 -134.80805815620752 
-8.77666366680881 -12.69290876864912 30.91348851614879 25.0748161182705 -140.88613375349894 
-24.17992831527502 -7.304092925024848 39.78575684745702 29.140193181227303 4.1104886921076815 
-10.651555712658045 -13.70806931954018 23.518128409725417 39.31362188589783 -70.13495322320351 
-10.194218023392771 -2.2896594716551553 17.329233708859725 32.44282206804824 -31.143143587278818 
-18.814348766491804 9.494227091296313 -1.8902570425269047 -21.220088680225015 -1.2876186275429957 
0.5241855352041807 10.757201426473195 6.438500988458194 -4.263290423104704 -0.4233600766947087 
6.742925114209515 18.042537866828507 9.761965264490762 4.906730595407819 1.1696430694001352 
10.325971011868633 19.1120003431084 11.286016782326417 9.90661926312777 1.8550815386603539 
9.613741807641302 15.957347290080152 10.058384457740326 11.035225808956618 1.8834056203629441 
4.608086610244106 9.878271092417659 7.317059662735235 10.092027894527094 1.5524170677934075 
-2.3545047093675753 2.816694060840532 7.068762717559031 7.123926222383728 1.1035701927955717 
-5.743573552704649 -0.6520838726256832 8.669905191859664 5.177882608933373 0.8932587657222089 
-4.406765526610659 -1.4672723880126626 11.043960438729995 3.9806667238177997 0.8039807802532791 
-2.4854088098209934 -3.0599825314777527 12.055828774339458 3.2125126250814278 0.8141583657284528 
0.24683674346699616 -5.157519324863951 12.979473437764542 3.0880335394235003 0.9103208250015028 
3.5188607412620216 -5.21039842287555 11.765136046598583 2.839971644306832 0.984645464556035 
6.393503610748463 -3.7660056151746435 7.3162087756624965 0.4103566832833349 0.6996365856148694 
9.085848900304537 -1.5844945637764043 -5.123304167412212 -5.553878186884513 0.04665063519952035 
8.614901094050877 -3.902213661459378 -32.22890523287194 -14.157862855766004 -0.6129683716014669 
7.002907224407463 -16.23957998561701 -75.98110459448651 -6.922104390748193 -40.40150567586125 
17.949170012377227 10.981370358175601 -94.53489760175928 -36.783851113831744 -127.80599037434557 
3.1958545476346125 11.445627627933517 -102.56241772632356 -72.51020934618612 -190.81301729338708 
8.325282436281201 -5.602524716624045 19.96310863081196 52.78195429426942 8.983296934035042 
-6.185630585761304 -9.696589121997235 -23.21926723900553 -28.43664322890517 -4.702586396063735 
11.422343734261094 -0.702906069588704 -56.10151493686341 -27.417222037121075 -3.0170196724073306 
19.11390506129195 1.0639767217432927 -71.87435889344033 -37.127457815149896 -73.68217913388996 
30.370914100993833 3.6064411285859586 -70.34296912116633 -9.149153203523325 -81.10560256222976 
34.44741412077836 4.226434256230483 -70.50623934692017 -1.5009499829024757 -87.74275854029904 
29.81256232283641 1.554499293064349 -68.78645677440632 3.4675649808057125 -93.7817454265663 
15.941871201155564 -2.143520371071811 -60.764420078299196 1.1422537391637837 -95.22451508378747 
-2.76526506483792 -1.4841544710496282 -41.07708391028278 -5.342665884430658 -156.29825602321608 
-0.30263779130426605 5.802012560001825 56.15370105432407 56.90243761663667 8.599374069335397 
-12.201715213452982 8.586782810984694 30.696475307617305 0.6804697997398763 -1.2685222406098104 
-4.2030187613620225 10.044797290287086 14.08522608346957 3.171381733509386 0.37577294505807984 
16.21343818951839 11.62571004681148 7.0070835517034284 16.660546374864136 4.4275969139913185 
34.46657105088883 6.908186397936501 -34.86267315796391 75.28970235956999 53.52832494505553 
42.3647929698662 8.417911114042836 -13.659632821302687 63.67409156188279 44.93478907433224 
30.816798232527415 17.168220761290577 4.084298810102207 45.825669973111204 31.349317207193387 
3.0411664752709795 31.629637989865394 14.117743668744783 26.43235380231296 16.25440921614051 
-1.8137025622490373 1.1562135028389022 10.877603034630527 20.3267623266123 10.05138995612266 
11.338239656399573 0.6633137952316187 7.0541909412441015 24.848261853787008 9.652876283091562 
9.235244735516435 -4.157981994914772 4.704308943374347 21.761725309367733 -2.602935158637115 
-4.057568141943195 -11.37510245273403 7.518014068565597 6.202931485060458 -34.65334648749783 
-20.97467962822366 -13.23303444168268 15.91767145589022 -18.03414259158656 -86.79863386149653 
-18.300799189102197 -14.558434427213008 10.506407310655684 -4.120447773453253 -89.46134365569579 
-14.724395680853148 -11.17162533138673 13.400147992685946 2.2061152099708354 -85.24152637862326 
-5.411550816944572 -3.7831665481608647 18.85601123349768 11.166139268586868 -82.97824590727697 
5.060534469649675 4.640797934520475 27.50656690406461 25.6962537260399 -88.9504021707594 
16.115248353746107 13.656241136523581 39.02391090083206 53.74438780575503 -114.75562772997883 
23.65288401273399 -2.3332408955447868 32.87511823672894 82.18185854909653 -87.61740381162913 
9.194196624619837 -8.578377030340269 15.746952264950087 50.36103084472169 -35.56983996414576 
-39.177719677546825 2.226803491755257 19.98521056176533 -19.2859268170427 -1.1933698418691105 
-6.18193486551123 -1.425749419684461 11.799709207141294 -0.7407867935316685 0.009862101951574779 
6.996412230589758 9.125037371808004 9.35295193535925 6.561652934893729 1.3370312284950325 
11.549857407707774 11.438262835910933 5.8130161945997525 11.822967766810622 1.9399644902820772 
8.804903278619852 6.970912875255771 1.622248010205326 8.66959669025947 1.479841450745206 
2.071017985859872 0.35987021519330203 -2.488531341971844 5.392584525920264 0.9688410661893644 
-4.613829314401456 -5.27595218682404 -2.492368371607995 3.327112045024833 0.6948307488480707 
-9.789644211234714 -9.613470039900076 1.6223190559559306 2.232957955302117 0.6263172771992255 
-14.137269118560615 -13.640155843739805 7.434701208972496 1.8970350992147178 0.6852843208825719 
-16.171022676151757 -17.10761691354476 12.506825672050129 2.570750407842043 0.8779990615958433 
-15.80142115869933 -19.83389434701249 14.074596431246132 2.2397241136587698 1.0378361461037973 
-13.311858929540973 -22.036494164696354 9.894590825973141 1.1467125217109169 1.084213429453829 
-12.107582282655908 -25.24438327356034 -5.944189718895239 1.0523367334743083 0.722248391803684 
-17.06246928060118 -27.511661405098323 -31.246946717348916 -4.692816599259961 -1.3397956962672435 
-40.00322159430965 -26.129554813388694 -77.37864922414157 31.662926870549708 -114.03851602739782 
-42.38733839403659 -33.51101790803853 112.65468036043973 58.12592569628234 8.648572337581133 
-21.910153425473446 16.258028450425236 19.342029749204926 14.44236554018499 1.411447326366399 
27.470823188284907 25.690469819010627 10.179335881662922 -4.666612584258615 -1.1535517928954824 
-20.504893965607074 -79.3626407115236 1.5717637571864194 -12.811519509079908 -1.3462744139022877 
-49.58024128574387 -22.40948247223853 -26.89281916079638 -10.039467439464318 -0.8225374866408707 
0.7241084300370945 0.7883253864445843 -7.436725300712033 -13.59427857617949 -1.4178510760673961 
41.42352997816481 23.13213121889551 -1.9146866386063033 -0.7048315388992463 0.5416111003795718 
57.21748892555896 45.13854429583401 -19.31838798173093 -16.19816820364757 -4.875278166870545 
38.9101876553949 44.35627544636968 -49.8806757681165 -23.043320066923055 -70.3213915702412 
13.145204685218802 -18.07397831717163 -96.22709496891005 -14.276118425864153 -112.47542738365783 
13.126112445979041 3.9920881530368137 -63.137371335859115 -23.485944507012412 -120.45236888323527 
25.453014269025886 8.341267124616463 -10.270346467841433 21.61598322812956 3.153590768473339 
15.548347309376515 5.822807670358987 -35.9943875163356 -13.09704576458611 -75.35567201850643 
12.269296802971986 4.397498825664401 -33.5697343456133 -2.3809431779337635 -75.9171613024256 
7.005425616478594 7.913185142056781 -18.73876844558285 -16.554686101351532 -111.7107699423963 
13.597719259784459 9.149618476329747 33.43621001556356 47.48879610593678 6.466224342293065 
3.571161911289849 6.496527117421169 -22.238424906813922 -19.642921568046106 -65.41666287586749 
9.27391491868882 3.678764512517307 -25.572318993515726 -6.62597853284377 -75.89966308520938 
16.66526648747036 4.74998412921484 -21.670054550484426 -10.130669174992295 -82.79204708937002 
22.100256321679705 6.432216081506577 -20.14926483162841 -12.126978708259124 -82.79263222185328 
22.09234397934895 5.669359665642573 -18.25431981397569 -13.122806623277933 -75.26989162623302 
9.591568642530707 9.225868025375467 -18.429431772290624 -15.220332211457686 -60.59570709924157 
-6.612926879668748 4.53613874717911 -22.816179826807318 -19.937448653421146 -47.12761799013775 
-6.112660699406217 -8.127712559679221 -11.22704052971958 -32.47329843774021 -97.5319323729793 
-2.3263766474248135 -2.3317691707303143 34.82859680125806 39.69316260913368 5.545438480701885 
-13.616981670843737 -13.406076185629312 -4.863693856282015 -25.308670780875772 -91.92672857663814 
-25.800163314385888 -18.65373438737133 4.6986569874230835 -9.978813717123947 -111.65293050468865 
-40.39173702346963 -15.84909394713285 41.35504713611542 32.359607534140835 3.7845300492048217 
-49.42805850991361 -15.3134936575358 30.010465473662663 3.2877396489680266 -92.46635041461909 
-18.09401716677846 -29.229153380270468 19.942679024792543 22.33041796349626 -90.77899641835826 
51.760742752711394 28.423421868755092 -0.744954193272313 34.33931865386701 -98.99095303793412 
25.8260801939334 12.168738081414157 0.30422559699305474 26.279145267896133 -59.2524726270743 
7.109251308049747 8.56153864330756 6.74003035835259 15.489047120862395 -29.45080342514638 
-21.795174293793647 8.511786511333163 7.0224595955852624 -4.759791648148742 0.1398521499453697 
-20.383130626585597 18.670247698654844 7.625649193312033 -4.479683793305395 0.19146138875702115 
-15.824097874346926 15.089440820390363 7.395487189980932 -3.079908982571792 0.4811982628998858 
-10.432614016643381 4.652294668070984 6.708241891807226 1.5101999518236373 0.8918295545057842 
-3.2333517491772987 -6.72429497504347 3.734240329511615 7.237026534539005 1.3415457052160127 
1.2626221466598548 -9.52418167522676 0.2851391371514893 9.20397185397362 1.4003910712116443 
-1.843303712457238 -2.5841064673595446 1.1273404150481272 4.4663542336464905 0.8248886696349628 
