-9.339535179230626
-10.462612663518993
-12.902872384635673
-13.796289053440548
-14.427356164268817
-17.980003886476904
-23.86366004500127
-29.896122089488294
-34.849101047429485
-38.798481191591875
-41.83875635065383
-43.45966442360429
-43.6686011043768
-42.822595696475254
-41.644390844996785
-40.55796752271653
-39.77494236000226
-39.60322388615265
-40.03760363297906
-41.04446582921072
-42.68879948872361
-45.036268182894695
-48.094219666981445
-51.81803477447888
-56.10414172498866
-60.715627329055366
-64.982659099511
-67.67340239107638
-67.46241131150606
-66.8855208408787
-67.16194402316519
-68.2459442631342
-69.63184967723681
-69.01530614976488
-65.36824474467588
-59.52945258411305
-52.79530635847525
-46.100878423552416
-39.76506815857323
-33.684097379141555
-27.400315286636538
-20.62647300410964
-13.733503311799554
-8.837967230463464
-5.8132161502429
-3.2694628352384205
-0.7367306340385593
1.3888787377602176
2.373353443478765
2.3398453662947003
