-9.441090847464068
-9.975370891783063
-12.498995054440865
-15.757961556616989
-22.105543996270924
-30.833000011989608
-38.59916789578521
-44.37770204016826
-48.168885139724956
-50.03411902306754
-50.520713770816045
-49.87082786848879
-48.42069408331954
-46.65179618144358
-44.93954656256484
-43.466391906815176
-42.369771269484254
-41.87501626629123
-42.090547565756125
-43.05522933239552
-44.83971786221836
-47.48072168716342
-50.97966791842628
-55.25992125158518
-60.00778468024237
-64.73480459984036
-68.47834401685925
-69.59332660498484
-66.36052215828303
-64.04437282741868
-64.27408429016069
-64.4297548329549
-64.5826905142268
-62.874456159702284
-58.77343650329063
-53.47116864388223
-46.95522518479398
-40.26570563782612
-33.757694325078226
-27.29977105327011
-20.8746025532545
-15.139139681247187
-10.9332569982453
-8.229690719418159
-6.036079843960353
-3.0756212386738695
-0.15402299365116673
1.8641973608154925
2.5870738850966264
2.348806195787401
