124.56716572457225
122.46944809563173
128.22173975330486
118.31148593239936
91.52729895064024
51.90332139108932
6.015757633587699
-32.787668565030856
-52.739312193813745
-48.52628162798136
-34.92953847415255
-22.531109773050737
-21.050745674501464
-32.05126278002192
-48.72723590220679
-56.14914582628337
-61.99730506284246
-79.26997076606283
-105.8109981559873
-149.93334442268014
-208.25481151305385
-255.97681676039812
-272.4855165497721
-257.11433065792306
-229.487675405577
-196.03835607573262
-160.4141820856986
-132.13251092411124
-107.3667757349708
-73.72972529535089
-38.916151957985846
-10.659528334297045
5.687440264622261
7.372181527945505
-5.517336730019813
-29.621172057119196
-57.591918687606004
-81.41402705242749
-96.25004934475889
-98.78550717016739
-90.02829835401447
-78.46053206164966
-64.77973560012796
-48.8870443975311
-32.41810958996157
-14.58054464148366
7.114760069220672
32.42476483670327
53.23117262177084
64.53226370985378
