-16.811638708032458
-16.98379847192729
-20.285030669340717
-24.618192694758754
-31.390236567428303
-39.431050582877944
-47.18536573446043
-52.82426838037259
-54.499944128269796
-50.491878073157714
-40.40717661909392
-25.57796946508836
-23.69443707028286
-33.4528567757714
-40.850326624023886
-45.88065425632848
-48.845739291729494
-50.40968904219995
-51.12671379878544
-51.536488439068016
-52.20941860570274
-53.63270541647302
-56.15375971518885
-59.930650068777325
-64.91783203999495
-70.85259326172576
-76.8252830482281
-81.52436433735502
-83.40017067268082
-82.36585933770706
-80.37235962257412
-77.71647012727873
-73.61732007114587
-67.19849137266827
-58.68125724666323
-49.27526659766633
-40.15037539488103
-31.98274731329081
-24.82147666557957
-18.476733906809113
-12.769307405084216
-7.657823777100294
-3.40041095525678
-0.3314692364171719
1.9414863763792045
3.9113158102860486
5.233503949079064
5.847368572029454
5.650786993020426
5.132453436571061
