-6.9248315961546565
-8.545599926301389
-9.861361252517938
-9.339710548568995
-7.5200402842453595
-6.170152136605001
-7.794822820890633
-12.588724862854832
-18.471465848541236
-24.63643138988983
-30.756971903973692
-36.505974736576235
-40.63192965678021
-43.12737417219558
-44.67738204990143
-45.71922708635058
-46.51718755261441
-47.42990353301045
-48.502596848282735
-49.66397341567042
-50.898857250841196
-52.17908260315507
-53.477020584339165
-54.77193277494762
-56.064900979232284
-57.45043409288965
-58.708220060358705
-59.32833332717534
-58.59541616157193
-55.515542352864166
-52.71515238196229
-52.29653237112706
-53.61376098413851
-54.01249914816696
-52.03035429229402
-48.3252453534553
-42.891235703943615
-37.30518524206354
-32.13248964135482
-27.051685378525093
-21.74046601507481
-16.404638102451614
-11.56153283247032
-7.936767750540125
-5.295588097668739
-3.3702955026819015
-1.0719976963971731
0.9613998038797844
1.859511201298969
1.6256249116819457
