-7.606231608387512
-8.842130758241801
-9.6950697429857
-8.687580081521716
-6.123879127254525
-3.3130563735643235
-3.271799291165904
-6.215783410770983
-12.24028160323346
-19.24198493402014
-26.33096844108066
-32.97535130872829
-38.515902113982506
-42.24281517641841
-44.63433724561852
-46.10906796660404
-46.94825207274403
-47.55826407744807
-48.207863546754886
-48.99157958952338
-49.90800655708294
-50.8920549578138
-51.92674597476588
-53.096216561085946
-54.5401274197639
-56.422209420856966
-58.551990688374666
-60.40596429679309
-61.54504527710557
-61.23860522675796
-60.159223678730065
-57.90052696230271
-57.42045314364664
-56.29346631154661
-52.47860283768532
-46.777087691567765
-41.45125443207978
-36.564961711366884
-31.306093204924228
-25.72537539941669
-19.750776099450736
-14.07081297561289
-9.894883340883132
-7.7398057328207095
-5.692125927893126
-3.3096519338366575
-0.7063854986847024
1.2836834866381879
2.111121764512048
2.004796798514938
