0.0 0.0 0.0 0.8264462809917356 0.0 0.0 0.0 0.0 0.0 0.0 0.0 
0.0 0.0 0.0 0.0 0.0 0.0 0.0 0.0 0.8264462809917356 0.0 0.0 
0.0 0.0 0.8264462809917356 0.0 0.0 0.0 0.0 0.0 0.0 0.0 0.0 
0.0 0.0 0.0 0.0 0.0 0.0 0.0 0.8264462809917356 0.0 0.0 0.8264462809917356 
0.0 0.8264462809917356 0.0 0.0 0.8264462809917356 0.0 0.0 0.0 0.0 0.0 0.0 
0.0 0.0 0.0 0.0 0.0 0.0 0.0 0.8264462809917356 0.0 0.8264462809917356 0.0 
0.8264462809917356 0.8264462809917356 0.0 0.8264462809917356 0.0 0.0 0.0 0.0 0.0 0.0 0.0 
0.0 0.0 0.0 0.0 0.0 0.0 0.0 0.0 0.8264462809917356 0.8264462809917356 0.0 
0.8264462809917356 0.0 0.8264462809917356 0.8264462809917356 0.0 0.0 0.0 0.0 0.0 0.0 0.0 
0.0 0.0 0.0 0.0 0.0 0.0 0.0 0.8264462809917356 0.8264462809917356 0.0 0.0 
0.0 0.8264462809917356 0.8264462809917356 0.0 0.0 0.0 0.0 0.0 0.0 0.0 0.0 
