7.5935863831366746e-06
-0.00036329569010815077
2.5064259126794664e-05
5.5304519352539216e-05
2.416081747802501e-05
4.3122846077991994e-05
2.2809690561009788e-05
2.882836746409545e-05
3.3811546587401986e-05
-1.106228500961091
-14.093426739892266
-3.192298661927568
-0.14954863892909742
3.5958322788569186
0.656306795422807
-1.0419389525235587
-0.7747271917980232
-0.2949670417062652
1.716998288336935e-05
-0.000624493459819242
0.00010865883266897303
0.00010326778038161066
4.6900152062540404e-05
6.85901662880184e-05
5.3744148494017097e-05
5.8136102262018596e-05
6.953904713191683e-05
1.8551834857372462
-16.32370402947697
-2.283684471522891
3.406693237559093
5.088459648800218
0.7105545785534433
-0.6471805650023512
-0.5418727533923082
-0.20200592438073284
2.787877173704434e-05
-0.0008002521434645471
0.00019645886778429933
0.00014435786154187724
6.191874174010792e-05
9.31194548421388e-05
9.536920537978055e-05
0.00010251418825218961
0.00011062451908849802
-9.717038272873888
-10.584345880924843
-9.088457231347425
-3.238140771871471
6.022091981902939
0.25695026239941576
-5.156165369437943
-3.2532986162251802
-0.9622985981155674
3.8497365536183104e-05
7.636140983113826e-05
0.00033804662712710876
0.0002893529513072757
9.16540996209747e-05
0.00023262367494991665
8.822193411317514e-05
0.00011041000206502005
0.0001472803904503106
59.621798614733855
-130.68812925088872
20.356320102550722
46.583394816252905
39.49139867438981
9.446568333334817
-28.808793174298927
-15.569525685319748
-7.9940345833618585
4.9297745432275164e-05
0.0014718452109235558
8.535397496711727e-05
0.00013930181327070912
7.86176066647215e-05
-8.447737808126021e-05
-3.956189743059557e-05
-0.00014510418592106333
0.0005820320935154832
-103.42072316654819
-201.1316176384328
-132.04893551236557
-54.00140234790763
-50.31591433337502
-57.33685793787949
-66.57317281802638
-30.599048743545467
-10.071064269130689
5.794030529304717e-05
-0.0013067892333131492
0.0003659176663813879
0.00020300850459853415
-5.694839383685313e-05
6.373607410736781e-06
0.0001545338477790814
0.00026997091022451514
0.0002116169127421852
-173.35659461821888
-371.1195220551966
-174.26793055333962
-193.1899380440574
-91.5417055056341
-72.28836565040524
2.341528594289713
1.8146116687803158
-0.4587851234482463
6.561309065500343e-05
-0.0007192119058005986
0.00017997942848768655
0.0001916974548450412
5.416428910720583e-06
-0.0002107932558521597
-6.488409611105084e-05
-2.3368927771549863e-05
0.0004736354498566797
-227.2467575996106
-294.40422801352514
-193.569565013632
-221.60451153990473
-108.87235186809261
-63.77906611696284
6.032576856133403
2.7623060594188544
-2.4731739353600886
7.169564943576567e-05
-0.0032842771115911273
0.00027874241493985874
0.00023935099558725081
3.743177801418529e-05
-0.0003221178125301094
-2.7802118028219525e-05
5.94868451364583e-05
0.00020521094989534028
-157.70660573120125
-315.4155641414347
-129.394747734259
-180.43795417942061
-86.71399405373981
-55.71913489169731
31.599364681334663
13.373395166578446
-1.6957748585989414
7.668665701465738e-05
0.002384936337698096
0.0001825688580265883
0.00025749314221834574
-0.00020502891693519043
-5.005309669825486e-05
-0.00015122060608785404
-0.00019062123831470323
0.00044219314236726426
-107.20453395967988
-306.6168756200875
-101.90541687015308
-145.6434817309325
-60.44634418126737
-49.72140921471134
41.796205831272744
19.234015985529886
-2.062096970450746
8.00963850919878e-05
0.0059510370493977005
-0.0001980299902448121
-0.00021280840599266493
-0.0008870975421064742
0.00043416523150963116
-6.791373434111847e-05
3.027164983082642e-05
0.0001617681467862564
179.67261370074436
-211.5779493170121
141.6394719201493
113.26366173207424
60.68797444344826
11.55334227942692
25.118848641442938
15.356804433639674
0.10476501799670679
8.214633716285835e-05
-0.004867690243801404
0.00025467097925443993
0.00010499896721571922
-0.00033496749708561424
-1.529108398079515e-05
7.097877102713035e-05
0.0004233462397102983
-0.0003086447516880142
-10.937853472953956
-290.14533280838145
-25.69180104174994
30.360805546109674
18.008469847168364
1.048122643056761
-49.6893164117667
-16.364608514112845
-16.604585713381447
8.382650549032533e-05
-0.0033843682500167005
0.00014732129789263304
0.00017266936939197564
-0.00024234809613171704
-9.057636914810985e-05
-7.997663000702815e-05
0.00019302281182476122
-5.638897139981225e-05
7.982330480797315
-265.968392358888
-0.9778846234724412
29.83870843269956
17.55072026853893
1.1456776244326374
-30.087506214277695
-7.737981359701394
-8.093667333868071
8.42212626097627e-05
-0.0006593705643755943
0.00012149038877240503
0.00013871931350806221
-0.00041736475756182223
0.00015693568704411298
-6.94882902587679e-05
0.0002120811398214073
-1.4884717236540723e-06
-33.35104329383858
-214.96672753519374
-32.18093542877011
-3.565071652066308
0.256831014343021
-0.13791518591878216
-22.790514418363223
-9.663820393783245
-6.1622440279386455
8.661619835781398e-05
0.002141848771888749
3.165628343398952e-05
0.00015469695508363301
-0.0005285434821802326
0.0003998548367724064
-0.0001804239812500663
0.0001111356188951973
5.3262590375746655e-05
49.617547947865766
-180.74987453492957
24.152959385437974
-10.004758229170179
-11.08332200558332
0.11599664944985832
15.394296632372502
9.647895546383594
3.009236165665646
9.279971381159768e-05
-0.0009457290994868972
9.301225799454582e-05
0.0002058269825542247
-0.00027011748348204634
0.00011359949957778781
-0.00015932362729433047
8.073164156335855e-05
0.00010055519499263532
31.029906270956886
-166.17836571676423
15.513748968662522
-12.621297252901002
-11.899737372138276
0.49017205469431335
11.331861693679457
8.756078922055199
2.1442724193960285
0.00010153340280361078
0.0006666770047857318
-0.00018482652555618095
0.00026852310804323376
-0.00011439368445831377
-3.271599245024959e-05
-0.00048760831234676005
-0.0003432327986069572
0.00033091976871246764
-6.234443171988986
-175.02170737948808
-10.001946065457364
-17.163381417015838
-11.344585836112303
-0.1364213363632567
4.495487550227288
2.8299741268198018
0.514849227843796
0.00011329675969906638
-0.0030458500305561853
0.00010593818989718118
0.0003317446771533561
-1.231700950521386e-05
-0.00010423894275513046
-0.0002162897350605486
4.574099195164827e-05
0.0001170218515802457
7.390240095742392
-176.92952045157097
2.075622770549195
-7.453561814512578
-6.215250663292214
0.48427537995133213
3.4274810925584873
2.2409301286475825
0.3983081983318274
0.00012443441424103696
-0.005576108386653511
0.00031349654546405925
0.00040121238738483056
9.375522776755574e-05
-0.0001793342736677861
-5.993331715949124e-05
0.0002828731660780015
-8.933728073312608e-06
52.92565997632642
-147.3484153023798
43.62095229643023
-18.015822422047627
-8.482977846348799
0.4026363117982923
3.89208725202927
2.825544870618322
0.3585218862386942
0.00013726214381581947
-0.009068984948954029
0.00048355893774909564
0.0004563516000906098
0.00030758044007273
-0.0004783963322790852
2.3223410568373737e-05
0.00036091756523237706
-5.438385872724716e-05
-27.878845109549513
-245.14000508356037
-39.122873489862066
28.05960612822519
9.108920880666753
-2.587359000221419
2.228736141631699
3.8886604060684267
-1.0464005597899035
0.00015014169533000832
-0.009694513540093874
0.0003970876495772435
0.0004646882045915568
0.00044954603600255716
-0.0007497162260649559
-2.9539524435184816e-05
0.00018427759516859155
3.7342002374152194e-05
88.98549922120097
-731.0591759569958
28.054274490921593
48.283215342859606
54.04836554480394
-25.617977283711433
-12.386165686434186
10.95518767628181
-10.403960587603834
0.00016831138661566047
-0.008915781925711741
0.0003174879592243718
0.00041552479980744295
0.0005118418724061602
-0.0009871625206885337
-7.158971644516399e-05
-0.00010625691370558243
0.00017501374024919691
178.13312742282127
-783.0724291011736
58.378954261198245
63.188187875419175
36.63433804902783
-74.78384137917345
-8.161109224569692
8.535114002430213
-7.0749985464420835
0.00018681886933646918
-0.0016717503076593143
0.0004626028067606369
0.0005206062786953236
0.00025150079125935143
-0.0005983225674367487
-2.2210415862145005e-05
-0.00018147844548321856
0.0002490319831719434
64.83805035565396
-341.80640968582435
20.495182674691048
23.05088552287892
12.220358502958277
-21.140487954644154
0.5195395740890376
1.6478339799393673
-0.6976510718578957
0.00020680849348586605
0.008792873353896336
0.0008707994087452375
0.0007639084229206228
-7.905510547345784e-05
0.00024812959313613714
0.000146700463777516
-0.0002281896223523816
0.00034589040160248885
-48.109843915844245
-320.9249754289151
-46.392564470515126
-31.563526333600038
-0.7828702511421426
-21.718880069840257
-8.979967018881815
-4.8640764269945045
-3.388283917727507
0.0002279145990105036
0.02077716810382718
0.0012743817344870179
0.0011352187483767429
-0.00038418573856269234
0.0013483726163674437
0.00017868346654104084
-0.000253413630170396
0.0003925688014112319
74.440057205956
-210.10276931582825
30.34707897710295
16.918982105516463
7.881856192903473
-8.620899049973078
6.798472281943269
7.338690071994378
-0.6096497255115643
0.0002491912760621551
0.028597084192456823
0.001576958239798254
0.0012946614643523091
-0.0006576542797875895
0.002184282575928842
0.00032234492088312194
-0.0001754011127221844
0.000412149006223661
51.33600902199967
-228.4342960799163
0.752004644606707
-6.770002457272966
9.07232567644142
-11.637677700934596
11.380795276866507
11.032343325034233
-2.0254460095290563
0.0002704880465864701
-0.007412422371236349
0.0016162460786730698
0.0010562779160765423
0.0014648862174029276
-0.0008977132787073572
0.000563592681100511
-0.0001331994870430453
0.0005930235818922824
77.05419324650106
-287.84244619218293
-1.8208724815695236
-19.973052870049433
-9.667510694155752
-20.78879598733182
13.177358517273149
14.942329570422869
-3.127477824421317
0.00029322395783459854
0.006386511135805517
0.0013861811690082937
0.0009358771201308791
4.253909865470362e-05
0.0007302225603609269
0.0004119118607623373
0.00015058689585889518
7.287773563913191e-05
40.70765070880799
-331.7130788110553
-14.699469879813858
-42.43366895321469
-11.727337773564503
-29.186539891981006
18.370259713651876
14.808546177359553
-1.8834232008195926
0.000316172194222919
0.0347124248929796
0.0009440474840055613
0.0004148832004720049
-0.0020822991599827034
0.003149334644769408
0.00046477870105143815
0.0005048424498701465
-0.00030623139945951117
-81.61395575024102
-192.36975592652388
-75.49324654138883
-71.32675618229473
-24.12537605374333
-28.458187435455628
3.5565905171679044
-2.386141101276337
-2.5037715815876034
0.00033979400424505313
-0.0019475559579018031
0.002961262855762592
0.002052159590948399
0.0017276739464535673
0.0005937003246959116
0.0008351453975974366
0.00033679691495858144
0.00042666459621765185
-113.23354347701022
-280.61182059984503
-58.940480929527034
-63.666542811430965
-18.207241438119013
-38.295631220164545
-5.682272277309054
-7.230573605177739
-2.5283086707423017
0.0003628503046229359
-0.00784993671306522
0.003064542472783538
0.0022660068884721163
0.0021308302173741467
0.0001618309804907181
0.0006694620159377607
0.00024075595085215618
0.00045532601449016497
-100.7356701482031
-357.68189710773675
-65.88740603851011
-84.45731286824788
-21.39961618217512
-45.46047062750786
10.440524215694055
5.038619796896711
-3.1159156008398607
0.00038493190170768576
-0.013320739153059757
0.0021179125307322355
0.002337316861212635
0.0021887615468072497
-1.880019892935847e-05
-0.0003725624455936938
-0.00016510160375937666
0.0002034722824726387
-91.03829167483966
-325.48296586897607
-73.62470667656908
-101.38899598751962
-41.39510282589648
-44.71868572957856
21.090678546563993
13.612993555560351
-0.0663574230999533
0.00040560213542295553
-0.006328388027713322
0.0023099280121486876
0.0023655842905903057
0.0019147286648264483
0.0001945498948895466
-0.00022696191845650304
-0.0002378550191268758
7.824113586263337e-05
-26.89568588274369
-650.4999505543765
36.077543362380645
-11.43912512260696
60.174699304506646
-47.71524755537291
40.916298359387156
26.07090554485022
0.492610970901759
0.00042357083509336757
0.015559083751467417
0.0007942468759475352
0.0011115244074382247
-3.427584570570019e-05
0.0011974850916751656
-0.0005108847191763743
-0.000826024579095197
0.0005468667498664814
-26.67814488204681
-553.4778518858104
22.730909716094263
5.747860611207092
63.29929781137245
-39.34860100302234
14.258076649832589
8.260068490299744
0.10394095974465856
0.0004384384580496947
-0.010176626779973885
0.00316155094412085
0.0036466119381310946
0.0037365052090443385
-0.0005225363463706445
-0.0006616003367252432
-0.0011697369789960277
0.000749131275073367
-146.60872228804482
-949.2149649767148
3.4238859097828183
-15.398187219144404
84.14781138500598
-83.19664808719999
4.99999873430005
-0.9984448701380373
-0.6577399723941229
0.0004501339774305446
-0.011204066291047532
0.002867953348754934
0.003320054306339415
0.0033063615083510633
-0.0005852909038938647
-0.0006740332021495377
-0.000997211043496815
0.00039468578193790904
-77.24687608406379
-695.602124456093
41.007427412014806
-6.079580025234037
41.05441956963609
-52.90282836647187
27.387230948353075
11.635214784125615
-0.8107624053464431
0.0004604783962673942
-0.007053521252822548
0.0017090281571285892
0.0020466860092218653
0.00197369850386675
-0.0004897955365730788
-0.0005805946417209995
-0.0006754781681586712
4.666077513526545e-05
-56.122302534866066
-415.79736220451304
18.47993945081519
-63.51698181512445
-32.00260547213304
-31.626031006131797
63.38297638671652
39.81516959666786
3.934499705521328
0.00046715032277577784
0.004153319280398082
0.000524066287671543
0.0008609781074628842
0.0007431465812288707
-0.00012509006648503407
-0.0005725404254897093
-0.0008531511570454182
0.0004659241785214263
-22.531381231118104
-202.76251248673037
18.318624482298
58.072791014944556
37.893450637849824
4.154103830050677
-28.96427709879788
0.18597194762988423
11.026218654660681
0.00047143731381571463
0.0007422134442121586
0.0009324083460348076
0.0012289244582111003
0.0011155820934396488
-0.0002652969632990776
-0.00045353503102886494
-0.0007469479818701212
0.00040213034048219853
-11.02411179413037
-174.02877735898167
17.02812685798265
64.4051162737525
41.029684557251464
4.874335950606914
-43.699797417336214
-12.725147490326115
5.295106815762744
0.0004751451914937199
-0.003147651965720033
0.0005797764346205936
0.0006995808628942335
0.0005276632327420039
-9.691870079926723e-05
-0.00024178912425310006
-8.804547814247887e-05
-0.0002883978160523881
-4.516241952354608
-210.45017328631513
25.77048611964876
95.73799989592851
58.79916506785844
6.4600767611257455
-55.24111283043926
-22.83284882947891
1.0461040658426246
0.0004799297018454052
-0.0001710531552657768
7.648190352055328e-05
0.00012845783424153545
-0.00011961395442128264
0.0001180285339711512
-0.00017504429429738427
4.574563036124912e-06
-0.00035864161626797397
18.356554234095984
-142.44394050719677
21.28535551435283
23.343205789034627
10.36193505212978
4.4821409536643415
-40.48405749135668
-24.54487836112143
-15.776249434758778
0.00048632090173161835
-0.0004881816480364065
5.235621233107279e-05
8.124732040148963e-05
-0.0002274169240953916
0.00012392454811471776
-9.934556566359998e-05
6.833207607442882e-05
-0.00037773607110658247
5.162879691675311
-133.2054482418078
2.617054713014225
13.174756123357831
9.791347464368396
3.232617855616029
-33.13978532793468
-18.20543903853362
-13.782057963195621
0.0004952607857289237
-0.002007943149884832
0.0001972974097650404
0.00018238100257605971
-0.00012419981034117455
4.0503730162899654e-05
-1.823571300552107e-05
0.0001253352867265356
-0.00037595563576786617
-6.940095479867217
-145.41392743399797
-8.07884533234932
12.72872587755615
9.204342458673331
2.4762610489871304
-30.284973905837077
-16.654370866306788
-12.896157164681327
0.000506688892225382
-0.002436561211248231
0.0002308480673696156
0.00016393907550582565
-0.000141379944013309
1.4384370689846104e-05
6.996525217339844e-05
0.00017738110928045003
-0.0003636767871206814
-11.210792699825323
-151.37928300657057
-12.421559301361274
11.781033907998653
8.74442270694096
2.0314117811098082
-24.413450872521018
-14.962801185749775
-14.249094920409735
0.0005202238594148589
-0.004108638516144292
0.0003806078303125737
0.0002721336113027384
1.3574597995891224e-05
-0.00010135472292738257
0.00014632085627863667
0.0002184250474377425
-0.00034601340857154383
0.3104983102411668
-156.66858911995956
-4.453492617970856
12.492704304978968
9.507770612140668
2.365278055073409
-20.92690329089061
-14.030881765790113
-16.708663251757024
0.0005371926339676758
-0.010549083391955594
0.0008729560337579212
0.0007260729864103366
0.0007114186802250622
-0.0005673732340080728
0.00020653410594051458
0.0002517070910827979
-0.0003281993626806923
2.842623245812469
-228.61624830607138
-6.269706404744856
12.833544108222256
9.911832340381821
2.4730086628288506
-21.783594874536405
-13.102446756876958
-18.96517620298474
0.0005545901172598899
-0.017882476603215125
0.001325002325807123
0.0011306675190410065
0.0013886262054411125
-0.0011462902588454948
0.00028327538539540953
0.00028898389042408823
-0.0003082088087982271
5.202003887047639
-236.81303378323233
-5.868855329240276
11.72796599453541
9.040848589408718
1.4573949946450862
-18.746916882796526
-11.145097013544333
-19.405377495022915
0.0005745168688289226
-0.01212613636710913
0.0011571180895361133
0.000914297179650081
0.0008885933477573715
-0.0008949393123973137
0.0003696214805368747
0.00032572971795641337
-0.000286601901255068
2.73987336279149
-90.10493687969199
-7.94813917884241
5.588985654594338
3.371320861196324
0.07478862457258462
-12.14076966927152
-7.445958773590373
-20.77948868618199
0.0005968005795604636
0.0007766853648247252
0.0008449922114517339
0.0005642211872798342
3.2030608428712526e-05
9.724197874655394e-05
0.0004297407920144103
0.00035055438792852556
-0.0002711987287384865
-2.4082124473711737
-101.79600814658903
-13.643582082919039
0.2660175851804212
-0.5936501748693033
-0.07031255438298434
-10.02815282413944
-5.618933339626906
-22.4318557251782
0.0006210405023041599
0.0027016332859661762
0.000931883844581094
0.0005974053853727845
-4.884479878430881e-05
0.0003045050624007062
0.0005243952272686592
0.0003932822874581632
-0.00014810073596782658
-12.60093088900077
-75.15582662185989
-17.878514676968166
0.18649354542236551
-1.0589049862093916
-0.13438257419862154
-10.787712835970368
-5.506282174867685
-22.4942045485017
0.0006464357439557311
0.002280917389021808
0.0011121594016899605
0.0006268438503580498
6.054100223362724e-05
0.0003369173306339013
0.0006465077475179548
0.0004254401209276004
-0.0003046156821544521
9.12621953691864
-679.3788724226891
-187.25681238860727
-3.045569371041445
-0.9568683611522744
-0.031770062339790295
-176.48694146160625
-37.61398439787716
-33.12827425662183
0.0006713844195390672
-0.0022098015142455463
0.0006262755145768351
0.0004899598379917158
0.00018102467532354893
-1.7471510311395377e-05
0.0004007606406504216
0.0004385338339147893
-0.00028380540765837736
384.1843274611942
-1235.1572541042551
160.12124112556197
254.34776413391145
213.5797532723367
-19.02499410262707
-120.2733776953826
-45.063121920678824
-17.853047077979618
0.0006992220654064019
-0.015040466247844358
0.0003460297570405668
0.00012889626958800804
0.0007142323491988734
-0.0012591952648266236
0.00041115133795521785
0.0004535970692032265
-0.0002997226684913201
237.87471578491642
-1441.3098409593013
276.6769885112748
273.87952632214643
259.41794825413825
-44.22037581293968
-14.202906810229138
-3.010655574434736
-8.373594945696327
0.0007295306797354684
-0.009751949543917797
0.0005876168774299195
5.321849682682345e-05
0.0003142102741203745
-0.0008904048601007242
0.0007275035034888244
0.0006457152757168849
-0.0005856242309683068
78.72213490527568
-726.5044768035812
23.78401575365925
38.37715503029987
72.83104885752196
-40.550250201156004
-12.77100645064067
-5.05880152485544
-2.7356364157585302
0.0007606673085842064
0.00819514769890077
0.00099999924185179
0.00032796612835039873
-0.0005934902671680398
0.0008776404354484402
0.0008895185641206171
0.0007757060876401045
-0.0007849041733827278
93.77771640582242
-437.9333016272428
-4.01717886836137
4.675949811622644
15.04394628313696
-11.095139460835297
-5.746709818944865
15.192191211746266
-4.939660614462216
0.0007926736509040189
0.02152314834703528
0.0009326008034288291
0.00012925556239817837
-0.0007306959468507124
0.0008441002653120921
0.0010481246171907266
0.000254965818308972
0.00047651114726932065
95.56564046338524
-299.12317964514983
-1.2164465081092644
9.832606051500598
11.769137040073778
0.1049301332482504
-2.341516032471077
16.714256007532093
-7.116708186058466
0.0008229188130550458
0.012681981626685213
-0.0006153495254650476
-0.0001333962857037463
-0.0006402989663309988
0.0003436610062911641
-0.00020611312876706034
-0.00021083689677403594
0.00015814546793624373
90.12921418783577
-411.8653050756384
-20.949470192606356
22.789131292590906
20.12506438246828
-0.9391854764718617
-31.262760183404502
7.42386749915932
-11.690551027212575
0.0008506075435144034
0.0172745260340674
-6.290967821154236e-05
-0.00011564238156935858
-0.0002715155799317692
-7.250146555064924e-05
0.00032297712142687063
-0.0003498910051882298
0.0012411752541359178
19.675548138742716
-361.9997231425316
-8.131904571486878
41.41038611984379
45.05582576847154
-11.848817177023756
-36.147875700061334
-13.081998467572376
-13.997586708547205
0.0008759155935596508
0.0023076946248435926
0.0005767307739646121
0.0001962117749307879
0.00046829013588722823
-0.0005342616967338662
0.0006329299940635025
0.00018785646153585134
0.0005390200534574063
-4.042795791769038
-372.7401437079862
7.3344819174865705
100.07982476326055
69.08238615405068
18.58119324700656
-82.67034842086477
-40.558134859484625
-22.797113193563888
0.0008984624792291451
0.019099472917845778
0.0001404637178766821
-0.00016554777744426374
-0.0007868499123973027
0.0005635760122364927
0.0005184177891283115
7.726607501146177e-06
0.0008347951453512303
-0.1443823378359923
-606.7249523193077
-21.61376838508326
-167.0248295007205
-79.16660360845238
-45.23124849234865
115.55683468824222
79.57304467640535
3.2143059317997196
0.0009172907780466977
0.007608451295650909
0.0005114801205472475
-0.00013986031030377433
-0.0006750322698545475
0.0005107856066310923
0.0008757195383020111
0.0006683202883179806
-1.494132509760604e-05
53.688646610607854
-395.9955705011905
102.24286174619625
108.13941630146556
83.83833467358063
6.021711731852372
-17.822460268489692
-23.048208130663863
-52.722557869670354
0.0009328115069925369
-0.004739264901860607
0.0009446879128373609
-2.9600657756923e-05
-0.0004942246880486056
0.0004204317819240383
0.00119302152493872
0.0014420273461347444
-0.0009600579792294894
-50.00407964404749
-606.0380989771095
-83.02346016271883
62.63447358482965
44.95542066285576
8.482261451851725
-163.2891391040101
-47.27666262223184
-76.62931437984096
0.0009432317817539004
-0.0037655360559604167
0.0010423003140535292
0.00022387711324611814
-2.095441524807562e-05
0.00010178001108487877
0.0010291590669300188
0.0009573387133843259
-0.00047348794412283013
-8.325897327005187
-483.45270434420087
-40.88328459709744
29.06005690979827
22.34274137823249
5.006207671916798
-87.97100473561731
-12.017951276965013
-47.764195766023946
0.0009503521221438938
-0.0012132100514489208
0.0010408321026891681
0.0004006299982477479
0.0002900207699725321
-0.00014073416876263234
0.0008430743984735312
0.000475770963589639
5.9874259372705296e-05
-32.51642845871642
-461.9855587406486
-48.323606013071625
28.664829643072533
22.476065680030455
4.409389761550797
-73.59605742159079
-10.089395350121402
-30.875574201302634
0.0009551221923281838
-0.00545418837292444
0.0015652546106230958
0.00039637281068127805
0.00020258043508514234
-5.5102960676602086e-05
0.0013775023109670048
0.0011515851157374302
-0.0002703941142345734
-46.24942753883788
-533.4216777340815
-64.36092423897546
48.851649738611854
31.113533046332034
6.132606397722462
-98.68046819326332
-18.95320850147675
-42.81802236898783
0.0009583284798717895
0.007038353787174878
0.00047076342280098077
0.00037692785603216095
-4.93972756365757e-05
0.00027317251315091273
0.00030322111727487666
-7.529978815554172e-05
0.0003989719682042647
81.00677943640663
-210.88334854581518
26.50847857633734
-19.970212566919315
-5.3573173979709665
0.48108210332631973
24.165486396312772
17.21767441122104
3.774362387725025
0.0009620587150817872
0.004903982429240922
0.000934702047962796
0.0003882905641692247
6.495008031215388e-05
0.00019423172520590531
0.0007810705816199137
0.00020635503671062594
0.0003517393202279173
32.97839378327265
-175.68148344324692
6.294839814615957
-16.764262598859165
-9.91521494376049
0.5147393069786739
15.495266782649637
13.053843861124754
2.5407402007636892
0.000967292477721815
0.0012499424901813716
0.0007512334391118203
0.00045248126895131024
0.00017514244298322268
0.00015016526970854788
0.0005424958251888101
0.00029325379809308494
0.00011011103919500442
135.64537026668083
-231.5587100261306
64.3126830027412
6.859868353928157
1.6817482642067068
1.2112933973116382
38.813663724779396
27.15754809636202
10.430260143169807
0.000974637139180945
-0.0062603043473141995
0.0009726712453580096
0.0005002296690066466
0.00026658209659241594
0.00012828882045232137
0.0007214273955513661
0.0008935618688892255
-0.0004638420737110849
106.68212985938112
-337.31422192598455
50.00555573114655
77.27995357880303
60.362207894049845
8.5933601609425
-15.383705722400235
-3.082975135786363
-8.4696151192278
0.0009831926335221175
-0.0005972817901861438
0.0003269539116281181
0.0007495871151101952
0.0003139865684129717
0.0005751871965700983
-0.00016188105094894212
0.0002444839714188518
-0.000413232258277052
115.31436673208091
-318.58584740377324
27.87385224740222
-63.96711992909769
-56.63309558501376
-17.707750765918128
35.06928108975876
24.895838848047816
11.68934352251676
0.0009923712904638948
0.0016547678354608408
0.0010979804062803966
0.0005862390682835894
0.00042422436782096895
0.00024310994183386354
0.0007774442976176132
0.00035947699932492583
-3.672658945408358e-05
85.15616915743021
-199.2518567031897
7.83100214378861
-21.47869333755945
-15.97207133939407
2.27846416972442
20.523256021495815
15.260136918543587
-1.6549521482708875
0.001001587138471316
0.004468668234106077
0.00013339437050538527
0.0005786544703223484
0.00048117015170445754
0.00022675176237993422
-0.00016880706212418772
-0.0004593933438548081
0.0001344244554246643
120.69783898122895
-130.29444536114892
85.11380031073053
48.06027712870388
10.648150722932026
11.741460608743367
13.506942205714216
10.818024986426886
7.191055596389474
0.0010109080487837319
0.003461231962555225
-9.595228127211308e-05
0.0006482895028994129
0.0005715915446669051
0.00026299917954895197
-0.00044541464913605555
-0.0005569514315770796
5.725962738178936e-06
-168.90650257551374
-179.09499751396726
-138.71153105739194
-133.17961653352313
-66.14220343561234
-27.030403621135893
-1.5165710412321598
-1.02390742264698
-0.33506359628168836
0.0010205253997598585
0.0031121829277923063
-0.00012784205808023807
0.0006998442157786222
0.0006306525869754775
0.000325649873351902
-0.000510105400460592
-0.0005547598694866096
-5.1599743097874295e-05
-56.626701422022535
-114.70184104477536
-39.24139403708188
-37.10589438202377
-13.896981941844146
-12.615292258759002
-4.09298186273292
-2.361315220429611
-1.2364827020072555
0.0010304960621442816
0.0035158179907289894
0.00022417624844391082
0.0008028184780957126
0.0007599637456223718
0.00037670318334057096
-0.00027003639632994236
-0.0004589317417025285
3.2448330688716887e-05
49.521079447294554
-170.28557247358404
37.59635241509476
39.94781088856013
29.15569677590016
-0.9733019428772031
-4.981273687094291
0.3643365397838778
-4.454332920161097
0.0010399264405928088
0.00492259450948776
0.000828840004891529
0.0009152155376355164
0.0008787486047374671
0.00045613402854555174
0.00020259830621371933
-0.00026949435375822617
0.00022338986001302352
106.8448725444591
-188.2478774207924
89.14572880253013
75.26467304322144
46.852184563927715
-5.552913712207918
12.963956837001186
8.030319075056719
2.360440942579113
0.0010497405024545992
-0.006072599797406861
0.0004259069487260181
0.00039354940072944267
0.0010802645907213027
-0.0005611953856380636
0.0002723636417965025
-0.00012060922952761288
0.00024949820057318384
14.084080563552945
-99.17417575838722
26.380437182848357
34.601860375884634
19.995105242431734
-8.027090395620164
-6.061147514258919
-4.50469162120986
2.0828975392031994
0.0010580682744867342
0.0008495447039692794
0.0005864454534482699
0.0005034558599854577
0.0006691094130020225
9.044232809679587e-05
0.0002838737106368727
-7.401578109211826e-05
0.0001306219203014436
54.398811797438626
-122.68427811332921
59.12254280883239
30.209770623104383
13.504717179329234
-7.757034496764
24.020563997435595
14.1629049648955
4.199887317225792
0.0010659907336548757
0.0032959520910508106
0.0006631207234728542
0.00045658198392339866
0.00039804341235294416
0.00035136592198115046
0.0003784202404540915
-4.9578361756008604e-06
5.724918590033212e-05
9.786114442329449
-113.86211208044915
22.46909560411411
17.51281990690709
6.301838774675922
-8.947552794412779
4.389740997719785
2.3415733180851017
0.8072344359172705
0.0010735435236445268
0.003264839024912633
0.0007275333355033498
0.00040470509445589276
0.000285245975504278
0.00041670411662669826
0.0004717419418894808
7.092266776598244e-05
2.4313356533411934e-05
3.461111428011975
-105.0097797444168
16.248952844813434
11.236007120102968
2.8551752103005015
-9.204400146355958
3.8602270323242944
2.082395110613314
0.5792624218835871
0.0010805372407228786
0.0020345772844884077
0.0008061183574109565
0.0003897451484693448
0.00028804921870229094
0.0003803266108181602
0.0005446729748365131
0.00013497739968615363
1.3702270055482302e-05
-5.298483671343661
-98.77302079764172
8.733997069239416
6.890867214259984
0.8319277963698646
-9.263111243428146
0.013603233791926074
-0.11392504033313688
-0.04123732402723734
0.0010862095061317523
0.0005312562565024798
0.0009036180354381473
0.00040808572999165293
0.00034346795724737866
0.00031551152088060697
0.0006039823599524041
0.0001929732157841535
1.6170072051124862e-05
-5.667149349147081
-94.97110287115925
8.691817687848356
1.59900746927471
-1.6585951162969188
-9.664324972638038
4.0604677406149285
2.3321226227650564
0.7173262530423788
0.0010902028341768233
-0.0009451529094110789
0.0010150706158741363
0.00044935404457002726
0.00041769460810966996
0.00024379474854691052
0.0006534416173881175
0.00024743197781473825
2.5527536417602192e-05
-13.395655566816856
-92.27225211346395
2.0783472436430834
-3.2564308739642533
-4.1471595005883
-10.126924537608822
2.9626866448073983
1.7034902869799822
0.5126763702465301
0.001091553684883062
-0.0019415065393261488
0.0011200914478839419
0.00048647589164929617
0.00046842625880166855
0.00019975165667646122
0.0007019313269331917
0.000300345886563802
4.3069642165827204e-05
-23.586389173662212
-88.58036631039766
-5.797715437149055
-5.289506400036583
-4.675436571222469
-10.080445617412515
-1.8429318154108074
-1.0634400283689445
-0.34572378267261233
0.0010917629435557852
-0.003480499204762025
0.0012823703996129865
0.000577786516963108
0.0005828406489829241
9.917785963087233e-05
0.0007515634935779669
0.00034884794619127746
6.759205859940831e-05
-22.405072654066828
-87.86466274835716
-6.145470651217401
-3.2488122108536537
-3.8124409409095295
-9.441797025393114
-5.018388888111858
-1.7197542495706237
-1.2664055123373323
0.0010888124662071785
-0.005598696285801688
0.0015280707345385336
0.0007451128636454252
0.0007976773354947397
-7.695848284505757e-05
0.0008108470963010816
0.00039211803659844335
0.00011699296687461835
39.117364554225446
-108.720830069703
37.71125957093098
-1.5183363114759771
-2.5745326242060944
-9.12446655291778
36.9162834526701
21.324611106082955
-0.5764599594773632
0.0010822388931475135
-0.007374845683571385
0.0016153534999635566
0.0008268074794146596
0.0009060536267573305
-0.00021217922254573862
0.0008009223079942229
0.00042331952999918876
6.732466892156452e-05
94.50050717111881
-113.13826964716705
88.33095321849905
-13.616992208102294
-7.732020358217938
-11.147960508834942
97.33715546059419
53.43709157203358
8.480068575624824
0.0010721319384335848
-0.006798628316561729
0.0014701981762126892
0.0006200124098687532
0.0006988240465020112
-0.00020517490713886644
0.0008483849367537655
0.0005394901235480365
3.006740477629055e-05
178.18306816221687
-188.31587201262653
152.88066211000861
-41.5169201093961
-19.765042860504977
-15.560834156790127
187.5508749229546
100.49846933332971
15.634140946639468
0.0010584426678030834
0.0007381102738503384
0.000556307856805327
-0.0003618061542873807
-0.00028786697438332176
0.0001247629571226594
0.0009046367484791262
0.0005513984984595044
0.00014015141766049455
-148.5065563122766
-171.303540414052
-129.22069576366366
-305.1907310058765
-171.2728654057007
-64.49600298460587
183.3199477672718
100.88734715211119
17.5441121528975
0.001041216418453117
0.005396794753925571
0.0008838219992967355
-0.0004137368662224805
-0.0003165376259466335
0.0001377610531650142
0.0012673037212105331
0.0005752628135385351
0.0007167174194737669
32.86952732838674
-95.78809009572456
23.68084370036214
9.547788248556117
3.552232269314871
-0.09549805383939791
0.508892921374823
-0.6850730885565497
-5.664638926082746
0.0010215587186980235
-0.005103187631457978
0.00023327041625706424
-0.0004323108318953217
-0.00032082076262618386
0.0001470145730954331
0.0006267010202747336
0.0007473794347361284
-0.0004890671168524818
-33.454912328954705
-65.1070530778369
-13.09763339734775
0.13454296377319963
1.7982084403548058
0.21736485485540946
-13.4472604291729
-23.571684630935323
-19.598328813665916
0.0010003571599745964
0.0018952248353438783
0.0005844024859648078
-0.00047119705092502073
-0.0003547299254242908
0.00016487144533886
0.000991076758655618
0.0005699785763513265
0.000217981212851992
-2.303701910499143
-107.79341562266353
19.755471409828942
43.79661721694387
28.059011088209388
4.950243885052348
-29.8634958791462
-28.250233367828514
-16.465610865905035
0.0009810782785591998
0.00941392444154246
0.0010530518966876054
-0.00031997351680423947
-0.00016796739264535177
0.0001256894949694526
0.0012807917034105554
0.00026420018426626113
0.001088742522086239
338.3387109213091
-62.43588447122022
269.5250706656619
0.33668397447914344
0.23319271952594534
0.05786759484688542
268.9085657930673
152.45712216327863
28.125616388288762
0.00096281756897032
0.0030566680783771366
0.000947232991168126
-0.00018279985746194605
-1.4071214249788966e-05
6.80545526800247e-05
0.00102590067354269
0.00039803673451306587
0.0005152261977130479
33.25857738163531
-45.96134625828648
26.15769321424473
0.08926338600577033
0.05923828539336795
0.026596835970337546
21.058428908734328
8.95884266205458
-2.380429904074811
0.0009451547907082247
-0.00035113323353625284
0.000919978862581966
-9.393552863312671e-05
7.007319585738969e-05
2.5023847369132213e-05
0.0008996197298385411
0.0005006568890981722
0.00022643545655354202
16.944607935331135
-66.69202522307384
17.497328056770122
0.781895785528711
0.4678071809084319
0.18963361264150633
16.016579339667963
-3.2167104073903374
-7.509605092832878
0.0009293551119973209
-0.002031617548222453
0.0009190005437218068
-7.93597265240642e-05
4.632079361210906e-05
1.4830215444572303e-07
0.0008712778649537789
0.0005837899473821739
8.458182928405833e-05
-36.83796685769752
-56.88422061631769
-21.24282086006123
0.011885354600636333
-0.00035372000834144046
0.018951939329054923
-16.92592892278344
-24.8364570348987
-16.64755739713337
0.000915819318091593
0.0031882604445289675
0.001128539919818615
-2.8632462592437236e-05
7.15547664890126e-05
-2.9191278401841103e-05
0.0009951999855318805
0.0003242152680834609
0.0005871960472542959
0.699638705850937
-46.08714361831534
2.7242364069608858
0.010653583110135758
0.001851563926130062
0.017039264588011305
0.057323375583344216
-7.612200939456976
-3.119737219049121
0.000903777335546585
-0.0054358158977868
0.00121912749011183
2.205378915354217e-05
8.535216627170855e-05
-6.632968619296742e-05
0.001026298909132639
0.0008576712451508484
-0.00019041320968371522
-26.30049869258987
-57.54840045202758
-15.867067209226716
-0.04244039348627093
-0.0156267357331501
0.014703531802700787
-11.557527181075312
-19.334933078996254
-12.212019066400288
0.0008931356037941152
-0.003143083380257483
0.0012729882694457982
9.877107422773257e-05
9.6797119926606e-05
-0.00010509977660277947
0.00097118570278526
0.000599130043760554
-1.3389543223052414e-05
-8.173264392615117
-51.707293011314846
-2.254900004849696
-0.01867156314981422
-0.0019513625545761748
0.0139870207314865
-4.2618049388259065
-9.681503243390436
-4.146183529381233
0.0008845855231528477
-0.007211455387845622
0.0014985081941259748
0.0001678137880003483
0.0001223556605758347
-0.0001504974924077529
0.0011094475109945656
0.0009260288729833199
-0.00028210858954658136
-27.4365953371169
-64.35634667458368
-16.533058917837224
-0.13689037853349362
-0.09705474741828368
-0.0058757895916885525
-12.842329736120917
-15.689427263202433
-10.285701366003266
0.0008791699912104045
0.006278487880423456
0.0009103742970945697
0.0003103933649870605
0.00024206410026073044
-0.00021935839423570247
0.0003709408384401369
-0.0005878261338896351
0.0007480449119885435
12.591402729351795
-27.818708823874317
9.643488034358654
-0.1308767792945673
-0.05563688696360458
-0.004925053926921663
8.662386833899802
0.848712441290246
0.35942964808282163
0.0008753892334287805
-0.0006414138213523546
0.0011946757607367367
0.0003149720789474911
0.0002226513562564314
-0.0003002140329343428
0.0006173752419292647
4.097654062285017e-06
0.00019178472372161082
27.054294493353268
-43.05736377812616
22.395465293799873
-0.08690002350331838
-0.02975329789192216
0.005391347805125957
22.53681476181407
8.836649873824683
0.6431617085073
0.0008751461418544659
-0.017480186494444716
0.0017473799787025152
0.0003725581564092417
0.0002609618274838077
-0.0003920250694063876
0.001082743288660537
0.0012627597086056763
-0.0012178668777718116
-35.383324915635896
-153.17526238689697
-28.442640428820987
-14.787314636936614
-6.451212161164978
-0.021126115769764642
-4.282153812284662
-10.305269737525094
-12.873803955717548
0.0008787347296900228
0.00516243081703513
0.000751804127038555
0.0005826975912335275
0.0004443415350809943
-0.0005241035389628168
-3.4033997600602106e-05
-0.0009799941765846754
0.000557113555062827
-1.362401201753931
-148.50053467798494
-1.2493254356408738
-0.3817819391440982
-3.626785377234693
-0.10765025259841043
-6.028538058313835
-4.616759878964993
-21.85749085286809
0.0008850858980566922
-0.003605060551078204
0.0013402311631644237
0.0007181455297844419
0.0005920723688892515
-0.0006910304444597837
0.00044881106590621833
-0.00012815952156253196
-5.391290905265578e-05
0.8785517656389271
-158.21905802098325
-0.5043107517804335
3.3969559684373944
-0.8436440833717658
0.015354240775381167
-7.877991380018405
-5.1959035018371535
-19.494308696594402
0.0008941637672128522
-0.006707891854741903
0.0015868986095851079
0.0008783868931716565
0.0007806488542927426
-0.0009304224287206009
0.0005802725979464629
7.164527001213283e-05
-0.00015650316942084075
2.7949641955976494
-148.35448279680617
-0.6560326866410615
3.5717180594200495
0.10697454578945466
0.08456132202206523
-6.196097942841686
-3.555389932217638
-16.348232907160117
0.0009039425794208356
-0.009653607620699362
0.0017919212404532286
0.0010436522680441485
0.0009944352308508542
-0.001236026536281437
0.0006701669693759404
0.00020213697620707904
-0.00021434363906358556
1.8894615266739478
-186.0442672424942
-2.230462132708737
0.9169489228620539
1.6971096292919714
0.08899551447893028
-7.553822567041496
-4.106700001655556
-13.545422906342612
0.0009138653395511787
-0.010831652055010466
0.001880555806632711
0.0011240014980298182
0.0010930011183751809
-0.0014761412885303249
0.0007444208461497848
0.00029765629240186
-0.00024015013281353248
7.24392578563589
-76.68377907983643
0.19123670438195894
10.295078404309226
6.406943460713279
0.36738013605679043
-16.321355793382452
-9.355198592790268
-13.696297913216812
0.0009244112100450508
-0.0008982352227950297
0.001406970903293392
0.0005805548064597155
0.0003844362863825168
-0.0007341709504474353
0.0008218710438187282
0.0004136020219944747
-0.00028697969123281375
16.088215208512924
-110.17132221383434
9.211852646431675
15.184453470328975
9.443508894404125
0.7253241391135022
-11.961331573841662
-8.641957438070271
-20.914839751050394
0.0009344762595833167
0.01101400561323207
0.0008929928400668863
7.132474929139043e-05
-0.0004850665399700471
0.0004950797608217206
0.0008503062162804886
0.000615833941255424
-0.0004989927104634972
60.28559514067132
-284.1822360498306
22.095272029872802
-4.272000778898743
-0.3684316671707393
-8.799619152408447
24.136437055586548
16.85758800003154
-43.569191630849176
0.0009437322738875542
0.02492279724204225
0.00030021692417925294
-0.0005427358414989564
-0.0013001421577629735
0.001655246373285596
0.0008745093000686044
0.0006640288211430256
-0.000525686181094942
-201.21832586656234
-93.75411754587492
-198.05327511435476
9.03005295166875
6.8688306008263575
-8.355322525430552
-213.47724587646286
-133.33641795442804
-68.68388402224161
0.000951992999194684
0.002714642151019006
0.000896905110153487
0.0003682212151079334
0.00023022630036884095
-0.00043191115435955996
0.0005794874085409685
2.9623452905802594e-05
1.3801588969408751e-05
59.64336938086782
-296.58193683322247
44.736520873890704
-19.244400809537623
-4.969545653929885
-18.66395731428308
66.8170210658578
42.2541102448717
1.465226173306073
0.0009592979459605022
0.010264531164880325
0.0005381054984298084
-9.686082770399285e-05
-0.00030338694900039487
0.00014347502319767697
0.0006873345870248571
0.0002487172892364775
-0.00015845469166153592
43.193527248722994
-440.8577538338946
21.496411463548156
7.695764606816596
15.553616093137686
-9.217103480837014
19.977220031765796
15.442140692962973
-2.6529592356876
0.0009647139131840898
0.010279202614802918
0.0007329859232054203
8.870269990524093e-06
-0.00018205564003093144
0.00021791760505709967
0.0007973078732383954
0.00032858254233314454
-0.00016275479147953575
-127.20043678388042
-123.15525568709717
-113.94796249787804
19.96146251388012
12.772881113187339
1.0282556200960853
-120.42028860577584
-71.923368499202
-16.22445033153766
0.0009670600450615296
0.012622883616801223
0.0005292992149826814
-6.742573134133067e-05
-0.00038593329977043567
0.000513064659812823
0.0006980844621551352
0.00033523374042054854
-0.00023247805119952503
-132.18098191951788
-62.983886789177745
-122.73946573376486
-7.665972739377665
-1.1022148436823471
-0.21814090938033104
-97.85444813764856
-55.33689936790732
-9.871885461703968
0.0009658828563942068
0.003282931674377945
0.0007212352728230564
0.00019214177161627766
0.00017473528754102796
-0.0001168137922811438
0.00064546018372591
0.00035913080289606825
-0.00033918263197429965
79.73312290473504
-175.8785645982727
58.65345839310844
-57.701880334042244
-38.85884978637401
-0.6985075141658824
97.33512001538797
75.58070489801035
-1.623389335836758
0.0009630895677230633
-0.032158935480067166
0.0017802834203661452
0.0012739995899448964
0.0028631756919068607
-0.004070091042786883
0.0006441149303300087
-0.00020155257860499098
0.0001635103813710792
5.83700151598498
-277.73392336027285
-6.475725981228692
-151.74117218756743
-96.31484309581626
-25.79653226119195
135.62370277099257
88.8659849012885
1.3267163952217729
0.0009606402604536712
0.0008871027256738273
0.00039413784250780237
-0.00032520065953907384
0.00028442742995449244
-0.0016511482924199648
0.0008651574940325979
-0.00011978359250086612
-9.872159145835058e-05
-7.826802482908292
-289.4708543857107
-13.288893384824018
61.09446328540102
36.97939749270985
3.5648930797158256
-61.975141918413385
-20.6531273916589
-20.34885966884577
0.0009581347556201769
0.006165661376845655
-0.0007245688702899322
-0.0006604208592484451
-0.0005114020159356358
-0.0007471751292065371
7.92798779860604e-05
-0.00020873253784658985
-0.0009122549554932968
15.015052245939277
-177.40413436174643
1.5389308603109566
27.482795351465803
16.336833737805616
2.1789751520768625
-41.38655527468245
-16.497074889744727
-10.475187909611856
0.0009575821827251252
0.007402283676516408
-0.0004073862944012907
-0.0006231879090754511
-0.00038325592041310586
-0.0008169088683359638
0.0003543059958430739
-0.0003064094099640702
-0.0007583229448810958
-0.45359696742130495
-188.1373185591731
-11.816025359427826
-17.383758481143836
-3.820909276274069
-2.1780183681577157
-12.222990884576607
-6.5533198095530985
-6.533282368226809
0.0009587969116965356
-0.01718171079784135
-0.0018296825416294071
-0.00045200604652501086
0.00021985360487675187
-0.001632994431376704
-0.0011993194665587126
0.0014230798790013655
-0.0010097680166154532
27.15171231916937
-380.25612479356573
0.4165251849536631
76.97534687503247
52.41420214683048
5.579390758738342
-16.817045802205485
-12.339629027288566
-11.363269282926424
0.0009610070907514756
-0.01417691242356986
0.0010227609458967057
-0.0004517694870678213
0.0006019255718090477
-0.00300405647942726
0.001560381992043114
0.0007988621169541243
0.0007798363893578575
-3.245345410860928
-328.8414545575514
-6.731741041216697
71.51036520272903
53.274600644931354
4.873619685807144
1.3740419778215198
-5.500790795835314
-10.477972082277795
0.0009659278398294058
-0.0221078100948969
-0.0006541994695181685
-0.0004868665863604349
0.00041761797371175913
-0.0034707922207559833
-0.00014374565838889963
-0.0006647210133579051
0.0004533403278268455
-42.44523721459655
-258.3031311902067
-23.952509246881043
34.608310084016196
23.494003582895203
-0.8420862650445109
-13.814433060797613
-10.952710459396371
-10.999014718272054
0.0009715062094761695
-0.020042741053453016
-0.0006794069908521994
-0.00010483643323344616
0.00022319443038387732
-0.0025672526858962277
-0.0005844681898763415
-0.00027688840128536896
0.00039504743740215176
-18.571667611693073
-198.66955867698968
0.6451055769829281
17.16937014995345
12.444846436884262
2.183008454841458
-14.0206927426501
-9.301074581289456
-8.633120073637677
0.0009754757452155038
-0.011273023556720857
0.0006411650878468955
0.0008597889724637486
0.0002534177219777334
-0.0001671891560401373
-0.00025062284673238455
0.0009844956891003065
-0.00036562577175613953
132.03472670518056
-165.4429741650062
130.6315048616088
97.9595200731435
53.7430672196258
5.808457058143709
-1.7595326270348153
2.3292310755627312
-1.6489824596740617
0.0009795940533294245
-0.023646212942956536
-0.0003756165519329946
0.00010342201797672312
0.0005996510791509424
-0.002580540069192158
-0.000503346056572429
-5.6901665204112106e-05
4.082604425714731e-05
-33.97511641092416
-111.72215485863944
-18.14028882665434
-38.052619629128074
-49.88614683346299
-13.60743231361441
0.394899924624724
0.25853989884342354
0.2647261120345563
0.0009850455540815206
0.0037446590507278776
0.00020688671269764036
-2.2097066121773423e-05
-0.000676018327400385
0.00015363420182315166
0.00020313102774593972
0.0007052592590592877
-0.00011687139965166349
-59.96712680598341
-182.60840685584316
-41.37996130291268
-67.03243016182047
-52.69777841562422
-19.011887902569555
0.7398555257927271
0.8198811580576439
0.1919477363349129
0.0009912101856140998
-0.018179402532794563
0.0008916149277041346
0.00043669497690634884
0.0007295705549585918
-0.0028887413800605943
0.00041056297594482816
-3.750326922791203e-05
0.0006818826383530041
394.52852639350164
-78.64740823797212
341.45437551276984
322.7733690397713
172.49060680083153
31.45324792558414
6.37811403921129
5.1077679985420765
1.032900808675088
0.0009967393924083523
0.021788167557315205
-0.0002887048064652564
-0.0008434831257952968
-0.0016574965689200027
0.0006808237448424348
0.0005573272422659814
0.0001874802815153842
0.0005402576365824974
-96.98228844445117
-363.70826267886247
-68.28108028850298
-108.41594884712575
-48.426859401938344
-41.83965684576316
27.486400107592836
21.26573876305759
3.264611178819962
0.0010045689349368891
0.019521401328834176
-0.0008500774986411747
-0.0006550337923865168
-0.0013315981866089954
0.0008707588159721502
-0.00021866460293024081
-0.00021760659509006963
0.0002555264325945217
66.82203746014815
-308.5240716932541
42.08690866897062
9.720305351597364
9.824363289030508
-18.461083884105715
39.36151567299008
37.31817504920808
1.7219513229913834
0.0010165226034132835
-0.0008757112328448002
-3.214615391736175e-05
0.00023774626254491338
-7.404139320361935e-05
-0.000250105608193274
-0.00025055473503443615
0.00022021386648324315
-0.00014590175464679334
62.67763366554132
-415.85441938347617
36.17821610320731
36.559265729232216
14.646754204616823
-0.190185071156332
-4.760847609087426
14.02846188278173
-3.506444021231516
0.0010315331274884931
0.0026124409384407077
-0.00010050056732027746
-0.00010047304210758501
-0.00043478395029872274
8.645451275984817e-05
5.378305107273107e-06
0.0003650127151455518
-0.0002024582559005117
22.57736729285296
-241.65072799717296
18.242660044856173
9.870872693693196
0.8799496297139324
0.30251339932058396
9.09391049550275
11.998304871385324
2.0746624239623976
0.0010495471220396957
0.003172583494590153
2.6395828766678786e-05
-0.00012113280358816425
-0.00042145134821236496
0.0001440768188762931
0.00016851359160548196
0.0003787733185106057
-0.00016971449047442633
1.8439112339661472
-240.68171977358259
1.0301924676726752
4.884189752199091
-0.5872679754569239
0.1429133919404677
-3.516879990049852
0.7821545930633782
0.033089547579719936
0.0010692142318378117
0.0029865776295043556
7.318941086294911e-05
-0.00011183467738529185
-0.0003783731395077261
0.0001894967302563666
0.00023364147343041264
0.0003822744832216729
-0.00017325040735594044
-2.8670895640245715
-69.62435101716
-3.159774998269028
0.2870235404778718
-3.6489601348483927
0.1172233387240793
0.18048505035226192
0.15201506297499545
0.01758534510732368
0.0010906454060768955
0.0029251327950659545
0.00012826621923058001
-8.160641820720294e-05
-0.0003326829933634201
0.00023654521399263384
0.00028451441546206713
0.00039539710313385434
-0.00016690999252233496
-2.8391046867354635
-66.22154825286776
-3.2217343012643385
-0.21045429672837912
-4.511774276796485
0.13654098000973502
0.17586118809866935
0.15100396973511732
0.015368053642467627
0.0011127426673169794
0.0029765359962822258
0.00019976456461351377
-5.730165739659121e-05
-0.0002979429343512585
0.00028619067799839915
0.00034385262563974006
0.0004147980259583406
-0.00015188608029292894
0.5165805260240148
-90.73589546633958
-1.5963444285050201
0.8305224572760412
-3.08389558817238
1.1297816622016583
0.32530844097098566
0.24814029365269974
0.02228210838769551
0.0011349154006615736
0.0030582801397808224
0.0003022605960867619
-1.1423481091066279e-05
-0.000255139586576969
0.00032906260856180314
0.00041206991003428506
0.00043770471877224715
-0.00012311641873363754
-27.227056143411346
-64.38158608321929
-25.755715085656885
-24.41169764458501
-16.949211163316903
-3.351977595441099
0.8226335935551177
0.6084861160493853
0.03656729484499199
0.001156941062803729
0.0039044654209302587
0.0003357893648451016
-3.130488543032217e-05
-0.0002610533281055538
0.0004092833204130675
0.0004789917565102275
0.0004454235925758221
-6.294528969563729e-05
31.305974750298148
-43.18846384413854
19.993718365994216
-17.486524779712788
-14.289296711007752
0.6377358481901894
35.76825688157311
21.059269650391084
4.513002168306601
0.0011792488381605626
0.007621046649687796
0.000679920164624287
-1.9362722543339594e-05
-0.0002611935826528633
0.00047898847732386063
0.000830249049304399
0.0004633291158215036
0.00032501630945436233
50.03024499395147
89.5382889530573
12.006408622333437
-16.810472026054413
-17.572196110578687
15.78091614945963
30.354994159718363
19.393300430563198
1.8475499153180408
0.0011997861344902327
0.005110073204029925
0.0006316918250650616
6.152229517342178e-05
-0.0001732270941419145
0.000504195775336086
0.0007205062739248369
0.0005022060096172565
0.00011035092477706954
-59.04121207267051
-394.2018981124228
-56.711625106616566
-128.6862141118085
-68.09586522462908
-25.74973984317205
75.56007262514838
48.0273300063477
5.79248206126509
0.0012170208445029251
0.0029567454941233084
0.001447841427411778
0.0006169920743569479
0.0004481725367051492
0.0003025627804238429
0.001000488802438415
0.0005936154715713293
0.00035357561558746475
-16.24627666056844
-194.00661348666523
-12.833611996521315
-49.98480191596307
-26.72200250758144
-10.148728542160889
33.434196865570584
19.574232061523468
-0.09633485156874733
0.0012306627586176067
0.0008678688806854906
0.002209052696895697
0.001104504699763087
0.0010015924030377654
0.00010614245572018732
0.0012704502966869313
0.0007143623351750783
0.0005551675595119043
-22.84622932336695
-115.62823985454017
-9.662800383353307
-111.99503795765872
-65.34978745539436
-21.954202099635545
96.75896749389995
57.423643933704575
9.865464605946844
0.0012408409477349114
0.0007514517030512147
0.0021577848443043723
0.0010415300374368996
0.0009228997298993402
8.745551550060071e-05
0.0012784317284610935
0.0007762608031214313
0.0005269702078566363
-30.487009801176686
-72.84926238400743
-15.465748156344546
1.619101604692787
5.898581182091306
1.4878498200505739
-18.355444529863462
-18.61148422842932
-7.496441824712491
0.0012482429506022186
0.0025564327601616046
0.0021047707793140635
0.0008516880665427884
0.0006953225303640842
0.00015991007122834883
0.0014227097823427126
0.0008852355251576238
0.0006383692940322705
6.029845014692
-62.96131399424195
16.886996869836345
11.103542239759172
6.825691334481185
1.1705863625322883
1.7195144535263154
-5.3654409756661785
-4.070589857130443
0.0012547077329615464
0.003613612332638773
0.0017660440242912856
0.0005221507013069004
0.00031516440959000747
0.00029177190971828304
0.0014112033582467376
0.0009654272854050516
0.0005500026944421643
1.2909509315476324
-41.01842063864561
7.30255928597871
-1.048665078760312
-0.6819462167259791
-0.09874512994861862
5.443227606623143
-3.356650350586694
-3.8969589697230873
0.0012590426143942457
0.0031054206284264196
0.0017142247793863474
0.000441968445716201
0.0002247144096318987
0.0003301671765161829
0.0014323723349543016
0.001042800536415256
0.00048295991791424964
2.371905989984863
-39.23488364939084
8.041059728771314
-0.32634341865263305
-0.22854499714536125
-0.01721640860164042
5.918142313201976
-3.129446895775098
-4.19885658491711
0.001264318678500298
0.0018235746615868215
0.0016667723849807525
0.0003999961060725532
0.00015619525571497483
0.00036076350015684655
0.001417755228894313
0.0011233428629794373
0.0003449692485231609
2.7499517847582315
-39.901846890939645
8.023023523896534
-0.15162301659354738
-0.1073701425275202
0.0017359331770508413
5.953076373270897
-3.1586278627323923
-4.425642023364929
0.0012687664036332702
-0.0002163133000063766
0.0016262032045335356
0.00038307102615187105
9.505296774248162e-05
0.00038918091151318723
0.001383395801308085
0.0012281925987740472
0.0001341785515600602
4.846182260706233
-42.71161193311737
9.000149093127007
-0.11510658411640318
-0.07761690389882098
0.005034133383785888
7.372656444534073
-2.2334899943194704
-4.362633613543608
0.0012740702373337243
-0.0024833221212572504
0.001615478369715019
0.000380912909182074
3.382522349626438e-05
0.0004209085862473816
0.001362983786270755
0.0013562087039720727
-9.001797129741529e-05
3.2249506144240705
-44.576917797041006
7.833377182741865
-0.16096145280565777
-0.09992628223690359
-0.000782423401291199
6.163423578735764
-1.4254395489019398
-6.487246663213213
0.0012800266758714596
0.0035439531778608743
0.001708029002968306
0.0003833529682450987
-3.320222134525763e-05
0.00046770848565264034
0.0014419348037526536
0.001101800805168418
0.0004951454391746157
10.505784675384515
-56.82798117231682
12.999969519548156
-0.32794396641827994
-0.21336738873425576
-0.020684329109149524
14.768942533677967
3.2232793550385628
-5.460869783378222
0.0012869881114867532
0.010163802920038264
0.001677515107723509
0.00039460552306791463
-7.693619636764404e-05
0.0005194941816725196
0.0013903706696182239
0.0005929483912409106
0.0013466709136773503
-9.779908868222101
-23.907144207823677
-8.15329074483933
-1.4171359208458831
-0.9320137520450462
-0.14234385789131832
-10.491261054731314
-8.28885800455725
-19.821549475964858
0.0012936722772126652
-0.00048705148679453053
0.0018365280452485484
0.00042523603605615357
-9.578961975897915e-05
0.0005674107474654133
0.0015218978600375355
0.0014133683301250921
2.630502402412027e-05
-21.28703145983414
-44.865482309071574
-12.51477966836693
-6.774438594324575
-4.725195948368009
-0.9438333150595404
-1.9531356220343419
-6.3224983133649
-9.842521072401567
0.0013002225907956522
0.0002504802530205394
0.001847977770665088
0.0004546379620351537
-0.00011095496583457543
0.0006270287780485995
0.0014924372312793976
0.0013253351762727156
0.00010898485682764303
-14.955245090684869
-55.681470256976404
-4.655556113889096
-0.7600258052804635
-0.37526075086544
0.0496575254919609
-4.101005066695279
-8.976982259405759
-10.753670403899704
0.0013068120303633135
-0.004538604211460184
0.0021377434661503936
0.0006883837940956372
0.00026428926252886065
0.0004338365683362877
0.0015260093616311643
0.0013734971608947433
-7.290827074157846e-05
6.118617058856685
-79.41303759599487
14.714477281670062
14.54278791107184
10.129909119387385
1.426293439925681
-2.5237609403938563
-8.249218742812932
-12.043849620586528
0.0013144064578716197
-0.00391595233726727
0.0021000360408472696
0.0007753895899744734
0.00039775074181402914
0.00036221700355204556
0.0013646059328660254
0.001067224201145911
-3.628406541222873e-05
-5.069264986446058
-79.04016117999254
1.69489742963529
3.0021302677481287
2.8379069319274635
0.4055512731512909
0.30774419604446734
-3.1571646742673494
-9.991773330736592
0.0013247292366059815
0.00676221475464428
0.0012849320820748564
0.0008113631464781168
0.00047869146018642006
0.00029817567886986085
0.0004919474455795658
-0.0004006726465717314
0.0006038162497263855
35.026888937388065
-55.765267139606465
31.89221885373361
-0.29271780689640536
0.851382925795381
0.23104678218244737
27.279788861722764
14.885240614427122
1.1069192691407093
0.0013368056455064226
0.00037302130066346403
0.001661741207378331
0.0008249440874548153
0.000528499255232795
0.0002551268633458892
0.0008499874246482575
0.000208746664012327
0.00016528766157208885
0.265838998398193
-69.91570632563213
1.3002399813968637
16.98847970305293
5.3215160978886615
0.4083941299881033
-11.48607623798084
-4.410609910003608
-14.25479043326515
0.0013494131493989592
-0.0036828422086997784
0.001048619015550329
0.00047976871219268524
0.0007284169152468323
-0.00046674479227043486
0.0005901834341682788
-0.00011586657001927403
0.0004069987742305603
10.583105789306872
-41.95065350073145
9.327973088299771
-6.832015718803007
-0.27107346399452226
-2.6761473112353613
7.838568512507564
4.874574097343604
0.24344077219612714
0.001362158994492213
-0.0008506843218802924
0.0012559009382856028
0.0006436302434906782
0.0006384582102669789
-0.00022262868503097888
0.0006326070727002975
-4.125099087240458e-05
0.00037534686550899643
2.283522726797459
-36.21377976776572
2.90188961652521
-8.361797559705252
-3.8146298615237804
-3.155104887929994
6.144599388753093
3.139597507798168
-0.10385879030328837
0.0013753407391238204
0.0009682774119292581
0.001391627463546631
0.0007319022772707129
0.0005424704952383674
-2.8618245829170608e-05
0.0006746425114989574
5.0449763933924086e-05
0.00032626511289018945
9.169710926005727
-40.36672496526228
9.892350807094552
-6.501283958833795
-4.045536673091796
-3.084503277056441
11.402120165536473
6.382404204756085
-0.13966876962578167
0.0013880676817872306
0.00025202463269987513
0.001463446710137234
0.0007519989584401365
0.0004970978568027418
-3.484894007460548e-05
0.000716625651766778
0.00016347212866202332
0.00023868546193878126
8.293827514283862
-41.712414282590316
11.420479702516516
-10.121717948076451
-5.09915928893362
-3.6225169932504713
15.881382274370907
8.344350181863447
-0.7116485974199196
0.0013994620249455636
-0.001483634988638488
0.001504020774634754
0.0007738863615434077
0.0005550557320024296
-0.0002244249901062756
0.0007274370010108555
0.0001937379642350523
0.0002251720153179093
-3.364180705960033
-41.589725492368046
-1.002715108137556
-17.392597872291905
-9.054952336076795
-4.81999725663691
15.032715238208427
8.481287341985961
-1.149140767148674
0.0014101338773604422
0.0006508703077936079
0.0016351834936912807
0.0008131931052770547
0.0006320014627791137
-0.00042752751939222067
0.0008180076968923311
5.6134060892637505e-05
0.0006036047772986428
0.015014874295914638
-43.903318654649084
0.6031383805359916
-10.18479598692879
-7.860371848087099
-4.439750924670641
8.925007897929376
5.03520247032197
-0.28952965807093173
0.0014185553321367506
-0.002394278324636982
0.0015686036139272441
0.0008241351699455057
0.0006199839645029126
-0.0005403866599690346
0.0007380662302242103
0.0001979375228176039
0.0002934208029761187
179.10122601211225
-41.39105822753085
156.61715933435065
-21.203905178162557
-13.65686271821751
-5.610397248353827
173.63784256145692
95.44328000291523
25.444876911138465
0.0014247525539161643
0.001974034226639096
0.0006326635500674971
0.0001451173609190448
-0.000549553037733741
0.00042551774933302644
0.0004828718931004783
0.0004900445687093247
-0.0005227757428727386
-4.143243780730984
-46.84737465970653
4.964363056108837
6.255156222709218
2.7070387366568696
0.4347820561454974
-8.842591466526187
-9.698968583142737
-4.74371771675591
0.0014282695512279897
0.0033724586740604134
0.0009055986119524476
0.0003029409109760045
-0.000281354337894002
0.00027273476305209043
0.0006005042643626168
0.00029705955948822194
-0.00011280578581662759
1.8102791386569714
-40.41044242174162
2.0776872744390866
-1.2067232548147047
0.023246522445925066
0.20401206714260312
0.8547913481578036
-3.400861212853459
-0.2633986381832969
0.001427257792512071
0.0007505593270176886
0.001031886676053126
0.00039950443409197955
-0.00011550418441674815
0.0001846998848337167
0.0006356807777583295
0.0003761391211454246
-0.0001803913996223372
0.39966169259739104
-29.91184471596275
5.018907293273088
0.9151486163897218
0.46830170959399275
0.054587725237237095
0.870800916021402
-2.0910542612413305
-0.5143896419473393
0.0014216050666696622
0.0022617523130400996
0.001051788495581879
0.0004001962040074414
-0.00015966137401091096
0.0002997700597962734
0.0006603213841613886
0.0003222957219253253
-0.00010771600957015792
1.1225591511148707
-35.169561679347254
5.629712467345087
0.6815457039804755
0.3121317516429656
-0.06014470900839619
1.1199620807663848
-0.5675340787125691
-0.6936935565217084
0.001412482083478217
0.009945302755765092
0.0009549701911731288
0.0004217332366449611
-0.00025417989777620775
0.0005410875173420537
0.0005479535091066357
-0.00020424191361745336
0.00033303108486237853
4.037312986215596
-39.8287057368525
-12.717795531622114
-4.592651088496524
-0.5339162304905898
0.0280514509807821
3.0789287821722837
1.9661873534210628
0.3014155619232568
0.0013988864396450307
0.000918089671443148
0.001095264195999049
0.0004518020880033835
-0.00018791876538681862
0.000565978723684718
0.0006658931453021877
0.0004756934931193779
-0.00036846857590600024
17.43214763765682
-9.245540966713875
10.757772608610395
7.902116783894853
5.193274267287158
0.18322142844013856
0.9266802119724815
1.0095357238894787
-0.1483996405161676
0.0013848949943843225
0.0029065898056615594
0.0011247390401267418
0.0004914544590072234
-0.00016751065163700396
0.0006851928601678096
0.000661717199205103
0.0003833779921880165
-0.0001919136827743806
25.964365428894215
-5.601311636810934
15.97219344032185
15.689060873731604
9.778326032124731
1.0352124271588279
2.1365810948946873
1.5771073390854262
0.15140971130061587
0.001369265229221539
0.004044605384916137
0.0011518301032704707
0.0005365142885389029
-0.00012575742414222546
0.0007952123372484644
0.000651148658949996
0.0003699824592189316
-5.25402053181967e-05
62.3872967002059
2.056200409381269
44.496140783245444
45.05597676026716
25.46302192611737
5.801390755847528
2.0818096368571375
1.6093263978534615
0.15164868124818298
0.0013520049262594203
0.0018667652101765492
0.0011717857676825372
0.0005390450573633798
2.2676312172897894e-05
0.0006906698107521326
0.0006776974151730675
0.00048382070786168185
1.739542830692109e-05
22.180485107136054
7.476474333803363
9.484309174164807
9.888521795458374
5.465894861320784
0.14183158613921654
1.6182590810455009
1.4553186879540014
0.01461127023652864
0.0013389412032597248
-0.003358931535489546
0.0011453853463358477
0.00045149836021224354
0.0002527141142332212
0.000323192842852915
0.0007491950084597687
0.0007031706801399473
3.993258614731765e-05
23.77213945413196
5.232454519721507
13.81444774850991
11.442182887734191
4.732021471165005
0.25078917367657905
1.2783137494948704
1.4539388627744945
-0.13280560653720386
0.0013233630672757624
-0.009616079591188938
0.0009163901238409614
0.00024273198155544407
0.0005188649808463008
-0.00031532731115214985
0.0007392220120071569
0.0007924377378879521
0.00011063397877086878
25.3748600965302
-6.35911561401403
18.581778426060456
11.033368908814182
5.8701061389139895
0.28928178043146247
2.686903912306931
2.5398771911341953
0.03322138226798188
0.0013127338251350817
-0.007268751537569847
0.0005665836306320044
0.00022758306711079257
0.000598444834871259
-0.0005046947259326195
0.00041020363889199274
0.0004130757973183283
0.00031175664148763715
15.012139250823594
-22.453675953037514
10.687527454010464
8.086782780661096
2.8544594922984743
0.105420744372978
0.9548924234557461
2.138815570521867
-0.6097725856731557
0.0013037521430978583
-0.0027440273001387155
0.0006553306633520772
0.0005142950685202985
0.0006537318105972467
-0.00024620476090561616
0.0002189423055283246
0.0001783013698832825
0.0003828945917825344
36.3628384733498
-41.10089313580653
23.997132122244267
24.598508455390984
11.57599322222994
0.17619197843250145
-0.021316449086427273
-0.011681715479376464
-0.004384161136528952
0.0012959846065005998
-0.001099911163886358
0.0008416477269597988
0.0007046502712051428
0.000718987602887744
-6.951461167220563e-05
0.0002231798086909098
0.00012334721523232783
0.0003312315241754682
-8.137263467887607
-35.5170157164231
-9.471453143668242
-6.152536038592217
-13.954579893004082
-5.141990543592257
0.0822085782758677
0.042535203270574584
0.0110134518902969
0.0012886709247134087
0.0015600608419869648
0.0010819601294410203
0.0009324582974363782
0.0007373237996676774
0.00021047541721892424
0.0002462774852773908
7.804976184766499e-05
0.0002895423460880231
-9.328083188006232
-29.754178049486953
-7.024982440763409
-7.13285349849322
-12.208775714167523
-4.763845935193544
0.3894430391773227
0.2631533727440285
0.057657029694155426
0.0012809679997828338
0.0030170375880939487
0.001124793132944668
0.0010082151414442242
0.0007100546054678789
0.0003251936546281309
0.00021488248946033295
-3.6092056041381326e-05
0.0002779369268175458
1.9420406274887192
-34.4474796678592
4.339610872721455
-5.586966045335501
-11.555181282144169
-4.105724013350027
5.631637697904409
4.022800422799239
0.8401259658578475
0.0012739298321854386
0.002435883688062808
0.0012481322951122522
0.0010271051215650084
0.0006821316875202932
0.00037852346266231685
0.0003151274113263325
6.114684249358682e-05
0.00019612630008047915
4.158344449078287
-32.066095635461764
5.5657174730531995
-4.267441080262429
-9.960455272269265
-3.6168637103237273
6.208304326717119
4.327195607836016
0.7158061559773659
0.0012664934695435504
0.0018925556798204332
0.0012933984429206041
0.0010161209231889234
0.0006780849909793218
0.0003643090215811884
0.0003665841406693682
6.676470191846473e-05
0.0001842674452612325
1.9582117561969365
-27.437321111044362
2.4366425634112874
-2.9499511265293883
-8.6207618430818
-3.2672014294897878
3.3589796485652634
2.3363519138649185
0.3379196234236308
0.0012594192851576036
0.001185306475790765
0.0013449258362951758
0.0010070578491486737
0.0006822329887600787
0.00035200259045264914
0.00042515427213424273
9.080793249172103e-05
0.0001586526842700664
1.497057214097632
-26.09564987100581
1.4251641228163816
-2.266187199743843
-7.905616933860204
-3.055599378496723
2.5793031524994916
1.9559555423712922
0.23754847394266743
0.0012527944478828434
0.0004991279133502741
0.0013917939594486478
0.0009977637088454117
0.0006883903701103145
0.00034185068445624633
0.00048051760646394825
0.00011583962064198872
0.00013297060641304093
3.1507646141189163
-26.453058372643138
2.273490857897875
-1.870786613589015
-7.701550641069407
-2.9033804560373255
3.508348987180799
2.52843432641264
0.26520705281454715
0.001246222267443975
1.2874749111328049e-05
0.0014305827105825942
0.0009875447484899436
0.0006959911828600118
0.0003309503733006647
0.0005294394267763569
0.00012697950100815092
0.0001267677988989746
6.18879507639932
-27.56077796786004
4.128016373577552
-1.5774792212195834
-7.569299803375955
-2.76409256903802
5.376158301834727
3.617274735236361
0.33136493576341786
0.0012391526810827669
-0.0006863380681693433
0.0014723814529367836
0.0009795919225051297
0.0007092050391910298
0.00031026623040386614
0.0005792420470322468
0.00015686474036069598
0.0001148975485369963
8.94560318276784
-28.54273239776728
6.2014336301363375
-1.4825766692391866
-7.573746383130381
-2.5811056670392603
6.042928630278631
4.023498765892896
0.3500438729435602
0.0012311638095793276
-0.0017896358853216957
0.0015246228283744973
0.0009891755392023582
0.0007516973872467858
0.0002575499378897894
0.0006214332490284309
0.0001922523872126547
9.369006540449476e-05
10.949555289929389
-28.426153033225162
8.016093888897018
-1.3701993290995276
-7.425527786016083
-2.323513186437985
6.274690169597484
4.160320351224147
0.2922955401077807
0.001221774604498238
-0.003185069692263398
0.0015975517367875919
0.0010272471089578517
0.0008327287227187785
0.00016754211495839666
0.0006547481424623997
0.0002202026184072725
7.077232210317419e-05
11.818734030389805
-27.479340350681262
9.231408283741635
-1.2167874999495751
-6.914670806665018
-2.0238895966008457
7.4792335838328015
4.882525951609644
0.1964699188904111
0.001210618037530753
-0.0042922399853650844
0.0016972348289031477
0.0010854891206135697
0.0009329518892559063
5.334619465474644e-05
0.0006928701229462278
0.00022448516024109466
7.723567734713166e-05
9.123968876938214
-23.73601741849687
7.308237687615803
-0.8617284198722075
-6.150241453516445
-1.7855197628972448
5.994119849700851
3.8255269687996787
0.06499390241028796
0.001199192488612999
-0.00539658066641642
0.0017378018614501826
0.001101478654657373
0.0009711876132033059
-3.886525009322295e-05
0.0007139010799081247
0.0002647353949127851
3.859263618219422e-05
7.738077360430252
-22.17922975922362
5.494952465153518
-0.26226877801739334
-5.092301535163779
-1.750705509383593
4.091106249946961
2.142750638946069
-0.010713358835853892
0.0011860218242517595
-0.006213805146779827
0.0015703090324735297
0.0009891069115020024
0.0008592938123732352
-6.471744921160427e-05
0.0006582167430589925
0.00031850703862335017
-9.621897153683223e-05
13.771438171585316
-30.73215074041837
6.5657752204779065
-0.5522881077740109
-4.173470239073204
-1.734808976494314
5.413016656136328
1.239486960754629
0.0012801536011379235
0.0011707278972991064
-0.004744688300025474
0.0014083274344491858
0.0007384817048969872
0.0006054334923166205
-3.2193583252321245e-05
0.0007500153114812225
0.0004121519900470716
-6.28036009349131e-05
6.045175202434564
-32.179005281003384
1.6393902419448223
-2.233616996107287
-4.238693261982123
-2.0298888863504985
2.621233637129407
0.3146177186963186
0.012027545418625496
0.0011527821073358258
-0.0028433171846069527
0.0009180562869472997
0.0002714523323796847
0.00013965398539406149
7.871576100221267e-05
0.0007333727235007137
0.0004904539927834684
-0.00013405777083819181
8.185270059751204
-47.97483228032233
2.581114909090239
-3.9656370794567763
-4.481205500604817
-2.896726322301589
1.5178672178844685
-1.3830838167605979
0.35213386853544704
0.0011320628072895023
0.0016253963117128373
0.0010707474327845412
-0.00010734512311005862
-0.00022527736143834742
0.00016861184112842986
0.0012734685676194513
0.0007885932945310703
0.0002238185392768044
34.34955537504487
-49.24667634668816
29.45696947663598
21.04943239270375
9.887854459529805
1.9324528013441657
1.9448590313653824
-3.2771721945238
-2.5002021828828305
0.0011083904593289784
0.0018542585869322503
0.0015165460849537737
4.073214486433052e-05
-5.292135753154348e-05
0.0001308251023700857
0.0015762959496412599
0.0009754489747660633
0.0004218570612419814
27.13462434076494
-32.90667696521223
30.879222990190726
18.655883086297067
10.464652481783794
1.8866755351587707
6.311339866769374
-1.8793568856209077
-2.6879786458592605
0.0010818346244463317
0.0025069861643816534
0.0016334719337875309
-5.840704280224429e-06
-9.211649536311484e-05
0.00014887328802157263
0.0017432683494942314
0.0011031435635474318
0.0005088884844945962
23.31259009702805
-28.56139273019727
28.755011430530352
14.443355538167062
8.885141153367677
1.5397027154587466
9.206057483337602
-0.6355180339458144
-1.9482858888867725
0.0010533806494593678
0.0036584837230307053
0.0013907599614748078
-0.00028321312675649857
-0.00037442677370891353
0.00024323971341767836
0.0017800899087838662
0.0011865086555919724
0.00048328180344525684
16.453108913968663
-22.077302679518276
25.43756630294107
8.856381570170495
5.231654968328049
0.9307150200293131
9.961295192809402
-0.8067051054176275
-2.20863752193398
0.0010228124978096664
0.001866896652843942
0.0016660744884338108
-7.38302324717055e-05
-9.764985233617907e-05
0.00018270117097510252
0.001845515434824252
0.0012746708334319557
0.0004926288760835895
8.980117740174563
-15.116256460330746
16.959538288961703
0.7309023963530521
0.4113381171450641
0.09071599935154984
10.73359907756834
-1.1786950496567847
-2.531350076124241
0.0009927445154964687
0.0006677147516924858
0.0019057759268384655
8.654457429121964e-05
0.00010618396467876323
0.00012742695257805803
0.0019194743362846989
0.0013584452301198908
0.00051583984184711
10.09228404433913
-14.256176956082378
16.64735325814843
0.09726285216742525
0.06695529027382108
0.028823112577412883
10.817127342541568
-1.9790025237842048
-2.6714234261978476
0.0009636922175505491
0.0004911161377216255
0.002014237757227616
0.00011543292044886855
0.00014199214150756312
0.00010640093866276512
0.001989969068637798
0.0014315454860195087
0.0005504983300268496
9.447137311040564
-14.95036470517843
12.635145387588375
0.013898853529408228
0.009990659088904508
0.019283088221425382
10.56747201560211
-2.1907685717756546
-2.4944661673339397
0.0009361448687394969
0.0003374701231070032
0.0020859693065975182
0.00012665970213784905
0.00013612473508306522
8.611985284212587e-05
0.0020396483230920026
0.0015001867796750612
0.0005749967769227426
9.50731063272169
-15.343597122630005
9.332818719553355
-0.0009979773163912853
-0.00490908126334233
0.015911393054189267
8.96782169353768
-2.629823944092088
-2.431409051245481
0.0009085726501030233
9.614619917720779e-05
0.002141022563647829
0.0001391295550749183
0.00010646486274246136
6.32464779530828e-05
0.0020693019761974796
0.0015644762976771975
0.0005882120006263647
10.543519149929562
-14.906327146874593
7.44730944054918
-0.0044167922682500915
-0.0044296806331260985
0.014011644266480938
6.965532694375908
-3.3405804629968614
-2.498556422958103
0.000881893259922939
-0.00016650007641708445
0.0021865648871017412
0.00015610086331202533
7.02144257485049e-05
4.194470539392592e-05
0.0020829502365430352
0.0016216930216463865
0.0005963916120290125
10.44689342208455
-14.702462207747963
5.755981487366027
-0.0033061423708424797
-0.0033412166683427502
0.012842770334055065
5.34450318141378
-3.941661776035714
-2.535475148077886
0.000855091577386724
-0.00043745369365822285
0.0022222103403562454
0.0001740466879219249
2.9867828955087994e-05
2.2936273534446272e-05
0.002084600929950331
0.0016736283670526486
0.0006020244174624323
6.941532871996298
-15.585076223895342
4.433527699064015
0.0018179520890106995
-0.0035839056091899746
0.009742476328649552
4.113748595986667
-4.192839317150961
-2.471713302193578
0.0008278657034556103
-0.0008136513838121508
0.0022443873708857948
0.0001878832679976794
-1.368162361026215e-05
6.196182426310148e-06
0.002074561317327528
0.0017188732038506682
0.0005932304959736512
3.68358798131852
-15.58954888873675
3.4227262288814124
0.010578582995992125
-0.0010480984518990155
0.007543060819109382
2.7372107840819675
-4.60743034676621
-2.4462144317768875
0.0008010995133905796
-0.001513377517246988
0.0022559808316824914
0.00019349380830691043
-5.89041367162757e-05
-7.969706866617354e-06
0.0020593910367664447
0.0017679403882024936
0.0005464151915931248
2.0764799933461973
-14.625496251177765
3.4413357918797
0.024936533364305014
0.006293409578771447
0.01973075796441187
1.0382671604980365
-5.632595730859506
-2.3912693321272585
0.0007735628580306519
-0.0021132753108074644
0.00225347673327442
0.00018892758163557843
-0.00010284546520622495
-1.8175834866573926e-05
0.002038757247636802
0.001807068855590399
0.0005056371565772128
-3.672995377034811
-12.250751884879705
-0.1240962016850169
0.0465400441359205
0.018133143039666955
0.017841331411135475
-2.337093014842619
-8.008099791866826
-2.739337665133235
0.0007466386775963896
-0.00030661208901333614
0.0021424434601081954
0.00017161888484315546
-0.00014198733052406265
-2.2864158363389286e-05
0.0019061335296637338
0.0016807052517897603
0.0006968710971737291
-4.957054956127362
-11.244899145349432
-3.856772902822051
0.24176179225023964
0.7138583283507014
0.003810327230561683
-2.743419398073267
-2.6088231089458724
-1.9667408961227721
0.0007199976930233332
-0.0015093923780473799
0.00214623618326866
0.00013870936765109088
-0.00016268870861407825
-2.9838640751969625e-05
0.0019470606727994277
0.0014105025260218174
0.0004823624473169197
-1.3943447663445028
-13.859309014770714
5.740285325910911
7.62285880657592
3.832066901377741
-0.047780276146128065
-2.9337879569528873
-1.701222035328425
-1.8683685456405499
0.0006934633402324586
-0.002597182706176218
0.002153374360031768
0.00011176873774654261
-0.00016535558866148659
-4.191356804655877e-05
0.0019529495094350313
0.00123266981425052
0.0003239909169050481
-2.728017652795245
-14.147247054863357
2.938522885543442
4.391225374482616
2.7943425869090905
0.009584177649646586
-4.344903272058119
-2.390682255209926
-2.186553047701949
0.0006670922357779885
-0.003147831237032217
0.0021219144444359073
7.784066523153221e-05
-0.00017609507734572816
-4.837309258695632e-05
0.001918411772870554
0.0010623945096201043
0.0002245216849043885
-6.140489691001505
-18.48150908462179
-1.104239428934065
2.239376292206117
2.488631933579345
0.12608076434954274
-7.312830174784068
-3.9710352646489953
-2.8977161873281716
0.0006411219965732906
-0.0014107732375134852
0.0018487796526006073
6.2256012913763925e-06
-0.0002250046735709499
-2.3180262227404103e-05
0.0016821263976469214
0.0006977087620352318
0.0002893788049842527
7.496029804409318
-48.57664156146686
10.820846941796816
22.789014442630588
11.984234048839264
1.929742814123788
-13.795946484610965
-11.982031036849804
-4.828929915681471
0.0006169659107226888
0.008190649073259643
0.0006483772391358555
5.167999687516467e-05
-0.00015217996535388245
-6.385636487957203e-05
0.00037102642458020085
-0.0006356810904001309
0.0010334452973226327
6.7803387602529455
-26.896659485621967
7.079135244369951
-14.835743725979711
-6.892751309191993
-1.81751050446214
17.78230585932397
7.770351844165944
0.4402003806551278
0.0005922689077929588
-0.006764574860024797
0.002044814228561398
-6.085893965690481e-05
-0.00022406779710681946
-6.262183934728667e-05
0.00184773195366017
0.000892442646460545
-0.00037683680610189896
-28.80224644144043
-57.51044013466816
-19.318079032215373
14.79395489357043
12.56855670160904
1.4602034754027837
-40.8158681791534
-24.848121232117705
-9.488768492553362
0.000568332301413732
-0.005636456992240357
0.0018545572967241797
-0.00010385621643649312
-0.00023532174505014325
-4.690403511661487e-05
0.0016513373206449855
0.0007294877817254353
-0.00028318758487699824
-4.065026221529791
-93.54261980010801
8.762901291347646
33.7151479214706
16.59868451145571
2.0952689002271
-31.344791210968292
-22.71462383685548
-10.859150296228066
0.0005442357601755932
0.008863138646102442
-0.0001314976670223067
-0.00010793776363304808
-0.0002013926652182363
-5.6182893495973496e-05
-0.0003571156296940381
-0.001354184702237582
0.0006629910919633275
38.83951730787126
-115.15645953502549
22.440123795585585
32.56073458189591
11.631345965347911
1.7774127195061955
-9.918430548929365
-1.790976340121432
-25.297435017011104
0.0005193661157363305
-0.00031535185660680476
0.0011915584730703976
-0.00032167974032359936
-0.000394969931669209
7.57030831388672e-05
0.0011587627127520594
0.00025907814544559593
-3.5041034167626606e-05
-31.546453260940922
-134.6674248582764
-39.6119621434798
22.660205872517324
5.385961937940138
1.399639187614986
-71.58139100377402
-37.195606938338024
-37.64325541587838
0.0004926285003903352
0.0033951359590366215
0.00061690212259502
-0.0004194111153883462
-0.00047209890112753783
0.00015586909257385428
0.0006656494106150324
-0.00022784134783471188
0.00012180853414811565
-8.476043288768867
-156.64394961467906
-16.982539805091264
4.827935215366804
4.372733818459816
0.7663468652223484
-6.058931854390783
-2.1419744938832284
0.2310056514368397
0.00046400305052207713
0.002317711245932441
0.0007249425828127487
-0.0003489037075063983
-0.00035666268818990154
0.00012490552502080615
0.0006993894314788474
-0.00019637756632795433
0.00011208696354225722
-30.935905234901284
-112.78579430073734
-31.93863454281924
-29.341489009631047
-12.751782487013237
-0.1827120991319129
0.46024442860584713
0.3255758771393289
-0.11618211015279067
0.00043335505033248456
0.0015689284190411878
0.000813333092592905
-0.00029099680890753987
-0.0002671649442897994
0.00010817945466255752
0.0007298038057357292
-0.00017970204005030022
0.00011074598398108648
-42.73134244899927
-67.8418768126437
-56.909286819762734
-40.25950874908533
-19.025426751706533
-0.9671550361000203
-1.026726375407634
0.6562084437354087
-0.07643066054166425
0.000399276857570241
0.0007335051630808498
0.0009189971632858618
-0.00016715193869254463
-0.00010854174137175931
5.82503595219358e-05
0.0007128081231853045
-0.00022241459552185816
0.0001316660693829741
2.983767337153381
-73.65008531678228
-25.358096996895256
-41.11529079768127
-18.33315721590344
0.2292042691807703
24.571706397837403
16.69152098847684
1.9163975175605437
0.00036643840026384655
-0.002350522769711927
0.0011946456019023
-0.00010490951350883293
-3.623858292578497e-05
3.344000939133063e-05
0.0009212087607410879
6.465095665042497e-05
-4.996723151706739e-05
-22.967234875943063
-50.119749297480475
-49.444663962986624
-69.90581603183082
-36.95425530120863
-9.418097026153891
37.71727953487522
22.776641771402208
5.18186850532264
0.0003334564862049749
-0.014452465757570879
0.002951539194373687
-0.0001155303715241196
-5.583433457845288e-05
4.164295682941577e-05
0.0026832057342753846
0.0022288173392949195
-0.00020302141755967895
-6.590039126162626
-27.785443090893978
-11.715525271781118
-17.042197313672347
-14.173140525316214
-0.45899909688275375
0.9469773424689691
2.513814861595904
-2.0707509784367346
0.0003022314202827392
-0.015389224710683602
0.003061468960337266
-9.752726212175489e-05
-5.5466854189001324e-05
4.373855359821044e-05
0.0027896948692585077
0.002558786295888016
-6.0212250186708616e-05
0.8421637604485568
-59.05062795063361
8.019210651292042
-6.803017423005031
-2.6237397318561264
-0.07080747936065812
-0.2779625282210816
2.091394769808108
-2.0206832895652553
0.0002709759183989746
-0.01094520559790807
0.002507266902255778
-7.285326189609975e-05
-5.378586276205688e-05
5.4196374551646054e-05
0.0022167150222972
0.002203210984205284
0.00039823903719593545
-47.189842140217564
-150.79698371091064
-24.947484119672424
-10.945028617352108
-3.8925152186991703
-0.04662858001363723
-9.649825988109342
2.4545926990651052
-6.104834262314583
0.00024338941037038708
0.0003713158238424219
0.0007406699552519047
-2.582016495000783e-05
-4.900869741764069e-05
6.997881682163642e-05
0.0004315077580550053
0.0001350727899078752
0.0009148740828859303
0.46764981699000435
-116.7768280815385
-14.582465144469992
-20.580965581017665
-7.7160074794808216
-0.10467568416789419
12.062695175198357
8.862269132413601
3.32606839323892
0.00022205412770370803
0.000674305534283326
0.0007081290785489608
1.3107191652844685e-05
-2.0246738422269317e-05
8.251208968719503e-05
0.00036808599415660836
5.179316413084223e-06
0.0008865491580609675
11.482690448285908
-124.53331900694978
-2.392484836326652
-25.66908533174336
-21.8437471277591
-0.10198551383564514
13.545067420904132
10.17897205321114
4.141632671387178
0.00020313946095629198
-0.0010890043245663505
0.0009544840950359984
2.3572870138544033e-05
-2.169218721981281e-05
8.747010946288936e-05
0.0006258471039430891
0.00024211104490667879
0.0007465976669560614
31.648024124188847
-207.21577164735788
7.822113464835127
-33.648656655397104
-27.147424493211616
-0.06708075708874883
15.706030676478946
11.912915509901993
5.45824408319659
0.0001871015512857621
-0.007342701527589424
0.001382306893423224
7.032052862565585e-05
-4.065948731035718e-06
9.880479657492502e-05
0.001045666761207542
0.0009241349302202551
0.0003009516107557175
50.476699170832745
-256.42597382150376
27.56378285799809
-33.39182052821923
-27.342603421803602
-0.4155301858262792
16.61022795604316
12.489314779791485
5.521919106921825
0.00017316768600994514
-0.013353347957272374
0.0016698258992486892
7.57858881598461e-05
-2.902519948055904e-05
0.00012118768975366567
0.001366159310467574
0.0014837867349450917
-0.00023630358484361125
43.929141507028454
-169.82175223298836
32.911368652776844
-24.257212189646765
-15.438898369277052
-0.03510810225987626
17.855396263361417
13.07888617550914
4.156932708618972
0.00016399749533535513
-0.005285397575951173
0.003013296291304035
0.00022983320061920054
4.8381211322556794e-05
0.00015127981808246704
0.0025703347774825858
0.0019590544583096836
0.0002725010608912726
-208.41289480410106
93.21076083633216
-181.95753606525986
-33.99339736368464
-8.228864267220153
-0.13249521053166458
7.434142912212096
2.422786073091096
-6.897246885118676
0.00015760123347874355
-0.002835914151538721
0.0009525623483368495
0.0003845340709531797
0.00016783858171098842
0.0001851109514643956
0.0003910626864842698
0.00045255868412130695
0.0005414061009403337
56.90780862312084
-135.28623865735088
42.41557051403457
-26.651300867825142
-20.373348025004923
-0.150855557953403
28.011801959343487
20.526853637207807
4.664878265068298
0.00015301223669783592
0.0034178668695958557
0.00036028078706164257
0.0003488517788690082
0.0001620564679809533
0.00020187566945606417
-5.2224404941278446e-05
-0.00034441983735233883
0.0007654413365760782
26.664024354897222
-127.63281939531804
13.19285670276387
-31.118773222471315
-20.629221124775356
-0.45703344144481184
33.53861458175915
22.336908982030785
3.564161403823845
0.00015265292908783756
-0.001999720013382958
0.00017728356084667496
0.0003705856601889934
0.00020051300665638316
0.0002140422977668921
-0.00022505260094646262
-0.0005038668786346845
0.0003759788777468742
27.142915351212118
-201.7794242976712
9.568085433447834
-30.607134526196894
-18.19266401183914
-0.35844292723960924
40.97833399897006
26.781519109495086
3.310589481423836
0.00015578375808533718
-0.0023442579775035943
0.00011668870380396323
0.0005633059138103746
0.0003988190790211732
0.00018497039986314912
-0.0003866711929594868
-0.0007887936047470401
0.00035430078276998955
84.48827107357889
-216.71504874379494
56.0346048946749
-27.880552851912228
-18.658326481141387
-1.3876183244088027
87.50023269739204
55.11618610740332
5.82967956055906
0.00015963056439771695
-0.0019890995344893914
-0.0006204659361670473
7.275665258976716e-05
-0.00010180857341079985
0.00024374273507732358
-0.0004953540262815914
-0.0009414110676306819
0.00039999159301062903
115.61197128915288
-210.5387562738926
65.40087748843663
-26.745204146488646
-15.559746461424183
-0.10846169163876507
76.79776391473783
49.4846957264205
4.654949141053884
0.000166200627414681
-0.013435386605715471
0.00264553691224112
0.00016709867166753156
3.776785518994075e-05
0.00018431670782087517
0.002682122738154602
0.0027204241540739194
0.0014977872958956695
109.21200719796155
-207.04002185589377
60.8003903256826
-8.672384079143896
-8.005348533872578
0.18300064993270304
45.444229481221086
29.22273268378121
1.7812229040250083
0.0001718226356134389
-0.021451602131774716
-0.0007806752691317254
0.00010170685034394111
-4.609854498616173e-05
0.00020218614613215502
-0.0006221822591102599
0.0006569596930944832
-0.0025562310260474064
32.989315477161455
-178.82432610014206
-4.601244031513659
-6.6371226629694675
-5.386565842262577
-3.0244099998390404
-10.657007771977572
-7.218461269810882
-6.173461870031588
0.00017844815975953665
-0.01149631624315034
0.0023773284768191516
0.00035634672358719754
0.0001587009040567855
1.796314203655891e-05
0.002215277697096951
0.003120900327623577
0.0013590618049597047
-470.2927833926873
-31.93995800612828
-372.35721366167627
-14.590644128678717
-1.5549548408840774
0.24261004882671955
-333.8643006345191
-187.24712254891483
-28.897083679518047
0.00018411976339505198
0.0069142191399022
-0.0011586835698095266
6.421685005175704e-05
-7.745136032694111e-05
0.00020392078156294957
-0.0009124082714029591
-0.000638543727337515
-0.00010427226234632769
-146.09236152583503
-264.9884409403372
-118.00460117783093
-7.76442415733503
0.7385914740996746
1.4005474456776312
-84.21342610778834
-42.45132161889668
-17.053069890842202
0.00018705236725113927
0.004429558518443066
-0.0007670897173364666
0.000377321531090935
0.00016145247274157448
0.0001076200083174883
-0.0008024184230418507
-0.0006363316397908214
-3.299536980527762e-05
51.66774139459643
-194.4463113435776
20.155435980846477
37.101403585203535
19.407307387804703
17.207149019615265
-25.870578760889167
-13.057552153945231
-10.02355113770124
0.00018850284944871287
0.005788857543763515
-0.0006717217452020252
0.0002683522655437254
6.0382634298195015e-05
0.00015941899903326728
-0.0005952847711966913
-0.0006455750964793616
3.2506239127982894e-05
-646.1686195202451
-193.13760679803192
-499.10036991165157
-548.0488681496868
-314.17622411204457
-102.02309316235103
-21.291484466700553
-10.587747507619637
-9.561321143416478
0.00018573953013312217
0.030192345300871143
-0.0017383627481925568
-0.0011615900927157696
-0.001315136807155115
0.0005856968929329742
-0.000359681799259437
-0.0008223952214949648
0.0013242269646984717
-168.19070693877916
-273.1383028013796
-125.3738452185883
-14.422359191835923
-12.072074746592442
-6.912813644572367
-126.1077188803989
-66.89640851209457
-23.147878947044084
0.00018118942188449783
0.01967512660978321
-0.001213334356551854
-0.0007330786528956246
-0.0009433116679428699
0.0004979607282338261
-0.00029692694673344455
-0.0007059092801735556
0.00044020188760862666
134.93975114547413
-45.071317913173246
84.70913081663343
40.14784189307328
19.26903589778643
15.988063646299137
39.22092879649122
18.908843140510683
-8.193534402167034
0.00017096580031628061
0.00275452032199508
0.0003460920074513374
0.00036708667796325756
0.0003408733423180266
0.00010763268887016564
0.00012666221460788663
-0.00013419259222802182
-5.653288008389268e-05
109.67552237857372
-143.7365558044567
44.12897344084164
23.498488535657998
6.130969599743317
21.26095826679456
17.20597614823437
12.817319322766695
-12.44872627151757
0.0001549908903031305
-0.0016563900410715982
0.0011152103227844434
0.0010992821797652097
0.0010465486025763582
-0.00010676646102794618
0.00016101975881011032
-5.045248515833656e-05
3.292940482491069e-05
79.76976479592066
-103.69630360958585
55.05815135501574
36.373402157584735
17.623851171630115
8.786441665467889
2.7362011452104156
-5.20742899876101
-23.252185340391648
0.00013389585529899328
0.0023100495089743295
-0.0002865958117855283
-0.0001345762061741862
-0.00020771087423376855
0.0001979574488892577
4.521156195425036e-06
-5.5979870170697055e-05
-0.00029771343902540437
165.98839451422919
-24.545817104837084
141.33688454842556
120.58425172630149
67.225767554312
14.271897060443747
8.187593864524274
-17.830426595170096
-19.454154170321075
0.00011017533602430962
0.00433787193989691
0.00033735523071865003
0.00023447631212536457
0.0001633905812217229
6.202725022106358e-05
0.00019153561672169417
-5.5217516125249944e-05
0.0003137153100203349
37.294306718657744
-90.86737491312901
-5.884617325074663
56.796947880211604
35.448080054151305
7.145277958510452
-67.92918488188594
-55.61723674918085
-33.56055187915058
8.482380831065228e-05
0.009986043843710546
0.00019746610202886483
0.0003550358927082442
0.0003185534575929072
-1.8661197359076676e-05
-8.924156413625539e-05
-0.0005056560032303814
0.00110759577967956
193.62631841966126
-4.759730553846566
111.7083364655936
36.89676916511624
24.794455369474093
4.934122232514593
68.48025630935993
23.988932547791855
-13.037458851936599
5.787267568335697e-05
0.005491008898328875
-2.441850303536164e-05
6.0027657207140095e-06
-1.654142739271336e-05
3.7138583008328174e-05
1.4125453147606493e-05
-0.00018798367780556435
0.00047569129010271993
-48.71052875527442
87.88811355412045
-103.6995484563839
48.404514705398775
31.57745502096922
6.371586087742798
-149.05730591882178
-108.42554316776648
-46.44355101088319
2.965054047143756e-05
0.007063108577764321
-0.0007224045335003648
-0.0007104719815700655
-0.0007511504889334032
0.00020918735636965557
1.3286280914071025e-05
-9.789347733557552e-05
0.0002620975141529591
55.53784468104135
253.08636137871395
-54.393986847961045
21.515085374288095
12.96200524498363
5.6949657098183435
-103.22959600461795
-90.34572366156226
-42.2259745959956
