5.526060198324245e-08
-1.0923965721131024e-06
2.3481767951610832e-07
6.295424254121329e-08
2.68604727349242e-08
-1.113607299707553e-07
1.9250953819938132e-07
1.8333441845208576e-07
3.753896374997234e-08
1.7308868624027127
-1.7710789399752684
1.67730233240232
1.666079100362765
1.1212100232555997
1.4659582856426425
0.01980144155453445
0.012891376636332552
7.404874819139096e-05
1.1701272428776832e-07
-3.1487902039176174e-06
3.0726426232400086e-07
1.196766761801804e-07
5.96877733349821e-08
-8.544509748631413e-07
2.3323034337163762e-07
3.1742453387995084e-07
-6.05714128854018e-08
-0.06304026646535021
-0.1747021623784093
-0.06784724478407966
-0.01584505783295853
-0.009324427128207802
1.306186072611937
-0.05227680061213036
-0.023396356398052376
-0.022546151332925035
1.8334099405326043e-07
4.164484678229052e-06
1.3081684883779754e-06
1.8356050596191054e-07
8.180792118728242e-08
-1.7345978160498987e-06
1.1991678016132212e-06
5.384408980901867e-07
1.0224236644817974e-06
0.0909492721063998
-0.09999748138761078
0.059833904572279106
-0.05293530957830228
-0.03487500162625268
1.1677732995774592
0.11418955863630131
0.0734577072092435
0.0019704292796731693
2.5094378675039053e-07
-2.3175484163140414e-06
1.1240304760365416e-06
2.440587361651758e-07
1.06389922149841e-07
-2.4258327213644293e-06
9.85298796996048e-07
7.991287518382961e-07
5.034544359183712e-07
-0.11684533884362125
-0.09892020064604878
-0.11082280552653145
-0.04244895809416782
-0.02896097002059217
0.644784190164277
-0.06976025206339287
-0.03208937568822634
-0.025228590496801928
3.191112212252989e-07
-2.876403055909575e-06
1.3779876893924015e-06
3.0220040159179007e-07
1.3639528062547868e-07
-2.777695424782678e-06
1.1955065684077226e-06
9.88924703571037e-07
6.190744038236939e-07
-0.05269590166337679
-0.12369411994388459
-0.05028581242845931
-0.026852788875448837
-0.017149148846976603
0.623046719821459
-0.028325282644891203
-0.0069557210695592175
-0.019502950715690304
3.8156387149879123e-07
-7.329699975435616e-06
1.4464926264244615e-06
3.654845575074006e-07
1.711623174305288e-07
-3.1087017891007207e-06
1.1989276559321027e-06
1.2752797776682812e-06
2.885309413613868e-07
-0.03153722706495188
-0.1538021259650293
-0.029058694760665915
-0.017507838754085903
-0.010608746749207754
0.3742824051243999
-0.016730413921673737
0.0017382126705953738
-0.020261299952821332
4.3993181542134607e-07
-1.311525308472783e-05
1.526744857045792e-06
4.3050774323205587e-07
2.084262361035094e-07
-3.362785311766814e-06
1.2116101580916805e-06
1.6609798111355545e-06
-1.7839329036206664e-07
-0.08986227861115825
-0.1888983397947186
-0.06953555645432274
-0.010497273878669056
-0.00529829576618468
0.42030204960263795
-0.07304089014239601
-0.02734779253274411
-0.03157469601099194
4.918492539918162e-07
-1.0050956842921899e-05
1.77187007133206e-06
4.99541117582325e-07
2.459625291217904e-07
-3.611440529960319e-06
1.385637527384631e-06
1.5703165732183777e-06
2.3929265524635923e-07
-0.09042331045655772
-0.2456020586489842
-0.08156745424012257
-0.0029654381551367237
-0.00035302473470011364
0.4190618371246302
-0.07738126216681707
-0.02003200771091329
-0.03646862145320995
5.369541064004224e-07
1.856007006419136e-05
1.7972986851785833e-06
5.814836556428116e-07
2.887857788180792e-07
-3.833112248496917e-06
1.3356379364448667e-06
-4.6539862130767773e-07
2.969442179256987e-06
0.13046099746870254
-0.27796572954508747
0.07208515620251887
-0.01147428249340976
-0.004146602924052445
0.4721101339640917
0.09887845234372605
0.0723002136754829
0.0007102351484444824
5.727575557168407e-07
1.488085190098909e-06
1.8681179683177618e-06
5.951878446763814e-07
3.0084430968635445e-07
-4.047993036326858e-06
1.3836129038047318e-06
6.184959583932503e-07
1.3188439191846868e-06
0.27438894954319437
-0.36879154168968853
0.1839227852658638
0.011670901314532856
0.006574727722928664
0.3458384416695859
0.20342768219836138
0.14464780155939394
0.0019155389301359627
5.993552618654974e-07
-1.8999953163068017e-05
2.0242963680444648e-06
6.735953788084004e-07
3.494388918223734e-07
-4.1980631335647445e-06
1.451853412048898e-06
1.9192747834628765e-06
-7.274906215215537e-07
-0.2512796680607323
-0.5244671435350767
-0.21703673674518598
0.010968144080990783
0.0008463792614321619
-0.10902682648868378
-0.25024098426926855
-0.10502331416265674
-0.09480293014458141
6.2203821526996e-07
-2.0181310274610884e-05
2.154394485948119e-06
7.437424738299114e-07
3.980432179417903e-07
-4.2557969318901545e-06
1.489361054818339e-06
1.9202218696501294e-06
-6.573828723599462e-07
-0.2823969667437609
-0.5811088985460628
-0.2815285587843306
0.02000761792561434
0.0158638288295343
-0.43840924354866306
-0.26848068212877507
-0.10643554971639801
-0.10133538402469355
6.360807933702972e-07
-1.6111942075083818e-05
2.057367195412718e-06
8.275279690383996e-07
4.752600017976505e-07
-4.2536001058079975e-06
1.3094032822458246e-06
1.5232245552665447e-06
-1.1983737535636863e-07
-0.3818998395691437
-0.6952932627283417
-0.34055919517756195
-0.019531955178977434
-0.008637691910404754
-0.7805028421334508
-0.3341288851834867
-0.14320937750742502
-0.11802516112970807
6.526886044966318e-07
9.303683121644757e-06
7.314864428273338e-07
9.397230619212493e-07
5.83032916279258e-07
-4.192191306540138e-06
-1.3325035475020286e-07
-1.388029084115061e-06
2.0145974501950548e-06
5.879019265709545
-0.41120387074096243
4.947530289503376
-0.020903137308167175
-0.01162870213537559
-0.8136125988683633
4.991234885627833
2.873900586104675
0.899744464132632
6.780303636322316e-07
-2.795498567936816e-06
1.5212677855203083e-06
1.0037986362121387e-06
6.861298613713984e-07
-4.163720404515292e-06
5.447907278632869e-07
-1.8423690717472851e-07
1.075449930776351e-06
0.6592320160369312
-0.7024480191001885
0.5331909845215392
-0.0031767078252471497
0.0048391324932790525
-0.4187446181693228
0.5877362440843825
0.38205822114814936
0.052933326997166574
7.070882112047983e-07
-1.3255467370520968e-05
2.336977579987798e-06
1.1015229781641267e-06
8.3458468269626e-07
-4.2742282498897666e-06
1.2044176752601388e-06
9.081741801364451e-07
2.9811118218425747e-07
-0.8211544363894632
-1.1684531705897925
-0.6663821407328783
-0.011110711826965769
-0.011390921898346562
-0.5589204296052659
-0.6616196042681892
-0.28465385328633275
-0.23161031883029182
7.420176459937977e-07
-2.456805322195721e-05
3.320664161685083e-06
1.2419699408905416e-06
1.0222091932909905e-06
-4.382438233530017e-06
2.034876274925601e-06
2.163190977483298e-06
-3.994580091148947e-07
-1.7595766975567528
-1.2224411142587712
-1.4262159445970326
-0.01650383828301827
-0.015305249727363355
-0.4699198827056195
-1.3812193533152417
-0.6751783244727534
-0.3722553507886417
7.720825071499959e-07
-2.054406865740349e-05
2.7287763040284574e-06
1.3722260917420348e-06
1.2408586875789496e-06
-4.568510492131139e-06
1.3358832087195793e-06
1.3755672623183557e-06
4.3846944075554006e-08
-2.049568164578087
-1.1225742721868954
-1.5759160308786164
-0.2740898043089004
-0.1663432865500205
-0.3891256439473203
-1.2968703406934878
-0.6098698374542266
-0.3677283071184263
8.055575527743386e-07
-5.354138162813604e-06
5.571588743216727e-07
1.463611856433733e-06
1.4647533982392602e-06
-4.87186626729752e-06
-9.070971840885456e-07
-1.357136712565321e-06
1.0983396266373013e-06
-0.3258648224993834
-13.694076668921104
-1.6752728884786094
-1.4673088166578907
-0.41231112168622985
-2.011553785428852
-0.23270602471297508
0.004290027972672306
-0.17365610722661806
8.414019846414433e-07
-3.858189274404122e-06
2.664568073351692e-06
2.423582448285444e-06
1.7608895381826528e-06
-3.664377081546988e-06
1.9983544255475216e-07
-8.098258441613382e-08
5.940720442243475e-07
-1.705382645473563
-11.160858865079874
-2.176964517851893
-2.8896805476441614
-1.2227447477778526
-1.537403171968819
0.7229582040928123
0.47144072476245213
0.07968221658160246
8.92962075949022e-07
5.312124042268149e-06
3.357588574628978e-06
3.172505719239993e-06
2.001413385466222e-06
-2.5810505790979654e-06
1.421448630467559e-07
-2.652329121818897e-07
6.990999587008773e-07
-1.8802735089061784
-10.33158211069312
-2.1781535730042734
-2.5352483129655354
-1.017761233806592
-1.4542990818221853
0.35154424950653157
0.22843466839513837
0.03700836022963694
9.469928040628517e-07
1.1148172429302494e-05
4.124105687645582e-06
3.693539052496142e-06
2.083017632825701e-06
-1.5702904403447349e-06
3.8076143304976995e-07
-8.433031570276306e-08
6.467651967323462e-07
-0.7890850361603228
-10.379756118004764
-1.295433199029489
-1.4458001878905762
-0.35390738529768906
-1.7298375017731333
0.14708349632900664
0.09532876763217502
0.01442316192028148
1.0065878851550636e-06
1.148007550047514e-05
4.524214210452869e-06
3.857492114289762e-06
2.182535652095474e-06
-1.0873817727768964e-06
6.253059549043982e-07
1.304078878217041e-07
5.806395629859296e-07
-0.2707535654155606
-9.67500781635065
-0.7936316371689571
-0.8524585390574408
-0.018762139368865505
-1.3588359036755406
0.06669693757525152
0.04335602901137925
0.0060059121256423875
1.0713068746559529e-06
8.373187986521202e-06
4.722328711265211e-06
3.862083058692178e-06
2.3086176521580626e-06
-1.1226386876922456e-06
8.160429444958872e-07
2.756325693797912e-07
5.463440342912129e-07
-0.5682626940872169
-9.892210169149866
-0.9709511873423339
-1.0012943018412805
-0.06089301079722986
-1.39795551908405
0.04033774569334447
0.026429147096503236
0.0032610230396821205
1.1383222079386357e-06
4.457379760833269e-06
4.878879645235385e-06
3.848667278150142e-06
2.461053956404058e-06
-1.2953643888646837e-06
9.761953227438447e-07
3.825557552961101e-07
5.343576851002396e-07
-1.3608528765256764
-10.62778915655652
-1.534122214144821
-1.5928248540303152
-0.329545091175536
-1.705214042984693
0.07037110668064983
0.04604727287420473
0.005514114135121595
1.2061890889425442e-06
1.6783671988318538e-06
5.013134616535259e-06
3.841012392591381e-06
2.570227406573089e-06
-1.3582993071137306e-06
1.1123737340690276e-06
4.608793888749574e-07
5.424861032610195e-07
-2.6536722657190097
-11.038054188645646
-2.4069343289866545
-2.7537882671588534
-0.9595425904226182
-1.6347704987101608
0.3527417041658367
0.2296094625942544
0.027849007125911207
1.2776882027942804e-06
2.5048029924819304e-06
5.087046644528491e-06
3.7826368161630874e-06
2.443561074261247e-06
-1.138267069933363e-06
1.223143973161367e-06
5.050664982908515e-07
5.813192998083139e-07
-3.9094327804286895
-12.266878561643168
-3.285503779096338
-3.7293700552732503
-1.4209841924114777
-2.0939004936988823
0.44865987962701576
0.2915418679832342
0.033821126238857246
1.3505050839857091e-06
5.810227784196209e-06
5.009325599145999e-06
3.6135302224349353e-06
2.0974986264521434e-06
-6.358489929025879e-07
1.2916054044631586e-06
5.177812272827431e-07
6.455224819124084e-07
-5.428171863325996
-13.200807691922149
-4.363132110624427
-4.884616612893765
-1.9890131776556217
-2.459058817621255
0.5233248659624081
0.339833380618245
0.03515608813806281
1.4256169982296285e-06
1.057511562899821e-05
4.7887288865886e-06
3.2747751453898744e-06
1.4913795206572544e-06
1.4638757223073284e-07
1.3923196886533873e-06
6.28999417995324e-07
6.240224610376544e-07
-9.720513746253673
-13.781025712387367
-7.724871076251785
-8.521678436222004
-4.000858192516844
-2.971255404509641
0.7951600155432743
0.5159723913278214
0.04722015478181163
1.4985779903664564e-06
1.8392541186788847e-05
4.454328255965034e-06
2.8681328659851957e-06
8.124563423139719e-07
9.439579724546121e-07
1.447131789067413e-06
5.261464736117105e-07
9.325593357534245e-07
-11.206483601049811
-15.512177591074078
-8.691569501481158
-9.871085454355892
-4.635842632209176
-3.3920489489823495
1.1754725374805446
0.7621781787128441
0.059897838041807816
1.5696277229082511e-06
1.9318392412003005e-05
4.391816438437113e-06
2.7366705585007978e-06
6.055701626817012e-07
1.3314996573643434e-06
1.4985106104870027e-06
5.592111566032898e-07
1.0523037745624464e-06
-11.29713507674515
-17.886731815531665
-8.491664861834774
-10.23717553560087
-4.682870466444328
-3.711309690540766
1.7436707690567628
1.1280977448511464
0.07390155361361117
1.6367519745097425e-06
-3.3073523395335536e-07
5.553738411479686e-06
4.0329734369848325e-06
2.4289694773305115e-06
2.30966444858538e-07
1.343223652527925e-06
6.72495426456976e-07
7.390689905628633e-07
-8.752670552160232
-20.554684489134296
-6.181153502383114
-8.575400154275926
-3.594896750962789
-3.6773088444800024
2.398563629979236
1.548091033999654
0.07953669776628569
1.6931844301071308e-06
-5.308549874967483e-05
8.720758157658437e-06
7.954859971903705e-06
7.620799858276683e-06
-3.0221195303214987e-06
6.054089193296974e-07
9.062645383028922e-07
-4.2075759276727354e-07
-83.55722639586398
-0.9357340607263609
-69.49588500774499
-71.11325143052997
-39.56975617882419
-10.72769968866804
1.6115244602372059
1.0345896305034614
0.0358648545918383
1.7430688954434004e-06
-4.936420678489095e-06
3.4355450043571656e-06
2.120172854391811e-06
7.399940005203831e-07
-3.442467533254501e-08
1.0788092533742244e-06
1.1535107746762918e-06
3.1032463898572615e-07
10.661448046830003
-4.6423339627822315
8.269468613429622
6.97932079793253
4.1430259556154
0.6176769431371127
1.30210599193569
0.8355368833870642
0.005068411291648367
1.7817790682883583e-06
-5.249043020835731e-06
4.076285187608331e-06
2.4369567266369074e-06
1.1480492227433636e-06
-1.6057770479971367e-07
1.3821395996593822e-06
1.1098074470528019e-06
6.59461045993126e-07
1.9882929598887171
-3.0612590815638896
0.9924595873142444
0.009237011386971972
0.22183390060428998
-0.4401748928239613
1.0621893746550057
0.6878922462577322
-0.017820443416227127
1.8114383588674343e-06
-8.878253577079831e-06
3.987477121138172e-06
2.4330635847169546e-06
1.1741627563566226e-06
-1.914749880038702e-07
1.2778062130625045e-06
1.2110051359481844e-06
5.286577471341758e-07
-1.1661134510605393
-6.073857086015535
-1.085801504303098
-2.153241055489943
-0.8103535048231781
-0.9472453643833916
1.1463379946707448
0.7264434586368651
-0.03755649717101961
1.8273179361871783e-06
-8.087412970203545e-06
4.925214060202965e-06
2.6001857899582426e-06
1.3670882139660279e-06
-3.269478129341863e-07
2.016703233964634e-06
1.640215066101014e-06
1.1874654743948554e-06
0.816582983925599
-6.958869950028784
0.7296622332681011
-0.9105994603328059
-0.11796785326640702
-0.9592907641932911
1.7322727918220835
1.0611988448093328
-0.07525391026218031
1.8319854384607481e-06
-1.7663272934604832e-05
3.4580346610912915e-06
2.4154550025690114e-06
1.3336369713845553e-06
-2.6865497160244445e-07
7.286799563743784e-07
1.2938576992027606e-06
9.383015664443661e-08
-0.6616742636306299
-4.7334530767038245
-0.04794918971083462
0.03973550176360163
0.4613911902967729
-2.0772808377906387
-0.06089380338178785
-0.04113881783047901
-0.005075658035021746
1.8355541259174046e-06
3.296778775217779e-07
2.0909164992477525e-06
7.273005336871918e-07
3.995149950863919e-07
1.2073898718600873e-06
1.015980536589467e-06
4.1901042235892305e-07
-3.9602250900827585e-07
0.4640822926260597
-4.345605283485357
0.9521546530110676
0.9709029179145966
0.9429731429262631
-0.9417299161751629
0.054388788074334116
0.03362492265433481
0.006663280884591227
1.843098039744362e-06
-6.3642961938142895e-06
1.4944200590893963e-06
2.469864709420122e-07
-5.525933766126201e-09
1.4474977851897108e-06
9.026559661395872e-07
1.3005476064975596e-06
9.747031448625876e-08
10.147044127201411
-10.216541332958428
8.874777298438232
3.6475171027844335
2.3661884084395695
1.77593060485097
5.271222866418313
3.6697416209961524
0.9543615061131598
1.8537819448383175e-06
5.898797857117888e-07
-3.998182109443693e-06
-4.84735563996419e-06
-4.92347100411461e-06
2.1917446844099686e-06
5.211856525244585e-07
2.9101845144263727e-06
1.0507101838586053e-06
2.106786156325011
-11.79624797471412
2.5352227320631044
1.6530567458946166
1.3639816190156608
-0.9651980737684891
0.9284775347054791
1.225393407209765
0.49859854348549204
1.8764716083197186e-06
-1.2087414242759054e-05
1.6228543546492613e-06
3.57997336553062e-07
2.445556314123465e-07
2.1041604374438805e-06
9.525535228926962e-07
2.3122832425448436e-06
5.995767122790596e-07
-15.555646700156288
-11.61419543854546
-11.63258477575978
2.3961789963841795
1.8842353363680218
-0.8165189667028425
-14.059499428653993
-7.385501336616258
-1.1756774049584493
1.909948148082208e-06
6.82685375083536e-06
1.7730365413359817e-06
5.086035813617329e-07
3.257330859207652e-07
2.5033502129012675e-06
9.284604411408104e-07
3.4203133414401066e-07
-4.83684968299869e-07
-1.4759444662310344
-16.084802732425572
-1.8247708828079077
0.11485932374834285
0.6793142082546346
-1.281374157515966
-1.9315389820905953
-0.8707687572636544
-1.5950701027002196
1.9505424156962547e-06
1.8930278077165796e-05
2.731072309358762e-06
5.678546671217255e-07
3.222806062019856e-07
2.7792266577009173e-06
1.845357708807338e-06
9.208945606076213e-08
-2.5928270380726204e-07
-2.1483140392321687
-15.19488509165046
-1.3442834851121042
-4.3042710464826826
-1.5775142733668162
-3.005069608443698
2.97074065442672
1.9487357205193094
-0.6274260797368711
2.001760038283784e-06
2.026239897047477e-05
-7.513577513079683e-07
-2.0558599749809225e-06
-2.3543869754893976e-06
3.5910077551548625e-06
1.0056785451906247e-06
2.5565937589178134e-08
-9.323628243629312e-07
-7.124876948332599
-15.245751587662667
-4.821174835474457
-8.072985230752806
-3.537404401713715
-4.02167204553907
3.2253367633666983
2.100466096943748
-0.45597325069491035
2.055651963317473e-06
8.313421239650176e-06
1.3508791136748743e-06
3.124237757390347e-07
-5.8106297329274526e-08
5.811222022256146e-06
7.421766134579899e-07
1.295981311155714e-07
-1.2433904036379673e-06
1.482032539789575
-7.271899578222733
0.42380972202922607
0.09071185712785379
0.04055352809384427
-1.0410982678646845
0.27151836031237053
0.4578323732886904
-0.86474620532546
2.1193001291663904e-06
5.893883163576863e-06
2.0196618325737936e-06
6.647384380720212e-07
3.635064331763971e-07
5.950028171275434e-06
1.0169140026439205e-06
3.9637387494462217e-07
-1.127800052014294e-06
1.7502454312135267
-7.220842429185474
0.7518336947369022
-0.04321547858331343
-0.03590017228174602
-0.6513707084778408
0.7460686532104859
0.7651861951037509
-0.7599669784559211
2.1916472178196145e-06
5.437024976628901e-06
2.518023460788832e-06
7.392560111840751e-07
4.0898243414133617e-07
6.0342745644703655e-06
1.3658185566423064e-06
6.51585426614254e-07
-9.148234638711727e-07
6.262420741427704
-8.042292080024993
4.5740799266262275
-0.06368311529364235
-0.03921523761681023
-1.8278803798970542
4.601796439363968
3.0487184253287474
-0.25415704653423177
2.270566986650735e-06
-2.6883886125317336e-06
1.9233966749299114e-06
7.468355722739517e-07
3.341677810297927e-07
7.182220061796585e-06
7.294824672099409e-07
6.875906297665324e-07
-1.6864741545496997e-06
25.37484034838434
-12.73581689052804
20.521660935697355
-0.12232181418031018
-0.08434248884803708
-1.0438437673866803
20.60922076605962
12.682551625107465
1.835104854362669
2.357019276533201e-06
2.0284125164138356e-05
4.864520621530519e-06
7.981566272907692e-07
2.440018359584073e-07
6.706495977226723e-06
3.4937046866634347e-06
1.0003737096475618e-06
1.2420449739813932e-06
-11.670768842189268
11.33729092522202
-8.67750249054296
-0.11370519950392577
-0.07405769440077847
1.479325375303379
-8.568571670533572
-5.440889727922851
0.1044689496166038
2.4469661951131982e-06
1.6706732006849245e-05
4.852310363991086e-06
7.146700146121177e-07
1.6222879609117946e-07
5.8758226062494145e-06
3.451368559101442e-06
1.2721246376301565e-06
1.052041474602916e-06
-11.043486808336986
10.222674409754518
-8.444477610487134
-1.239095217701383
-0.8292216475636778
1.5321193384786294
-7.176754879090712
-4.4543160985321
0.18599840823600422
2.538864793399931e-06
1.5215627210837801e-05
4.93541992432206e-06
6.924660455043252e-07
7.217770825462821e-08
4.582145777920488e-06
3.5520620341733533e-06
1.4694873711196266e-06
1.0801205716504114e-06
9.728549935879443
-41.48554146991066
4.875167396614984
5.228066794383295
3.558682647582344
2.6109652882472822
-0.3391394627898592
1.465594306945306
-4.1418407253838865
2.6339154453047797e-06
1.1707281016515303e-05
5.178789589117827e-06
9.157221900757406e-07
2.3876046129078787e-07
3.062440691703472e-06
3.5770918533906126e-06
1.8132555443806098e-06
1.0800189569337704e-06
-62.8559847831175
-45.71599898103776
-55.17136864003296
4.596923845703827
3.084041538682669
2.433869183653286
-59.73930246837119
-32.23440976722179
-13.09496775292638
2.7308795153002663e-06
-2.5347311721074517e-06
4.3964351055247874e-06
1.4707190003626636e-06
7.79500800018873e-07
1.3526701851951373e-06
2.29527611161906e-06
1.578816915315251e-06
-2.276598967676513e-07
-38.68532963581945
-40.08644276470932
-35.32775072072521
4.4364979043199355
2.951500547435046
2.311332068340363
-39.71382687054705
-21.106446289805803
-10.36478293522201
2.827060799459602e-06
7.571404533418535e-06
2.114382912636603e-06
2.5069324260940107e-07
-6.644269734401576e-07
1.865849061921665e-07
1.5026307464971467e-06
1.8881833407924375e-07
3.703414967193286e-07
-16.362032706914942
-23.841253067464265
-13.83659998313817
3.7847822395022632
2.545712177789042
2.028180724612163
-17.633111928131697
-8.787222555848984
-4.972673378771674
2.922198799160114e-06
-3.7030164735871174e-06
1.8544252869817646e-06
5.226479016240404e-07
-4.0265781708903603e-07
-1.0255824296478977e-06
9.495764339284563e-07
5.755146603170225e-07
-6.055907025848128e-07
-11.19521087204933
-31.993899642105873
-8.807742955732252
2.9765011249921116
2.0274461697573756
1.4027246931142292
-11.781396085112561
-4.824861789399733
-5.062394420639301
3.014929232381114e-06
-3.826766590622754e-06
3.2422798980774603e-06
1.2550244550268985e-06
3.6309560802472163e-07
-1.8163745494348404e-06
1.5162444004790387e-06
9.562229663639954e-07
2.7935597046724325e-07
0.8928823942386935
-30.752994893703587
1.6489520208145882
1.4681141296081321
1.0083528335583392
1.1554577682827132
0.18472154542658714
2.099471950696291
-3.0714745916569015
3.1036375943704897e-06
-1.1260306323382374e-05
3.7368003673182715e-06
1.7327527808141951e-06
8.709397542050468e-07
-2.5910598273615193e-06
1.4313464810067345e-06
1.2491813073944869e-06
8.821572372585962e-08
-1.1373399236458752
-30.27690400282247
0.5476514008841367
0.48728219104368264
0.3433553262839028
0.7924150701315271
-0.03903367746137576
2.174709276113532
-3.106757338491981
3.187068006949012e-06
-1.6278790806789623e-05
3.912611691560264e-06
1.8308011568990423e-06
9.697964047372665e-07
-3.079876491840494e-06
1.4397736658455784e-06
1.3939967925535868e-06
-2.244425453268306e-07
-9.023595272731399
-33.29756844545857
-5.371400993739223
1.5876691670742673
1.089616782964768
0.8542451781032012
-6.991985885380785
-1.4543105801103655
-4.44797166697785
3.2629106530013274e-06
-1.2056804925178466e-05
4.232921510791132e-06
1.8404038366615083e-06
9.989789728770404e-07
-3.5262867517094065e-06
1.6930549757709912e-06
1.2677834098084872e-06
4.633033123813135e-07
-8.152250751884196
-34.41608088102732
-4.017875691589834
1.3920129193165351
0.9593779385677159
0.7735392647768546
-5.459236984018023
-0.2975902610114929
-4.253835421263524
3.3327315802633706e-06
-1.5714139033382035e-05
4.475006023102468e-06
1.8948410658303771e-06
1.084704511544743e-06
-3.966898119323048e-06
1.825241309205694e-06
1.4256846323501549e-06
3.044574710120429e-07
-11.486213195496674
-35.91727729790752
-5.7552163582090605
-0.07999802036778902
-0.058498013057912246
0.7493109743162947
-5.714755151887665
0.04718822014660873
-4.57018071524115
3.3890584328899465e-06
-1.9411552277720512e-05
4.769757098024852e-06
1.9677779550253405e-06
1.212560749586089e-06
-4.40439101234702e-06
1.997714839663267e-06
1.6083918072395953e-06
1.6769481714362655e-07
-9.865545286973813
-39.95348907370845
-3.4993622328063303
-0.08486940623279438
-0.037486101484609125
0.6147364870650041
-3.4576121071712724
1.857129771796785
-4.416309956138704
3.4352552816807602e-06
-2.7446426137963872e-05
5.270864013057208e-06
2.0736082455563576e-06
1.3944431684898007e-06
-4.782166311834146e-06
2.34621345585051e-06
2.2150396437048414e-06
-3.5460861269598354e-07
-6.560590551615157
-46.14236475623608
0.5492995072776097
-0.10380702451720936
-0.04726008230263368
0.16728155877598827
0.5994300012019877
4.828779226662036
-4.097878445100825
3.473691445377014e-06
-2.5368835395453773e-05
5.429067705342572e-06
2.2103904493420146e-06
1.625083135170513e-06
-5.059250846990715e-06
2.32737261329774e-06
1.7618505068206503e-06
9.07329261723433e-08
15.858489174889229
-47.53315225228066
20.17339626099792
-0.11864880056367609
-0.06537359005084298
-0.19432337163097002
20.26027276243967
15.320361911553434
-0.8423044194774256
3.506748468717902e-06
-2.0374484854007724e-05
5.276330655501482e-06
2.2955708157690324e-06
1.8132321315533773e-06
-5.3085878674030695e-06
2.0453005526999135e-06
8.804280314800295e-07
8.536280886595193e-07
0.6991992035150949
-2.064654694987098
0.9275093409826932
-0.35909435857177385
-0.22484867052928692
-0.5876975719812583
1.299687101484352
0.9222798430008048
0.035256415897038984
3.542491403107917e-06
-5.5803382812413815e-06
3.99445397464282e-06
2.377301214606664e-06
2.0101192332866447e-06
-5.543413175379541e-06
6.298758271627847e-07
-1.6825822355404085e-06
2.3948788385741437e-06
-88.68953105324516
93.38133742588917
-66.76592883921309
-68.77508017796399
-51.819863745208956
-13.643308597786747
2.017416878974501
1.0653834104231645
0.5339188823278527
3.58335473560345e-06
1.4924406132488244e-05
6.298585039810067e-06
3.87013859592944e-06
2.0578241430868616e-06
-1.7483071915180837e-06
1.3772680154122696e-06
-7.369154098046948e-07
1.8798464059832654e-06
-62.59959518504785
89.1194822345577
-62.94996926173826
-65.96461061955466
-57.05708922995545
-27.35390700138067
3.0014166342557473
1.4160660042428663
1.024183318624179
3.6308729252088057e-06
2.5594824091368373e-05
7.5969138285114646e-06
4.575692059693992e-06
1.9653780443107394e-06
6.579275405593776e-07
1.9212528898915338e-06
-1.0740200107051123e-07
1.4710392938210859e-06
-9.017419378823973
-47.01343616979193
-19.181670330505142
-19.886764182804338
-9.744031533876647
-10.57165789039945
0.6290160079471789
0.2833483340007916
0.22800540321075036
3.6811758415966622e-06
2.377102479750315e-05
8.417658195369881e-06
4.873344718991923e-06
1.9566835385287362e-06
1.8789062772306409e-06
2.39309883620642e-06
6.615229306561332e-07
8.163900756530396e-07
58.69899893919893
-54.77699009739217
36.15789923129863
36.22383304324875
24.1274177220877
-2.7272002979305228
-0.0751351065352992
-0.03798129254748517
0.00047797302888019644
3.7355013707829343e-06
1.1240876334972505e-05
8.971941603243272e-06
5.0504924085092995e-06
2.347165501515036e-06
1.8207478825194023e-06
2.6974972855420276e-06
1.2161629232565474e-06
1.9702696063550462e-07
92.47165789060654
-56.5553950022146
64.4241264825807
64.52125510507442
39.90877639787444
0.5786697809492978
-0.07224443878783404
-0.04812081738909768
-0.005243434025959726
3.7925625331336477e-06
-8.071131919418217e-06
9.565441051351264e-06
5.403185027397228e-06
3.2887382186430614e-06
7.579353650255527e-07
2.8736803416862244e-06
1.5722340851453964e-06
-2.8899053083897286e-07
36.028806218850235
-56.82229703665507
20.218585324674645
20.191027151028983
13.427514542062255
-4.970460849370497
0.024014907715084632
-0.03042569319766386
-0.0019362925694128563
3.853545898047095e-06
-3.0220975072603462e-05
1.0406805639004424e-05
6.1141956768651085e-06
4.707682718319006e-06
-7.012889492730157e-07
2.934160010070741e-06
1.8171471296568598e-06
-7.319328916288725e-07
28.74029728001355
-54.6933963112123
16.25819715074236
16.075216282257323
9.879222884414844
-5.336792567980481
0.11793065036163597
0.021846312799635115
-0.0027996496107170477
3.9181578136426864e-06
-4.45377004751335e-05
1.0833839847734783e-05
6.6515949059819945e-06
5.488728318070457e-06
-1.4745662932913461e-06
2.7853362936092196e-06
2.021185002920589e-06
-1.2990982323213274e-06
-36.21210695342674
-44.345310939090666
-35.97583549755798
-36.80084450593655
-20.53133361012444
-9.774315446603456
0.6265481316525126
0.4065004074011327
0.011443567439583191
3.9863571346110405e-06
-4.782092029637086e-05
7.744978037210748e-06
5.318690125655223e-06
3.596864112553888e-06
-1.9356559555205877e-07
9.90363030251018e-07
2.321719052345017e-06
-3.2016036787541058e-06
-79.2568223279803
-69.39134268488925
-75.41409322262136
-75.92967373461215
-42.518845546899136
-18.152945841783776
0.48708525132684605
0.38910376664200896
0.01420598811395024
4.058024823283546e-06
-3.541669349466092e-05
6.2021803317879876e-06
3.8831613635714746e-06
1.6425090691996047e-06
1.132879209275739e-06
8.091458745806968e-07
2.471957278427084e-06
-2.976051215575204e-06
-60.94926596289177
-56.5418957652696
-56.38739541147789
-57.08322080371467
-33.00024667925317
-14.476267185162802
0.7200531508725305
0.5150665135509342
0.006240339331876843
4.1384056395088464e-06
2.805863670973796e-05
1.7457968934653234e-06
-2.1925562170288515e-06
-5.6395173624324e-06
5.042359418616638e-06
2.3967373541378123e-06
1.9667328178263332e-06
-1.155241817762942e-06
-49.26904232362455
-97.51572376854
-47.24185530202391
-48.54836196110031
-27.839639096887325
-16.04808257627991
1.2087670833736865
0.8348655666361751
0.014502012372043183
4.221739091314625e-06
8.375214805483866e-06
3.796015495473315e-06
8.765754651030022e-07
-2.3024404400828757e-06
3.591785874723641e-06
1.4387721800623865e-06
5.496012760453084e-07
-2.0169726149266154e-06
-18.277058932909398
-216.7497226179609
-31.777137846624587
-32.823285249925135
-20.632862763656036
-29.621247897764178
1.0632630406892645
0.7124693244944353
0.0045852439077456175
4.307573597150949e-06
-4.051921764978983e-05
1.099053374364889e-05
8.138297133752914e-06
7.011111868515663e-06
2.2916314423859774e-07
1.4592080250785955e-06
6.761638386976188e-07
-1.5308096561472695e-06
56.862024530148716
-2.8449744422159142
55.96461938889178
54.59757303828383
29.112781147167507
8.395851573740941
1.4088744352405627
0.8962153544054772
0.0028639869728861456
4.3963542272207334e-06
-0.00013929480645316628
2.4555565011075142e-05
2.3841067925634007e-05
2.3214931058390675e-05
-6.7827526162578256e-06
-7.398447698925281e-07
4.3143852934690585e-09
-2.613634873194215e-06
-85.24887570979655
-293.5762754712536
-70.75517419147863
-72.25834870852958
-29.721963200309865
-46.62232912563392
0.9690729630290065
0.6257491211398367
-0.014760724228166655
4.485477127391668e-06
-9.637748372992583e-05
9.725437448371288e-06
1.2524989244422358e-05
1.1265929670933872e-05
-4.798435807584767e-06
-4.240954814882514e-06
4.688054895396476e-07
-3.4971130422611907e-06
-78.33568480178545
-238.27313376562063
-56.4273055082208
-57.47973260692899
-15.125099524975273
-36.40235404680313
0.8798293136101522
0.5434941929593649
-0.008649884961090315
4.5728963216085106e-06
-1.1875827249874238e-05
-2.9029893199306045e-06
-2.7452734346344876e-06
-4.71366287246866e-06
-1.623556527524661e-06
-1.581634816005817e-06
2.016037780272484e-06
-1.8141306332708496e-06
-1043.108513808673
-85.563102224055
-848.6835039414134
-849.7987645028192
-479.67429764093936
-145.8466799473876
1.8486233338508808
0.9732560680669096
-0.07353461506529158
4.6574883606487205e-06
3.5349742030788e-05
1.208793799611918e-05
-1.0528154883449048e-06
-2.4067748825018498e-06
-2.9873325193552347e-06
1.210626537107018e-05
4.413492524335538e-06
3.1628308819753315e-06
-307.86559681662743
-117.88655192837533
-254.47874892275718
-271.19655665930037
-145.1073960962376
-56.41905133124425
16.717107171136334
6.633176291686212
-3.146761011238491
4.738811307025692e-06
0.0001292268562638338
2.4869914201364196e-06
-1.5807907615794647e-05
-1.724865816388199e-05
-1.0823254750214062e-06
1.7590254270061223e-05
3.8136122841869735e-06
4.038508842896249e-06
34.75246410026014
-289.0072950638744
37.36593271519692
-21.711434192490614
2.9138520813837943
-25.948718899397612
59.27528581520241
35.95299390523507
-2.9833338791905852
4.809223139501384e-06
6.497964206511608e-05
2.8189562651714795e-05
5.469868049390314e-06
3.7212102643735534e-06
-4.407835370034974e-06
2.2209111603554987e-05
4.963010208247631e-06
5.441102036041201e-06
132.3040186402833
-103.41958153220116
94.01680045574236
11.802707171172699
4.345540620060206
3.0691668279528983
82.06731814869929
51.059438721508215
-4.96257930376397
4.8563569383652805e-06
-1.142589372005176e-06
1.1493200026635453e-05
5.083489394763774e-06
2.2228809424262863e-06
-4.709507741229579e-06
5.908935263754245e-06
3.223291033638276e-06
2.308701590791884e-06
174.3228149870468
141.47929512575388
127.9042491502604
122.89420486801852
51.35026225761362
37.89811430339856
5.234061964603066
3.974064987495906
-2.0225644863804124
4.8789321663855745e-06
-8.676256437800678e-06
8.346726025343365e-06
5.4927492588174864e-06
2.2887916828473465e-06
-5.18586880710048e-06
2.327112655242658e-06
6.096301121694125e-07
-1.2187559603749065e-06
272.9967175146312
43.717757349350904
242.4090691026187
330.71014058046836
193.56797184559625
61.40817492415309
-88.30308825775722
-60.36530557514475
-8.219680315268015
4.872474275496863e-06
2.289485182477291e-05
3.183655067839908e-05
1.52225194343103e-05
1.3322695349926583e-05
-6.959164291997499e-06
1.617500348638501e-05
4.86335585581088e-07
-2.464911408761594e-06
-896.2131001463476
-242.58160218399317
-755.3743712596803
-830.4609676810323
-451.47402686368827
-177.12883141923356
75.22962345721317
51.35543498925674
-11.560020973949964
4.831136600547126e-06
4.5981146568063735e-07
5.293093572539265e-05
3.11397627696941e-05
2.6737505623875002e-05
-8.567790362123962e-06
2.0855466302371894e-05
-6.288285900879487e-07
-3.68366515102192e-06
253.63478325452252
288.5004505601158
141.29645680778646
176.30778469550057
61.033615780372934
59.568674077134844
-35.190617448071805
-29.572780530279573
-21.3833941468262
4.764332303341945e-06
0.000147254569235436
1.876800324429606e-06
-1.7312481491726928e-05
-1.689432502605115e-05
-6.892638651695426e-06
1.8447207959515488e-05
-9.577371042901461e-07
-3.3502440157651137e-06
62.092732373111225
-406.052088607852
58.146805078636696
-33.245398287692005
9.990287783630347
-25.30265522804453
91.69232172970894
74.14407892467881
5.139454043016353
4.685233699452951e-06
-2.033746929072655e-05
-1.1715567623415968e-05
-7.826698444901581e-08
-2.614976485348919e-06
-8.1682968862129e-06
-1.2968795603640615e-05
-8.257128032873595e-06
-2.67759390837341e-06
-116.9501493416837
-70.92707113559881
-87.79161398067245
-102.32610787494559
-43.136016503221626
-27.476182234938264
14.90843143066786
11.475987881723938
2.0593786115563493
4.59340383640594e-06
-0.00017897884187956237
3.1390954053245324e-05
4.3252485962319565e-05
3.4980388770033954e-05
-1.0845829303551824e-05
-1.296479212076207e-05
-8.073792968854576e-06
-2.266541316853221e-06
-89.98010115266635
-66.39486493910718
-58.07100857530929
-60.85212004734784
-24.1445904513844
-19.402559789778415
2.85795774846504
2.3658330076202105
0.7113877966862185
4.495124821146668e-06
-5.264747732675046e-05
-1.9804738403128574e-05
-8.998357177381067e-06
-1.106681897811157e-05
-1.622456423908125e-05
-1.2376941343150705e-05
-7.322411441634813e-06
-1.873681388264714e-06
27.992958646160673
-33.33577526635872
26.300688357735353
27.802985621288855
19.504307557976574
4.262097784531958
-1.1057978966604693
-0.38408157314816727
-0.19227522770117922
4.394712940447576e-06
-8.753168267700007e-05
-7.120330709209366e-06
1.4821367477768632e-06
-6.193049224556546e-07
-1.717632317932427e-05
-1.1551106157359214e-05
-6.548896107183566e-06
-1.3970141263808245e-06
106.74011494162244
-174.23056638888625
108.84452949153581
138.52523729178552
95.18910898719139
20.725395314019295
-28.69650783116515
-12.472137467290224
0.37018557653519224
4.2773127171269465e-06
0.00028517862184246345
-0.00012412150539142797
-0.00011370953471878664
-8.58102440250974e-05
-5.877431127565558e-06
-4.453805671822408e-06
-3.2708539512427137e-06
-1.8132836254736162e-07
-60.44121179442027
-119.2564407188006
-27.743990139826906
-28.038333694101198
0.105260671888459
-16.101186903297616
1.2556000994410397
0.398694130157196
0.014234730279056862
4.160859117474658e-06
0.00047437292085156235
-0.00015279443661142533
-0.0001390761587392042
-9.505475689319809e-05
4.954054285799536e-06
-5.84077984466802e-06
-3.692620568429561e-06
3.948832780764633e-07
-0.19838267451946479
-84.05296362608271
18.356384058553004
18.31270748372725
19.71311577381168
-2.5196370005934696
0.15217389083077748
0.0984874024615019
-0.005905326535465161
4.049091578472996e-06
-5.3058750944690036e-05
-9.034331726831546e-06
5.873337483031094e-07
-8.462270219666834e-06
1.86599660922937e-06
-5.0537865441402374e-06
-4.241094149204372e-06
7.379392424899933e-07
-0.9069225739619082
0.012391694963980628
0.800282523187218
0.13198664816675532
0.009358930107595143
-1.2779825320392613
-0.09986751227722834
-0.04173756103480741
-0.017765193170891536
3.964785656007663e-06
-5.535341613591149e-05
-1.1743341704964494e-05
3.3697934160858978e-06
5.723158630566161e-06
3.3259343554803422e-06
-5.7202137067058345e-06
-5.5750039027469e-06
1.074800373146445e-06
-0.9804146524538384
-0.569349885025531
-0.8015289633037757
-0.6981889671376109
-0.223181951433979
-1.8196846558948687
0.20857256300340765
0.08911000634155464
-0.006178274433736086
3.883801985904434e-06
-5.775010870571334e-05
-6.64011777573581e-06
2.461698578981597e-06
5.802947212973919e-06
4.4116043471653654e-06
-3.895389535102378e-06
-3.455150568598686e-06
1.5245544151554213e-06
-1.1691219657823622
-0.9550050016903242
-0.19492985258778361
-0.2295898131370393
-0.0036967073808895634
-1.9219177050178031
-0.19224344702502094
-0.05528900870480413
-0.01969894953066742
3.831703724754831e-06
-6.0115823649550815e-05
-1.0845291464778306e-05
3.95483249171491e-06
6.187682104474845e-06
5.715284130181075e-06
-4.7049657004860634e-06
-2.6144035071284932e-06
1.966625865268412e-06
-381.32018492400107
384.76266087208046
-385.054045460255
-384.55073411978134
-275.07503005279045
-68.04459180627808
0.02834828352428076
0.009839822930295838
-0.007171821691595249
3.781815108405695e-06
-6.250328561929752e-05
-4.558484606453916e-06
5.523027934550839e-06
8.252068611547259e-06
6.469108642770394e-06
-3.0937400747887978e-06
-1.1737540235312593e-06
2.2951396707604488e-06
36.193480350608084
-37.77478953226051
35.578268592013
35.5191461670293
27.037295188632058
6.105721408078939
-0.4649781593581536
-0.17446536536842672
-0.010013103476352647
3.7539275603570843e-06
-6.505963824909866e-05
-9.338977255086978e-06
6.851479476654987e-06
1.1583847069118747e-05
6.358661235772445e-06
-2.8386962251936154e-06
2.0889741719765098e-07
2.8512782830336647e-06
41.20301454050835
-46.79944635181471
43.02563072745096
43.045980563831115
32.63960993133301
6.674136962262917
0.0559282134161636
0.029158445373506425
-0.002656742804240997
3.7510182202549203e-06
-6.81586563548442e-05
-8.223408385021891e-06
6.497231757718325e-06
1.1176939971324629e-05
8.98606597243834e-06
-2.3832291664582783e-06
2.1926401789773564e-06
3.065636608345912e-06
53.52084616227579
-59.99678010065861
55.52840910509596
55.40071313722631
40.17483215777417
10.77327002781702
0.07414068341239144
0.08576538667830924
-0.015075535513083715
3.7706729937303507e-06
-7.169006026253033e-05
-7.203028222046992e-06
5.853156286761418e-06
1.0190953061761654e-05
8.32829402996893e-06
-1.7800869778206163e-06
4.854639896301194e-06
3.653498913569475e-06
668.1832344167531
-100.62777096084955
554.6413381216296
554.635911744833
325.5943140873277
120.69042847266712
0.5834478268525061
0.4092317989280189
0.08525503078947327
3.791332050750995e-06
-7.537272078250723e-05
-2.9706847642918532e-06
8.425755393837164e-06
1.0557748842399128e-05
7.650450589480329e-06
-1.6322650568945107e-06
6.096652819032045e-06
3.971227411803113e-06
-274.66746062163156
-133.4544371549888
-228.25885046786703
-27.447748133509805
-1.6017161311558041
-5.634604186762395
-201.19420862195466
-116.32656121905583
-26.674393121309446
3.838716987392132e-06
-7.828421109407069e-05
-5.892630405485155e-06
8.550093167913886e-06
1.0511479191732676e-05
5.831910103282212e-06
-1.551766591223469e-06
6.223077903655394e-06
4.394251231332191e-06
-267.95898738197764
-166.65146076192877
-227.0084718855224
-94.3403501017388
-37.14985516187751
-20.580853734001813
-132.13421771977073
-73.94767037365733
-15.715979389643186
3.9035035763745896e-06
-4.5872996812246214e-07
1.5481674598083472e-05
1.1256908287959888e-05
1.1846694527833934e-05
4.198256613907603e-06
1.538261658556861e-05
1.1945448694206107e-05
3.0610180905554785e-06
-44.09654686772755
79.69365327208789
2.1465479227750563
37.07056007696922
22.13644463243901
12.23434328340648
-35.129067931036175
-24.376353843660837
-5.878284301041479
3.977962101942012e-06
0.00038373492218228555
0.00011060355592662496
1.13725300252554e-05
1.1451177794441492e-05
1.8300750190825e-06
0.00011258825974747033
4.4112471344170956e-05
5.366446090837584e-06
-528.7828869640175
293.76568025246524
-230.88807288621496
79.72266123985423
54.417810809616356
15.79310399013948
-311.39502748388935
-198.26911437887804
-48.38794498184588
4.0509192247295545e-06
0.0001099401056319782
2.188581353668173e-05
1.9207622700134763e-06
2.72507946408318e-06
3.333904339264393e-07
3.178550153704052e-05
1.3205550169814728e-05
3.7382390525309006e-06
-26.338813546418777
-118.75083974704046
-34.15906981992663
49.54589148830405
32.932015490016
9.421434098965264
-83.3227717115376
-46.70949025569365
-9.899360914943827
4.125973401492011e-06
8.712256046000677e-05
1.1333683048952992e-05
8.431270592940132e-07
1.2589653022310188e-06
-7.444716207949398e-07
2.1565924635869038e-05
9.366262473164966e-06
3.0122117293807094e-06
10.090121764127758
-56.75458240548859
9.10738235457373
36.28439906606488
24.06316895754736
6.7566443077669085
-27.046954686799097
-14.753705748634928
-2.9156647449290034
4.2001896679577655e-06
-2.182248153015376e-05
-1.6499153957377777e-05
3.6554557555357192e-06
3.577645424579501e-06
-1.465246306509016e-06
-9.86643168965351e-06
-1.3174968152007693e-06
2.958411745357381e-06
16.876081543749187
-60.622509830539784
16.124897159356422
40.06136533991264
26.66480350856517
6.822364414697403
-23.85531512632207
-12.73456961305331
-2.2879268291793338
4.275163554612327e-06
-9.733902907926861e-06
-1.2156468938040454e-05
2.977611527343882e-06
2.9835821414581076e-06
-1.910118671233363e-06
-6.003285363390121e-06
-6.658006190818355e-08
2.4486775500598412e-06
14.338754003233051
-49.062445873878076
13.836418285321724
32.11530016218586
21.51160386346288
5.1060105078317335
-18.22958364031018
-9.30967036812703
-1.4837525156019282
4.349745168941155e-06
1.1158175337089293e-05
-3.748776316939151e-06
3.1653994030378385e-06
3.0641095227212922e-06
-2.361692964969464e-06
1.288487912476377e-06
1.572513161018918e-06
1.7376311052252902e-06
12.004084035084961
-38.79898858945015
11.580882042538228
25.097169845755676
16.920545642634295
3.914081280711439
-13.414532354670968
-6.453324367609369
-0.7725713286510736
4.4227596531776214e-06
1.3604024943297821e-05
-1.5407438570796267e-06
3.0008234876977014e-06
2.8135155508840493e-06
-2.683984404727724e-06
2.797225374884249e-06
2.027627250544839e-06
1.6532178377381967e-06
3.1903587759245973
-41.61728184432914
3.3819368649643557
20.896456278763907
14.272497975122901
3.101799430285542
-17.446260039169232
-7.725154396287905
-0.6866554228003174
4.490955833325039e-06
9.14895921133585e-07
1.04328581163049e-07
4.241912983538043e-06
4.021573671103562e-06
-3.4238638224604045e-06
2.4302922034813434e-06
2.599387673996034e-06
1.9383141396378534e-06
6.4071857802144905
-30.813854002551807
3.1089744682381024
6.732823641257688
4.670941997939533
1.436910200886024
-3.678932013783566
0.7193296347826248
0.917636984863897
4.553334722601221e-06
-1.6136952433243312e-05
2.7212838818041485e-06
6.0025301524824215e-06
6.041377116794422e-06
-4.936282081313692e-06
2.581241690835512e-06
3.0415625444923933e-06
1.6988241446913577e-06
5.142064920615304
-38.34288749313069
3.13730515154883
16.85324347703164
11.867404686931451
1.7428826147735634
-13.406161021181077
-5.743568265303125
-0.5010646978931188
4.609380826137155e-06
8.681600116983157e-05
1.2986416840887749e-05
4.523140023415806e-06
3.7062354500960737e-06
-3.396468063243674e-06
1.3718139277196784e-05
-2.5331935724903776e-06
-2.6614327073293254e-06
8.16046498881758
-27.117724493137704
5.23082896846716
10.958048779388413
7.777020241557544
0.65010675189292
-5.649565802604251
-1.6824229158939659
0.16843155869619952
4.659374280291395e-06
0.0001233702938975012
1.4899686106101262e-05
3.3651211006624493e-06
1.6516143555023177e-06
-1.9914032588913555e-06
1.6232033292151726e-05
-4.192282776704914e-06
-3.98683519453602e-06
14.558395562841469
-18.01869903655043
10.907538740109175
12.26085854685968
8.660357735200023
0.07513172050090078
-1.2761498337338963
-0.5426985230975134
0.02184926579288149
4.697892223903821e-06
-2.090050269167032e-06
7.589016432774098e-06
4.296717668994532e-06
4.006076935236802e-06
-4.723242268411809e-06
7.482181295093149e-06
4.101297747305388e-06
-6.097159056528412e-07
16.92597315812074
-13.206277061791198
13.834621789585128
13.182041199294503
9.093323429483561
0.15073047617145366
0.7457179064867745
0.39231625026989475
0.16566225339709184
4.736274020311626e-06
1.4905752073357537e-05
1.3037834164453255e-05
4.046934064305674e-06
3.4263153418923054e-06
-4.1347169723593424e-06
1.2779499589332666e-05
7.515431801885519e-06
3.1474170079093255e-06
11.416683134138752
-0.2851229251367844
12.034084120387934
7.085572247393921
5.205162575178555
-0.526790230812459
4.994893394249101
2.4151592626378995
1.8912987679936404
4.7774450773196975e-06
-1.0966947606549926e-05
6.2348329548933545e-06
3.0839174635088895e-06
1.8182161737323455e-06
-2.892189161524117e-06
6.553009231274887e-06
7.582230911129528e-06
5.47783001653146e-07
-7.729977696117593
6.728142100319673
-2.497730300604477
7.612342588930716
5.220005476161717
0.18277097122049923
-10.027195960533437
-6.670308243278628
0.5482294776892571
4.8202240512384975e-06
2.103817971034483e-05
1.1731380796548008e-05
2.3603880756617457e-06
7.465851976640181e-07
-1.9758526221824724e-06
1.2453680181212512e-05
9.393400154239506e-06
3.7613888582699317e-06
5.665796225359358
-7.514380756626309
4.819549345755334
5.010736745785934
3.5921352586271293
-0.2517411389942481
-0.16472936851383224
-0.10594706726672598
0.01481927956159046
4.872232269859111e-06
-1.72012416657652e-06
5.860878506874778e-06
2.087651469695473e-06
3.3159408197036555e-07
-1.4180620459547377e-06
6.559753155555015e-06
7.599384995615743e-06
1.2776667190905755e-07
4.739763049238817
-7.301201297941957
4.121597056593359
3.9456698334251854
2.8625067208846655
-0.31402390445386175
0.16365084207905056
0.10720961160081188
-0.010052121119684454
4.9305773375252215e-06
-8.661474483639964e-06
9.977830789459352e-06
4.0326743535601395e-06
2.4622073877544892e-06
-2.3402233343960965e-06
8.478849323756421e-06
8.45419086115129e-06
1.50493842943078e-08
2.066502747684339
-7.569639891357895
1.9372420659023106
1.4005307547055565
1.2743024375359635
-0.6897298063769455
0.5443609531516387
0.35924784030394363
-0.040184830748692946
4.990073670607664e-06
2.688690685742623e-05
2.4122459490447112e-05
6.135545476126936e-06
4.4863623935853525e-06
-3.263818074472624e-06
2.0286017396786704e-05
1.256541388627852e-05
6.719562921989053e-06
-0.702720757714971
-7.992080997086547
-0.49387249590132853
-0.8732875534207949
-0.10374759803699973
-1.1025708160093615
0.42752380117219957
0.3466535394400445
-0.17102386563547878
5.053388910880585e-06
2.010866846469117e-05
1.4056152172772785e-05
2.49879627067795e-06
1.1330729817737861e-06
-2.0750339149999686e-06
1.3648735181504001e-05
1.0239368900100132e-05
3.816158308356243e-06
3.6838647162963696
-7.774478105670823
2.9453306193550475
4.973114095299138
3.1887963676972504
0.3494912320517507
-1.891570502426191
-1.0086031003062317
-0.4935304204918207
5.1170275745526794e-06
7.860327166331338e-05
3.123533206883522e-05
3.871050927362063e-06
2.276628023212268e-06
-2.286093099976294e-06
2.956775675500012e-05
1.58535716394681e-05
1.2844654916355225e-05
5.113573884094137
-9.181501875926187
4.269011977912356
6.113621257523448
3.9268242598479617
0.273700702615276
-1.6515729683846985
-0.8243315323028924
-0.45790227183191234
5.176950195640018e-06
9.661079094537561e-06
-3.099677840345816e-06
1.3343120413011889e-06
-3.964169101866588e-07
-7.72185133501857e-07
-2.0098564283976827e-06
-2.301804014503972e-06
7.005897076500789e-07
-4.074306416425429
-18.055922074931914
-5.273970949727399
5.478750048221585
3.5924041544456884
-0.1475813351152402
-10.63036977321908
-5.427641170390366
-2.802041034342981
5.230836093050861e-06
1.6315900928827454e-06
9.170883208398095e-08
2.408463970926533e-06
1.041747586361108e-06
-1.5921755696646223e-06
1.1517732234622713e-07
-6.814113699959989e-07
1.4529606791602312e-06
-3.87240442789809
-16.48476423528882
-4.172894241529292
5.090897276857021
3.365525595432303
0.05024510029818785
-9.15540825858352
-4.543498863695845
-2.453769073282487
5.2788429393269e-06
3.5263264602077016e-05
2.3756309684985766e-06
1.4282911640073337e-06
-8.846712956089853e-07
6.136338422252363e-07
3.4398563273363436e-06
6.982933182797524e-07
3.1902660047045117e-06
-0.2562483797994304
-7.729653850733974
-0.20946573402626
1.063641705289463
0.9771016600880884
-0.47487455782772514
-1.2179094184983512
-0.5124934145155855
-0.45491405822786124
5.325358563568194e-06
3.0622530161894534e-06
1.833798879219417e-06
3.053184480461546e-06
1.5436983157868234e-06
-1.0324326097932435e-06
1.181923632520565e-06
-1.0791010696120651e-07
1.439607415554267e-06
-18.40305760434056
-6.054768264594998
-15.204328152729458
-1.8490583033248527
-0.6190191124262929
-1.2137160256246773
-13.299063756667138
-7.587334456949986
-2.0483163673624967
5.371058988234978e-06
-6.528759465964512e-06
-6.848993547858839e-07
2.8917831534913674e-06
1.1277114261368237e-06
-5.868083912674571e-07
-1.2792681752804569e-06
-7.86334403757305e-07
-3.329271625746033e-07
5.01086226564753
-5.765257686931275
4.317788248248748
-0.7265865008587227
-0.02417971734067237
-0.6747691344186251
5.099796337871368
2.9237002567647217
0.8171136864427682
5.415888409188163e-06
-7.478296013253838e-06
-9.51369860779927e-07
2.7113610314710712e-06
8.733910304287162e-07
-3.698056652567949e-07
-1.4221426247185143e-06
-6.576374361744186e-07
-6.533765863347973e-07
-0.5867222541587864
-7.146020220562679
-0.4047450610315906
-1.598549038429553
-0.5181397819563571
-0.9438944350664116
1.2432741047543345
0.839749149137134
0.010919274049381755
5.456498254119424e-06
-5.440423061046917e-06
-8.174211438005674e-07
2.5220276923532126e-06
6.914992956158494e-07
-8.088297126507271e-08
-1.1414015891886287e-06
-4.471420970153517e-07
-7.507719290145154e-07
-1.0764120915737436
-6.001973755509024
-0.7529679823345532
-1.4201708585070918
-0.42602332662708164
-0.9712208526594992
0.7185439935556843
0.4699385782168477
0.009265286818499696
5.493291775460207e-06
-6.9841540638517635e-06
4.0539125813199295e-07
2.978452910973317e-06
1.2740813958300734e-06
-1.3687887298607926e-07
-4.323076431278494e-07
7.336986862505057e-08
-3.539129354995785e-07
0.8803642120725428
-7.510142252096507
0.9217250402875301
-1.3775321595419854
-0.4228428617769957
-0.8022734129859401
2.3405037004699523
1.5285554933533447
0.054800954662237666
5.522948676506267e-06
-9.579138541843807e-06
1.7304474563811095e-06
3.587065188881411e-06
2.0032862861341094e-06
-3.536365860701274e-07
2.117531477940915e-07
5.220776412295791e-07
3.5890410886307844e-08
1.4079759390567457
-8.00289926784744
1.3875538544096955
-1.3368598136155612
-0.39994444273549945
-0.8298517579412348
2.7690164187244903
1.79955602970837
0.031467390250696003
5.544228491194403e-06
-1.4013850287472596e-05
2.8991768641940807e-06
4.3210594677933756e-06
2.8347753602275816e-06
-6.29576040578339e-07
5.634648814201171e-07
8.437279372941475e-07
2.1672233452285639e-07
1.1334189352919317
-7.632409187721493
1.1914277451858688
-1.1827947522436375
-0.31107661637406636
-0.8853303335493123
2.413031171876213
1.5557759571942924
-0.004383207053697991
5.556641642368021e-06
-1.8554711429488724e-05
3.865506120560858e-06
5.010479670386481e-06
3.604334222889749e-06
-8.604400212330887e-07
7.737191483059291e-07
1.0965189396472397e-06
2.91426144882756e-07
0.4564405234648774
-6.325349754922733
0.7415081180213227
-0.5031816164724603
0.07626912309639611
-0.8722625351165334
1.2928395011496647
0.8280409195930929
-0.02379131396093498
5.562951287285678e-06
-2.4508201533157692e-05
4.0818201724399095e-06
5.453909543207125e-06
4.118096890756706e-06
-9.905853721875468e-07
4.87588957709395e-07
1.1345766675052715e-06
-1.8958020986392654e-08
0.33300960068316776
-6.026482530106534
0.6825380972080772
-0.5121638069054839
0.05015394468899803
-0.49965934234202075
1.2276466954529965
0.7781085658999736
-0.0426271783000185
5.557668165789842e-06
-2.4893845574941453e-05
3.996755315441303e-06
5.123960207464862e-06
3.920306592797296e-06
-1.069576465950739e-06
6.562344608829207e-07
1.3679099808427964e-06
5.1275627022118186e-08
-0.6566442485861472
-5.446187896914971
0.02411846059974998
-0.3621030481402556
0.16066721351949198
-0.8516883289792005
0.48451712305706707
0.33615928490501545
-0.03725727161694943
5.539942623977723e-06
-1.921839856650065e-05
1.557716830247191e-06
2.89220656557454e-06
2.1009855415976553e-06
-6.358867975508886e-07
3.726200503706423e-07
1.4415736862005701e-06
-2.343806212445898e-07
-1.5331225213846837
-4.750935058800078
-0.48523104656261395
-0.4530733748194003
0.10172901155231884
-0.7189023993853709
0.01652668456280537
0.005764919181311612
-0.0024010111794003923
5.513855294236869e-06
-6.080173043543358e-06
-1.9374167337105064e-06
-8.708184102701466e-07
-9.795564045178562e-07
5.321201898556005e-08
5.548335074712085e-07
1.7223193733428843e-06
-1.411117637184489e-07
-1.9459297347351452
-5.061963964061356
-0.6870164343691876
-0.9954920679001802
-0.2025892767931925
-0.6854047161243741
0.3365864650164241
0.23543569308106527
0.07140313732175141
5.482528574685119e-06
-2.952073909240349e-06
-6.90529818719865e-06
-5.977716147742562e-06
-5.092132029704821e-06
1.0115392115039867e-06
6.021952613233239e-07
3.6576609129534976e-06
7.068019274580895e-07
3.2579732937971926
-6.471179983998688
3.8227684089596323
1.7728391804604655
1.3601222530897417
-0.5100231256559873
2.0960748743705295
1.4356450074256963
0.32752803168875566
5.448862111401276e-06
4.4562161406965645e-05
-1.110599007492219e-05
-1.1596187927231938e-05
-9.511418277430295e-06
2.19318342820074e-06
1.996453841274226e-06
1.771819450935297e-06
7.974536498922546e-07
-1.2275142386407651
-8.155902776655807
0.01631944013228548
-0.9119514573189349
0.025922906296214493
-2.476989863590603
1.015045828617886
0.6374665392743991
-0.1770604026685021
5.422876888316885e-06
2.0383061958895166e-05
-2.9966757409405353e-06
-1.703041127391891e-06
-2.3748801003531383e-06
3.144751629102771e-06
2.3572585400311041e-07
-1.189114767208288e-06
-1.2021574011811254e-06
2.474540459564281
-4.400175135013569
2.3319607857901303
2.4995203093546294
1.5994423928070418
-0.4717124995275875
-0.1862397471342092
0.11896130343538402
-0.29108789039437966
5.398444614113096e-06
2.7279376559219415e-05
-1.4394328576375348e-06
-1.1845675963462199e-06
-1.5286603132491638e-06
3.473266322995272e-06
1.3094900588872527e-06
-8.185004034544363e-07
-4.869973032617381e-07
-0.4354178907889761
-1.6293781290546008
-0.5178342789023986
0.12477354220919779
0.07413666768780303
1.4657653922737248
-0.6347936852222062
-0.23753185153724843
-0.2831663396716948
5.3827164017139495e-06
2.9173673454424565e-05
-1.2767066916163916e-06
-1.7755120346463205e-06
-1.926156884435315e-06
3.3018912999338568e-06
2.0342513691873343e-06
-6.812858099891628e-08
-6.615442715851572e-08
0.21958161906084683
-1.3143517205793103
0.08559911897951622
0.020779801418797206
0.011349459313088062
-0.8679654551943258
0.0343921139184431
0.13802968239370728
-0.16493502941133897
5.3704576141733185e-06
3.0341266371636255e-05
-6.951192303983333e-07
-1.8285302429976724e-06
-1.7710813476345955e-06
3.8095934948856325e-06
2.544492106570928e-06
3.5315408908331847e-07
3.327657167040421e-07
-0.4536555043580677
-1.208380292216816
-0.4708999887588731
0.020436232491960027
0.010948283864678388
-0.8375646748178918
-0.48677895091290674
-0.18381676537946134
-0.22022529941557423
5.366187580069237e-06
2.370391298381347e-05
-7.277492132529151e-07
-1.8804010577522234e-06
-1.7810684358743334e-06
4.2619515192576785e-06
2.459870487414584e-06
7.30315829033934e-07
-1.6194361829313664e-07
0.034832122819501876
-1.2082045030290374
-0.036542350939549495
0.010947845241113363
0.006916048646520956
-0.8550570397823504
-0.042582784549438535
0.07643455873706273
-0.1532760300195477
5.369056901516345e-06
9.261766810542138e-06
1.220496525969339e-06
1.4482799770565435e-07
1.440318840306709e-07
4.770338024595588e-06
2.292809794690598e-06
1.0836333328434478e-06
-7.817337610571684e-07
0.016736155954177434
-1.2499783668147124
-0.028100665383270496
0.03440249458264688
0.023282130665146283
-1.6465449749170569
-0.053877450781229186
0.07623859193847693
-0.15128805568374304
5.3778330401099694e-06
1.8105176748384189e-06
2.6365477808730498e-06
1.4203525883771384e-06
1.3255047568438982e-06
6.007147980824357e-06
2.3659314475343862e-06
1.3971500498755063e-06
-9.769113165081222e-07
-0.12231667344863696
-1.243304574638728
-0.1310758068080915
-0.03415316125051504
-0.018594777210211078
-1.867331038279325
-0.09069705382471227
0.06032018218338919
-0.1521035384477898
5.389478919815005e-06
6.359695187363457e-06
3.048014840148494e-06
1.4718061064344923e-06
1.2010434878861886e-06
8.123795687264845e-06
2.6733135454204415e-06
1.4365772758040407e-06
-3.345272630017604e-07
-0.2947701777938647
-1.294622968676462
-0.2668055761623549
0.0023080900532939097
0.0005240358986347005
-1.023951175450336
-0.25609165110687115
-0.03081862765131427
-0.17763856798963928
5.403927476166359e-06
2.6732816111622523e-05
3.761381050237933e-06
1.560177327136758e-06
1.1594628930196305e-06
8.631403097592028e-06
3.2088250750961222e-06
5.058691659454162e-07
2.0031500986839035e-06
0.2059731032078389
-0.23818983282507136
0.13701749747318104
-0.0018200551974913992
-0.0015569619406292645
-0.6135892258786493
0.17988382965491212
0.1221245934636528
0.00042457278315755076
5.417472113689037e-06
-8.46848999443324e-07
3.2862731453239813e-06
1.5824348961190893e-06
1.0914863832756083e-06
8.968775543571894e-06
2.5979761554273395e-06
1.7560362296775711e-06
-9.970127963221387e-07
-0.6218684506368817
-0.8774514310457865
-0.5377821661928479
-0.022913267638950744
-0.012713227480349865
-1.7916913649201838
-0.4997473237918379
-0.20838069089181488
-0.1737040034518884
5.431666237010191e-06
4.96620937266018e-06
3.5745978120872712e-06
1.610457595446757e-06
9.862052093856377e-07
1.0279966924819917e-05
2.7975601416541096e-06
1.6147863277360397e-06
-1.4729204600438806e-07
-0.41533997037041814
-0.7861624913391835
-0.34571069615143557
-0.007033537908412767
0.0002330743751617348
-0.9969694314153189
-0.3428033680372877
-0.1363292444633224
-0.14037234923730324
5.448016821674173e-06
8.262901004866402e-06
3.702702295146909e-06
1.6285417944184033e-06
8.933213360429182e-07
9.981646890810936e-06
2.865131162765877e-06
1.6349272556337446e-06
4.2149804635460697e-07
-0.3344770446363725
-0.7096818954866309
-0.2616106976387442
0.009933731735770834
0.005155175506363463
1.5192851391875393
-0.2695159941608125
-0.08804207805737008
-0.12224967958012911
5.465612692656663e-06
1.4160473458776565e-05
3.676922299954491e-06
1.6381263785447686e-06
7.857294500313028e-07
9.426477983076609e-06
2.7630703466341444e-06
1.2793130071964143e-06
1.1511781714129699e-06
-0.1206020124145013
-0.7082723410624112
-0.05642940014154263
0.02314496894058138
0.012094025038853928
1.7613704774381214
-0.07106093204741981
0.026073411610216368
-0.0886372990237021
5.48351384532797e-06
1.4228920163929237e-05
3.7617465252839932e-06
1.650571627154207e-06
6.731848982439309e-07
8.345730153624942e-06
2.756827982119958e-06
1.2729048971538148e-06
1.2833784260590786e-06
1.0669852104995812
-2.2415988779620406
1.2173385997603035
1.517811859696394
1.0351430180532617
2.0515599688110946
-0.29164525641510863
-0.099413908119935
-0.13259135450029902
5.500367872390832e-06
-8.96925968324469e-06
5.4608539473664786e-06
2.195880591360222e-06
1.1906563407437787e-06
6.859788697521907e-06
3.816105478171572e-06
3.3116773128782917e-06
-4.911102460258832e-07
-53.3281866506137
-2.362506437145697
-45.05168512923994
1.7624768648011582
1.2249113477118954
2.0288021927389934
-46.82710420720787
-26.70497691822517
-8.669958312473767
5.518354904143763e-06
-1.0443766061032922e-05
4.970926738265963e-06
2.0696398919106684e-06
1.0684651017278668e-06
5.66169515625603e-06
3.4264801488381735e-06
3.006389294346601e-06
-5.668346585441242e-07
-26.12604922557793
-2.5054074403781783
-21.9912095696462
1.4442096823885322
0.9856295578044296
1.955168220342749
-23.43785519643731
-13.308684285751028
-4.47480727522148
5.536199302547118e-06
-4.654424473032881e-06
3.948943028540819e-06
1.8455020143193224e-06
7.197789622104267e-07
4.296579097395892e-06
2.6071209617839486e-06
2.0504299182710906e-06
-1.5728999414044154e-07
0.2667204521223141
-2.0006061849267383
0.37646028876936555
0.9982869214617835
0.6789430529072716
1.7037536787403698
-0.605424158607434
-0.269221407494058
-0.2012063124622685
5.5521909648748036e-06
-2.6833003972312475e-06
3.8183757491982995e-06
2.0801177476048593e-06
9.149937918451201e-07
3.472343925725596e-06
2.155904634926209e-06
1.50227204981368e-06
1.4687890215192567e-07
0.2815696341545717
-2.132553521097833
0.3633640782186376
0.9486071725642944
0.644711979038803
1.1678722827984167
-0.5685462005347119
-0.23591845653593424
-0.19778687058628464
5.568659375065899e-06
-9.10639596632401e-06
4.3386737800868436e-06
2.542683543493851e-06
1.5456254951473625e-06
2.9769398004475534e-06
2.152422849732716e-06
1.555153407273302e-06
1.3775180696118383e-07
0.19249163535585367
-1.9554831410761722
0.2988416477177118
0.7045809406637318
0.46918086350711974
1.0621472774852796
-0.4037212050600232
-0.13330448983568743
-0.16922244877349615
5.580350876055462e-06
-2.7558242765207686e-05
4.584032576242236e-06
2.96889971873604e-06
3.0816759779561664e-06
1.0310921814138396e-06
1.907953936508555e-06
1.3376192591341152e-06
1.9364690310996746e-07
-0.18766741887505844
-1.3942366009141267
-0.03592646795531351
0.17494218512926807
0.10021705644725643
0.753173787749384
-0.17753763158505365
0.010094129409727426
-0.1269182598039258
5.588475618933941e-06
-3.593135610591158e-05
3.7147318149299835e-06
2.677407083928607e-06
3.5423084967511898e-06
-3.200899889588271e-07
1.2668440289020921e-06
7.279954496453023e-07
3.171779430766186e-07
-0.42657603756292417
-1.3297998611381274
-0.30095267954240157
-0.1245115280520146
-0.08265076073638866
0.7730298378940508
-0.08789515380751212
0.08474140275778552
-0.12689280852257667
5.592060447701108e-06
-3.0005419408285494e-05
2.5834952323174065e-06
2.8406130028191257e-06
3.734391811338611e-06
-4.783252489648504e-07
-8.35382083508307e-08
-5.755315837796537e-07
5.619800877987302e-07
-0.3094891059125473
-1.845633095438333
-0.11674359362655905
-0.023289888956249172
-0.012816684061704109
0.7421401019993756
-0.014056080058203689
0.15150976427275964
-0.1332471874987604
5.587453796640496e-06
-1.9350708944321227e-05
4.334631215994339e-07
3.035271783691229e-06
4.021231498896327e-06
-5.971098651080808e-07
-2.475243413346817e-06
-2.9264312991772456e-06
9.813744601405716e-07
1.4681358446759134
-4.546747070954474
1.2357801283007888
1.8653909901683647
1.3444739343619574
1.0905061946984134
-0.5446228392345347
-0.1330717534527004
-0.2531718920791164
5.573271620207265e-06
-1.4103355870487277e-05
1.8156207627906262e-06
3.2259674764834045e-06
3.177733604392552e-06
-1.2260245982886886e-06
-1.3297450200955296e-06
-1.776615049298158e-06
7.216459430026134e-07
3.391771814982633
-3.993706226297149
2.5849560113707066
2.0442118689354274
1.5385883793200463
0.9881568001023311
0.5729845893572758
0.3630161827082077
0.07956454304609029
5.551205614851007e-06
-1.2065334074023992e-05
3.145202429999383e-06
3.1503469885563185e-06
2.4333461136061274e-06
-1.7400998654215627e-06
4.4939112736619435e-08
-4.3251918008246903e-07
4.14160172268474e-07
-0.4895910835026136
-2.951939692847248
-0.6211075529726671
-0.6304735782101751
-0.07058948731132375
0.1681283398912896
0.03171940570660148
0.01908990832333668
0.004114380648785554
5.520490858779148e-06
-1.2698925480367912e-05
3.5331539612881713e-06
3.170815794817372e-06
2.497591989336634e-06
-1.8600930413725791e-06
3.852448888230775e-07
-1.5259160876524014e-07
3.2217401868539497e-07
-0.944510890722821
-2.6503791489903676
-0.8944271014406127
-0.903584865081541
-0.2592185508811369
-0.20843660215476945
0.013347777205165556
0.00823349714171151
0.0017639445600892147
5.493252572708052e-06
-1.4480559076331112e-05
3.7774081002306392e-06
3.258082786117278e-06
2.7979686336443432e-06
-1.8492082398680054e-06
5.099757920956627e-07
-1.0488188495472173e-07
2.7975378125155714e-07
-0.8968973857254916
-2.4277156670347857
-0.7700100328266899
-0.7770445667265236
-0.2015475721781037
-0.551118319424539
0.005992475125626839
0.003512288929846008
0.000535902339277694
5.466495158534812e-06
-1.2980018098760447e-05
3.790227321942563e-06
3.1651833444223954e-06
2.6822648005464522e-06
-1.9436509046677486e-06
5.808735838996881e-07
-1.1956028400650354e-07
2.591593841749784e-07
-0.8871392164895333
0.45006056945202033
-0.11429504698248394
-0.22034627026375375
0.112366357316251
-0.16183515076211918
0.1130527989341843
0.07327978935653334
0.013401114124252267
5.4412602356057604e-06
-5.527650786801147e-06
3.5611436660643037e-06
2.6242288093669686e-06
1.6638871060958849e-06
-2.3789057636697253e-06
8.639142221045226e-07
7.754104083823599e-08
1.9464415801362378e-07
2.832028486589845
6.61239281500983
3.8125889986510657
3.5325921005648553
2.1144866080963354
1.1401301226591016
0.3107647693757727
0.20222636676475503
0.03831343174746049
5.434344067856145e-06
1.4463189829228007e-05
2.2046760546762245e-06
1.8601536991846856e-06
-3.017995497955894e-08
-2.862927275359972e-06
2.627242564612331e-07
-6.652790036087985e-07
4.223792001711857e-07
-3.9220711791772795
5.629306344337181
-3.968287746988239
-4.041099298906786
-3.0264322346007475
-1.604249304866613
0.09356805299425731
0.06449045104583284
0.011312459047898571
5.423988126418422e-06
1.7976789202900356e-05
2.806042596909669e-06
2.538345074645787e-06
6.156962195635884e-07
-2.3025680826460615e-06
1.806357489142485e-07
-9.101210479423028e-07
4.987609715789709e-07
-2.3931977377551306
-0.04795586134332552
-2.2852979199896346
-2.334977761264433
-1.5100160507211537
-0.7003559567851028
0.019431517624791894
0.01437075603922544
0.0020304398207944274
5.430291104113749e-06
1.73162713647812e-05
3.65607102900678e-06
2.9995806091753785e-06
1.1165619859809794e-06
-1.9713096862106205e-06
5.459817646324971e-07
-6.691904195221809e-07
4.2942276123891787e-07
-1.480343272772231
-1.5235441722511354
-1.254962069511997
-1.3283723369506788
-0.6961676583067824
-0.4038284846010356
0.0253091948271571
0.015453108999206933
0.002470580194684713
5.4416018420155865e-06
2.198997259764135e-05
4.748813140609265e-06
3.7395904571857486e-06
1.5631272880511915e-06
-9.648481201773862e-07
8.693271069670772e-07
-4.6679649357006525e-07
3.705021094924099e-07
1.2291311702329253
-2.2643837091944228
0.8599996400270129
0.7853784590395065
0.5483430718176052
-0.28854787249035496
0.04201860206184449
0.026405836956346462
0.004073177214965806
5.45988970657163e-06
3.725540843558389e-05
6.280614782777638e-06
4.8597847897013935e-06
1.593917822617641e-06
1.4126773703049267e-06
1.2457740507509918e-06
-1.7965538537390024e-07
2.7334129071299174e-07
-0.266318285496002
0.007022392849080462
-0.22672542665696582
-0.1695465307143138
-0.09271834845500848
0.30177862451935944
0.009711237887017887
0.007932888240816283
0.0010419513680330894
5.4785264214096685e-06
2.783781780354988e-06
4.052913241951728e-06
2.402193478134862e-06
1.3971973780169122e-06
-2.6789673838178985e-06
1.4131107914129581e-06
-1.4106966145233102e-07
2.2816490774513198e-07
1.8213144590005186
-3.158726124646904
0.99960468149024
0.966095942203637
0.6696527624335484
-0.42155489489915965
0.013222550534820243
0.007570964057826757
0.001051260754632466
5.498061109832086e-06
5.4260623369717376e-06
4.847576679220533e-06
2.8763831468603396e-06
1.6782111362800833e-06
-2.0690348199736697e-06
1.7062005609469466e-06
7.943275229238544e-08
1.7660930495821958e-07
-0.7686918994134189
-3.03036086959645
-0.9996295186885646
-1.0592647532750448
-0.4872238213855926
-0.6861717535566783
0.043303105626144145
0.02836399627536146
0.00398218129223693
5.52121738761624e-06
5.790825734534877e-06
5.5406712906359845e-06
3.2150564809318993e-06
1.9305154759230447e-06
-1.6759025132234706e-06
2.0275610140840783e-06
3.2867488662657873e-07
9.446936011237028e-08
0.7364734728901396
-2.832191822089243
0.2860904900813921
0.2500821587796409
0.2760302108030501
-0.27360838948173694
0.037081574985194266
0.023641858923090453
0.0036859041074355225
5.543309226530013e-06
5.616497092228445e-06
6.0742041805283975e-06
3.4602787319926165e-06
2.1473334976818137e-06
-1.4021248919138252e-06
2.3004427010808737e-06
4.741903906202438e-07
4.10610028200864e-08
0.72631352996817
-2.978182960637781
0.2653076061338595
0.21735258600100593
0.2845278407949977
-0.4937509102011432
0.043166591394761866
0.027333148283134708
0.0042635220426416875
5.56685772312715e-06
4.541512674885451e-06
6.535521956001211e-06
3.6421740591263685e-06
2.3633361645458706e-06
-1.2177045779354634e-06
2.551061549393996e-06
6.160597401105861e-07
-1.7906887084251366e-10
0.9497519800768757
-3.125215973603942
0.4604997866126084
0.3877862428394572
0.4047491405209538
-0.3546185524850358
0.07250123830493749
0.04625138781516114
0.007089913436712836
5.592055950520702e-06
3.6163449135678816e-06
6.916703574069705e-06
3.7581560196064956e-06
2.491687057570857e-06
-1.0643528343817765e-06
2.7833369762586546e-06
7.365278816839904e-07
-4.252004262572662e-08
1.0061978058588679
-3.5247283494112125
0.5172572349830489
0.3760977586874823
0.4328668241135034
-0.3583273864025145
0.14135416532416922
0.0910696948400126
0.013336611179826874
5.617894051512806e-06
3.236740024212259e-06
7.2288584618829255e-06
3.8117808016380206e-06
2.531678304995566e-06
-8.46618252392517e-07
3.0051401201935946e-06
8.539822732855917e-07
-9.73083444932854e-08
1.2641959322762801
-4.27150716954694
0.7442529204267743
0.4200870694575194
0.5122988866730971
-0.5685059912477044
0.3249576138030985
0.20984474265211528
0.028789202761936084
5.642929038485178e-06
2.8097879330446496e-06
7.498267714692308e-06
3.83691948258047e-06
2.5627308450903996e-06
-5.711190003143685e-07
3.215737138129171e-06
9.794938571339173e-07
-1.689266900251063e-07
2.1433168889908814
-5.43855851412075
1.5536961554954818
0.6012615158112489
0.66968345661369
-0.5465137178960546
0.9580180128109603
0.6192157302973023
0.07821960166870401
5.665822179312663e-06
1.9342565808697088e-06
7.695170129454199e-06
3.828243061776426e-06
2.5787635647978036e-06
-3.2405009997571455e-07
3.3954060731922198e-06
1.1113658507366786e-06
-2.699537884343073e-07
3.676001572402175
-7.668004098407845
2.987879991447689
0.5473919721835756
0.7040136480451409
-0.5586580725584084
2.44454030146386
1.5801045949987476
0.1846466016412367
5.685145985090401e-06
2.0656008152333816e-06
7.82063177068304e-06
3.78151981006436e-06
2.5690703951974925e-06
-1.1731028537464994e-07
3.541740693335793e-06
1.139242568171106e-06
-2.4660272163190555e-07
4.707463707571446
-9.498376792986605
3.9138634438709206
0.6444042651048747
0.8579647449783291
-0.6839316698843945
3.268415716207606
2.1111457777775122
0.23010183171364984
5.7001855930938206e-06
-1.9242913681105644e-06
7.719308595194319e-06
3.682086270440088e-06
2.5059377066760646e-06
1.1010181344417447e-07
3.507845761363537e-06
1.3750934285683414e-06
-7.034552376161685e-07
6.0700358408414745
-12.137878671490817
5.122868644934929
0.636951274952807
0.9864925648953005
-0.883493326838817
4.491277163994184
2.8985244019847727
0.2858474387662788
5.71464083720663e-06
-4.352152838074663e-06
7.4216518141934085e-06
3.497841834565474e-06
2.3683708819666194e-06
4.389491650713673e-07
3.3856223022321608e-06
1.4977801352511477e-06
-1.1185648431943918e-06
6.2101217208254855
-14.328773564214899
5.324083313235985
-0.2089523334561676
0.6090019642435145
-0.9773061415225968
5.533655459444233
3.5663920555042807
0.3102562929139747
5.724093496195515e-06
-8.906461626295714e-06
7.138041366858139e-06
3.3602875695315504e-06
2.276649965660127e-06
6.129355527850766e-07
3.2173781530087098e-06
1.7148014522794242e-06
-1.5053370844286817e-06
6.546686029776069
-17.019862970949163
5.690102509904348
-0.947669200788738
0.3324674279579156
-1.214906481691422
6.639232820822188
4.272272240876013
0.3155997739265768
5.727121191845264e-06
-1.3223549645870192e-05
6.281739508243178e-06
2.967997108249687e-06
1.928211994517426e-06
9.219562296380879e-07
2.745408918536363e-06
1.8379049439021244e-06
-2.091338815457533e-06
6.694715383736753
-19.716156182305227
5.882051136181261
-1.516440849420377
0.19818446026908987
-1.5587052396308465
7.386971497092077
4.736587420103334
0.27960825105244513
5.722730772150797e-06
-1.4365669952963456e-05
6.6430246432117035e-06
2.9407741262560405e-06
1.9408562432765564e-06
1.0493570645475625e-06
3.119712652155382e-06
2.135111753398533e-06
-1.9777292991074447e-06
10.697829353919602
-24.69537915926622
9.574625072749896
-1.457263233532167
0.32375879379976347
-1.433408792871198
11.036371683425628
7.076771816128755
0.3689596597996134
5.710564877192681e-06
2.9310867355816783e-06
1.1909696484402321e-05
3.4035254867503806e-06
2.432065688617868e-06
9.420538442106441e-07
7.924746109222447e-06
4.138691102939518e-06
9.772352222991998e-07
6.633672737695939
-29.829937377549502
6.755659201387886
0.9959300172495276
1.623971682367511
-0.9757303846348186
5.751309245773204
4.418199805458968
-1.1497952890643646
5.690092420462811e-06
1.7412995547139154e-06
1.4807591815407806e-05
4.503600679162112e-06
3.5915929737923014e-06
6.269311949580469e-07
9.688037056587717e-06
4.8454514157691975e-06
1.7156919867034048e-06
3.5767578108908253
-33.01144325281234
4.637972842180034
-3.7101134579531276
-0.904710712620556
-2.8632117648960573
8.399759626103716
6.05446219811698
-0.7112303649689551
5.662197073208475e-06
-1.7778184949052145e-05
1.194074449989424e-05
4.3599309321046276e-06
3.493752884942136e-06
9.445852366951613e-07
6.955870278546605e-06
4.382665844238076e-06
-5.449567449522519e-07
2.531684880005912
-25.895615664116526
3.5011276997470446
-7.521646729809532
-3.063902136024595
-3.861561422020486
10.967270950550443
7.018776233346173
0.5276522608265442
5.63179140700143e-06
-8.016563981312619e-06
9.120023909903185e-06
1.7558509073922757e-06
9.297922611839482e-07
1.771791220295249e-06
6.781379451537006e-06
4.505164042600818e-06
-8.567491800448579e-07
-1.057172374827502
-21.530329943753856
0.49379432624289166
4.828765084903921
3.314648470683764
1.0169052822363618
-4.281591802194214
-1.3861730259524236
-2.425132767197667
5.5980604096728115e-06
-4.174982693366802e-06
7.977333375264184e-06
4.418739343314826e-07
-2.3226447742885625e-07
1.9940673077201154e-06
7.001078372537162e-06
4.760460775576902e-06
-9.285917150769762e-07
1.3125765574369836
-24.11740379534507
1.8247481224989315
-0.1558965048388572
0.33178825488685254
0.187502155464653
2.1149028734521664
2.3371465624754393
-1.5756011282993088
5.5686125390863594e-06
1.9904844610896255e-06
9.636791584388682e-06
4.786618346130922e-08
-5.20418913296794e-07
2.0112244216718977e-06
9.095521663393669e-06
5.8967143534705e-06
-5.3123859478088065e-08
-18.55634112297878
-13.869712849245957
-15.081041099514891
-14.654994081928123
-7.556578468520322
-5.3111492729599945
-0.47893385677670613
-0.18028742717061874
-0.09001701267751283
5.548170928126872e-06
-3.5844453183386804e-06
1.0562740559286188e-05
1.0241949706113473e-06
2.0984507465016122e-08
2.9530892551310473e-06
9.11838786366026e-06
6.194253006519546e-06
-3.1825409674279825e-07
-11.506978174432277
-13.773828774031017
-9.761620221594846
-9.911277193170502
-5.237289943331113
-2.999397817139041
0.12617775333862014
0.23702655968865827
-0.5190879428416424
5.537870474858764e-06
2.9767710726047447e-05
1.9972836798928806e-05
9.436460449152584e-07
1.2980501418180523e-07
3.1580809567444135e-06
1.8524766916994118e-05
1.0705818249467924e-05
4.144568216166156e-06
-19.374700115300783
-6.165712769610991
-16.404853955853383
-16.607708672340646
-9.45159498421737
-5.123385485269601
0.1877331068135497
0.16117021659867348
-0.33002553934703394
5.527975577734878e-06
2.8963414611477e-05
2.070889383869179e-05
8.862298172904876e-07
8.644690296932822e-08
4.0640831073801564e-06
1.9348019827947205e-05
1.1345363750914217e-05
4.075005895234907e-06
-4.615005976345508
-7.020032686464759
-3.692325337434474
-3.649018278881029
-2.037621670723693
-2.910969117731579
-0.0730524374261865
0.042781985959452484
-0.3364995092009666
5.519813798482431e-06
2.7038389674494123e-05
2.1321511680300054e-05
9.02332822128038e-07
1.0192741828340957e-07
5.951026973427531e-06
1.9958551958798587e-05
1.1898370542773318e-05
3.867186631076325e-06
-3.8346614248356587
-10.287649651255379
-2.452066480654249
-2.4353116507983135
-1.112394860251559
-2.490623703099491
-0.04076920180571619
0.1358077452475981
-0.33754359699247116
5.510924023566233e-06
2.691932530812964e-05
2.234541766493736e-05
8.033963967424285e-07
-1.765835078160194e-08
6.614907650859259e-06
2.1036010966368757e-05
1.2686399822658956e-05
3.874105460516253e-06
31.174298020367754
-1.0381691085431726
26.847120544922483
27.1283152337559
15.739870970389909
5.241099272536562
-0.2358150448374694
0.05724858302921554
-0.34855412774601335
5.499120052099293e-06
2.5415773379437734e-05
2.3079439253503864e-05
7.303001529068709e-07
-1.2315650579908244e-07
6.789958788999684e-06
2.1867212833703853e-05
1.3439771717083104e-05
3.7119310839633934e-06
9.233470403545368
-5.622533594297423
8.162218027647931
8.281485050773108
5.060395727592846
-0.16307374342828496
-0.05908917608909903
0.1377916221642148
-0.3511395924931183
5.48469988470579e-06
4.048064644673888e-05
2.663612266384785e-05
6.313441220928695e-07
-2.422214744335349e-07
7.554246052254854e-06
2.5618222108447775e-05
1.5260037340758537e-05
5.568792915994214e-06
0.02186417116224959
-5.4162801919144385
0.23660422843618534
0.14158942287715348
0.2710252945078624
-1.7021093823649094
0.15009332465764658
0.26318919042456734
-0.27919262985878857
5.463604409006173e-06
6.0809709215237095e-05
3.0518262672446506e-05
5.80334347966005e-07
-3.200506593081798e-07
8.035489723390299e-06
2.96300530089888e-05
1.6946429312714173e-05
8.081051771080539e-06
0.7827534194736714
-3.6169896639869417
0.8033943431183985
0.8494568158252189
0.5633715573173586
1.5844144066633399
-0.012121086907740164
0.21487091319398388
-0.25640080297088774
5.435182979907083e-06
7.79266006966095e-05
3.375190293028463e-05
5.407355762876431e-07
-3.960107217704234e-07
7.3240303564148235e-06
3.3060711688404076e-05
1.8642931167267562e-05
1.0460114921166663e-05
3.472287954507948
4.155554403651308
2.567334757713269
-6.763159746755916
-4.5668923326785205
0.7476865916154464
9.334948719486142
5.769231889257384
1.4648381374892188
5.400262465982131e-06
7.42178407273919e-05
3.3486687338935006e-05
5.469801648283479e-07
-4.813938467851386e-07
6.181981813568882e-06
3.277362017795049e-05
1.850586523910458e-05
1.0096079491150878e-05
-19.077977942710476
-13.23900802258413
-17.003231172257088
-4.45147543217675
-2.889156683795264
1.3040366879153815
-12.435771790704194
-6.038673758160797
-3.6914000592951766
5.356906521591931e-06
-3.837061423178634e-06
2.4497122107530744e-05
3.6486566457050174e-07
-6.165301605909335e-07
4.547132749443961e-06
2.3955001215103522e-05
1.7956457929679814e-05
1.8421499592413682e-06
-4.4898064124877095
-22.166095371788572
-3.1548431290539263
6.397132978723562
4.327394206507108
2.623717594418707
-9.366702073590034
-4.305143593264887
-3.1065156541662162
5.3072505237228285e-06
-1.633975690049083e-05
1.1781842454899882e-05
2.5244837908999784e-06
1.6540058410674519e-06
3.119637797421859e-06
9.388008454291885e-06
6.7828785623447185e-06
-8.337401879998652e-07
-36.15794665889031
-25.38271895622256
-30.302773700966696
5.398023539972769
3.6642162529596476
2.371490286825633
-35.541334954403624
-19.076368643069202
-8.16042839204971
5.247368020433463e-06
-9.47172253493167e-06
6.71857663113451e-06
3.323919061548608e-06
2.252902527075107e-06
2.726280762033184e-06
4.203096254151717e-06
1.4338023304194536e-06
1.1843160248048434e-06
-169.33961752974932
-15.84169124793128
-143.85695616450505
3.6608884435368907
2.468175659344837
1.9833781347986381
-147.50101592572219
-83.93122162804713
-27.022680346128183
5.176800861095288e-06
-7.000182332401843e-05
9.73240942359066e-06
2.554387558806326e-06
1.0768038727487772e-06
2.851262308922742e-06
8.190347257075459e-06
9.456143820418816e-06
-3.2243316495650376e-06
-4.7744329676630635
-9.546975670130564
-3.641674668864498
2.2553029749024063
1.532932314926228
1.2960284911865685
-5.8947664217027125
-2.800607368340337
-1.6973377075565175
5.091167041171296e-06
-6.118489070076893e-05
7.734503873563225e-06
2.9820924400958404e-06
1.696881922974569e-06
2.369292177561988e-06
5.660238611815416e-06
6.776340194580843e-06
-2.1021848647384545e-06
-9.938168649780351
-17.188364267097654
-7.538899606488342
2.2983604044575827
1.528633277919127
1.1580687743960034
-9.838734854038705
-4.462260495394247
-3.0849307877057086
4.990668501902995e-06
-2.926611484938002e-05
2.8104929024330705e-06
3.2338908277917966e-06
2.5466115531891376e-06
1.3052492282561445e-06
6.500827839373002e-07
5.802461298075323e-07
9.375856915017078e-07
1.2855056129072082
-17.848522228489003
2.236876270437733
1.6878083342698034
1.129292525808843
0.8038583814074198
0.6762465998975316
1.722017951770143
-1.2925022153070316
4.873379703451697e-06
-5.193482475357447e-05
4.2094684583049435e-06
2.87204129723051e-06
2.9190307380133618e-06
2.0661387489795402e-08
2.367571880990127e-06
2.8030991278404915e-06
3.3423089573769715e-07
5.742135319422573
-18.293565303494233
6.537310013765166
0.41376197548370897
0.26156145435334466
0.781116110386122
6.124080465989394
4.922728607673378
-0.5055861174978524
4.742139790847588e-06
-3.907116468662708e-05
2.6428538021719405e-06
2.9799544667419298e-06
3.172824274866315e-06
-1.5911866180218226e-07
6.603885837064283e-07
7.787225186905999e-07
9.15506213894357e-07
-1.6963853270344345
-18.074774307316346
0.9059111133873082
-0.6466196925286534
-0.4117959675844851
0.7676767123536089
1.447705368748915
2.3828690614372636
-1.4813016672422918
4.599215955858327e-06
-4.2030712615520605e-05
3.176781746598578e-06
3.0901106120584387e-06
3.477938258278357e-06
-2.5838086847862485e-07
1.0167312491926594e-06
1.1051785733240393e-06
7.375746847032572e-07
-8.18509167996271
-22.18931073524051
-4.145984410058503
-0.04000953670433205
0.024277850319215588
0.7494005962402808
-4.075218182936538
-0.3866769013910485
-2.84485049309194
4.447904465521013e-06
-1.690096394674212e-05
3.197739100943564e-06
2.5181020675280053e-06
6.860460537438939e-07
-1.6470882879815463e-06
1.564340987303403e-06
1.6629597234807392e-06
5.902102104826668e-07
-18.06326948470948
-28.099795969930412
-11.880527184868662
3.355425129078185
2.30441719927461
1.1609563460530623
-15.286235844822302
-6.451796741679601
-5.182586663175812
4.290448307742167e-06
-1.5661834444624656e-07
3.011618463194532e-06
2.924932073100628e-06
-9.375245718645786e-08
-2.27689648080176e-06
9.104762409561928e-07
9.591880516524043e-07
7.026877387739106e-07
-8.473010475720713
-30.782764321651143
-3.106129087951814
3.735048224542197
2.58702059477838
0.8295560198833911
-6.834934425531528
-1.4128479906883271
-3.7212836598262484
4.122315782950636e-06
-1.9066588966720754e-05
1.537368324477928e-06
2.822899546672808e-06
2.5400010709164533e-06
-1.3726603499963907e-06
-4.862382782244712e-07
-4.537171002239049e-07
9.432516430152305e-07
7.151468113859664
-8.023460853444519
6.561165218389889
2.824661074189593
2.0470735117984233
0.3722589766165356
3.741169474986652
2.434079076240584
0.43259797087485996
3.959125466468372e-06
-2.0625221205036737e-05
1.9983754562247213e-06
3.062579762902473e-06
2.904339571452308e-06
-1.3204163090696497e-06
-2.8859004037873337e-07
-2.684933121110955e-07
8.423635000642804e-07
1.4119496771467652
-6.784134710112763
1.5302346967555778
0.2605855443924838
0.7082505520452962
-0.16480181093342594
1.2634743516961109
0.8264203305778128
0.14128011610557945
3.80008793210429e-06
-1.996449791583088e-05
2.262939141267628e-06
3.2152968609810983e-06
3.0471950656085767e-06
-1.3028404992621034e-06
-2.0767030473739512e-07
-2.182956609364517e-07
7.744505050588657e-07
-5.5785703218094405
62.39873681901107
8.737851345423188
7.192807593053772
4.276910836493787
9.621343214370157
1.5203976068237601
0.9847221005543112
0.1622121129051819
3.6504963221162257e-06
-1.4906856386832402e-05
2.249081931054997e-06
3.1024398128298714e-06
2.6036045259747453e-06
-1.539772409797635e-06
-1.4307329937457425e-07
-1.976571498141233e-07
7.187973104505474e-07
2.8133588075957334
-13.85121926458828
1.3680842729115454
-0.6374229728806853
-0.25385597309769814
-1.703771835760051
2.0079796615512713
1.2961933882372652
0.21371406158448103
3.501931235883049e-06
-7.659394708744993e-06
2.470254017415685e-06
2.5318448545474936e-06
1.3406980443608774e-06
-2.218578154355999e-06
6.235059615937455e-07
5.301181518202469e-07
5.089910311700807e-07
-2.5843704395483513
-6.249204211189294
-2.4910529381151036
-5.1488683117514285
-3.053027771134822
-1.6864203325219336
2.638738986918092
1.7123278731283804
0.2800745125964337
3.3612618748346534e-06
7.591928767008982e-06
1.7123027852630757e-06
1.9440343585336306e-06
-1.2628694334715362e-07
-2.836483935175771e-06
4.348906430529098e-07
2.943327502280546e-07
6.174035552253265e-07
-1.8760345930752536
-3.4452418999352403
-1.7612693216265711
-2.172038388988831
-1.1078507556657229
-0.8457212814493289
0.3820065332828726
0.25339491592225283
0.036309622213793746
3.2359894277522727e-06
7.586600692249812e-06
2.3583833799190046e-06
2.5028669988352847e-06
5.181631732575909e-07
-2.6292703710906196e-06
5.125535484373778e-07
3.003279397950642e-07
5.954281012132689e-07
-0.9236210975511412
-2.725882356610448
-0.9412514040079181
-1.009583036295993
-0.43404853171346125
-0.4679428091599078
0.025371139775053564
0.02175758692288632
-0.0006485539202734092
3.113116212705158e-06
8.188335308995098e-06
3.125021875563516e-06
3.101010979528196e-06
1.0992764856165849e-06
-2.3069712167256284e-06
6.592757736401111e-07
3.690213197238279e-07
5.528784179364976e-07
-0.8990169140006472
-2.870609477872909
-0.9434250636464689
-0.9079075633342732
-0.3763793314978073
-0.595678872484811
-0.08492439599592849
-0.051396003244502886
-0.011193968522353881
2.9939611214668815e-06
2.018573393791634e-05
4.649747317675423e-06
4.535400639354981e-06
1.7562192775599783e-06
-5.461316888166756e-07
7.21148352256229e-07
3.390625346044729e-07
5.410566270847017e-07
-1.1364927315969133
-2.6045837237784326
-1.1829398079833169
-0.9156998777491125
-0.4036439797592486
-0.43203631149387434
-0.2879623095119115
-0.18709549415613402
-0.03196205586256129
2.878625999347406e-06
5.003024631967251e-05
7.012005161621815e-06
6.88802239451336e-06
2.023938393991287e-06
3.420219803040858e-06
7.191475901169309e-07
2.4753097092877763e-07
5.596867019008744e-07
2.8306844026892577
-3.0723638650298426
2.107875086737124
2.130612739650303
1.3558025116782062
0.29427974210363317
0.001789584169301861
0.0022886659881251603
-0.0012140914773355327
2.767858300778414e-06
4.507139855142173e-06
3.343477709527587e-06
3.2463315962627526e-06
1.6899207272991212e-06
-2.1608063556222135e-06
6.228425211141086e-07
1.5108910418615284e-07
5.738223252949037e-07
-0.8417206595765023
-4.162454133542347
-0.9728795285145678
-1.0622561501577792
-0.4274554674427691
-0.9853938272352849
0.07667959595388396
0.0508324228094601
0.006509961729263214
2.65928051013109e-06
6.9355877304472235e-06
3.989678075383418e-06
3.766559286522142e-06
1.984219571316004e-06
-1.6351755063592766e-06
7.210949527491906e-07
1.7805874366616514e-07
5.59659953242031e-07
0.0864060138788787
-4.716783365910647
-0.1610084275638659
-0.3280673289480127
0.0286761783504339
-0.6936284392819942
0.15722225965311942
0.1032610733606587
0.014434617070635092
2.5500084047669347e-06
8.505117873107773e-06
4.496399054518263e-06
4.160136777953127e-06
2.226049785558626e-06
-1.2812383884397427e-06
8.048586929709778e-07
1.9991984112621708e-07
5.534595968192946e-07
0.6883853965865967
-5.549958955174084
0.3767977418258499
0.05845789832133086
0.2906746613843758
-0.4941542751901551
0.3150563715129522
0.20548729676583122
0.02889147935526082
2.446733214256369e-06
9.148296253910781e-06
4.899876833483474e-06
4.44145910377669e-06
2.397963898448374e-06
-1.0459114566652161e-06
9.046196204343104e-07
2.5112998014442667e-07
5.386768272275244e-07
0.01445640023556205
-7.069753009778601
-0.15862845559200878
-0.6090697087646433
-0.002029022638946998
-1.1377745312304768
0.4385723796169039
0.2857135180542034
0.038298633277219274
2.3478138762023093e-06
8.135672016962303e-06
5.278206432604571e-06
4.658925547462722e-06
2.6068852874150394e-06
-8.996766601154782e-07
1.0296210428695218e-06
3.231154089289312e-07
5.214735426806172e-07
1.2535803915287111
-8.144947442765911
0.9488477337449641
0.24482451700037977
0.5381200319858905
-0.7149681256480136
0.7000361607638812
0.4560441064738701
0.057794620628382365
2.2431716426574155e-06
7.242112392938024e-06
5.532210335168486e-06
4.7949381396517055e-06
2.7327300313184644e-06
-8.807200993499187e-07
1.1164124761320338e-06
3.6125453618807146e-07
5.268761928967081e-07
1.3576503144705434
-10.438830192510249
1.1106765835010997
0.017183575217526226
0.5279196353319654
-1.0800210812064108
1.0907651407838976
0.7106585063990138
0.08486184908414951
2.142646838509954e-06
5.6838271096232296e-06
5.6813220131041176e-06
4.89463078290342e-06
2.8932504479439736e-06
-9.898781949124746e-07
1.12774505522939e-06
3.0598048877950035e-07
5.91034436947524e-07
2.0948777598985444
-13.21783406086206
1.8244634192061413
0.4182251479852397
0.9203056422736662
-1.4160344569437342
1.4096360603525326
0.9193486566511311
0.1023344853882091
2.0397389972615088e-06
1.0887382333041318e-06
5.884033114925136e-06
5.013959838651161e-06
3.223888523362639e-06
-1.3989454153429115e-06
1.167470892404765e-06
2.8098266446896503e-07
6.543395877356417e-07
3.145560751789821
-16.53909709760314
2.8592203437676442
1.1542367176826076
1.5373227785245485
-1.5116176004179778
1.7192385681650248
1.1241081312567438
0.11462839159065208
1.9384596733340587e-06
-5.7592696212638295e-06
6.1894572358223154e-06
5.198011451934548e-06
3.6955531348414894e-06
-2.0868690818465208e-06
1.2433278537837822e-06
3.069242751618795e-07
7.014400580374058e-07
3.023082464448638
-22.367235288499366
3.0726511038141737
0.7564883754281553
1.6263825984762974
-2.0831417197099427
2.336805560168912
1.531024164346963
0.14066171362151136
1.833681607665838e-06
-1.2531977845980924e-05
6.5679811494800955e-06
5.408108163296177e-06
4.146027790419282e-06
-2.78716680851554e-06
1.3630868169745014e-06
4.0440987214562796e-07
7.066023582219527e-07
1.5702646124894812
-32.178202591149315
2.449222723600423
-1.4857934507475363
0.8036537869644071
-3.3397761340967236
3.961992713956924
2.587061114202996
0.2119116618354715
1.7211871821132263e-06
-1.4985944010177665e-05
6.767030150206521e-06
5.379799190685652e-06
4.131518168581927e-06
-2.9819075163528552e-06
1.5476128583657989e-06
6.52641328535708e-07
5.669678906916609e-07
-3.025482911504625
-42.86864824156011
-0.7482684541961966
-7.262409995429835
-2.0261554936512667
-5.210422947709553
6.557590551805191
4.249291329468171
0.29101945387185246
1.6057208472863849e-06
-6.519357465329875e-06
6.044998818371949e-06
4.479622498831937e-06
2.8312460740309575e-06
-1.9737394540975117e-06
1.6968100202963132e-06
1.0519390644114779e-06
1.1956100981480589e-07
-139.14616259504334
-38.449617255294726
-114.42487613100475
-122.62280379146598
-67.6337389245117
-24.415283752910025
8.17169445569641
5.266609910333642
0.2980766520259106
1.4827058355537659e-06
2.6963036291918763e-05
2.1558270282065473e-06
9.681024608632072e-07
-2.1176460860417023e-06
1.6715951977053223e-06
1.2889922595960002e-06
1.3330672569145108e-06
-1.3514085051014035e-06
-0.6497651281427235
-9.120511236732057
-0.7038041864030626
-3.4011415838773895
-2.2350752844581123
-0.35090164893767106
2.750464276322944
2.3983413054539966
-0.8545949193020874
1.3547216457521216e-06
7.439669300141061e-06
4.053486077987278e-06
2.9138640424974938e-06
5.989221494306918e-07
4.2452831028327864e-08
1.2253444753862475e-06
1.3434227644493202e-06
-4.822863135522937e-07
4.928439615219901
-16.7622340346054
4.418479427916715
1.8346443868443743
1.2280596519514013
-0.20526151979301188
2.570597554424289
2.4264826858553334
-0.9070040452266568
1.2121569425982415e-06
-1.563998470033301e-05
6.08519428152432e-06
4.997099629311386e-06
3.702230002566864e-06
-1.9248843977082153e-06
1.1479771105521452e-06
1.2894973703270196e-06
1.239379867623569e-07
7.6789512357749885
-19.72266778390599
7.304500313406265
1.2239072279401881
0.8357065538942835
-0.06322389602478229
6.052165809878474
4.778612019931565
-0.4767649562385543
1.0568368102870096e-06
-2.8880064665282035e-06
5.4732774279059315e-06
5.045675110393333e-06
3.7174232696557397e-06
-2.263623126885772e-06
4.3559078656552064e-07
6.0689415715131645e-09
1.5550143466214195e-06
20.77196692591842
-22.068629837484195
19.605852113390654
7.962182825951899
4.715942433301228
0.35800791467671367
11.613527106891425
7.593685176165252
0.8772939693400721
8.897264828222617e-07
-2.4057874505323262e-06
5.388935880749901e-06
4.838911761950726e-06
3.4195729711195e-06
-2.400874518082574e-06
4.3387667486571857e-07
3.109580881677232e-08
1.5790155731831845e-06
16.97220472514637
-82.16496302732804
12.565331715231771
9.75163206130349
10.590760684374942
-7.248411428814059
2.6890460383787254
1.7740919757587432
0.19813331704351023
7.111275523996596e-07
3.0967778343049535e-06
4.772820850318382e-06
4.353425748115924e-06
2.898636163317647e-06
-2.3598674592228974e-06
2.5041273699066835e-07
-3.1555862789467426e-07
1.9982849884803144e-06
-111.79909952247368
-246.1070366628913
-86.93397016734352
-101.00684168808834
-40.21933438560032
-39.536676101802
14.39640038117335
9.284708212519746
0.7447943358960032
5.323652112476651e-07
-1.2828625416176631e-05
8.689509419623764e-06
8.234591137024072e-06
7.0417263478006475e-06
-2.330669911315697e-06
2.4571983592291957e-07
-8.325482234727843e-07
2.915091156630023e-06
-59.822539350140495
-90.53217285645695
-48.97414305860063
-60.44162951322162
-26.448423159808787
-16.67757390314678
11.892095496381351
7.6065684147383195
0.34006157753139266
3.549077725040206e-07
-3.375993744192396e-05
6.221918764648393e-06
6.332796825603282e-06
4.700152116399181e-06
-2.943171812486156e-06
-4.404395173018827e-07
2.72242398291489e-07
-4.951805950420551e-07
236.89071407863557
-336.71055879098964
196.43012458158506
233.30955794595957
151.508328767217
12.459007690865729
-36.585125455081425
-18.35044048710668
-10.558227225589967
1.7365398197188853e-07
4.736948639963434e-05
-9.173964580611038e-06
-8.395995686250046e-06
-6.7830221572862115e-06
-4.987542343570794e-07
-8.320436863940017e-07
-7.477688095391954e-07
1.2681318477258952e-07
-115.24245790000384
-203.45293980755048
-78.9436215575463
-156.02323093634288
-79.08171153275111
-34.73470808495461
76.6206073409852
49.41283945482178
3.0119549223821735
