-1.1102230246251565e-16
2.4980018054066022e-15
6.661338147750939e-16
4.440892098500626e-16
-6.217248937900877e-15
0.0
3.3306690738754696e-16
2.275957200481571e-15
0.0
7.444697519787269e-05
2.464941940161225e-05
5.494765404989721e-05
-5.349689935485458e-07
-3.475163625754618e-07
5.592192042769284e-09
5.685257375809272e-05
3.6709375272891975e-05
9.008969740875727e-06
-8.881784197001252e-16
-2.55351295663786e-15
1.1102230246251565e-16
1.6653345369377348e-16
4.440892098500626e-15
0.0
-3.3306690738754696e-16
-2.7755575615628914e-15
-1.4988010832439613e-15
5.574671897079497e-05
4.0541096581137026e-05
3.492572650998227e-05
3.689795597949797e-06
2.8698505687430043e-06
1.6752447695722594e-07
3.280058712640255e-05
1.9145205303772173e-05
4.443358527339568e-06
-2.531308496145357e-14
-1.3322676295501878e-15
-1.3877787807814457e-16
6.661338147750939e-16
-3.552713678800501e-15
-1.0408340855860843e-17
2.220446049250313e-16
3.094746681142624e-15
1.3322676295501878e-15
-6.490319996999006e-07
2.5057566404029785e-06
-5.997791596712432e-07
-8.877848785004971e-07
-6.52132588818688e-07
4.4298067214398884e-08
5.52627222205615e-07
3.4101941670527935e-07
2.10592209615168e-07
1.6653345369377348e-15
4.551914400963142e-15
-5.5344617777564054e-14
-6.439293542825908e-15
1.5987211554602254e-14
1.915134717478395e-15
-1.6653345369377348e-16
8.881784197001252e-15
-4.440892098500626e-16
5.821140973694128e-06
2.1107892450800136e-05
1.857490964596309e-06
-3.060942432853153e-08
-1.65768341275907e-08
-5.216127196838727e-09
1.9693604442760915e-06
2.6449371119952048e-06
3.608895497109188e-06
-9.2148511043888e-15
-1.1258355359089478e-15
9.700573677662305e-14
1.2212453270876722e-14
0.0
-5.273559366969494e-16
2.220446049250313e-16
1.1657341758564144e-15
4.440892098500626e-16
-4.578264345411753e-08
-6.162606496218359e-07
-9.034831371934615e-08
-1.3081929317593222e-08
-7.889699560337249e-09
-2.919721242555795e-09
1.2997498188838106e-08
1.8390595712958202e-08
1.7731067725179628e-08
2.4424906541753444e-15
-6.661338147750939e-16
-1.8041124150158794e-16
-4.440892098500626e-16
-1.3322676295501878e-15
2.7755575615628914e-16
2.220446049250313e-16
-1.0547118733938987e-15
6.661338147750939e-16
-4.5805627912898217e-07
-2.888423296099063e-07
-3.6794960323049963e-07
-2.2134972077481052e-08
-1.2393122972298443e-08
-5.919633117024148e-10
-2.729282257973864e-07
-1.2667041249248e-07
4.632303385321279e-08
4.440892098500626e-16
4.163336342344337e-16
-4.718447854656915e-16
0.0
8.881784197001252e-16
0.0
0.0
-1.7763568394002505e-15
4.440892098500626e-16
5.8812618348724754e-06
2.3800380233751642e-05
1.3474828648440962e-06
-9.594045558003472e-08
-5.375542144747669e-08
9.86427717286631e-09
1.5431671025467608e-06
1.4668473171663976e-06
3.585883021628433e-06
4.3298697960381105e-15
-2.6922908347160046e-15
5.578870698741412e-15
-7.016609515630989e-14
1.2534417948018017e-13
-3.530509218307998e-14
-3.375077994860476e-14
2.930988785010413e-14
1.3655743202889425e-14
1.2544579476525541e-05
2.34280391282482e-05
6.95876197198686e-06
-2.5214123944294897e-06
-1.760733321360189e-06
-7.214377601982846e-07
9.57388376665591e-06
5.618381987648746e-06
3.945737333310717e-06
-4.440892098500626e-16
4.440892098500626e-15
-3.608224830031759e-14
-1.7763568394002505e-15
4.440892098500626e-16
1.5543122344752192e-15
-1.5265566588595902e-15
2.6645352591003757e-15
-2.7755575615628914e-17
7.634321164573521e-06
1.374358589600888e-05
3.0591029229753985e-06
1.868093022494577e-07
3.397104411106966e-07
-2.5829304917124318e-08
2.4617095073509176e-06
1.3827503873020675e-06
2.7867914837997887e-06
-1.1102230246251565e-16
1.1102230246251565e-16
2.5868196473766147e-14
8.881784197001252e-16
-4.440892098500626e-16
-2.220446049250313e-16
-1.1102230246251565e-16
-4.440892098500626e-15
1.3322676295501878e-15
5.148493514184338e-06
1.8042433850951056e-05
1.8219148500975282e-07
-1.5537956343791848e-07
-6.004652242097563e-08
-2.6538902631045858e-08
2.1322550303182197e-07
-1.813477794598839e-07
2.4758790431178568e-06
-7.771561172376096e-16
-2.525757381022231e-15
0.0
-1.4432899320127035e-15
5.551115123125783e-16
-2.7755575615628914e-17
4.440892098500626e-16
1.7763568394002505e-15
-1.7763568394002505e-15
1.5790296288287209e-06
2.2302762943127163e-05
-3.6646759369318715e-06
5.951335513287859e-08
2.6623681037563074e-08
9.770278452947423e-08
-3.760389335027981e-06
-2.585030411950129e-06
1.7371822167433493e-06
-1.1102230246251565e-16
8.326672684688674e-17
-5.551115123125783e-17
7.771561172376096e-16
1.942890293094024e-16
3.469446951953614e-17
6.217248937900877e-15
-3.552713678800501e-15
-2.220446049250313e-15
-8.155464058745565e-06
9.923982389636876e-06
-8.831327747316209e-06
1.8958343517283538e-07
1.2645699065672034e-07
1.925500683341852e-07
-9.018067778754357e-06
-5.352627892918349e-06
-7.511207247290486e-07
1.1102230246251565e-15
5.065392549852277e-16
2.275957200481571e-15
2.220446049250313e-16
1.2337353361147052e-14
2.6645352591003757e-15
-2.0872192862952943e-14
5.5067062021407764e-14
-1.021405182655144e-14
2.1852325460258726e-07
1.331700843820727e-06
3.75748155256872e-07
3.707054530011078e-07
2.4556631217365066e-07
2.575449684627529e-07
2.6556088883467055e-08
9.868756478681462e-09
6.744766745114816e-09
-8.659739592076221e-15
-1.9832226139104847e-15
5.551115123125783e-17
2.220446049250313e-16
9.756084828893563e-15
2.220446049250313e-16
1.7763568394002505e-15
8.881784197001252e-16
-8.881784197001252e-16
4.637690977915554e-07
1.549202735873223e-06
5.357666068572797e-07
5.409964698444014e-07
3.51020117861367e-07
2.9741096341240336e-07
1.042863528866178e-08
4.055470403940831e-09
7.624062943467624e-10
-4.440892098500626e-16
4.884981308350689e-15
-5.551115123125783e-17
1.1102230246251565e-16
4.163336342344337e-16
1.965094753586527e-14
0.0
-8.881784197001252e-15
8.881784197001252e-16
7.195637294898916e-07
1.579207605573174e-06
7.330138513950146e-07
7.433011663948719e-07
4.7071221231931304e-07
3.237800569877436e-07
6.7634107203673466e-09
5.039594228040123e-09
6.034971411494894e-10
8.881784197001252e-16
-2.976785484776201e-15
2.7755575615628914e-17
1.1102230246251565e-16
0.0
-2.220446049250313e-16
-1.7763568394002505e-15
4.440892098500626e-15
8.881784197001252e-16
1.0579423985745962e-06
1.582047314485635e-06
9.836017378361817e-07
9.93894472500756e-07
6.15479493148996e-07
3.454920260992367e-07
4.548402987580857e-09
2.837845375358583e-09
1.2417955552734838e-11
-1.1102230246251565e-16
3.3306690738754696e-15
2.7755575615628914e-17
-4.440892098500626e-16
2.220446049250313e-16
-2.220446049250313e-16
8.881784197001252e-16
5.329070518200751e-15
-1.2212453270876722e-15
1.3863498793398321e-06
1.5725819455525425e-06
1.228270244624241e-06
1.2344084900917096e-06
7.537716868455391e-07
3.620500024226203e-07
4.157238109314676e-09
2.849011693228931e-09
4.329281377835059e-11
-1.887379141862766e-15
-2.284630817861455e-15
-8.326672684688674e-17
-1.1102230246251565e-16
2.220446049250313e-16
3.3306690738754696e-16
-1.3322676295501878e-15
-7.327471962526033e-15
-8.326672684688674e-17
1.6113686456264986e-06
1.5552395247198092e-06
1.4040232958478782e-06
1.4085390489526615e-06
8.516394487401157e-07
3.7029616350992e-07
1.3454206637675272e-09
1.8510410981775749e-09
-8.652112359897046e-11
5.551115123125783e-16
2.5901156219809707e-14
2.2676305277968822e-14
-7.649436639667329e-14
-1.9984014443252818e-14
-3.880229471064922e-14
-2.5757174171303632e-14
-1.099120794378905e-14
5.329070518200751e-15
1.709363854018875e-06
1.4992804011626504e-06
1.4769182286045177e-06
1.4779279275956012e-06
8.877175616817112e-07
3.668585151217485e-07
-1.303170016342392e-09
7.737099849691731e-10
-1.7166901233878207e-10
2.220446049250313e-16
-1.3790466164842474e-13
0.0
9.908740494779522e-15
-7.271960811294775e-15
0.0
8.881784197001252e-16
-5.2735593669694936e-15
1.3322676295501878e-15
1.659464405889821e-06
1.391609199430377e-06
1.4249790574183405e-06
1.4240290813205547e-06
8.512901672474982e-07
3.470318716836118e-07
-3.991464048169746e-09
4.516209628491197e-11
-1.957527473450682e-10
4.440892098500626e-16
-1.6991616447192825e-15
0.0
2.0816681711721685e-17
9.992007221626409e-16
5.551115123125783e-17
-1.7763568394002505e-15
-9.992007221626409e-15
6.661338147750939e-16
1.4489124069427817e-06
1.2573154464234904e-06
1.2352098348600291e-06
1.2343072448572912e-06
7.371785670784448e-07
3.085417574766325e-07
-6.285889142532142e-09
-7.539484592200552e-10
-2.0259360855590103e-10
-1.2212453270876722e-15
-6.2124784483419404e-15
-5.551115123125783e-17
-2.7755575615628914e-17
5.551115123125783e-16
1.6653345369377348e-16
5.551115123125783e-15
1.1546319456101628e-14
2.220446049250313e-16
1.1612713173292377e-06
1.1132000494740169e-06
9.8085850197549e-07
9.806814382784523e-07
5.868752559479162e-07
2.6074840775436314e-07
-7.317877859236433e-09
-1.6553163284527272e-09
-2.0754464813421691e-10
2.0317081350640365e-14
2.281855260299892e-14
2.3148150063434514e-14
3.574918139293004e-14
8.593126210598712e-14
4.346523141407488e-14
4.6851411639181606e-14
4.1300296516055823e-14
-1.4876988529977098e-14
8.642215849619106e-07
9.663441371543513e-07
7.171612463885424e-07
7.168052214012732e-07
4.3177964670348956e-07
2.105410175090583e-07
-7.307562555070035e-09
-2.3220065870077633e-09
-1.8765089482286612e-10
-1.4432899320127035e-15
4.6346607107672355e-14
1.1102230246251565e-16
4.025859506873175e-15
-1.8207657603852567e-14
-3.3306690738754696e-16
8.326672684688674e-15
-9.325873406851315e-15
-3.9968028886505635e-15
5.63902670336347e-07
8.216108184910809e-07
4.500050624356433e-07
4.48296944455251e-07
2.751112155863211e-07
1.5993290958249418e-07
-5.719494211575693e-09
-1.5565020383689898e-09
-5.370770495005672e-11
5.551115123125783e-16
1.2411946470614055e-15
-5.551115123125783e-17
-1.3877787807814457e-17
-6.661338147750939e-16
1.1102230246251565e-15
-6.938893903907228e-15
7.549516567451064e-15
4.440892098500626e-16
2.524329358877253e-07
6.893069199875868e-07
1.738574446630281e-07
1.6800849422793362e-07
1.128332840494295e-07
1.0969220909373689e-07
-9.611458295921693e-10
2.0575823267421356e-09
1.4623768862520592e-10
2.220446049250313e-15
-2.549176147947918e-15
-2.220446049250313e-16
-5.551115123125783e-17
1.1657341758564144e-15
-4.996003610813204e-16
4.5102810375396984e-15
-1.7763568394002505e-15
-6.661338147750939e-16
-5.594516139240113e-08
5.82185172293137e-07
-9.590553240457211e-08
-1.0764888358494318e-07
-4.556696353574807e-08
6.266631658036204e-08
5.3068802685629635e-09
6.3864877275499055e-09
-1.6096379784613646e-10
4.9960036108132044e-15
1.2888995426507677e-15
1.942890293094024e-16
0.0
-1.6653345369377348e-15
-3.0878077872387166e-16
1.7763568394002505e-15
3.552713678800501e-15
6.661338147750939e-16
-3.536848982577112e-07
5.212305436153031e-07
-3.4874302956566794e-07
-3.5903882888987937e-07
-1.892557044413934e-07
2.265110765620193e-08
4.2083012630200756e-09
4.3770311819457675e-09
-1.011403183426296e-09
6.328271240363392e-15
-8.907805049140904e-16
-1.6653345369377348e-16
0.0
1.27675647831893e-15
-5.551115123125783e-17
-4.218847493575595e-15
8.881784197001252e-16
0.0
-5.93441761509439e-07
5.127066611265718e-07
-5.475162421220148e-07
-5.503276945262314e-07
-2.9851803162728174e-07
-4.234038897266146e-09
-2.4805557607976425e-09
-8.591913847055821e-10
-7.179094541065467e-10
-5.10702591327572e-15
-2.314988478691049e-15
6.140921104957897e-16
1.1102230246251565e-16
-1.3322676295501878e-15
4.163336342344337e-16
2.220446049250313e-16
-2.6645352591003757e-15
0.0
-7.106634143383417e-07
5.260788302763332e-07
-6.458703694089962e-07
-6.497959859075308e-07
-3.5553135191435103e-07
-1.5703520261922677e-08
-7.949210178992415e-10
9.674128165215734e-10
7.767041870776481e-10
1.887379141862766e-15
8.092485015431805e-16
-8.465450562766819e-16
0.0
3.885780586188048e-16
-6.38378239159465e-16
1.7763568394002505e-15
8.881784197001252e-16
-1.1102230246251565e-16
-7.249691620359044e-07
5.353758094628347e-07
-6.600513340337955e-07
-6.760745687728331e-07
-3.716013026178189e-07
-1.8595258666209702e-08
1.1008041589377626e-08
9.537408196536035e-09
3.1536211836380446e-09
-3.3306690738754696e-16
2.6515248330305496e-15
-1.942890293094024e-15
-7.793765632868599e-14
-2.3425705819590803e-14
-1.6792123247455493e-14
3.530509218307998e-14
-1.0658141036401503e-14
5.412337245047638e-16
-7.559374424204179e-07
5.27417382656381e-07
-6.908762442137117e-07
-7.273371576133059e-07
-4.0317479310658655e-07
-2.8257986173230165e-08
3.184359353980426e-08
2.323224457256856e-08
6.991760170826922e-09
1.1102230246251565e-16
-8.218252467440124e-16
1.6653345369377348e-16
-6.661338147750939e-16
3.3306690738754696e-15
6.106226635438361e-16
-4.440892098500626e-15
0.0
-1.1102230246251565e-16
-8.494340377751541e-07
5.252821360102189e-07
-7.815261449106714e-07
-8.38116548607104e-07
-4.686998362757322e-07
-4.554159716008144e-08
5.257670210312426e-08
3.586164787350299e-08
1.0862949539891531e-08
3.219646771412954e-15
-8.517492267046123e-16
2.7755575615628914e-16
9.992007221626409e-16
-6.661338147750939e-16
-1.1102230246251565e-16
6.661338147750939e-15
4.440892098500626e-16
-2.220446049250313e-16
-9.44282462000956e-07
5.430078999779653e-07
-8.712518768660972e-07
-9.241660646752692e-07
-5.218011178698134e-07
-6.416144060494844e-08
4.983434287453292e-08
3.3098977780809946e-08
1.051570053256512e-08
-5.995204332975845e-15
9.818534874028728e-16
-3.3306690738754696e-16
-9.992007221626409e-16
-1.1102230246251565e-15
1.1102230246251565e-15
2.4424906541753444e-15
0.0
0.0
-9.988304867647457e-07
5.805764686783732e-07
-9.259823299245795e-07
-9.6101300428586e-07
-5.476648374802551e-07
-7.889937592153728e-08
3.252079583404566e-08
2.1326894028561583e-08
7.972320914539921e-09
8.881784197001252e-16
3.1086244689504383e-15
1.1102230246251565e-16
4.926614671774132e-16
-8.881784197001252e-16
4.440892098500626e-16
-2.220446049250313e-16
1.1102230246251565e-16
0.0
-9.72642595797879e-07
6.261884593072864e-07
-9.09164469042878e-07
-9.215174792132074e-07
-5.318537716902938e-07
-8.157377351381001e-08
1.0464101141138826e-08
7.48122941374163e-09
6.5446107942734866e-09
4.3298697960381105e-15
-6.46011022453763e-15
1.6653345369377348e-16
-5.551115123125783e-17
4.440892098500626e-16
-1.3322676295501878e-15
2.886579864025407e-15
0.0
-3.608224830031759e-16
-9.048394105093394e-07
6.933836989020392e-07
-8.605975736486471e-07
-8.514459075570359e-07
-5.006084471403938e-07
-7.740362661934341e-08
-1.0738971489843152e-08
-4.661359520596875e-09
7.014546166139724e-09
-4.440892098500626e-16
2.7636313376655508e-15
1.3877787807814457e-16
-2.220446049250313e-16
-3.1086244689504383e-15
0.0
-3.1086244689504383e-15
3.885780586188048e-16
4.218847493575595e-15
-7.130379202635595e-07
7.383235427482759e-07
-7.207657830576863e-07
-7.155370909117665e-07
-4.355668394850909e-07
-6.000075813972217e-08
-7.0419918785091795e-09
-2.496893358738817e-09
6.789813267182865e-09
-5.218048215738236e-15
-2.671474153004283e-15
4.163336342344337e-17
0.0
1.7763568394002505e-15
-8.881784197001252e-16
-2.220446049250313e-16
-1.0547118733938987e-15
-1.1102230246251565e-16
-4.230184487141741e-07
8.145833589878747e-07
-5.024196418901283e-07
-5.079082185943662e-07
-3.354010047473821e-07
-2.6868651303857405e-08
3.5428904254786175e-09
3.3787541653396147e-09
7.774150767581034e-09
1.5543122344752192e-15
3.83026943495679e-15
-5.551115123125783e-17
4.440892098500626e-16
8.881784197001252e-16
0.0
-6.661338147750939e-16
-1.1102230246251565e-16
4.440892098500626e-16
7.011405536161419e-07
5.724876928070443e-08
3.7283500375906437e-07
-3.718275323194576e-07
-2.8275743346739546e-07
-1.9330013145690828e-09
7.484753892228468e-07
4.736651630921073e-07
1.4978725748626687e-07
3.1086244689504383e-15
-4.551914400963142e-15
5.551115123125783e-17
0.0
1.7763568394002505e-15
0.0
-4.440892098500626e-16
5.551115123125783e-17
-4.440892098500626e-16
2.0267726199563185e-06
2.0824690238896437e-07
1.5519748330916627e-06
-9.213762197646247e-09
3.339941656577139e-10
7.144227431865602e-10
1.5400935193810028e-06
7.767361012156471e-07
2.2271068544910122e-08
2.9976021664879227e-15
7.195632978351796e-15
-8.881784197001252e-16
-4.440892098500626e-16
-2.6645352591003757e-15
8.881784197001252e-16
1.1102230246251565e-15
-4.440892098500626e-16
2.220446049250313e-16
-9.080245888526406e-09
-3.2554322615396813e-07
-5.874396435956441e-08
6.023581633485264e-09
1.4028468005300443e-09
-6.329928803339158e-10
-4.8506723970831445e-08
-1.468185395481214e-08
-4.6078376669811405e-09
-1.3322676295501878e-15
-4.53109771925142e-15
-1.6653345369377348e-16
4.440892098500626e-16
-8.881784197001252e-16
4.440892098500626e-16
-1.1102230246251565e-15
7.771561172376096e-16
-1.1102230246251565e-16
-5.227791177730978e-08
-2.269074457217357e-07
-8.558232167388269e-08
6.494445869975608e-09
1.7227099746719432e-09
1.468452026642808e-10
-7.907572907583926e-08
-4.313302781611128e-08
-1.6566186644695335e-08
-3.6637359812630166e-14
-1.6787959911113148e-13
-3.524958103184872e-14
5.329070518200751e-15
-3.552713678800501e-15
1.6792123247455493e-15
2.886579864025407e-15
1.4432899320127035e-14
-2.2648549702353193e-14
-1.7785040995477175e-08
-1.1890476514508919e-07
-3.786363578228702e-08
3.1229703267854343e-09
9.577512116720754e-10
6.70394295632093e-10
-3.6401338832092733e-08
-2.2109009609194707e-08
-1.1173666436548046e-08
-7.216449660063518e-15
-2.9698465908722937e-15
-8.455042221910958e-15
-1.7763568394002505e-15
-6.217248937900877e-15
-5.551115123125783e-16
2.4646951146678475e-14
1.0103029524088925e-14
-2.1094237467877974e-15
-1.2321521580815897e-08
-8.267682716223135e-08
-1.9725838740214385e-08
5.394742430553379e-10
1.6873635821923472e-10
1.939054472543944e-10
-2.0157294500222633e-08
-1.1506397612492947e-08
-4.719623802884598e-09
0.0
-3.184952301893418e-15
-8.326672684688674e-17
-1.3322676295501878e-15
4.218847493575595e-15
-2.220446049250313e-16
5.551115123125783e-16
7.771561172376096e-16
1.6653345369377348e-16
-6.790386919419689e-09
-8.723603173166339e-08
-1.1708024771905912e-08
-6.347540271178785e-10
-2.1012747097870488e-10
-2.4425828026863883e-10
-1.261378557160242e-08
-7.6390342940158e-09
-4.946059561916627e-09
2.9976021664879227e-15
3.635980405647388e-15
2.220446049250313e-16
-1.3322676295501878e-15
2.6645352591003757e-15
-4.440892098500626e-16
0.0
-4.440892098500626e-16
2.220446049250313e-16
-2.388927100582805e-08
-4.226825467412709e-08
-2.7580384198699903e-08
1.2332423970917716e-10
-2.318740754958526e-10
-2.195359449785883e-10
-2.7858808593350662e-08
-1.7115290518177062e-08
-8.308632004627725e-09
-1.7763568394002505e-15
-1.0758364685226063e-13
8.767292447586783e-15
-8.215650382226158e-15
-5.88418203051333e-14
-1.5765166949677223e-14
-3.9968028886505635e-15
-1.892930256985892e-14
1.9984014443252818e-14
4.709450251993985e-08
-4.3274383187963394e-08
3.487419775183298e-08
-6.197353741299594e-11
-1.9822454788709365e-10
1.7334833568583005e-10
3.460688446921267e-08
1.7808715391254282e-08
-2.5133142234068373e-09
-2.6645352591003757e-15
-1.0557527074794848e-14
-2.175343238874916e-14
-1.4654943925052066e-14
-9.459100169806334e-14
-2.1760371282653068e-14
0.0
-8.881784197001252e-16
0.0
-2.6157572108331806e-08
-1.4195151720741706e-08
-2.4281689547933638e-08
-2.3930546433348354e-10
1.3815038002462643e-10
2.3888457878484815e-10
-2.4105435869614666e-08
-1.4025864913946862e-08
-4.172122203272011e-09
4.107825191113079e-15
5.676015213396113e-15
2.237793284010081e-16
-3.3306690738754696e-16
-7.549516567451064e-15
-2.220446049250313e-16
-2.7755575615628914e-16
6.661338147750939e-16
-6.106226635438361e-16
-5.00078556342487e-09
-1.5989755297596275e-08
-4.0630236952665655e-09
-1.1324452486860537e-09
6.990847900567587e-10
1.795645854230088e-10
-3.0729339073332085e-09
-1.7032064647537482e-09
-1.3144472177373245e-09
2.220446049250313e-15
-7.91033905045424e-16
-2.498001805406602e-16
-1.1102230246251565e-16
1.3322676295501878e-15
8.881784197001252e-16
-4.440892098500626e-16
-2.6645352591003757e-15
2.220446049250313e-16
1.935702087507707e-08
-3.0177517373886076e-08
1.641852165334967e-08
-7.923389944153314e-09
-2.2655424203321672e-09
-7.560316817034618e-10
2.424134848411086e-08
1.4514281332367318e-08
1.5899814798103762e-09
-3.3306690738754696e-15
1.710714903069288e-13
9.664491429361988e-14
4.5852210917018965e-14
1.2612133559741778e-13
4.440892098500626e-14
-1.6653345369377348e-15
-4.263256414560601e-14
-1.1546319456101628e-14
-3.447505836362552e-07
2.7111684630654054e-07
-2.662443385759161e-07
-2.644481007507693e-07
-1.8467306439617914e-07
-2.0941431699839086e-08
-1.5414372001032461e-09
-8.673843865381059e-10
1.3594281256246177e-10
2.220446049250313e-15
-8.076872504148014e-15
-7.716050021144838e-15
-3.885780586188048e-15
0.0
2.220446049250313e-16
-6.661338147750939e-16
2.6645352591003757e-15
-1.3322676295501878e-15
-9.067177302313212e-07
9.125099467155451e-07
-6.285580269604907e-07
-5.787804902013249e-07
-4.373601347751332e-07
-2.289327405424757e-08
-4.955487042934692e-08
-2.762722317584121e-08
-1.0230131408661691e-08
1.9984014443252818e-15
-2.4980018054066022e-15
-2.7755575615628914e-17
2.55351295663786e-15
0.0
0.0
-1.6653345369377348e-16
-2.4424906541753444e-15
0.0
6.686818210255296e-08
-3.2502057933925244e-08
5.478904085975955e-08
5.2594964827790136e-08
2.9577245097556215e-08
-7.842431148930019e-10
1.3890932848426019e-09
1.2294041340510375e-09
-2.2212560679690796e-09
2.220446049250313e-16
2.525757381022231e-15
0.0
-2.6645352591003757e-15
-8.881784197001252e-16
1.1102230246251565e-16
4.440892098500626e-16
-1.7763568394002505e-15
8.881784197001252e-16
7.834538884310405e-07
-8.108502527193195e-07
4.776337387824015e-07
4.7602227226661853e-07
3.3244772512652787e-07
-9.986467874867344e-09
9.83686021527319e-10
7.394049816866755e-10
-2.546904909195291e-09
-7.771561172376096e-15
1.7280621378290562e-13
-6.050715484207103e-15
3.9968028886505635e-15
6.217248937900877e-15
1.6653345369377348e-16
-2.1094237467877974e-14
3.552713678800501e-15
2.4868995751603507e-14
3.183032326603552e-07
-3.622016677695683e-07
1.7486862802229552e-07
1.755592777819004e-07
1.1720634418566078e-07
-9.286606872382919e-09
-5.378000267342031e-10
-1.9974866205529906e-10
-2.780993213491456e-09
2.55351295663786e-15
-8.870681966755001e-14
9.159339953157541e-16
1.4432899320127035e-15
2.6645352591003757e-15
-8.326672684688674e-17
-7.771561172376096e-16
6.661338147750939e-15
-1.5543122344752192e-15
5.607743958080391e-08
-7.645671473710536e-08
2.78580394308392e-08
1.853913378369043e-08
1.2115406455848188e-08
-1.7122037121453104e-09
9.864828953709548e-09
5.5424359546307755e-09
-1.2066863064319477e-09
6.661338147750939e-16
-3.0808688933348094e-15
-4.83554168928535e-16
-1.0547118733938987e-15
-4.440892098500626e-16
-1.1102230246251565e-16
1.1102230246251565e-16
-6.661338147750939e-16
2.7755575615628914e-15
-9.217791330229375e-08
9.667252243161784e-08
-6.992114265358396e-08
-9.242565823797122e-08
-6.379231654030093e-08
-2.0337749706555996e-08
2.2858476000919836e-08
1.285177564369633e-08
9.49995637711254e-10
8.881784197001252e-16
-2.040034807748725e-15
-2.7755575615628914e-17
-6.106226635438361e-16
6.661338147750939e-16
-2.220446049250313e-16
6.994405055138486e-15
-8.881784197001252e-16
-2.0539125955565396e-15
-1.106871252432029e-07
1.0796188121275918e-07
-7.874217544667772e-08
-8.805741025241787e-08
-6.299783272822879e-08
-2.0142900680752973e-08
9.022724345442157e-09
5.2222901558707235e-09
-9.744240969666862e-10
-6.661338147750939e-16
-3.608224830031759e-16
2.498001805406602e-16
2.55351295663786e-15
0.0
2.220446049250313e-16
1.1102230246251565e-16
1.7763568394002505e-15
1.304512053934559e-15
-2.033321757632933e-07
1.8880970742429779e-07
-1.4546315441066326e-07
-1.428673650494261e-07
-9.940712697442677e-08
-3.674060344849295e-08
-2.856747727264519e-09
-1.2917302782966544e-09
-2.8380213734635618e-09
6.661338147750939e-16
2.0747292772682613e-15
7.979727989493313e-17
6.661338147750939e-16
-3.1086244689504383e-15
-2.7755575615628914e-17
1.1102230246251565e-16
-1.5543122344752192e-15
1.0658141036401503e-14
7.138230895264996e-07
-1.2973144407624204e-06
1.0105758718736979e-07
1.0686408025151195e-07
5.832580640685592e-09
-2.090912842866999e-07
-5.969758021251436e-09
-2.774619645151688e-09
-3.6519480772767565e-09
1.3322676295501878e-15
2.148281552649678e-14
1.492694856608523e-13
-1.7763568394002505e-15
-1.1102230246251565e-15
2.7755575615628914e-17
6.175615574477433e-15
5.129230373768223e-14
-7.549516567451064e-14
2.7571579153118364e-07
-1.8658781755220843e-06
-3.8777375266363373e-07
-3.337606315767516e-07
-2.6577358180901456e-07
-3.215302637471495e-07
-5.487926024727585e-08
-2.9443654625538332e-08
-1.2338915666987305e-08
-4.218847493575595e-15
1.4988010832439613e-15
-2.220446049250313e-16
-4.440892098500626e-16
4.440892098500626e-16
4.440892098500626e-16
1.1102230246251565e-16
3.9968028886505635e-15
0.0
-7.260777579176647e-08
4.900812200503424e-09
-7.603748031215217e-08
-2.9571239679171413e-08
-1.6079560793968994e-08
-7.8682820259246e-09
-4.675585785207659e-08
-2.589511183259674e-08
-4.252342478139326e-09
-2.886579864025407e-15
-1.1102230246251565e-16
-1.1102230246251565e-16
8.881784197001252e-16
1.3322676295501878e-15
0.0
-8.881784197001252e-16
-2.6645352591003757e-15
8.881784197001252e-16
4.93467666728975e-09
1.5656439700251212e-08
7.643137678314815e-09
8.065676126989274e-09
4.492910932185623e-09
3.2418441264780995e-09
-4.625633209798252e-10
2.971312085264799e-11
-1.2143175354140112e-11
-6.661338147750939e-15
-1.8457457784393227e-14
-5.767608612927688e-14
0.0
1.6930901125533637e-15
-8.881784197001252e-16
2.1316282072803006e-14
-4.618527782440651e-14
2.7533531010703882e-14
-3.2806056537992845e-08
7.1585191108169965e-09
-2.515805874736543e-08
-2.53805154670772e-08
-1.4208492160605603e-08
-9.652687538164173e-10
1.524398385299719e-10
6.301430488520054e-10
5.5395799058999273e-11
3.1086244689504383e-15
-7.542577673547157e-15
-1.3877787807814457e-17
-3.26405569239796e-14
-5.551115123125783e-16
0.0
0.0
1.7763568394002505e-15
0.0
-3.311080831736035e-08
-2.653735009516822e-10
-2.611464244850481e-08
-3.2275469852294236e-08
-1.8335850171524726e-08
-2.5709780970828433e-09
6.217895531790418e-09
4.391889518728931e-09
8.356604297432568e-10
1.887379141862766e-15
5.1486592766991635e-15
-5.551115123125783e-17
-6.106226635438361e-15
2.220446049250313e-16
1.1102230246251565e-16
2.220446049250313e-16
-5.023759186428833e-15
8.881784197001252e-16
-3.183928072303388e-07
2.666927567673838e-07
-3.102016137290775e-07
-5.8886220344334106e-08
-3.340378995630999e-08
-5.187871465750504e-09
-2.512642813812249e-07
-1.5472665637616956e-07
-2.1221890023070955e-08
9.547918011776346e-15
-8.396061623727746e-16
-1.1102230246251565e-16
1.5543122344752192e-15
1.1102230246251565e-16
0.0
-4.440892098500626e-16
8.881784197001252e-15
-8.881784197001252e-16
-1.3616525507131882e-07
1.5295569255613373e-08
-1.1132887323128671e-07
-1.1172623232136304e-07
-6.303585964317904e-08
-1.029349050440942e-08
4.934790354127472e-10
4.589679747368791e-10
1.0083311963171582e-10
-2.1094237467877974e-15
-2.040034807748725e-15
2.7755575615628914e-17
-1.887379141862766e-15
1.2212453270876722e-15
-2.220446049250313e-16
8.881784197001252e-16
-7.105427357601002e-15
1.3322676295501878e-15
-1.8408273660952545e-07
1.8733040008100943e-08
-1.5095803362896731e-07
-1.5116610152521304e-07
-8.479323376775483e-08
-1.3702994294817472e-08
2.959019695936149e-10
1.369322433220077e-10
2.4886204208485196e-11
-6.439293542825908e-15
2.6194324487249787e-15
8.326672684688674e-17
7.771561172376096e-16
-1.1657341758564144e-15
0.0
0.0
4.440892098500626e-15
1.4432899320127035e-15
-2.0227207642165013e-07
1.8711734384169176e-08
-1.6527958646150864e-07
-1.6406201019947275e-07
-9.147773027962103e-08
-1.4022958794157603e-08
-1.2418330808117164e-09
4.819860066618276e-10
1.2317702413611187e-10
1.887379141862766e-15
-2.793772158060648e-15
1.1102230246251565e-16
-4.440892098500626e-16
6.106226635438361e-16
-1.1102230246251565e-16
-4.440892098500626e-16
-3.1086244689504383e-15
-7.771561172376096e-16
-1.9777527171527254e-07
3.430760386891052e-08
-1.6126076296529845e-07
-1.6035109950962578e-07
-8.913138316302138e-08
-1.2579434383042098e-08
-5.909299716222449e-10
2.013820221691276e-10
7.58717533244635e-11
-5.440092820663267e-15
6.418476861114186e-16
0.0
2.7755575615628914e-16
1.2545520178264269e-14
4.440892098500626e-16
8.881784197001252e-16
2.005340338229189e-15
2.220446049250313e-16
-1.7736677904167664e-07
4.982316248458574e-08
-1.432222465069799e-07
-1.4180406182617844e-07
-7.84763898309393e-08
-9.087941066354688e-09
-1.1697185442471891e-09
4.713740509032505e-10
2.720201841555081e-11
5.10702591327572e-15
-9.783840404509192e-16
-1.6653345369377348e-16
-2.498001805406602e-16
1.1102230246251565e-15
-3.3306690738754696e-16
-1.9984014443252818e-15
-2.220446049250313e-16
-8.881784197001252e-16
-1.3558100420141272e-07
6.891445636370008e-08
-1.0801925220960129e-07
-1.0682611417678345e-07
-5.8459150409362344e-08
-3.1196663030641503e-09
-1.1374030606248198e-09
4.410054543768638e-10
-4.590794411285515e-11
6.217248937900877e-15
4.551914400963142e-15
1.1102230246251565e-16
1.1102230246251565e-16
-1.9984014443252818e-15
1.1102230246251565e-16
1.1102230246251565e-15
5.773159728050814e-15
-2.220446049250313e-16
-7.879411079159127e-08
8.595921485721192e-08
-6.051893564062993e-08
-5.964023586102485e-08
-3.14745527418836e-08
4.372154194243194e-09
-8.523279859673494e-10
7.019318459811075e-11
-1.4006862336657377e-10
8.659739592076221e-15
1.7728873924482969e-15
0.0
-1.6653345369377348e-16
8.881784197001252e-16
-1.6653345369377348e-16
-1.1102230246251565e-16
-1.2878587085651816e-14
0.0
-2.7994992990443283e-08
9.935700973073835e-08
-1.8613260266420184e-08
-1.7910203098381317e-08
-7.550454483862268e-09
1.0805393912960426e-08
-7.552873881877531e-10
-8.527929473700624e-10
-2.5475843656863617e-10
-6.8833827526759706e-15
-8.569533971325427e-16
2.7755575615628914e-16
4.996003610813204e-16
-1.2212453270876722e-15
3.3306690738754696e-16
2.942091015256665e-15
6.217248937900877e-15
4.440892098500626e-16
7.046983441227894e-09
1.0969747421540887e-07
1.0024560737065258e-08
1.172950447880794e-08
9.473243522961639e-09
1.509594937942893e-08
-1.6296475280341838e-09
-2.7561988247271074e-09
-4.157697519602266e-10
1.1102230246251565e-15
-2.0643209364124004e-15
1.1102230246251565e-16
-4.440892098500626e-16
1.7763568394002505e-15
-6.106226635438361e-16
-2.525757381022231e-15
3.552713678800501e-15
-4.440892098500626e-16
3.113874402771444e-08
1.1667906107959425e-07
3.016324323645847e-08
3.4456146380534847e-08
2.2528439558300306e-08
1.794543891264766e-08
-4.294854250019853e-09
-5.777931910699863e-09
-6.034251986974937e-10
2.220446049250313e-16
1.1674688993323912e-15
-1.1102230246251565e-16
-2.6645352591003757e-15
8.854028621385623e-15
-2.352978922814941e-14
-1.3322676295501878e-15
-3.552713678800501e-15
-2.220446049250313e-16
4.8041150169098046e-08
1.2392259307603126e-07
4.5808578708061987e-08
5.5703383239347204e-08
3.467915377086683e-08
2.015644895436708e-08
-9.826568003745706e-09
-1.0502564928849267e-08
-6.688224418738287e-10
2.220446049250313e-15
-7.32920668600201e-15
-2.7755575615628914e-15
-4.440892098500626e-16
-8.795048023202412e-16
3.0253577421035516e-15
6.661338147750939e-16
1.4210854715202004e-14
7.105427357601002e-15
6.512721029139357e-08
1.1426164814309914e-07
5.991506979441397e-08
7.205937713194999e-08
4.3966089435798494e-08
2.142591881693079e-08
-1.1992169923757956e-08
-1.0411098812918018e-08
-8.88131790333091e-11
-9.992007221626409e-16
5.627442956068762e-15
-1.1102230246251565e-15
-1.1102230246251565e-16
1.7590096046404824e-15
2.7755575615628914e-17
1.1102230246251565e-15
-8.881784197001252e-16
-4.440892098500626e-16
9.625964736414971e-08
8.10189311195586e-08
8.134894935452053e-08
8.408242280211198e-08
5.066350894367133e-08
2.1869468014301674e-08
-2.622861927648046e-09
-2.2096970919704972e-09
1.4184464713906664e-10
-6.661338147750939e-16
-4.56926163572291e-15
7.91033905045424e-16
-2.220446049250313e-16
-1.1544584732625651e-15
3.7470027081099033e-16
-1.7763568394002505e-15
-8.881784197001252e-16
6.661338147750939e-16
1.1631119534172285e-07
1.0640641168180309e-07
1.06122390208796e-07
1.0551070417363918e-07
6.249753781162326e-08
2.369621654452203e-08
7.885737618451573e-10
-4.122459706934478e-09
-2.903784712682267e-10
1.2212453270876722e-15
5.906733435701028e-15
-8.444633881055097e-15
9.992007221626409e-15
-4.135580766728708e-15
-1.6930901125533637e-15
4.218847493575595e-15
5.329070518200751e-15
3.774758283725532e-15
1.3787193609005044e-07
1.148641928239158e-07
1.279970494039162e-07
1.2924332892794155e-07
7.537718005323768e-08
2.635442797327414e-08
-1.198072308028486e-09
-4.190271241100163e-09
-2.072995664015309e-10
-3.4416913763379853e-15
-2.2343238370581275e-15
-5.551115123125783e-16
1.1102230246251565e-16
-1.942890293094024e-15
-1.1102230246251565e-16
1.9984014443252818e-15
1.7763568394002505e-15
0.0
1.4667892855868558e-07
6.922329021108453e-08
1.2592840431535635e-07
1.2887768008340572e-07
7.459935957854213e-08
2.5789773872020305e-08
-2.798992149166679e-09
-1.0967697861019587e-09
-3.0002444972865305e-10
8.548717289613705e-15
4.2327252813834093e-16
3.885780586188048e-16
0.0
2.4424906541753444e-15
5.551115123125783e-16
-4.440892098500626e-16
-1.7763568394002505e-15
0.0
1.4254372615596367e-07
1.969496565834561e-08
1.1280754641518342e-07
1.1560691692835691e-07
6.693977638860815e-08
2.31066081823883e-08
-2.9765638842604858e-09
4.877680481740754e-10
-5.142282155645717e-10
-1.2212453270876722e-15
-2.1178891973505642e-13
2.7200464103316335e-15
-4.6629367034256575e-15
-2.886579864025407e-15
-7.771561172376096e-16
-1.9984014443252818e-15
-1.7763568394002505e-15
5.551115123125783e-17
1.1991974702141306e-07
9.953879498425522e-09
9.33114092660503e-08
9.554424762470148e-08
5.489095933342014e-08
1.9427702113716805e-08
-2.1515766945867654e-09
2.6546054243681283e-10
-4.4152093092719724e-10
4.6629367034256575e-15
2.0209355022782205e-13
5.551115123125783e-17
-1.6653345369377348e-16
8.881784197001252e-16
1.1102230246251565e-16
2.220446049250313e-15
-4.440892098500626e-16
6.661338147750939e-16
8.599251088980964e-08
1.6331906493860515e-08
6.752475245619394e-08
6.926137952056877e-08
3.964590788996247e-08
1.4732776776327226e-08
-1.699495655316241e-09
-3.616111854398696e-10
-2.6705804234694597e-10
-3.3306690738754696e-15
1.2151737949217534e-15
5.551115123125783e-17
-8.465450562766819e-16
-1.7763568394002505e-15
0.0
-3.9968028886505635e-15
0.0
-2.220446049250313e-16
4.265351094545622e-08
2.00506491410124e-08
3.2508126857067055e-08
3.373113344196099e-08
1.9022676767121993e-08
8.56854853736877e-09
-1.2228271728531581e-09
-3.476410270764063e-10
-1.5403600617247548e-10
3.552713678800501e-15
-1.1466522176206695e-15
-2.7755575615628914e-16
2.7755575615628914e-16
1.7763568394002505e-15
-2.220446049250313e-16
3.552713678800501e-15
-1.1102230246251565e-16
0.0
1.7718008393785567e-08
2.095228524012782e-08
1.1975933134067418e-08
1.3570341295121578e-08
7.1442016746914305e-09
4.866372194101132e-09
-1.6120287327225924e-09
-2.798235532175397e-10
9.294082170541174e-11
-8.548717289613705e-15
1.627170620466245e-15
2.7755575615628914e-17
2.220446049250313e-16
0.0
0.0
-4.440892098500626e-16
-2.7755575615628914e-17
-5.551115123125783e-16
1.3494215522769082e-08
2.830737955150653e-08
1.0386633775283372e-08
1.2941377747210936e-08
6.428901855315417e-09
4.019291566237371e-09
-2.56613041926812e-09
-1.2403975624408758e-09
2.5597646224895243e-10
2.9976021664879227e-15
9.064277106674012e-14
1.3877787807814457e-16
0.0
8.881784197001252e-16
8.881784197001252e-16
8.881784197001252e-16
-1.1102230246251565e-16
1.0130785099704553e-15
3.9388311279253685e-08
1.9677861118339024e-08
3.099403045325744e-08
3.299112449894892e-08
1.746944633396197e-08
7.373238020136342e-09
-1.975940910892149e-09
-6.362443905061355e-10
4.004518938671708e-11
-4.440892098500626e-15
-8.341070889539282e-14
8.326672684688674e-17
0.0
-3.9968028886505635e-15
8.881784197001252e-16
-6.661338147750939e-16
-2.220446049250313e-16
-4.440892098500626e-16
7.290100256795995e-08
-7.362842069369435e-08
4.005239051529941e-08
3.164965889368432e-08
1.6173714811884565e-08
7.584841199559378e-09
8.450570021523163e-09
7.1797998657530115e-09
-1.055184917220231e-08
6.439293542825908e-15
5.509481759702339e-15
-1.6653345369377348e-16
4.440892098500626e-16
4.440892098500626e-15
-1.7763568394002505e-15
3.3306690738754696e-16
1.27675647831893e-15
-5.828670879282072e-16
-1.968234641935851e-08
-1.3465921711031115e-08
-1.5693571775443615e-08
-4.2018832857593225e-10
-1.0863843158404052e-10
1.6952137471548667e-09
-1.5132446407051248e-08
-5.16119769145007e-09
-3.5570479894886375e-09
1.9984014443252818e-15
-5.15039400017514e-15
-1.6653345369377348e-16
0.0
-8.881784197001252e-16
4.996003610813204e-16
2.220446049250313e-16
3.3306690738754696e-16
4.440892098500626e-16
-6.546571285070968e-09
-1.6646566791678197e-08
-7.208323715701682e-09
7.506595345319056e-11
1.9230117498381105e-11
5.165843308674312e-10
-7.394467260724014e-09
-3.1781617337856005e-09
-3.116397806479654e-09
-9.2148511043888e-15
8.11156697366755e-15
3.885780586188048e-16
0.0
-1.7763568394002505e-15
1.1102230246251565e-16
-8.881784197001252e-16
-1.1102230246251565e-15
2.220446049250313e-16
-2.5086990262934705e-09
-1.8664223944142577e-08
-4.480972037868014e-09
5.2499254943327855e-11
-4.256150987203e-12
-5.083857779197842e-10
-4.501382377952723e-09
-2.3464536980100092e-09
-3.0522073757310864e-09
1.887379141862766e-15
-5.23192600354605e-15
-1.6653345369377348e-15
4.440892098500626e-16
-4.440892098500626e-15
-1.4432899320127035e-15
-1.4432899320127035e-15
6.661338147750939e-16
-7.105427357601002e-15
-2.717968072829535e-10
-1.76256804707009e-08
-2.2350681305738362e-09
-8.75970407321347e-11
2.2015278489107004e-11
-2.013231414910166e-09
-2.1022330543019052e-09
-1.3210197380431055e-09
-2.5701893946461496e-09
8.770761894538737e-15
-1.915134717478395e-15
-2.7755575615628914e-16
1.3322676295501878e-15
7.993605777301127e-15
6.175615574477433e-16
1.2212453270876722e-15
-1.942890293094024e-16
0.0
3.4529108461356373e-09
-1.3522281960831607e-08
1.726833787074611e-09
-1.0593570465289304e-10
1.5769607841775724e-12
8.035794252236882e-13
1.8826717962383555e-09
8.96374530157118e-10
-1.5288179611161468e-09
1.2212453270876722e-15
-6.175615574477433e-16
3.3306690738754696e-16
8.881784197001252e-16
-7.216449660063518e-16
-1.3322676295501878e-15
-3.3306690738754696e-16
-4.163336342344337e-16
-1.1102230246251565e-16
5.873644681742007e-09
-8.955048258485476e-09
4.4535202192719225e-09
-6.339195834925704e-11
-3.0515590054847053e-12
3.2777291991692437e-10
4.537071163213113e-09
2.456403080941527e-09
-5.495905952557223e-10
-1.887379141862766e-15
3.066991105526995e-14
5.88418203051333e-15
-1.3322676295501878e-15
1.887379141862766e-15
1.6653345369377348e-15
-9.547918011776346e-15
1.5543122344752192e-15
5.551115123125783e-16
4.685329457743137e-09
-5.409233949649206e-09
3.918991353657475e-09
-2.8137603358402427e-11
1.6342482922482304e-13
-5.7317817159230344e-11
3.958970040685017e-09
2.1927242244146328e-09
-1.070574739969743e-10
-2.7755575615628914e-15
2.563921297493721e-15
-3.6637359812630166e-15
-8.881784197001252e-16
-4.6629367034256575e-15
1.5543122344752192e-15
0.0
-1.4432899320127035e-15
9.992007221626409e-16
-3.071818355238065e-10
-4.39686687059293e-09
-8.103029358608183e-11
-4.7913673029142956e-11
3.432809592140984e-12
-2.1763457702661526e-10
5.81508174946066e-11
-8.775913329372997e-11
-4.020748178845679e-10
8.770761894538737e-15
7.227725362657367e-15
-1.6653345369377348e-16
7.771561172376096e-16
9.769962616701378e-15
-3.1086244689504383e-15
-2.220446049250313e-16
-3.3306690738754696e-16
-3.3306690738754696e-16
-8.152337471756255e-09
-6.368551908053632e-09
-6.776428307375681e-09
-1.0354384016864061e-10
-2.7577051753269188e-11
-6.083655801347732e-11
-6.711385225344201e-09
-3.994550468178204e-09
-1.4836913919680228e-09
-4.551914400963142e-15
1.942890293094024e-16
2.220446049250313e-16
-3.3306690738754696e-16
-1.1102230246251565e-14
2.4424906541753444e-15
1.6653345369377348e-16
-6.106226635438361e-16
2.220446049250313e-16
-1.67669842454643e-08
-9.696073277609685e-09
-1.4107666146401243e-08
-4.2605208250279247e-10
-2.814308786014408e-10
5.3217430462382254e-11
-1.363251556085743e-08
-8.174794174919953e-09
-2.8803697205148637e-09
-9.992007221626409e-16
2.463307335887066e-16
0.0
-3.1086244689504383e-15
1.7763568394002505e-15
-6.661338147750939e-16
2.7755575615628914e-16
1.6653345369377348e-15
3.885780586188048e-16
-2.7429139404233638e-08
-6.5580820773902815e-09
-2.271620580529543e-08
-5.075879272453676e-09
-3.826179373334071e-09
-4.1646397441752464e-10
-1.760989576382599e-08
-1.0577370090913973e-08
-3.793530822804314e-09
-4.884981308350689e-15
-4.631711680858075e-15
-4.996003610813204e-16
2.1094237467877974e-15
1.7763568394002505e-15
-2.220446049250313e-16
-1.3877787807814457e-16
-5.551115123125783e-16
-7.771561172376096e-16
-9.757125774001452e-08
6.439157829163378e-08
-7.724534789588233e-08
-5.926795765276438e-08
-4.452637947238713e-08
-6.006296127125665e-09
-1.7955876785435976e-08
-1.0749289458544808e-08
-3.821782001978136e-09
-5.218048215738236e-15
6.765421556309548e-16
4.163336342344337e-16
1.3711254354120683e-14
2.6645352591003757e-15
-6.661338147750939e-16
-3.3306690738754696e-16
-8.881784197001252e-16
6.591949208711867e-16
-6.556016707293111e-08
3.938747283882549e-08
-4.8835957500159566e-08
-3.382088742398537e-08
-2.508674024070956e-08
-2.65999133830519e-09
-1.5021068833220852e-08
-8.84112694166106e-09
-2.9111077992638457e-09
4.218847493575595e-15
-1.4918621893400541e-15
4.163336342344337e-17
-5.329070518200751e-15
-3.552713678800501e-15
8.881784197001252e-16
3.3306690738754696e-16
1.1102230246251565e-15
-2.220446049250313e-16
-1.8425957648560143e-08
-1.494460377671203e-08
-1.5196752300994376e-08
3.3239677676988326e-09
2.469433102447738e-09
-1.0700549335496135e-09
-1.8523831357697418e-08
-1.0478231615707045e-08
-2.650764940881345e-09
1.7763568394002505e-15
3.4416913763379853e-15
-1.3877787807814457e-16
-1.1102230246251565e-15
-8.881784197001252e-16
2.220446049250313e-16
0.0
0.0
4.440892098500626e-16
-1.795141173488446e-07
5.394440449890681e-10
-1.4952370008813887e-07
-1.7658063899972376e-09
-1.3334093829087124e-09
-8.23606627342599e-10
-1.4780571078176763e-07
-8.296602516111307e-08
-1.905286239889392e-08
6.106226635438361e-15
-5.43315392675936e-15
-5.551115123125783e-17
2.220446049250313e-16
2.6645352591003757e-15
0.0
-2.220446049250313e-16
2.220446049250313e-16
1.7763568394002505e-15
-1.2476109034764704e-09
1.5289742805180138e-09
-5.107541056759146e-10
-5.685003579003478e-10
-4.777946926992627e-10
-3.7374714434434964e-11
5.804778879792139e-11
2.6975754963132204e-11
-1.1795009413617663e-11
-7.327471962526033e-15
-1.304512053934559e-15
5.551115123125783e-17
4.440892098500626e-16
0.0
0.0
5.204170427930421e-17
-2.4702462297909733e-15
-3.3306690738754696e-16
2.7835511673401925e-10
9.109726306633092e-10
2.2237500729715978e-10
-4.795461805429113e-10
-2.64527066917708e-10
-4.203970505045618e-12
7.019433923005636e-10
2.8751667713322604e-10
-3.2726266141480664e-11
-7.327471962526033e-15
4.063416270128073e-14
-1.7785772854495008e-13
4.0190073491430667e-14
-1.199040866595169e-14
1.9012569296705806e-14
-3.708144902248023e-14
1.0436096431476471e-14
4.107825191113079e-15
4.433174538576168e-08
-4.6516220209014136e-08
3.7767982519198995e-08
-1.7854340228495857e-10
-1.7345236358323746e-11
1.1884442319143318e-09
3.7944328568073615e-08
2.082007100057126e-08
-9.47303124831933e-10
1.021405182655144e-14
1.0227929614359255e-14
7.16093850883226e-15
-1.5543122344752192e-15
1.7763568394002505e-15
-1.1796119636642288e-16
-1.887379141862766e-15
-1.1102230246251565e-15
0.0
-4.687137007408637e-07
1.824446371756494e-08
-3.9605280210963656e-07
-1.6986412276764895e-10
-5.071498776487715e-11
8.063038570149671e-10
-3.95876991632349e-07
-2.2312449843298054e-07
-5.1036693093919894e-08
-8.881784197001252e-15
-4.068967385251199e-14
2.082223282684481e-13
4.440892098500626e-16
-4.3520742565306136e-14
-4.551914400963142e-15
-1.3988810110276972e-14
6.439293542825908e-15
-7.993605777301127e-15
8.584116102383632e-07
-8.715531407688104e-07
7.470097074246951e-07
-6.356001974738845e-10
-5.399964919661215e-10
7.307854321680907e-11
7.475759125075143e-07
4.166089766499681e-07
-1.4315249208252112e-08
4.551914400963142e-15
3.4416913763379853e-15
-1.6653345369377348e-16
-4.440892098500626e-16
6.661338147750939e-16
1.1102230246251565e-16
1.459943277382081e-14
-4.440892098500626e-16
1.7763568394002505e-15
5.716659430277105e-07
2.5939414172171382e-08
4.733912071230862e-07
-6.253180195869845e-10
-3.2312241771137446e-10
-1.194901344536703e-09
4.740060204344587e-07
2.6614953974046784e-07
7.375936661446758e-08
2.9976021664879227e-15
-2.7304547511874944e-15
0.0
6.661338147750939e-16
7.771561172376096e-16
-2.220446049250313e-16
-3.885780586188048e-15
1.5543122344752192e-15
-7.771561172376096e-16
1.315504079002494e-07
2.554656930442434e-09
1.0722402521423646e-07
-2.511976404662164e-09
-1.3944581045421955e-09
3.3880293015542406e-10
1.0979189912774247e-07
6.141168462647784e-08
1.725366871596634e-08
-3.1086244689504383e-15
1.7763568394002505e-15
0.0
4.440892098500626e-16
-4.440892098500626e-16
-3.3306690738754696e-16
1.1102230246251565e-16
-1.7763568394002505e-15
0.0
4.2829455537685135e-08
3.5134917197865434e-10
3.3662145071389205e-08
-2.7306557015549515e-09
-1.28701915791396e-09
-1.150397221927335e-09
3.645753832159926e-08
2.0189389715596917e-08
6.103221039666096e-09
2.3314683517128287e-15
-2.3314683517128287e-15
1.1102230246251565e-16
-8.881784197001252e-16
-4.440892098500626e-16
6.106226635438361e-16
0.0
1.5543122344752192e-15
8.881784197001252e-16
7.99166457454703e-07
-8.000621960491117e-07
6.874195932482507e-07
8.162339426576182e-08
4.4063772630664744e-08
-7.50732276344479e-09
6.054948542555394e-07
3.587700021512319e-07
1.3679863020144012e-08
-2.7755575615628914e-15
3.760880495917718e-15
-5.551115123125783e-17
1.7763568394002505e-15
8.881784197001252e-16
-2.220446049250313e-16
2.220446049250313e-16
0.0
-4.440892098500626e-16
1.081383152801152e-06
8.941682949625829e-08
9.030490453199036e-07
-2.231159257348736e-08
-8.877202972712439e-09
4.799575847869163e-09
9.253697434985497e-07
5.173800268210016e-07
1.649531782277336e-07
-7.105427357601002e-15
-2.480654570646834e-15
0.0
2.220446049250313e-16
-7.216449660063518e-16
2.220446049250313e-16
2.220446049250313e-16
-8.881784197001252e-16
8.881784197001252e-16
1.3804049459054113e-07
-5.642056066790246e-08
1.0830981178600042e-07
1.8925428335592187e-08
1.772486690754249e-08
1.0736737721117606e-08
8.949293572868555e-08
4.979243328762095e-08
1.6655995693781733e-08
6.661338147750939e-15
7.771561172376096e-16
2.7755575615628914e-17
-6.661338147750939e-16
6.661338147750939e-16
1.1102230246251565e-16
8.881784197001252e-16
-4.440892098500626e-16
0.0
-2.9719345207013248e-08
1.543332928122254e-08
-4.2804899180737266e-08
2.3838779839024937e-09
1.4992558305948478e-09
1.6311432204929588e-09
-4.523213448237584e-08
-2.2061684035179496e-08
-7.972708715442423e-09
2.3314683517128287e-15
-3.1363800445660672e-15
-5.551115123125783e-17
-2.220446049250313e-16
-7.771561172376096e-16
-1.3877787807814457e-17
4.440892098500626e-16
1.7763568394002505e-15
1.7763568394002505e-15
8.796351202988717e-08
-9.721432547848963e-09
5.045961160021761e-08
1.3967426326644272e-08
7.652857902940013e-09
1.862574094957381e-09
3.642829504713063e-08
3.454425012705542e-08
1.16964464780267e-08
4.440892098500626e-15
3.816391647148976e-15
-1.3877787807814457e-17
2.220446049250313e-16
5.551115123125783e-16
-2.7755575615628914e-17
-8.881784197001252e-16
-5.329070518200751e-15
5.551115123125783e-16
5.473344799611368e-08
1.5605820635755663e-08
4.779249707098643e-08
4.7332390451515494e-08
2.7087168064099387e-08
6.272834696119389e-09
5.255396118286626e-10
-8.858513922405109e-10
-5.989364559866317e-11
-4.6629367034256575e-15
-2.4320823133194835e-15
-2.7755575615628914e-17
-8.881784197001252e-16
4.996003610813204e-16
-5.551115123125783e-17
-1.7763568394002505e-15
0.0
-2.220446049250313e-15
9.333733430594293e-08
1.791931936168112e-09
8.094867109953441e-08
8.178568178252021e-08
4.631328920368105e-08
9.17151510293479e-09
-1.0468661076901142e-09
-3.661035918867128e-10
-1.219581102773759e-10
-1.3322676295501878e-15
5.898059818321144e-16
6.938893903907228e-18
-7.771561172376096e-16
-9.992007221626409e-16
5.551115123125783e-17
3.552713678800501e-15
1.7763568394002505e-15
4.440892098500626e-16
1.0275095263523326e-07
-8.414666297085205e-09
8.659333516902734e-08
8.762892567126812e-08
4.890803495527507e-08
8.00014277047012e-09
-1.1600596039329503e-09
-3.590407970932574e-10
-4.766942396372542e-11
3.6637359812630166e-15
-4.9404924595819466e-15
0.0
0.0
2.498001805406602e-16
0.0
-1.1102230246251565e-15
3.552713678800501e-15
-5.551115123125783e-17
8.706469856178956e-08
-1.1389992948807048e-08
7.169071203350086e-08
7.223051223803623e-08
3.9544431729154894e-08
4.525077201833483e-09
-5.863899366076453e-10
-8.185843114461022e-10
-7.469291851691651e-11
6.439293542825908e-15
1.762479051592436e-15
0.0
5.551115123125783e-17
1.1102230246251565e-16
-2.7755575615628914e-17
2.220446049250313e-16
1.5543122344752192e-15
6.661338147750939e-16
4.5126796521799406e-08
-1.4928168923233898e-08
3.747076771087876e-08
3.8776560781772496e-08
2.016855660258443e-08
-5.856151119587594e-10
-1.1986835413146935e-09
-1.1408536337853548e-09
-1.5057310953636716e-10
-3.9968028886505635e-15
2.8449465006019636e-15
-2.7755575615628914e-17
2.7755575615628914e-17
-1.1102230246251565e-16
-1.3877787807814457e-16
8.881784197001252e-16
-4.773959005888173e-15
-2.220446049250313e-16
5.017774640236894e-09
-7.345255070845269e-09
3.749209054326741e-09
4.0931511513520036e-09
2.403481857982115e-10
-5.6945452797663165e-09
-1.799176363448396e-10
-2.376442598261974e-09
-2.671707299839454e-10
1.2212453270876722e-15
2.7200464103316335e-15
5.551115123125783e-17
-1.4710455076283324e-14
3.3306690738754696e-16
9.71445146547012e-17
-1.6653345369377348e-15
3.552713678800501e-15
-4.440892098500626e-16
-3.352543131995844e-08
-4.7006345482714096e-09
-2.8366600623996874e-08
-2.8239561800091902e-08
-1.8177178873202138e-08
-1.045073361183313e-08
2.538236287819018e-11
-2.9699416259632017e-09
-2.9223212738571647e-10
2.220446049250313e-16
-3.316791286067655e-15
0.0
1.5716594692349872e-14
7.771561172376096e-16
-7.806255641895632e-17
-2.220446049250313e-16
7.105427357601002e-15
-1.3322676295501878e-15
-6.920017980860393e-08
-1.1169223768092706e-08
-5.877717579316765e-08
-5.802165770063539e-08
-3.489381228405364e-08
-1.4548334092978621e-08
-6.023137544275414e-10
-1.7903802884688957e-09
-1.676349059565041e-10
1.6542323066914832e-14
-2.491062911502695e-15
5.551115123125783e-17
-7.62237495344209e-15
-1.4099832412739488e-14
3.858025010572419e-15
2.886579864025407e-15
-2.353672812205332e-14
-3.774758283725532e-15
-8.718238220239982e-08
-1.6604573715994775e-08
-7.658580192249076e-08
-7.613640917725206e-08
-4.493348626510851e-08
-1.682643357980851e-08
-3.577547147415317e-10
1.6039158889924465e-10
8.914791127523358e-11
-1.0880185641326534e-14
4.9682480351975755e-15
1.1102230246251565e-16
1.734723475976807e-18
-1.1657341758564144e-15
1.1102230246251565e-16
-4.107825191113079e-15
-7.105427357601002e-15
2.4424906541753444e-15
-8.696480691128272e-08
-2.3113472025215742e-08
-8.10412839058472e-08
-8.130793816008008e-08
-4.7609734821207894e-08
-1.7160658671855344e-08
3.999698350298786e-10
2.7550727255132297e-09
3.6638847511483164e-10
-2.55351295663786e-15
-2.6367796834847468e-15
-2.220446049250313e-16
-5.551115123125783e-17
7.494005416219807e-16
-1.3877787807814457e-16
5.6066262743570405e-15
2.220446049250313e-15
6.661338147750939e-16
-8.106653126560559e-08
-3.450950103456307e-08
-8.208925894592767e-08
-8.209694346561491e-08
-4.770168260392893e-08
-1.65739351132288e-08
9.216449825544261e-11
5.4322435924514245e-09
3.140488979980205e-10
-7.438494264988549e-15
2.220446049250313e-16
1.6653345369377348e-16
-5.412337245047638e-16
-3.7513395167998453e-16
1.1102230246251565e-16
6.38378239159465e-16
2.6645352591003757e-15
4.440892098500626e-16
-8.387931682563021e-08
-3.5954602850551964e-08
-8.926198269421093e-08
-8.592646327798548e-08
-4.952050858264556e-08
-1.5989513713066117e-08
-3.221453326318624e-09
4.01180857978467e-09
-4.791196328568503e-10
-4.551914400963142e-15
-3.576999807464176e-15
-2.7755575615628914e-16
0.0
7.424616477180734e-16
1.1102230246251565e-16
-2.498001805406602e-16
-3.552713678800501e-15
-8.881784197001252e-16
-1.1174439881744824e-07
-1.6444843708995904e-08
-1.1142362943417082e-07
-1.0136363481905164e-07
-5.773225275618188e-08
-1.626081314043404e-08
-9.857223481901656e-09
-2.9446991511861142e-09
-1.6914517009247731e-09
2.220446049250313e-15
3.932618120039422e-15
-1.1102230246251565e-16
-5.551115123125783e-17
-1.906461100098511e-15
6.457334666976067e-14
-2.220446049250313e-15
-2.6645352591003757e-15
-4.440892098500626e-16
-1.5262425279161107e-07
4.5864418041219324e-08
-1.3379187535633719e-07
-1.1709200364862225e-07
-6.579880817980666e-08
-1.5247380247274123e-08
-1.6428960192271802e-08
-1.3824310141075104e-08
-2.4356146266502066e-09
2.4091839634365897e-14
-1.0417014473240727e-15
2.498001805406602e-16
-5.551115123125783e-16
7.494005416219807e-16
-1.5092441185693417e-13
8.881784197001252e-16
8.881784197001252e-16
6.661338147750939e-16
-1.2938542681695253e-07
9.929374300554628e-08
-1.0389686533329721e-07
-8.931340644835473e-08
-4.906847905772338e-08
-7.485709829779807e-09
-1.4470347586836853e-08
-1.574592634057126e-08
-1.5265153897880968e-09
-2.5091040356528538e-14
5.5268289944621074e-15
-3.712308238590367e-16
0.0
1.3322676295501878e-15
1.0894063429134349e-15
4.440892098500626e-16
3.552713678800501e-15
-2.220446049250313e-16
-4.889636073812653e-08
5.231157373941642e-08
-4.4684330013922136e-08
-3.6216453835891116e-08
-1.8487494202190646e-08
2.4354918082281074e-09
-8.553823427348561e-09
-6.910971350748696e-09
-3.5435809841999344e-10
8.992806499463768e-15
-4.628242233906121e-15
8.326672684688674e-16
0.0
-4.440892098500626e-16
9.906420302130403e-14
0.0
-1.7763568394002505e-15
-1.1102230246251565e-16
5.425313531759457e-09
2.277364075098376e-09
-4.342143089530737e-09
4.712799039907623e-10
2.110041918967909e-09
7.629395781805215e-09
-4.8592880830256036e-09
-1.8848966831797043e-09
3.061580433616484e-10
8.881784197001252e-15
-1.3877787807814457e-17
-6.106226635438361e-16
0.0
-2.220446049250313e-16
1.4481471577454386e-14
2.220446049250313e-16
-4.440892098500626e-16
-5.551115123125783e-17
3.284670668790568e-08
2.0077202123047755e-08
2.8461398127177517e-08
3.2692443419080064e-08
2.016882305611034e-08
1.2335945598351827e-08
-4.109313112010682e-09
-2.6525173169034133e-09
5.544699144266474e-10
-1.0436096431476471e-14
-1.582067810090848e-15
3.608224830031759e-16
-4.579669976578771e-16
-4.440892098500626e-16
-6.977751709769109e-14
-2.220446049250313e-15
8.881784197001252e-16
-4.440892098500626e-16
1.200148602720219e-08
7.490937647958162e-09
7.731767226459851e-09
1.0495804669830022e-08
6.769788285510003e-09
8.33604474337335e-09
-2.6299881716873585e-09
-1.1634631036372411e-09
-1.2211676114759484e-11
-5.88418203051333e-15
5.349887199912473e-15
-1.1102230246251565e-16
-1.1102230246251565e-16
-1.1102230246251565e-15
-6.661338147750939e-16
0.0
1.1102230246251565e-15
0.0
2.4999195602504187e-08
4.230329331278426e-08
1.7267021590328113e-08
2.965347789540829e-08
1.728553056246085e-08
1.152587714159381e-08
-1.2318887243623067e-08
-6.578248168409573e-09
-1.7089685222515527e-10
1.5210055437364645e-14
-2.4077961846558082e-15
-3.3306690738754696e-16
-5.551115123125783e-17
-4.440892098500626e-16
5.284661597215745e-14
2.3314683517128287e-15
-1.5126788710517758e-15
-3.3306690738754696e-16
-3.5863493508259126e-08
1.9185794108977916e-07
9.628902120084604e-10
8.54624411239513e-08
4.864799141302001e-08
2.049193170705621e-08
-8.470572343544092e-08
-4.9187946160600404e-08
1.458704490531204e-09
-2.7200464103316335e-14
-2.2967738821932926e-15
4.440892098500626e-16
1.1102230246251565e-16
2.220446049250313e-15
4.440892098500626e-16
-2.220446049250313e-16
-8.326672684688674e-16
1.1102230246251565e-16
1.3484674354913295e-07
-7.871717855323368e-08
9.854428029143492e-08
8.105638649169579e-08
4.537134046245228e-08
1.8708426807734213e-08
1.745566757804795e-08
1.425817974798349e-08
-1.4399262893149967e-09
1.687538997430238e-14
4.767020111984266e-15
-8.326672684688674e-17
-3.3306690738754696e-16
-3.1086244689504383e-15
0.0
-4.440892098500626e-16
-3.9621084191310274e-15
-2.220446049250313e-16
-1.507592628513521e-08
1.4707653051004854e-07
-1.0443521603065165e-09
5.399257574367766e-08
3.0125008265713404e-08
1.1508056729780945e-08
-5.4831883422590266e-08
-3.3214076378129676e-08
2.189059100654589e-09
-8.43769498715119e-15
-3.2751579226442118e-15
2.7755575615628914e-16
2.220446049250313e-16
8.881784197001252e-16
1.554312234475219e-14
2.220446049250313e-16
3.3861802251067274e-15
2.220446049250313e-16
-1.048407739290269e-06
8.991598861030069e-07
-6.615822698563534e-07
3.3190175940944755e-08
2.127003639884606e-08
3.0928930527807097e-09
-6.951728099835465e-07
-3.7212094872174356e-07
3.51947095356131e-08
1.3322676295501878e-15
-2.636779683484747e-16
-1.3877787807814457e-16
2.220446049250313e-16
-3.9968028886505635e-15
-1.509903313490213e-14
0.0
1.3322676295501878e-15
1.1102230246251565e-16
-7.523558060995583e-07
4.131898379000631e-07
-5.543603140978348e-07
-2.3187451958506244e-08
-1.0493849345039052e-08
-6.018954223918627e-09
-5.309972106459782e-07
-2.7623896237116696e-07
-2.383998776167573e-08
2.3314683517128287e-15
-3.677613769070831e-15
1.3877787807814457e-16
4.440892098500626e-16
2.6645352591003757e-15
3.552713678800501e-15
4.440892098500626e-16
-2.220446049250313e-16
0.0
2.692890177513618e-07
1.4981378626544029e-07
2.541459185323447e-07
-3.928199987512926e-10
-6.402700591934263e-11
2.377360530658734e-09
2.5424850669253374e-07
1.4619953958572296e-07
4.6429320832430676e-08
-1.1879386363489175e-14
4.836409051023338e-15
-2.7755575615628914e-17
0.0
8.881784197001252e-16
3.3306690738754696e-15
-1.9984014443252818e-15
-6.106226635438361e-16
2.220446049250313e-16
2.306721569311776e-08
3.095465217484161e-08
2.358520934109265e-08
5.395772717520231e-11
5.5009330424127256e-11
4.551736765279202e-10
2.3287297423735254e-08
1.2600740006973865e-08
5.079797915641393e-09
2.886579864025407e-14
-1.745131816832668e-15
-3.608224830031759e-16
0.0
0.0
3.316791286067655e-15
1.1102230246251565e-15
1.5543122344752192e-15
-4.440892098500626e-16
6.784830475226045e-10
1.9203312717763765e-08
2.9919835498048997e-09
-2.7439384098215672e-11
6.542322239511122e-11
-1.2162852947028568e-09
3.2299460883677966e-09
1.6638139754832082e-09
2.2364616825143457e-09
-1.4765966227514582e-14
8.821068875342064e-16
4.718447854656915e-16
0.0
3.552713678800501e-15
2.7755575615628914e-16
-1.1102230246251565e-16
-8.326672684688674e-16
2.220446049250313e-16
1.03219832681134e-08
1.1777373742916097e-08
1.0176840703479684e-08
-3.1104008257898386e-12
-6.27271568021115e-11
-5.006821623965152e-10
9.986028004504988e-09
5.82210191168997e-09
2.5512605361655005e-09
-1.2212453270876722e-15
4.002007059078494e-15
-5.551115123125783e-17
8.881784197001252e-16
-3.3306690738754696e-15
-1.8318679906315083e-15
8.881784197001252e-16
-7.771561172376096e-16
0.0
7.1010539670623984e-09
3.62931018571544e-09
6.564519594576268e-09
-6.580513911558228e-12
-3.550248983685833e-11
2.9318181216098083e-10
6.6965952782993554e-09
3.856399644064368e-09
1.255813231182401e-09
-1.2656542480726785e-14
-2.282896094385478e-15
-3.4916514124461173e-14
2.220446049250313e-16
5.88418203051333e-15
5.551115123125783e-16
1.1102230246251565e-15
-3.9968028886505635e-15
1.1102230246251565e-16
4.0322678529491895e-09
-8.78799255588092e-10
3.3216736028407463e-09
1.4701662109928293e-10
1.389564019405043e-10
3.1091573760022584e-11
3.288619154773187e-09
1.8214052488474408e-09
4.11475298278674e-10
1.1102230246251565e-15
-1.8318679906315083e-15
1.3128387266192476e-14
-1.3322676295501878e-15
3.70536934468646e-15
-1.7763568394002505e-15
-1.1102230246251565e-16
4.440892098500626e-16
5.551115123125783e-17
2.7426150239762137e-09
-2.383501396252541e-09
1.8869812379307405e-09
3.328302078386969e-10
2.2292992452044302e-10
-2.5497204347857405e-10
1.6027854599087734e-09
8.538236784261244e-10
8.498091119690798e-11
3.219646771412954e-15
-2.0539125955565396e-15
1.5265566588595902e-16
-1.2212453270876722e-15
-1.532107773982716e-14
3.552713678800501e-15
-2.220446049250313e-16
1.3322676295501878e-15
4.440892098500626e-16
-5.407486014519236e-09
-4.1251269067288376e-10
-4.907349193672417e-09
4.0097170028730034e-10
8.762679470919466e-11
-2.256281828039164e-10
-5.336136865707886e-09
-3.1005029654807004e-09
-7.659792800041032e-10
-1.2101430968414206e-14
-6.800116025829084e-16
-1.8735013540549517e-16
3.774758283725532e-15
8.881784197001252e-15
-8.881784197001252e-16
1.1102230246251565e-16
2.220446049250313e-16
8.881784197001252e-16
-2.6064306268835935e-10
1.2549890016089194e-09
-2.5067414810564514e-10
3.4867753129219636e-10
-4.348521542851813e-12
-8.285816477382468e-12
-6.217781844952697e-10
-3.2165914376491855e-10
6.560973986324825e-12
8.326672684688674e-15
1.457167719820518e-15
-1.6375789613221059e-15
0.0
-3.1086244689504383e-15
4.440892098500626e-16
3.58046925441613e-15
2.220446049250313e-15
-4.440892098500626e-16
5.482609921614312e-10
-1.6109424905152991e-10
1.1281571232757415e-09
9.000693523830705e-10
6.72205402452164e-10
2.619544581250466e-10
1.8868462348109463e-10
1.0326317578801536e-10
-1.1144862810397171e-11
2.7755575615628914e-15
1.4641066137244252e-15
-1.6653345369377348e-16
-3.552713678800501e-15
3.552713678800501e-15
0.0
-7.771561172376096e-16
1.5543122344752192e-15
8.881784197001252e-16
-3.08082519495656e-08
-2.108524199684325e-08
-2.676341992469133e-08
5.099192179613965e-09
4.247784346489425e-09
7.208380559120542e-10
-3.201164844313098e-08
-1.8321376415997292e-08
-5.862347052243422e-09
0.0
8.81239525796218e-16
2.7755575615628914e-16
1.9984014443252818e-15
0.0
-1.3322676295501878e-15
-1.1796119636642288e-16
1.27675647831893e-15
-5.551115123125783e-16
-2.9319942029815138e-08
-7.57378870730463e-09
-2.530289577862277e-08
-6.0974727489337965e-09
-4.411250920099974e-09
-5.95523630408934e-10
-1.9203366008468947e-08
-1.1128642896096608e-08
-4.412811449583387e-09
-2.7755575615628914e-15
-1.3565537582138631e-15
-6.661338147750939e-16
-9.992007221626409e-16
0.0
8.881784197001252e-16
4.996003610813204e-16
-7.216449660063518e-16
4.440892098500626e-16
1.934759552568721e-08
-4.8509949834851795e-08
1.205249233748873e-08
2.3413357475021712e-08
1.680682526483679e-08
9.787568533425883e-10
-1.1354389428674949e-08
-6.7012688731438175e-09
-3.783185320571647e-09
-5.773159728050814e-15
4.198030811863873e-15
7.147060721024445e-16
2.220446049250313e-16
2.6645352591003757e-15
-4.440892098500626e-16
0.0
-2.7200464103316335e-15
-2.220446049250313e-16
2.446756752760848e-08
-4.024474264952005e-08
1.650678882469947e-08
1.4588152907890617e-08
9.81233938546211e-09
-3.6987013452005613e-10
1.8923298483741746e-09
7.548717206873334e-10
-2.386137509802211e-09
5.995204332975845e-15
-2.067790383364354e-15
-2.7755575615628914e-17
1.1102230246251565e-15
-4.440892098500626e-15
0.0
-2.220446049250313e-16
1.1102230246251565e-15
4.440892098500626e-16
-1.578717601091739e-09
-2.6648763196135405e-09
2.10738737571603e-09
-1.6770776989361025e-08
-1.0584585985462525e-08
6.695785592647496e-10
1.8753372188484718e-08
1.03023758413201e-08
-7.137614943530934e-10
-5.551115123125783e-15
1.3877787807814457e-15
-1.3877787807814457e-16
-1.3322676295501878e-15
0.0
2.220446049250313e-16
0.0
3.3306690738754696e-16
5.551115123125783e-17
2.907463425572132e-08
-3.147298599515125e-08
2.5720952701036026e-08
-2.6009772113866347e-10
-1.4951950788599788e-10
-5.018288284919237e-10
2.6003304398614088e-08
1.4483756416439064e-08
-5.98532778894878e-10
8.43769498715119e-15
1.817990202823694e-15
-1.942890293094024e-16
-1.5543122344752192e-15
3.552713678800501e-15
-6.106226635438361e-16
0.0
1.4432899320127035e-15
-3.885780586188048e-16
6.616266290393469e-08
-4.120612118185818e-08
5.751854104119048e-08
-8.392131434220573e-11
1.0881961998165934e-11
1.112644643086469e-09
5.75865346519322e-08
3.242768897848691e-08
3.022506689376314e-09
2.220446049250313e-16
-6.147859998861804e-15
1.2545520178264269e-14
-6.8833827526759706e-15
-1.3322676295501878e-15
-2.498001805406602e-16
6.661338147750939e-16
-1.0325074129013956e-14
1.4335754805472334e-14
1.2913125146951643e-07
-6.093726767630869e-08
1.1245708320117842e-07
2.0415180657096244e-10
8.028244735669432e-11
1.0665987537628041e-09
1.1216107687062049e-07
6.359852022796986e-08
9.27239796055801e-09
7.771561172376096e-16
3.99333344169861e-15
1.1102230246251565e-16
1.9984014443252818e-15
-6.661338147750939e-16
2.7755575615628914e-16
6.106226635438361e-16
3.1086244689504383e-15
-1.7763568394002505e-15
3.342288863450449e-07
-1.5661268548683438e-07
2.9506924903444087e-07
3.0963676067585766e-10
1.411759598113349e-10
3.927778102763568e-10
2.946220849509018e-07
1.6961063664666653e-07
2.996864623128204e-08
2.220446049250313e-15
-4.829470157119431e-15
0.0
2.4980018054066022e-15
1.6757428777935957e-15
2.7755575615628914e-16
4.440892098500626e-16
2.3314683517128287e-15
0.0
3.1040388037695266e-06
-3.2013453505896905e-06
2.8209612814578122e-06
-3.7739367186873096e-10
-2.8817304098538443e-10
-1.2906672397505758e-09
2.8216635463707007e-06
1.6024152706961559e-06
-1.1136584987525564e-09
-3.885780586188048e-15
2.9698465908722937e-15
-3.885780586188048e-16
-1.609823385706477e-15
-1.4432899320127035e-15
-6.661338147750939e-16
-5.551115123125783e-17
-4.440892098500626e-16
-4.440892098500626e-16
9.309497457365979e-07
9.717479088067194e-08
7.661043319728833e-07
-1.01229469251507e-10
-9.134826228773818e-11
4.373132966861704e-10
7.660309179202685e-07
4.2767550301192614e-07
1.3523843733764807e-07
1.3322676295501878e-15
2.7755575615628914e-16
2.7755575615628914e-16
-6.661338147750939e-16
8.049116928532385e-16
2.220446049250313e-16
0.0
8.881784197001252e-16
-2.220446049250313e-16
2.745058225173125e-07
-8.112334626275697e-08
2.3947340110908044e-07
-9.562735492352203e-09
-6.068857416607898e-09
-3.298712636379264e-09
2.4922053309950343e-07
1.4248834645513853e-07
3.0839103715152305e-08
-8.215650382226158e-15
1.1379786002407855e-15
5.551115123125783e-17
2.220446049250313e-16
-1.1102230246251565e-15
1.1102230246251565e-16
-1.1102230246251565e-16
-2.220446049250313e-15
0.0
1.1406744278019687e-06
-1.0670669894352613e-06
6.968728136769187e-07
5.457200669134465e-07
2.885444794209491e-07
-4.910336048880027e-08
1.5180182799667818e-07
8.8721066049402e-08
1.8175200011683046e-08
-1.5987211554602254e-14
7.216449660063518e-16
-1.1102230246251565e-16
-8.881784197001252e-16
3.3306690738754696e-16
4.718447854656915e-16
-2.220446049250313e-16
1.7763568394002505e-15
-8.881784197001252e-16
1.9132548345623945e-07
-6.422942533390597e-08
1.7361723436692955e-07
8.055741140822192e-08
4.652277674210836e-08
8.82308537342169e-09
9.352193686140708e-08
5.8601500541044516e-08
1.0170140285481466e-08
2.9753977059954195e-14
6.09512440519211e-14
-3.247402347028583e-14
1.2678746941219288e-13
1.099120794378905e-14
1.4138690218601369e-13
3.8125058665627876e-13
-7.682743330406083e-14
4.1744385725905886e-14
1.6023004434373433e-07
-6.814272524025e-08
1.5911248318900564e-07
1.1038672198537824e-08
6.01583671766548e-09
6.718163803043353e-09
1.4793231528642536e-07
9.598464600912848e-08
2.396053133679743e-08
-2.6423307986078726e-14
2.5249247137537623e-13
5.551115123125783e-17
3.241851231905457e-14
-6.5503158452884236e-15
-3.2612801348363973e-16
4.440892098500626e-16
-8.881784197001252e-16
2.9753977059954195e-14
-5.352333687369537e-09
3.642861656771857e-08
2.3763764289697065e-09
1.9178525434426774e-09
1.13790576961037e-09
4.4062673509870365e-09
1.3819700939166069e-10
-3.516547053550312e-10
-4.445394052865482e-11
6.439293542825908e-15
6.529499163576702e-15
2.7755575615628914e-17
3.574918139293004e-14
7.771561172376096e-16
4.440892098500626e-16
0.0
8.881784197001252e-16
8.881784197001252e-16
2.076747307455662e-08
2.403427856734197e-08
1.9240183668500777e-08
1.7244100369850912e-08
1.0066477429404586e-08
4.758717864206119e-09
1.8748753660702278e-09
3.7612490899618933e-10
-1.2410295013864925e-11
5.551115123125783e-16
1.0044048925905713e-15
0.0
-6.017408793468348e-14
-1.1102230246251565e-15
4.440892098500626e-16
1.3322676295501878e-15
-8.881784197001252e-15
-2.6645352591003757e-15
2.24672049853325e-08
-4.2177816794719547e-10
2.2414331724007752e-08
2.4146697086280255e-08
1.3364303441676384e-08
3.581845930966665e-09
-1.8500607712468307e-09
-7.866208465850955e-11
-2.477918981114158e-10
-7.105427357601002e-15
-1.1987633108390128e-13
8.151812558310212e-14
-1.318944953254686e-13
-2.3092638912203256e-14
-4.8405723873656825e-14
-2.0472512574087887e-13
-8.348877145181177e-14
8.881784197001252e-15
2.676047472505161e-08
-5.884501774744422e-09
1.9824144104063635e-08
1.9772604886725276e-08
9.799123290576972e-09
8.275122809209279e-10
3.8259306833765555e-10
-1.111622793814604e-09
-2.975233392987775e-10
-2.9976021664879227e-15
5.3262949606391885e-14
-2.4424906541753444e-15
7.716050021144838e-15
1.2961853812498703e-14
2.6423307986078726e-14
-2.6645352591003757e-15
-7.105427357601002e-15
-3.608224830031759e-16
3.2446365594296367e-09
-2.3551763206342002e-08
-2.043414326635684e-09
-1.0197620525786988e-09
-2.5294859540281323e-09
-3.5309426493768115e-09
-1.0107759074173828e-09
-1.0394520799650309e-09
-1.636550894801303e-10
2.2315482794965646e-14
-6.591949208711867e-16
-5.551115123125783e-17
4.718447854656915e-16
-2.220446049250313e-16
4.440892098500626e-16
3.552713678800501e-15
4.440892098500626e-15
-8.881784197001252e-16
-3.352518263000093e-08
-2.684728173107942e-08
-3.272761306405414e-08
-3.0648642956876415e-08
-1.9137139872782427e-08
-7.296655724076118e-09
-1.8084751474134464e-09
-5.250138102042001e-10
-2.2819302003540543e-11
-1.887379141862766e-15
3.9898639947466563e-16
5.551115123125783e-17
-6.730727086790012e-16
-1.3322676295501878e-15
2.220446049250313e-16
-4.440892098500626e-16
-5.9396931817445875e-15
-8.881784197001252e-16
-6.63361277020158e-08
-9.608289275320203e-09
-5.8839943584132464e-08
-5.763995503116348e-08
-3.364956668860941e-08
-9.343793294647185e-09
-1.2157448381344693e-09
-1.1168346247814043e-09
-5.517797330156782e-11
-5.551115123125783e-15
4.515485207967629e-15
5.551115123125783e-17
0.0
1.7763568394002505e-15
0.0
-2.4424906541753444e-15
4.440892098500626e-16
1.9984014443252818e-15
-9.243757403964992e-08
1.082771206029065e-08
-7.674737112495222e-08
-7.53862927638238e-08
-4.3135742089361884e-08
-1.0079077128466452e-08
-1.3734837156498259e-09
-2.1950251616331684e-09
-2.1848800546564462e-10
-1.9984014443252818e-15
-1.1986939218999737e-15
-1.6653345369377348e-16
6.505213034913027e-16
-1.5543122344752192e-15
0.0
-3.3306690738754696e-16
-1.3322676295501878e-15
-4.440892098500626e-16
-1.1374908837069599e-07
2.473537819014382e-08
-9.155198910093533e-08
-8.91392879509567e-08
-5.062625518803542e-08
-1.0895803370658541e-08
-2.425792899884982e-09
-2.9915865340512937e-09
-3.4299918461044854e-10
1.4654943925052066e-14
1.5612511283791264e-15
-5.551115123125783e-17
-1.3877787807814457e-17
1.1102230246251565e-15
-2.220446049250313e-16
1.3322676295501878e-15
2.220446049250313e-15
0.0
-1.303807337649232e-07
3.454768204846914e-08
-1.0392778726497909e-07
-1.0024748675618866e-07
-5.672175973359117e-08
-1.1781381203945784e-08
-3.64725849522074e-09
-3.485479904696831e-09
-4.453220570077576e-10
-1.7985612998927536e-14
-2.3696322681843185e-15
2.220446049250313e-16
-2.220446049250313e-16
-8.881784197001252e-16
-4.440892098500626e-16
5.551115123125783e-17
7.993605777301127e-15
0.0
-1.4319564556330988e-07
4.649369245157686e-08
-1.1398853771993345e-07
-1.0938768468804483e-07
-6.17186479701104e-08
-1.2468120758057921e-08
-4.58761029165089e-09
-4.395695502035224e-09
-5.999348795526771e-10
-9.2148511043888e-15
-6.217248937900877e-15
1.1102230246251565e-16
4.996003610813204e-16
7.716050021144838e-15
2.7755575615628914e-15
-9.686695889854491e-15
4.440892098500626e-15
3.1086244689504383e-15
-1.5305734102355473e-07
4.821461985216047e-08
-1.2484787959010646e-07
-1.1791373211167411e-07
-6.628759052773603e-08
-1.2982809494133107e-08
-6.924663509266793e-09
-4.282293825097483e-09
-7.546229197075149e-10
1.5432100042289676e-14
1.3253287356462806e-15
8.326672684688674e-17
-1.1102230246251565e-16
-1.3947176746853529e-14
-4.163336342344337e-15
1.013772399360846e-14
2.6645352591003757e-15
-4.440892098500626e-16
-1.536577176608489e-07
3.650322621950863e-08
-1.3433211837332593e-07
-1.201031096798033e-07
-6.734239832439926e-08
-1.224886148065707e-08
-1.4201331666185979e-08
-3.8773538824088405e-09
-9.762662900314467e-10
-2.453592884421596e-14
-3.236994006172722e-15
5.551115123125783e-17
2.220446049250313e-16
2.1510571102112408e-15
1.6653345369377348e-16
-6.106226635438361e-15
2.6645352591003757e-15
2.220446049250313e-16
-1.4895110744816975e-07
-3.3735005899870885e-09
-1.5142972209503114e-07
-1.2351647526998022e-07
-6.905813876301181e-08
-1.1015103495992662e-08
-2.783695851604762e-08
-2.8584328237712953e-09
-7.402345403306754e-10
2.4980018054066022e-14
-2.060851489460447e-15
-2.220446049250313e-16
-1.1102230246251565e-16
6.938893903907228e-16
-9.159339953157541e-16
-7.66053886991358e-15
-8.881784197001252e-16
4.440892098500626e-16
-1.778445968270148e-07
-4.5358113709426107e-08
-1.9463413725162582e-07
-1.5828373278736763e-07
-8.842721754831473e-08
-1.3136684628989315e-08
-3.623364341898139e-08
-4.0221945774021606e-09
-1.129364213259265e-09
-1.3877787807814457e-14
-5.585809592645319e-16
1.5265566588595902e-16
-2.220446049250313e-16
-6.245004513516506e-17
9.159339953157541e-16
4.6629367034256575e-15
-1.7763568394002505e-15
-3.885780586188048e-16
-2.9076364804758725e-07
1.8215497732398944e-07
-2.307744892959818e-07
-1.792782740039911e-07
-9.994441185767755e-08
-1.3467072790263046e-08
-5.146681836265543e-08
-4.911658368911276e-08
-4.257598829049414e-09
1.7763568394002505e-14
5.027228633380787e-15
-5.551115123125783e-16
1.1102230246251565e-16
-8.326672684688674e-16
5.551115123125783e-16
2.220446049250313e-15
1.7763568394002505e-15
2.220446049250313e-16
-2.4298349110551953e-07
3.047776822029391e-07
-1.6095951060890457e-07
-1.246329972559579e-07
-6.885285586122336e-08
-5.3945683475831174e-09
-3.6536835779088506e-08
-4.831673372507339e-08
-1.5641499484519983e-09
-1.5765166949677223e-14
-5.48172618408671e-16
3.0531133177191805e-16
-1.1102230246251565e-16
8.881784197001252e-16
-5.342948306008566e-16
-1.1102230246251565e-15
0.0
4.440892098500626e-16
-7.170073246243192e-08
1.7667547069777356e-07
-4.1263652050815836e-08
-3.28760938472783e-08
-1.7187019807352044e-08
5.610274911305169e-09
-8.691770858604286e-09
-1.616209388544121e-08
4.808629883168436e-10
3.219646771412954e-15
-3.101685575046531e-15
1.582067810090848e-15
1.63202784619898e-14
-1.1546319456101628e-14
1.1518563880486e-15
6.084022174945858e-14
1.8030021919912542e-13
2.2426505097428162e-14
9.88068542540077e-08
2.3758136791229845e-08
8.120204419981292e-08
6.98762714357315e-08
4.0431354264569563e-08
1.798690618670662e-08
1.1353768147870369e-08
6.153779708029106e-09
2.0863926974978853e-09
2.3314683517128287e-15
8.569533971325427e-16
-1.9984014443252818e-15
-5.551115123125783e-17
6.661338147750939e-16
1.1102230246251565e-16
-6.661338147750939e-16
-8.881784197001252e-16
-1.1102230246251565e-16
2.8573548149779526e-07
-4.230800243476551e-08
2.371096465836331e-07
2.048915629382364e-07
1.1678749523014176e-07
3.767704015444906e-08
3.231058631758543e-08
1.8873900664573284e-08
4.76708206242904e-09
-7.771561172376096e-16
3.9963692077815693e-16
-2.7755575615628914e-17
1.4988010832439613e-15
-4.440892098500626e-16
1.1102230246251565e-16
-1.9162449405030202e-13
-1.8074430840897548e-13
2.2426505097428162e-14
3.9774478466370056e-07
-2.8666448770309213e-08
3.34358439602056e-07
2.7766881605106875e-07
1.5817352405633756e-07
4.936309494496527e-08
5.662973423525842e-08
3.111947854961272e-08
8.905712500784091e-09
-1.554312234475219e-14
-1.753805434212552e-15
-5.551115123125783e-17
1.1102230246251565e-16
-1.1102230246251565e-15
4.440892098500626e-16
2.886579864025407e-15
9.992007221626409e-16
0.0
3.9775002846909047e-07
-8.761506364862726e-08
3.246724826766467e-07
2.631838240674256e-07
1.4988459051679115e-07
4.711182555183768e-08
6.130595764375357e-08
3.4776093116306583e-08
9.510816412205967e-09
2.4646951146678475e-14
-4.250072516143177e-15
4.440892098500626e-16
3.0531133177191805e-16
-1.5543122344752192e-15
0.0
2.220446049250313e-16
-6.661338147750939e-16
0.0
3.1111325426991243e-07
-1.148024537656056e-07
2.4623648542387855e-07
2.061441470857517e-07
1.1719521708641877e-07
3.6799733038606064e-08
4.0105399889966975e-08
2.543535693178001e-08
5.931320767871284e-09
-1.9984014443252818e-14
4.010680676458378e-15
0.0
-4.996003610813204e-16
3.9968028886505635e-15
0.0
-1.5543122344752192e-15
4.579669976578771e-16
4.440892098500626e-16
-2.55267393356462e-06
-7.525833822796812e-08
-2.1343832301568e-06
1.320444482644234e-07
7.525516920736663e-08
2.2622472783950798e-08
-2.26628226585035e-06
-1.2771118838017514e-06
-2.4076630233960117e-07
1.7541523789077473e-14
-3.6637359812630166e-15
-1.6653345369377348e-16
4.440892098500626e-16
0.0
0.0
8.881784197001252e-16
9.992007221626409e-16
-2.220446049250313e-16
5.379290541895898e-07
9.398432592178096e-07
6.663209166646311e-07
7.554953285193733e-08
4.3739035504586354e-08
1.1343480821324192e-08
5.908800169152073e-07
3.7326237922741257e-07
1.7762924553466064e-07
-2.298161660974074e-14
5.315192730392937e-15
1.1102230246251565e-16
0.0
-2.220446049250313e-15
4.440892098500626e-16
4.440892098500626e-16
-8.881784197001252e-16
1.1102230246251565e-16
2.6499566274651443e-07
9.197834787144643e-07
4.057964702042227e-07
-1.6869655894424795e-08
-8.721926292309945e-09
-5.182030804462556e-09
4.2257965127134867e-07
2.95668641570046e-07
1.584431839063427e-07
2.3314683517128287e-15
3.1225022567582528e-15
2.7755575615628914e-17
-2.220446049250313e-16
2.886579864025407e-15
0.0
-1.1102230246251565e-15
5.551115123125783e-17
-1.1102230246251565e-16
4.0641109677608256e-07
4.259533170625218e-07
4.1889819613061263e-07
-6.541166186480041e-08
-3.765056533211464e-08
-1.3162066991867505e-08
4.843052217040622e-07
2.956060392023119e-07
1.046274107352474e-07
2.1094237467877974e-15
-2.728303694077283e-13
-6.034062138837726e-14
-7.549516567451064e-15
-1.7763568394002505e-14
2.6645352591003757e-15
2.6645352591003757e-15
2.220446049250313e-14
2.145505995088115e-14
3.239959056600128e-07
1.705815435570912e-07
3.012232685506433e-07
1.3370993201533565e-10
1.2921574921165302e-10
2.592025705183687e-09
3.010184848051267e-07
1.7917925632104925e-07
5.420680793122301e-08
-4.440892098500626e-16
1.469796506725629e-13
6.081246617384295e-14
8.881784197001252e-16
3.552713678800501e-15
-3.1086244689504383e-15
-4.440892098500626e-16
1.1102230246251565e-16
6.5503158452884236e-15
1.1748544181955367e-07
5.104669043021204e-08
1.052128162370991e-07
1.6836576577361484e-10
1.2965162277112086e-10
2.263298437554795e-10
1.0453950949340651e-07
6.24123153158962e-08
1.7589385947758274e-08
1.021405182655144e-14
5.828670879282072e-16
-1.3877787807814457e-16
-4.440892098500626e-16
-5.329070518200751e-15
4.440892098500626e-16
4.440892098500626e-16
-2.7755575615628914e-16
1.1102230246251565e-16
6.356928139439333e-08
4.4181263092468726e-09
5.2891163448975924e-08
1.5655743368370167e-10
1.3092638084799546e-10
-8.160132569656753e-10
5.26854933013965e-08
3.0628012126499016e-08
6.037865318830882e-09
-2.1760371282653068e-14
3.66796436973571e-15
-1.6653345369377348e-16
0.0
0.0
-3.0531133177191805e-16
1.1102230246251565e-16
-2.7755575615628914e-16
-1.1102230246251565e-16
5.620232457204111e-08
-1.9160310671395564e-08
4.3814733174940557e-08
2.5558932748026564e-10
1.3105250218359288e-10
3.9562886300359423e-10
4.3627725432315856e-08
2.4258977049385066e-08
2.1015154061387875e-09
6.8833827526759706e-15
-6.831341048396666e-15
-1.5654144647214707e-14
-3.1086244689504383e-15
1.7763568394002505e-15
-5.440092820663267e-15
-1.8540724511240114e-14
-3.219646771412954e-15
-4.1300296516055823e-14
6.00742886547323e-08
-3.3544708344379615e-08
4.5983860275100596e-08
1.9006840545898743e-10
1.3732304182667576e-10
2.558601108759717e-10
4.570073741660963e-08
2.483694316879337e-08
5.907594413656625e-10
9.769962616701378e-15
-5.8191299001641994e-15
2.636779683484747e-16
-8.881784197001252e-16
2.6645352591003757e-15
2.886579864025407e-15
-1.554312234475219e-14
-3.6637359812630166e-15
2.2537527399890678e-14
6.863092494313605e-08
-4.3339959177046694e-08
5.3076238515359364e-08
1.0477885226123362e-10
6.515987749367014e-11
-1.493764001381237e-10
5.2791154558917703e-08
2.8462650902838504e-08
2.2200197236088568e-10
-4.884981308350689e-15
-6.144737496605046e-14
-3.524958103184872e-15
1.0436096431476471e-14
-3.552713678800501e-15
-1.5543122344752192e-15
4.773959005888173e-15
2.220446049250313e-16
-1.1879386363489175e-14
8.699723341720755e-08
-5.046255324714366e-08
6.90494772470629e-08
4.568567746332519e-11
-9.188627636547153e-11
-1.7321877265885632e-10
6.912189931540524e-08
3.745537924260134e-08
1.3495764505933039e-09
-5.773159728050814e-15
1.27675647831893e-15
1.3877787807814457e-16
1.887379141862766e-15
-8.604228440844963e-15
4.440892098500626e-16
-4.218847493575595e-15
8.215650382226158e-15
-8.326672684688674e-17
1.2586308173467842e-07
-5.713974360332941e-08
1.029717893175075e-07
-9.625633623500107e-12
-2.9645985666348906e-10
4.3291370488418586e-11
1.029513114758629e-07
5.6885355093072576e-08
5.007407821722154e-09
1.8207657603852567e-14
-3.4416913763379853e-15
-1.942890293094024e-16
-1.1102230246251565e-16
9.992007221626409e-15
-1.5543122344752192e-15
-2.220446049250313e-16
-4.440892098500626e-16
0.0
4.559437556395096e-07
-9.23409970710054e-08
3.8603891994171136e-07
-6.225331361520148e-11
-5.629772203974426e-10
1.0297096508793402e-10
3.8623429432504963e-07
2.1916707027003213e-07
4.038855649923789e-08
-8.881784197001252e-15
5.176414852314792e-15
6.938893903907228e-17
-4.374278717023117e-14
-9.769962616701378e-14
-4.884981308350689e-15
3.885780586188048e-16
-6.661338147750939e-16
-8.881784197001252e-16
-8.708771481735766e-10
3.943910087400582e-09
-3.638129797423062e-10
-7.94706522810884e-11
-4.791047558683204e-10
1.5471823822110764e-10
-3.8814462754999113e-10
-2.681943556126498e-10
-6.375522332291439e-11
3.3306690738754696e-15
-1.1227130336521896e-14
-2.423061751244404e-14
1.1102230246251565e-15
-4.884981308350689e-15
-2.220446049250313e-16
9.320322291728189e-14
-4.453382107527659e-14
8.260059303211165e-14
-2.091499418099829e-09
6.3398601923836395e-09
-7.5867312432365e-10
-3.8612135710991424e-10
-7.674305635418932e-10
-2.1190604826415438e-11
-4.122231445080615e-10
-2.559978895533277e-10
-5.1230131248303223e-11
-7.771561172376096e-15
-2.4480417692984702e-14
-4.690692279041286e-15
1.3322676295501878e-15
3.9968028886505635e-15
2.220446049250313e-16
-1.1102230246251565e-16
-9.769962616701378e-15
2.220446049250313e-16
-3.664599290686965e-09
6.6611391957849264e-09
-8.939124995777092e-10
1.0348699674977979e-10
-3.9414160823980637e-10
-5.915317125015918e-10
-1.055614262668314e-09
-5.121911783589894e-10
-3.1523228471996845e-11
-7.549516567451064e-15
1.2212453270876722e-14
1.1379786002407855e-14
-9.992007221626409e-16
-2.6645352591003757e-15
6.661338147750939e-16
-5.551115123125783e-17
-1.1102230246251565e-16
8.881784197001252e-16
2.818355753220203e-07
-9.191541039399453e-08
2.3148610139855919e-07
3.542652393662138e-08
2.7112731615375193e-08
1.4092991218461748e-09
1.960265656464344e-07
1.0948051709647189e-07
1.7801738749767537e-08
2.0761170560490427e-14
7.632783294297951e-15
-1.6653345369377348e-16
-5.551115123125783e-16
0.0
-2.220446049250313e-16
3.3306690738754696e-16
1.0880185641326534e-14
-5.551115123125783e-16
-1.4828148664491891e-07
8.467716838822525e-08
-1.111235334860794e-07
-8.341115176335734e-08
-6.085911552489165e-08
-4.6812568266219046e-09
-2.7705596039595548e-08
-1.6266058722180787e-08
-7.415962954837596e-09
-8.659739592076221e-15
-1.970645868709653e-15
5.551115123125783e-17
2.1094237467877974e-15
0.0
2.220446049250313e-16
-3.3306690738754696e-16
4.996003610813204e-16
6.661338147750939e-16
-2.7761288379224425e-07
1.42214432230503e-07
-2.0335919259650836e-07
-1.1629472496110793e-07
-7.902848575547239e-08
-1.2600896992509547e-09
-8.684221519672519e-08
-4.915493789781067e-08
-1.2609575605893042e-08
9.43689570931383e-15
-5.578870698741412e-15
-1.8041124150158794e-16
-1.1102230246251565e-15
8.881784197001252e-15
-1.1102230246251565e-16
2.220446049250313e-16
-1.887379141862766e-15
2.4424906541753444e-15
-1.7729041221770103e-06
1.6180095698814512e-06
-1.1152782191103938e-06
-1.0037813744645518e-06
-6.64076853951201e-07
3.899396394668741e-08
-1.1058348015069441e-07
-6.185382517287508e-08
-1.3250286201582638e-08
-2.55351295663786e-14
-8.049116928532385e-16
8.326672684688674e-17
6.661338147750939e-16
-7.993605777301127e-15
3.469446951953614e-17
0.0
-5.551115123125783e-16
8.881784197001252e-16
-9.33117211943113e-07
9.817808459544608e-07
-5.422294138135442e-07
-4.7328756025422075e-07
-2.9820780689249204e-07
4.2837155156405515e-08
-6.849316847024056e-08
-3.798100678409355e-08
-6.843379196652677e-09
1.765254609153999e-14
-1.3600232051658168e-15
8.326672684688674e-17
-8.881784197001252e-16
1.7763568394002505e-15
5.551115123125783e-17
1.1102230246251565e-16
-1.3322676295501878e-15
-7.771561172376096e-16
4.560127209174425e-08
2.581887770247704e-08
8.555422148504022e-08
9.789442678709293e-08
7.178129690643686e-08
5.139077907667655e-08
-1.2624117806669943e-08
-6.731511348334607e-09
7.080558361849397e-10
-2.5868196473766147e-14
1.8596235662471372e-15
4.475586568020162e-16
-1.7763568394002505e-15
0.0
0.0
-1.6653345369377348e-16
2.220446049250313e-15
-9.211381657436846e-15
1.8399068579810773e-07
-4.187309059489053e-07
1.7678668129406105e-07
2.3173751717564528e-07
1.8098947829336964e-07
1.164692120525501e-07
-5.5245290120353736e-08
-3.0813424700681935e-08
-3.967130624005222e-09
3.9968028886505635e-15
3.073929999430902e-15
-8.326672684688674e-17
3.3306690738754696e-15
2.220446049250313e-16
8.881784197001252e-16
9.71445146547012e-17
1.3322676295501878e-15
6.106226635438361e-15
-3.998743657973591e-06
4.0410014037206565e-06
-2.133763331357841e-06
-2.124603514452872e-06
-1.0882935623790502e-06
2.3105961766134442e-07
-9.827248348415196e-09
-5.559247062691952e-09
1.8742696283879923e-09
2.6645352591003757e-15
1.3183898417423734e-15
-3.885780586188048e-16
-1.7763568394002505e-15
5.551115123125783e-17
-2.7755575615628914e-16
5.551115123125783e-17
0.0
-1.1102230246251565e-15
-1.9441924585805737e-05
4.060241207071158e-05
-4.3885843545865555e-06
-4.8378956378769544e-06
-1.280648707080445e-06
4.842323485299005e-06
4.448655683830794e-07
2.505259439899987e-07
6.39902424381944e-08
-2.9976021664879227e-15
-2.275957200481571e-15
2.7755575615628914e-17
1.3322676295501878e-15
0.0
3.885780586188048e-16
-1.1102230246251565e-16
-8.881784197001252e-16
4.440892098500626e-16
-6.751306926844337e-06
2.7156832715036217e-05
1.366478233677526e-06
2.8126106954573515e-07
1.0432438148910705e-06
3.3762620512689523e-06
1.0853333414218014e-06
6.119451292363465e-07
1.7071889146791364e-07
1.9984014443252818e-15
3.3306690738754696e-16
5.551115123125783e-17
4.440892098500626e-16
3.0531133177191805e-16
-2.924049891106506e-14
3.26405569239796e-14
-2.220446049250313e-15
-8.881784197001252e-16
-2.1710897044613375e-06
2.3397279846903984e-07
-1.563153475103718e-06
-5.760455970005296e-06
-3.2546875807781817e-06
-5.781243785918377e-07
4.197793575855258e-06
2.3855320243626466e-06
6.968309946842055e-07
3.774758283725532e-15
-7.771561172376096e-16
3.3306690738754696e-16
6.661338147750939e-16
-1.1102230246251565e-16
1.609823385706477e-14
-4.440892098500626e-16
-8.881784197001252e-16
-4.440892098500626e-16
-1.1176408118984682e-06
2.2063210280975912e-07
-8.48821958499002e-07
-8.559484285797225e-07
-4.513084448376503e-07
-2.5740005682450828e-08
1.146447914379678e-08
5.689586857204887e-09
7.713243377338585e-10
3.9968028886505635e-15
-1.7694179454963432e-15
-3.3306690738754696e-16
-6.661338147750939e-16
-1.1102230246251565e-16
6.661338147750939e-16
8.881784197001252e-16
-2.6645352591003757e-15
0.0
-1.5030243147862166e-06
-2.483320031387848e-06
-1.0545114470517092e-06
-1.0603560305355586e-06
-3.9584399047498664e-07
2.157821974435592e-07
7.736117524359543e-09
2.4208599569419675e-09
8.852732991115886e-10
-6.772360450213455e-15
2.220446049250313e-16
8.326672684688674e-17
6.661338147750939e-16
1.1379786002407855e-15
3.774758283725532e-15
8.881784197001252e-16
3.552713678800501e-15
-8.881784197001252e-16
4.808619529228508e-06
-1.2682331814062309e-05
4.029461742049989e-06
4.058075766977254e-06
2.7060035669990157e-06
1.186037572153964e-06
7.527016343544801e-09
-2.6131302122145428e-09
-1.2148363981445698e-09
-4.440892098500626e-15
4.034966805122053e-15
-2.7755575615628914e-17
-8.881784197001252e-16
-6.661338147750939e-16
1.1102230246251565e-16
-1.7763568394002505e-15
2.6645352591003757e-15
0.0
3.571954039216507e-07
4.809096765256982e-07
2.7287457626812284e-07
2.7525472745537627e-07
1.2194625043093765e-07
-1.0681887374630605e-08
4.737575887148182e-09
2.383373498560104e-09
-3.590764491301357e-11
1.1102230246251565e-16
-1.4988010832439613e-15
1.1102230246251565e-16
0.0
-1.0436096431476471e-14
-5.551115123125783e-17
2.220446049250313e-15
5.329070518200751e-15
8.881784197001252e-16
-6.470780178347013e-07
-6.526049389776745e-07
-3.972427400356082e-07
-4.1058377675540214e-07
-2.05268882780274e-07
-5.699523342173052e-08
-6.0678821724169385e-09
-1.509846470071352e-09
1.8332302342827234e-10
1.2434497875801753e-14
-1.9984014443252818e-15
-1.1102230246251565e-16
2.220446049250313e-16
-8.288508768217184e-15
-1.1102230246251565e-16
-8.881784197001252e-16
-8.881784197001252e-15
-1.5543122344752192e-15
-4.7052836293914885e-07
-1.2244935660987721e-06
-2.0922139398749096e-07
-2.1886051815300791e-07
-8.025384090615262e-08
1.9129942074869177e-10
-9.313404270017145e-09
-2.8021544529188702e-09
-1.348933187372836e-10
-1.0658141036401503e-14
8.326672684688674e-17
4.7156722970953524e-14
2.4980018054066022e-15
6.661338147750939e-16
1.6653345369377348e-15
5.10702591327572e-15
-5.88418203051333e-15
1.199040866595169e-14
-1.4499546097113125e-07
-2.6368611827365385e-07
-8.696645403816206e-08
-9.191013639053836e-08
-4.850499024655619e-08
-1.8317692251912376e-08
3.6280667359278596e-09
-3.6349767640331265e-09
-8.192451161903591e-10
-4.107825191113079e-15
4.038436252074007e-15
5.0306980803327406e-17
-5.551115123125783e-17
-2.220446049250313e-16
5.551115123125783e-17
-2.4424906541753444e-15
8.493206138382448e-15
3.164135620181696e-15
-1.1384024389826664e-07
-9.688499424953534e-08
-7.89913681131793e-08
-7.937574952876503e-08
-4.709520950996193e-08
-2.534557097533252e-08
-8.531841899639403e-12
-3.5995977309966065e-09
-2.825424894048467e-10
-3.1086244689504383e-15
-2.6506574712925612e-15
-1.3877787807814457e-16
2.2962534651504996e-14
4.440892098500626e-16
-1.1102230246251565e-16
8.881784197001252e-16
-9.992007221626409e-16
1.6653345369377348e-15
-8.949579921591067e-08
-7.599713747197256e-08
-5.4419874828681714e-08
-5.199593711147088e-08
-3.1357902940953863e-08
-2.2266448240770842e-08
-2.611302618582556e-09
-4.00312183401752e-09
-2.8643695748620246e-10
-3.774758283725532e-15
-1.2212453270876722e-15
1.3877787807814457e-16
-3.615163723935666e-14
-6.661338147750939e-16
-5.551115123125783e-17
-3.4416913763379853e-15
3.1086244689504383e-15
-3.9968028886505635e-15
-9.053349714349679e-08
-5.546423409441559e-08
-4.713025036906515e-08
-4.494113436948055e-08
-2.6567683164557824e-08
-2.0818347934437043e-08
-2.391340458984814e-09
-5.9207552194351365e-09
-4.718982982154785e-10
3.3306690738754696e-16
-1.762479051592436e-15
1.2712053631958042e-14
2.7755575615628914e-17
2.220446049250313e-16
1.3877787807814457e-16
5.551115123125783e-16
-1.0436096431476471e-14
6.661338147750939e-15
-9.831862257669854e-08
-5.126249646991709e-08
-4.9697108761570525e-08
-3.89319492200002e-08
-2.249931085884782e-08
-1.9570734366425313e-08
-1.1122926579787418e-08
-6.695336673967489e-09
-7.936937218566698e-10
1.3211653993039363e-14
-6.245004513516506e-16
-2.7755575615628914e-17
-4.163336342344337e-17
4.440892098500626e-16
-4.163336342344337e-17
5.551115123125783e-16
4.884981308350689e-15
-1.1102230246251565e-15
-1.1139811917360021e-07
-5.568355732066266e-08
-6.102311259081894e-08
-3.890164101960636e-08
-2.2143854749856473e-08
-1.9368783910067577e-08
-2.2564929480495266e-08
-8.47254205682546e-09
-1.4478240273341214e-09
-8.881784197001252e-15
4.961309141293668e-15
1.942890293094024e-16
9.71445146547012e-17
-1.4432899320127035e-15
8.326672684688674e-17
-2.7755575615628914e-16
3.552713678800501e-15
1.3322676295501878e-15
-1.3459391468018111e-07
-6.784271988635737e-08
-8.753004099304462e-08
-4.871377079496142e-08
-2.7682887093760655e-08
-2.0842989556513203e-08
-3.936392722891924e-08
-1.3563250855774811e-08
-2.649639452290131e-09
-2.220446049250313e-16
2.3175905639050143e-15
1.6792123247455493e-14
-5.551115123125783e-17
6.106226635438361e-16
0.0
3.0531133177191805e-16
-1.021405182655144e-14
2.220446049250313e-16
-1.620600436069708e-07
-8.432115095047266e-08
-1.2326745935098415e-07
-5.666177749219514e-08
-3.250326230386236e-08
-2.276113519883438e-08
-6.734244717421234e-08
-2.5565538016442124e-08
-4.4792484166222835e-09
5.662137425588298e-15
-4.53109771925142e-15
-9.880984919163893e-15
-5.551115123125783e-17
1.0963452368173421e-14
1.0547118733938987e-15
1.942890293094024e-15
7.105427357601002e-15
-6.217248937900877e-15
-1.8659052614111715e-07
-7.951225455826716e-08
-1.4511947732387398e-07
-5.885805620664542e-08
-3.440957740963312e-08
-2.507756136083117e-08
-8.71985035288958e-08
-4.2215190676486714e-08
-5.088296561872596e-09
-1.3655743202889425e-14
2.7200464103316335e-15
-5.551115123125783e-17
0.0
-5.551115123125783e-16
-1.1102230246251565e-16
-2.55351295663786e-15
-8.881784197001252e-15
-2.220446049250313e-16
-1.9137145557124313e-07
-7.02893530046822e-08
-1.288956141820563e-07
-6.765761817462135e-08
-4.036550294017616e-08
-2.9630669473590387e-08
-6.208634895088494e-08
-4.01367890034976e-08
-2.196404058629753e-09
4.085620730620576e-14
5.273559366969494e-16
-1.1102230246251565e-16
-1.1102230246251565e-16
-2.220446049250313e-16
-1.6653345369377348e-16
2.4424906541753444e-15
3.552713678800501e-15
0.0
-1.6993654661234814e-07
-1.2385395109504316e-07
-9.983964410764656e-08
-8.781647453659502e-08
-5.292501725762122e-08
-3.7454142898241116e-08
-1.3168178769618066e-08
-1.5651406393146772e-08
6.062084167979265e-10
-2.1760371282653068e-14
-1.4224732503009818e-15
5.551115123125783e-17
0.0
1.4432899320127035e-15
-3.5388358909926865e-16
1.5543122344752192e-15
-8.881784197001252e-16
0.0
-1.7627553106080995e-07
-2.039995941061079e-07
-1.0680105866356371e-07
-1.1960406043343141e-07
-7.208523911117481e-08
-4.93204055374008e-08
1.0791972648860337e-08
-6.659872653358434e-10
8.021278641301421e-10
-4.107825191113079e-15
-2.0348306373207947e-15
1.0685896612017132e-15
1.1102230246251565e-16
2.7755575615628914e-16
7.424616477180734e-16
-6.661338147750939e-16
8.881784197001252e-16
0.0
-2.2776250219180838e-07
-2.2285117040610203e-07
-1.34916879446223e-07
-1.5367261219090267e-07
-9.258147848356657e-08
-6.397549157100002e-08
1.5717501966605596e-08
-2.4591439995447217e-10
4.974377576516531e-10
-4.6629367034256575e-15
-2.020519168643986e-15
-5.724587470723463e-17
-6.106226635438361e-16
-2.1094237467877974e-15
-3.122502256758253e-17
-1.1102230246251565e-15
5.329070518200751e-15
2.220446049250313e-16
-2.9505154763853625e-07
-2.0749679130460663e-07
-1.676536296457698e-07
-1.8270265078612624e-07
-1.1001576183389261e-07
-7.850586314361863e-08
1.2521543801824464e-08
-5.06330977145808e-10
8.188640876483078e-10
-4.884981308350689e-15
1.6445178552260131e-15
-3.5235703244040906e-14
-2.853273173286652e-14
-3.1086244689504383e-15
-8.31279489688086e-15
-2.4424906541753444e-15
-1.1102230246251565e-14
3.730349362740526e-14
-3.292606649551999e-07
-2.6212740689146585e-07
-1.93592061492609e-07
-2.0249759336010698e-07
-1.2178473873802886e-07
-9.002131662327884e-08
8.732357059670903e-09
4.638472717033437e-09
1.5064771652362197e-09
1.9317880628477724e-14
6.13918638148192e-15
-1.3877787807814457e-16
-2.220446049250313e-16
7.771561172376096e-16
-5.551115123125783e-17
0.0
-4.440892098500626e-15
-2.7755575615628914e-17
-3.0447892385154773e-07
-3.7926571394564235e-07
-1.8914378507872698e-07
-1.9710383336590811e-07
-1.1885443029768794e-07
-9.455771987632033e-08
9.88398518586564e-09
8.762775394188793e-09
1.9923986904757385e-09
-9.2148511043888e-15
-3.1329105976141136e-15
-5.551115123125783e-17
-2.220446049250313e-16
6.661338147750939e-16
-8.326672684688674e-17
-8.881784197001252e-16
1.3322676295501878e-15
5.551115123125783e-17
-2.7004182356904494e-07
-4.595405247442841e-07
-1.6970839844532293e-07
-1.740916720227581e-07
-1.0572528985619556e-07
-9.310080884006311e-08
7.628715437135725e-09
1.0263820016120915e-08
2.0254578014800018e-09
-1.6653345369377348e-15
1.2195106036116954e-15
5.551115123125783e-17
-1.099120794378905e-14
-1.5543122344752192e-15
1.6653345369377348e-16
0.0
-4.718447854656915e-16
2.220446049250313e-16
7.419266196961871e-07
-4.490218721286965e-07
6.754748049786485e-07
-1.6227708953138985e-07
-9.783546506270113e-08
-9.12241802097924e-08
8.414182923743851e-07
4.904109509595855e-07
9.328744998704508e-08
4.107825191113079e-15
-1.7335438640131429e-13
-3.941291737419306e-15
9.392486788328824e-14
-1.5543122344752192e-15
3.219646771412954e-15
9.325873406851315e-15
-3.1856461912838085e-14
1.6209256159527285e-14
-1.9583617927310115e-07
-5.080816478653105e-07
-9.632128306069632e-08
-1.2451684661130002e-07
-7.35663006068421e-08
-8.57626574202186e-08
2.957463618447065e-08
1.7623803305610863e-08
4.096748135173911e-09
-8.43769498715119e-15
7.670947210769441e-14
0.0
2.609024107869118e-15
4.440892098500626e-16
0.0
1.3322676295501878e-15
0.0
-1.4432899320127035e-15
-1.4413738824714528e-07
-5.344891391700912e-07
-3.99880358825655e-08
-3.9663667461553587e-08
-2.1671297201208972e-08
-7.283685476977553e-08
-1.184758957606391e-10
-8.05834288186702e-10
3.467885978380991e-10
-2.1094237467877974e-15
-4.551914400963142e-15
5.551115123125783e-17
-8.326672684688674e-16
2.6645352591003757e-15
-2.220446049250313e-16
-1.1102230246251565e-15
4.85722573273506e-16
4.996003610813204e-16
2.0743314621540776e-08
-6.54837350566595e-07
1.0809867134753404e-07
1.2013869366001018e-07
7.645917676768477e-08
-4.77043187174786e-08
-7.86149811915493e-09
-5.2015041163144815e-09
-1.1322629500654102e-09
9.325873406851315e-15
1.3322676295501878e-15
-5.551115123125783e-17
6.661338147750939e-16
-2.6645352591003757e-15
4.440892098500626e-16
8.881784197001252e-16
-1.3877787807814457e-15
-3.3306690738754696e-16
7.736191065532694e-08
-7.397407557618862e-07
1.7871658641865906e-07
2.074109950456204e-07
1.3881073357424611e-07
-3.530728065470612e-08
-1.892740186804076e-08
-1.2581882868900605e-08
-2.5364078615197627e-09
-4.551914400963142e-15
-5.789813073420191e-14
-3.84969833788773e-14
-4.1300296516055823e-14
-3.375077994860476e-14
-2.1094237467877974e-14
2.375877272697835e-14
-2.0317081350640365e-14
-3.1530333899354446e-14
3.146865168446311e-08
-8.438756537998415e-07
1.6359098253815318e-07
2.3293688755643416e-07
1.715273612035162e-07
-2.809184351804106e-08
-5.3771411323566554e-08
-4.21903303404747e-08
-2.5454154062298784e-08
4.773959005888173e-15
5.2458037913538647e-14
5.685729664861583e-14
-8.43769498715119e-15
5.329070518200751e-15
4.884981308350689e-15
9.992007221626409e-16
7.716050021144838e-15
3.885780586188048e-15
-1.6359074344052258e-06
1.3210998764279225e-05
2.1205040141580866e-06
2.0545848400388422e-07
1.6966076188396073e-07
-2.2586576164940197e-08
1.943484777555682e-06
1.2808686182808058e-06
1.7867318859998704e-06
-6.5503158452884236e-15
-4.829470157119431e-15
5.551115123125783e-17
4.440892098500626e-16
-4.440892098500626e-15
0.0
-2.220446049250313e-16
2.7755575615628914e-16
0.0
-3.457390107541869e-08
1.650370579397986e-05
1.9490848615077994e-06
8.972525478156969e-08
1.1054171800140011e-07
-1.9445359100700443e-08
1.7489744763565795e-06
6.013650075686883e-07
6.989996919060104e-07
1.1102230246251565e-14
1.4710455076283324e-15
8.326672684688674e-17
-8.881784197001252e-16
2.220446049250313e-15
-1.3322676295501878e-15
4.440892098500626e-16
-6.661338147750939e-16
0.0
-7.763111803171796e-06
2.1647180290074175e-05
-5.2182748806473e-06
1.2108490210493983e-08
-1.768695678805443e-08
7.900040621677817e-10
-4.705025094864368e-06
-2.8546806971618817e-06
3.1169046366130715e-07
