0.0
9.159339953157541e-16
-2.220446049250313e-16
-8.881784197001252e-16
-2.6645352591003757e-15
-4.440892098500626e-16
1.1102230246251565e-16
-1.4432899320127035e-15
1.4432899320127035e-15
1.0344210465973447e-07
-1.0308082210030989e-07
6.25147578148244e-08
1.302228372912495e-07
9.947491541595355e-08
9.708369219652013e-09
-6.807813512921257e-08
-4.4128332987725116e-08
-1.120194292880683e-08
-1.1102230246251565e-16
-4.163336342344337e-15
1.3877787807814457e-17
1.7486012637846216e-15
-7.105427357601002e-15
-4.440892098500626e-16
-1.6653345369377348e-16
-8.881784197001252e-16
0.0
-1.8530435852426308e-08
1.830284190873499e-08
-6.963605159171493e-08
1.2330890974965314e-07
9.38977970932342e-08
4.657998098345217e-09
-1.9312039434282724e-07
-1.2479443611823626e-07
-3.0843293100102365e-08
1.7763568394002505e-15
5.551115123125783e-15
9.71445146547012e-17
-6.661338147750939e-16
4.440892098500626e-15
2.220446049250313e-16
0.0
2.4424906541753444e-15
2.220446049250313e-16
-3.8141079983233794e-07
-3.2150067852398934e-07
-3.9049494660048367e-07
1.3042316204803228e-07
9.497789843493365e-08
-8.792562233850275e-10
-5.208164122194603e-07
-2.9929085965108015e-07
-8.390983197159585e-08
1.9984014443252818e-15
3.247402347028583e-15
1.4738210651898953e-14
-4.218847493575595e-15
8.881784197001252e-16
-1.0297318553398327e-14
2.220446049250313e-16
1.6653345369377348e-16
0.0
-1.8880358254591556e-07
-1.3253374220312253e-07
-1.9842762100097389e-07
5.630733568295909e-08
3.84536384956391e-08
-2.8874871382811307e-09
-2.546916721968273e-07
-1.4859276831202806e-07
-4.462418701223214e-08
-1.4432899320127035e-15
-2.0816681711721685e-15
8.326672684688674e-17
2.220446049250313e-16
8.881784197001252e-16
-3.0753177782116836e-14
2.220446049250313e-16
1.3322676295501878e-15
-1.4432899320127035e-15
-1.9288741270884202e-07
-4.39868017565459e-08
-1.722228546441329e-07
8.77679173783008e-09
5.201801656085081e-09
-8.532197171007283e-10
-1.8087780651043772e-07
-1.0395520977368733e-07
-3.028368666946335e-08
1.4432899320127035e-15
-2.9351521213527576e-15
4.163336342344337e-17
2.220446049250313e-16
-1.3322676295501878e-15
3.3306690738754696e-16
-2.220446049250313e-16
7.771561172376096e-16
1.1102230246251565e-16
-1.5419401933058907e-07
-2.7457218720883247e-08
-1.330048959857777e-07
3.7274068276360595e-09
2.068477833461202e-09
-3.0840341391780157e-10
-1.3640043583507122e-07
-7.692683201554473e-08
-2.0716015569632873e-08
-2.220446049250313e-16
2.7313221129254828e-15
-5.551115123125783e-17
8.881784197001252e-16
4.440892098500626e-16
2.220446049250313e-16
0.0
4.440892098500626e-16
7.216449660063518e-16
-9.935732592225578e-08
-2.2563966695088314e-08
-8.928516237460826e-08
1.1948641187586873e-08
6.78789469077401e-09
-7.459477480153964e-10
-1.0096084235300395e-07
-5.641675482337405e-08
-1.3198416581872152e-08
-5.662137425588298e-15
7.251144129583054e-16
2.886579864025407e-15
-2.220446049250313e-15
1.7763568394002505e-15
-6.800116025829084e-16
-3.941291737419306e-15
-1.3322676295501878e-14
-1.0824674490095276e-15
-1.0286650109492257e-07
1.818691686139573e-08
-8.280537500127139e-08
1.3419558797522768e-09
1.7065850954622874e-09
1.7294763399178237e-09
-8.408365559375852e-08
-4.692859478794276e-08
-8.580911980970996e-09
1.1102230246251565e-16
1.3183898417423734e-15
3.3306690738754696e-16
-4.440892098500626e-16
9.992007221626409e-16
-6.661338147750939e-16
0.0
4.440892098500626e-16
1.7208456881689926e-15
-1.5892158700125947e-07
2.4345411020476604e-08
-1.35614045326804e-07
-4.090306759962914e-09
-4.710640766347751e-09
5.202727137998409e-10
-1.33215069197945e-07
-7.484649477973448e-08
-1.4645635815213609e-08
0.0
-1.5126788710517758e-15
-7.771561172376096e-16
0.0
-1.7208456881689926e-15
0.0
-1.1102230246251565e-16
4.440892098500626e-16
-1.1102230246251565e-15
-1.2187155462584087e-07
5.314329598604672e-08
-1.0609376488446287e-07
-1.6342301734084685e-08
-9.70141833533944e-09
-1.5381012019588525e-09
-9.008881995953288e-08
-5.2056831734148545e-08
-8.126178840939247e-09
2.220446049250313e-16
-2.3314683517128287e-15
8.326672684688674e-17
-2.220446049250313e-16
9.43689570931383e-16
-2.220446049250313e-16
2.220446049250313e-16
0.0
0.0
-6.245978267926944e-08
6.51833786946554e-08
-5.7846705203701276e-08
-1.6234871225151437e-08
-8.947629304145721e-09
-1.5162751054731416e-09
-4.1355917801411124e-08
-2.653753483627952e-08
-1.8827250869435375e-10
-1.7763568394002505e-15
1.6028844918025698e-15
-8.326672684688674e-17
2.220446049250313e-16
-7.771561172376096e-16
1.1102230246251565e-16
-4.440892098500626e-16
-4.440892098500626e-15
1.7763568394002505e-15
-5.2082512524975755e-08
1.075639488590241e-08
-4.52964776798126e-08
-1.483844513927579e-08
-8.100718984493938e-09
-1.1503473729135294e-09
-3.002524451289901e-08
-1.7362614457283598e-08
-4.950365672939938e-09
5.551115123125783e-16
2.921274333544943e-15
1.3877787807814457e-17
-2.220446049250313e-16
9.603429163007604e-15
-1.1102230246251565e-16
0.0
4.440892098500626e-15
1.7763568394002505e-15
-1.2491902623423813e-08
1.5414505227795416e-09
-1.1887880901895187e-08
-1.2395302562140388e-08
-6.603185553899493e-09
-9.942695555764658e-10
7.809024538119047e-10
2.7975843863714545e-10
1.6919676770754677e-10
-6.439293542825908e-15
-1.949829186997931e-15
0.0
-6.661338147750939e-16
1.9984014443252818e-15
2.220446049250313e-16
4.440892098500626e-16
-4.440892098500626e-15
0.0
-8.778826554589614e-09
-6.529134566335415e-09
-8.879354140844953e-09
-8.613413982061502e-09
-4.647644158417563e-09
-9.876650608475757e-10
-3.6846969919679395e-11
5.81543702082854e-11
-1.3629097850298422e-11
-2.886579864025407e-15
-4.996003610813204e-16
0.0
8.881784197001252e-16
4.440892098500626e-15
2.220446049250313e-16
-4.440892098500626e-16
9.769962616701378e-15
0.0
-5.872159647424269e-09
-1.1129697163880792e-08
-6.139041275332602e-09
-5.172358985561232e-09
-2.7392186296992804e-09
-9.479563800596225e-10
-9.258700472969394e-10
-5.621476617534427e-10
-2.121658959630679e-10
2.9976021664879227e-15
4.128641872824801e-15
2.7755575615628914e-17
-6.661338147750939e-16
1.0755285551056204e-15
-4.440892098500626e-16
-1.7763568394002505e-15
-1.2434497875801753e-14
0.0
-1.7038459532159322e-09
-9.514195653537172e-09
-2.380817321068207e-09
-2.584908509462025e-09
-1.3442402746477455e-09
-7.588383255097142e-10
6.997513679607437e-11
-7.02105040772949e-12
1.8138823776325808e-12
-3.219646771412954e-15
-4.2032349822918036e-15
2.7755575615628914e-17
1.6653345369377348e-16
-1.5543122344752192e-15
-3.3306690738754696e-16
1.1102230246251565e-15
5.329070518200751e-15
1.5543122344752192e-15
-2.3741932864140836e-09
-4.424336452757416e-09
-2.573733226540753e-09
-2.746471605696854e-09
-1.539088856361559e-09
-7.250093858601758e-10
-8.409273277720786e-11
2.254196829198918e-12
-4.778177853381749e-12
3.1086244689504383e-15
2.6810151321221554e-15
-5.551115123125783e-17
0.0
1.1102230246251565e-16
8.326672684688674e-17
1.7763568394002505e-15
-6.661338147750939e-16
-1.915134717478395e-15
-1.9632864223240176e-09
-5.314717554938397e-09
-2.2440795888201137e-09
-2.3642412472213437e-09
-1.1472316430172214e-09
-3.1724312066216953e-10
3.8313685557511683e-11
1.3743728377590969e-11
-2.112365837803054e-12
-7.105427357601002e-15
-9.707512571566213e-15
1.3322676295501878e-15
2.7644553313166398e-14
-3.3306690738754696e-15
-8.049116928532385e-16
-1.4876988529977098e-14
7.882583474838611e-15
1.1102230246251565e-16
-1.7107097960433748e-09
-3.926492908590262e-09
-1.954138628690316e-09
-1.8288552894318855e-09
-9.839489223395503e-10
-2.6921043172478676e-10
6.729816703909819e-11
3.506650525508803e-11
-1.971978136339203e-12
-2.220446049250313e-16
6.938893903907228e-17
-5.551115123125783e-17
2.7755575615628914e-17
6.716849298982197e-15
-3.3306690738754696e-16
-3.3306690738754696e-15
-8.645861804268407e-15
-2.220446049250313e-16
-1.3755112604485475e-09
-2.637848162123646e-09
-1.8110704047558102e-09
-1.6060610619206273e-09
-9.682921131570765e-10
-4.0969894143927377e-10
1.821653938804957e-11
1.9621637648015167e-11
-2.7542412794900883e-12
5.551115123125783e-16
3.507610868425104e-15
1.1102230246251565e-16
-1.8034185256254887e-14
-7.771561172376096e-16
3.3306690738754696e-16
1.7763568394002505e-15
3.9968028886505635e-15
0.0
2.843378865691193e-10
-2.058661685566676e-09
-1.2705214658126351e-10
-5.5862869885459077e-11
-1.581597075528407e-10
-3.1012348244985333e-10
9.245937349078304e-12
-3.156941374982125e-11
-1.3887779815036083e-12
-6.661338147750939e-16
-1.0408340855860843e-16
0.0
-9.825473767932635e-15
-5.551115123125783e-16
-3.3306690738754696e-16
1.4432899320127035e-15
3.1086244689504383e-15
1.1102230246251565e-15
1.830407825309521e-09
-1.8291936854097914e-09
1.4995773511827792e-09
1.363037682722279e-09
7.286082848168007e-10
-1.4850343177386094e-10
-1.8125945189240156e-11
-1.759836720793828e-11
8.487655023259322e-13
-2.9976021664879227e-15
1.2281842209915794e-15
3.0031532816110484e-14
-2.4327762027098743e-14
-2.2537527399890678e-14
2.425837308805967e-14
4.6629367034256575e-15
2.220446049250313e-15
1.1102230246251565e-15
3.258209702039494e-09
-1.655287462654087e-09
2.7022313275892884e-09
2.6506086214794777e-09
1.4180692176068987e-09
1.602984411874786e-11
1.503508428868372e-11
4.057243430111157e-11
5.74340575099086e-12
-3.3306690738754696e-16
1.1587952819525071e-15
-2.220446049250313e-16
3.122502256758253e-17
3.774758283725532e-15
-8.326672684688674e-16
3.219646771412954e-15
-9.325873406851315e-15
-6.661338147750939e-16
4.346505377839094e-09
-1.3036682844358438e-09
3.5937892661763726e-09
3.363414435852974e-09
1.8459864747910615e-09
1.2956036243849667e-10
1.5833911959362013e-10
7.424416637036302e-11
1.911959479627967e-11
-2.4424906541753444e-15
-4.510281037539698e-16
-5.551115123125783e-17
2.7755575615628914e-17
-2.220446049250313e-16
7.771561172376096e-16
2.1094237467877974e-15
3.1086244689504383e-15
-6.661338147750939e-16
4.6428136890597216e-09
-1.4304255557817669e-09
3.82508691387784e-09
3.3503724239380976e-09
1.8356942632635766e-09
1.5734258340671659e-10
3.944009563383588e-10
2.32660779531102e-10
4.621858451514527e-11
4.440892098500626e-15
4.579669976578771e-16
5.551115123125783e-17
0.0
1.1102230246251565e-15
-7.7021722333370235e-16
3.011479954295737e-15
-1.7763568394002505e-15
4.440892098500626e-16
4.819574517256342e-09
-2.287653622090602e-09
3.892427713481084e-09
3.261853009917104e-09
1.8168826443343278e-09
1.6406431768700713e-10
5.403055780561772e-10
4.620506199870533e-10
4.319511415218358e-11
-1.9984014443252818e-15
-4.28129753871076e-15
-5.551115123125783e-16
5.551115123125783e-17
-1.3877787807814457e-15
1.2490009027033011e-15
-1.5543122344752192e-15
2.6645352591003757e-15
-4.440892098500626e-16
4.337943337873185e-09
-1.7567054477751753e-09
3.5134255504942757e-09
3.463519249180536e-09
1.8900756515449757e-09
1.7548984487802954e-10
4.384048679639818e-11
7.39432959306896e-11
-1.858990739123101e-11
9.992007221626409e-16
4.6629367034256575e-15
6.245004513516506e-16
5.551115123125783e-17
4.440892098500626e-16
-8.604228440844963e-16
-2.220446049250313e-15
-1.7763568394002505e-15
-2.220446049250313e-16
3.922753677443325e-09
-1.041077446473082e-09
3.532092396341113e-09
3.6607605835570208e-09
2.032109591709741e-09
1.8238210941490252e-10
-1.5408030407115803e-10
-1.3351897365510013e-10
-1.2752743305810554e-11
2.220446049250313e-16
-5.006411951669065e-15
2.5673907444456745e-16
0.0
1.2212453270876722e-15
5.273559366969494e-16
-1.9984014443252818e-15
8.881784197001252e-16
0.0
2.7412561109940725e-09
-8.027232212270974e-10
2.6015520848687856e-09
2.8026345688658694e-09
1.5067378456024016e-09
6.656364348600619e-11
-1.645945602035681e-10
-1.383178016567399e-10
2.181629876751856e-12
-1.6653345369377348e-15
4.145989107584569e-15
-1.1102230246251565e-16
2.220446049250313e-16
-4.440892098500626e-16
5.551115123125783e-17
2.220446049250313e-16
1.7763568394002505e-15
0.0
1.8194583617514581e-09
-1.5527596985975833e-09
1.7622943104811382e-09
1.6598367125197908e-09
9.24011089864507e-10
-7.887024366937112e-11
1.788791337276052e-12
1.0533796057643485e-11
-5.681385917277737e-12
-1.1102230246251565e-16
8.222589276130066e-16
3.885780586188048e-16
1.3322676295501878e-15
1.1102230246251565e-16
1.73749903353837e-14
-1.1102230246251565e-15
-8.881784197001252e-16
1.3877787807814457e-16
-1.0808065553646884e-10
-2.3138753135754087e-09
-1.481756939369916e-10
-5.152411830522397e-11
-8.517808680608141e-11
-3.0105695714155445e-10
-1.0443379494518014e-10
-3.155520289510605e-11
-3.0969005138103967e-11
2.4424906541753444e-15
-5.117434254131581e-15
0.0
-2.220446049250313e-16
3.6637359812630166e-15
-1.071365218763276e-14
2.6645352591003757e-15
4.440892098500626e-16
1.1102230246251565e-16
8.604672530054813e-11
-1.6538290736889394e-09
-1.600102272902859e-10
-1.9012569296705806e-10
-1.454392162258955e-10
-3.09327674585802e-10
-1.459987686303066e-11
-3.3287150813521293e-11
7.912892563410878e-12
4.440892098500626e-16
5.14518982974721e-15
8.326672684688674e-16
-4.440892098500626e-16
0.0
5.551115123125783e-16
-1.9984014443252818e-15
4.440892098500626e-16
0.0
1.1713368053278828e-09
-2.095302598092985e-09
9.374820919560989e-10
9.38965794006208e-10
5.206102215993269e-10
-1.6639489786030026e-10
3.650235669283575e-11
2.7101876298729625e-11
1.608280175702248e-11
3.3306690738754696e-15
-3.0080105073437835e-15
1.1102230246251565e-16
2.220446049250313e-16
-3.1086244689504383e-15
-4.440892098500626e-16
6.661338147750939e-16
-1.3322676295501878e-15
-2.220446049250313e-16
1.4472476550508873e-09
-3.5019329658325656e-09
1.3054695102709957e-09
1.5495364991124914e-09
8.440056431524567e-10
-1.4200907116901362e-10
-1.304725216755287e-10
-2.6290081223123707e-12
-6.186684498032946e-11
-5.10702591327572e-15
3.2248509418408844e-15
0.0
0.0
-4.440892098500626e-16
2.220446049250313e-16
-2.220446049250313e-16
0.0
0.0
2.4091164618766925e-09
-3.977259410703482e-09
1.8465105000586846e-09
1.335157762127892e-09
7.616982600211486e-10
-2.0263257738406537e-10
5.225615495874081e-10
2.608953053595542e-10
-3.678085613856297e-11
2.6645352591003757e-15
2.9689792291343053e-15
-1.1102230246251565e-16
-3.3306690738754696e-16
8.881784197001252e-16
6.661338147750939e-16
-1.3322676295501878e-15
2.498001805406602e-16
1.1102230246251565e-16
1.3972199042200373e-07
-8.232774462157978e-10
1.1674593380917031e-07
-2.37061925645321e-10
-6.659917062279419e-11
-5.172751116333529e-10
1.1695128954158918e-07
6.65927331056082e-08
1.2901128165765385e-08
-1.5543122344752192e-15
-3.670674875166924e-15
5.551115123125783e-17
6.661338147750939e-16
-2.220446049250313e-15
4.440892098500626e-16
2.6645352591003757e-15
2.220446049250313e-16
-1.1102230246251565e-16
-4.476916615203663e-09
-4.029416800221952e-09
-2.9893119091184417e-09
-2.8835280829753174e-09
-1.48032341940052e-09
-1.0017231488745892e-09
-1.503828173099464e-10
-1.056292830980965e-10
1.1871614802316799e-11
-1.5543122344752192e-15
-1.2073675392798577e-15
1.3877787807814457e-17
-4.440892098500626e-16
7.993605777301127e-15
-4.440892098500626e-16
-9.992007221626409e-16
-2.7755575615628914e-16
-3.3306690738754696e-16
-7.093774456734537e-09
-4.534015829449345e-09
-5.494911192727159e-09
-5.829146942915031e-09
-3.0836702080705436e-09
-1.4907541867614782e-09
2.7825386439417343e-10
1.2033041230097297e-10
-2.953048916509715e-11
4.440892098500626e-16
3.164135620181696e-15
-2.7755575615628914e-17
-4.440892098500626e-16
-2.6645352591003757e-15
0.0
-3.885780586188048e-16
9.992007221626409e-16
2.220446049250313e-16
-5.356113774723781e-09
-4.383963414511527e-09
-3.825821437430932e-09
-3.7029579402769737e-09
-1.87235116300144e-09
-1.2323901898980694e-09
-9.751310869887675e-11
-8.982770083321157e-11
-6.203904057144882e-11
-2.220446049250313e-16
-2.942091015256665e-15
0.0
4.440892098500626e-16
-4.440892098500626e-16
0.0
7.771561172376096e-16
-5.551115123125783e-17
1.1102230246251565e-16
2.1563897689702571e-07
-2.3378194669021468e-07
1.2464271037515573e-07
-5.137479774930398e-09
-2.4794033492980816e-09
-1.6744312603123035e-09
1.299387619724257e-07
6.413446307362847e-08
-1.6645122613567764e-08
3.552713678800501e-15
3.247402347028583e-15
5.551115123125783e-17
-4.440892098500626e-16
-8.881784197001252e-16
8.881784197001252e-16
6.661338147750939e-16
-7.771561172376096e-16
0.0
2.931591325250338e-08
2.2218330286705168e-08
2.957847300422145e-08
-4.901927752598567e-10
-3.1388935894938186e-10
1.2309775421215363e-10
2.9607596374603418e-08
1.701234708662014e-08
5.03247754579661e-09
-3.1086244689504383e-15
-1.4190038033490282e-15
0.0
4.440892098500626e-16
3.552713678800501e-15
-2.3314683517128287e-15
-1.1102230246251565e-15
6.661338147750939e-16
0.0
1.2260077397741043e-08
2.723311354202451e-09
9.003258583106799e-09
1.935340776526573e-11
-5.3157478419052495e-12
1.399615978669999e-10
9.481878393557963e-09
5.184288554005434e-09
1.1827818724441386e-09
4.440892098500626e-15
2.2620794126737565e-15
1.1657341758564144e-15
5.773159728050814e-15
-4.440892098500626e-15
5.551115123125783e-16
-8.659739592076221e-15
1.6764367671839864e-14
7.549516567451064e-15
3.186574559777e-09
3.4880258681369014e-09
1.5031460520731343e-09
-3.01638714006458e-11
-3.2365221613872563e-12
1.8750800911959686e-10
1.869555177336224e-09
9.162119951611202e-10
4.764793004596868e-10
1.3322676295501878e-15
-5.717648576819556e-15
0.0
0.0
-6.661338147750939e-16
2.55351295663786e-15
5.551115123125783e-17
-1.6930901125533637e-15
2.1094237467877974e-15
2.3617445776835666e-09
3.1488269769397448e-09
1.2370300339625828e-09
-2.5289992322541366e-11
-2.6201263381153694e-12
8.745981716629103e-11
1.3409682253495703e-09
5.674494832352828e-10
2.2990853665305624e-10
-2.9976021664879227e-15
2.9906632725840154e-15
5.551115123125783e-17
-2.220446049250313e-16
2.220446049250313e-16
-2.220446049250313e-16
-4.996003610813204e-16
-2.220446049250313e-16
-1.1102230246251565e-16
2.282494193650564e-09
3.069004606004455e-09
1.4618706245528301e-09
-1.3205436744101462e-11
8.242295734817162e-12
3.420685956712077e-11
1.485139122792134e-09
6.1243254911858e-10
1.822186845856777e-10
1.7763568394002505e-15
-1.0495077029659683e-16
-1.1102230246251565e-16
1.7763568394002505e-15
-3.4416913763379853e-15
-1.9984014443252818e-15
9.020562075079397e-17
2.220446049250313e-16
2.220446049250313e-16
2.1716246578762366e-09
5.157460236659972e-09
1.8304682214420609e-09
-4.158451361035986e-12
4.9890758191395435e-11
5.005063030694146e-11
1.7940102736702102e-09
8.536931161984285e-10
4.6445158830010764e-10
-1.1102230246251565e-16
5.898059818321144e-15
-1.6403545188836688e-14
-1.9761969838327786e-14
1.021405182655144e-14
2.6645352591003757e-14
-4.107825191113079e-15
1.3322676295501878e-15
1.0658141036401503e-14
1.8007000335273915e-09
5.110308620714932e-09
1.6275869541004795e-09
4.451550239537028e-12
8.032152720716113e-11
5.652989187865388e-11
1.460520593354886e-09
6.915019667985689e-10
4.94483565205428e-10
-1.2212453270876722e-15
-7.570333249162786e-15
-2.04714717400023e-14
-1.554312234475219e-14
-1.6653345369377348e-14
6.8833827526759706e-15
-4.440892098500626e-16
-1.3322676295501878e-15
2.220446049250313e-16
1.908091462610173e-10
3.448647589721077e-09
1.610089839232387e-11
-7.172928917498211e-12
2.3771207224854152e-11
4.2484904483330865e-11
-1.149658146459842e-10
-8.711698029628678e-11
2.1053603305176694e-10
1.887379141862766e-15
-2.123301534595612e-15
1.0408340855860843e-16
-2.4424906541753444e-15
1.199040866595169e-14
8.881784197001252e-16
-1.1102230246251565e-16
1.1102230246251565e-16
7.771561172376096e-16
-1.026034368578621e-09
2.8012152597511886e-09
-1.0441674191952188e-09
-3.881979182551732e-10
-3.417097715896489e-10
-4.657585428446964e-11
-8.222187375395151e-10
-3.524114333686157e-10
5.3162807489570696e-11
1.5543122344752192e-15
-2.2343238370581275e-15
-1.942890293094024e-16
2.6645352591003757e-15
-3.552713678800501e-15
-8.881784197001252e-16
4.440892098500626e-16
-4.440892098500626e-16
-4.440892098500626e-16
-1.5623079718807276e-08
1.677057070992305e-08
-1.2838164309414424e-08
-1.2192685971967876e-08
-9.446321058703688e-09
-1.614011146955363e-09
-4.885372106855357e-10
-2.45485409777757e-10
6.934897101018578e-11
8.659739592076221e-15
9.520162436160717e-15
2.0095036745715333e-14
-1.84297022087776e-14
6.084022174945858e-14
-3.441691376337985e-14
-7.771561172376096e-16
1.6209256159527285e-14
-6.439293542825908e-15
-2.530597953409597e-09
1.8520154299039857e-09
-1.992969345110396e-09
-1.3011600685786107e-09
-8.879910140535685e-10
-2.2112356390380228e-10
-7.267040302849637e-10
-3.297930817325323e-10
4.7919002099661157e-11
1.5543122344752192e-15
4.3021142204224816e-16
-1.3877787807814457e-16
7.771561172376096e-16
-2.6645352591003757e-15
-8.881784197001252e-16
7.216449660063518e-16
-6.661338147750939e-16
1.354472090042691e-14
9.270515022308246e-09
-9.263231959266705e-09
6.211987368942573e-09
6.428569676586449e-09
4.881545834223289e-09
4.5007375604200206e-10
-3.001296988713875e-10
-5.6919802204902226e-11
1.1001333177773631e-10
-2.886579864025407e-15
1.124100812432971e-15
1.8041124150158794e-16
1.9984014443252818e-15
1.7763568394002505e-15
2.220446049250313e-16
3.3306690738754696e-16
-2.220446049250313e-16
-2.220446049250313e-16
-1.3868639570091545e-09
-6.503341865027323e-09
-3.5339073889417705e-09
-3.790801450520576e-09
-2.359480610891751e-09
-7.723451114771684e-10
1.389963699693908e-10
2.5859847596620966e-10
8.51727577355632e-11
-2.886579864025407e-15
-1.5543122344752192e-15
2.220446049250313e-16
-2.4424906541753444e-15
-8.881784197001252e-16
2.220446049250313e-16
-5.551115123125783e-16
0.0
6.661338147750939e-16
-1.927163015835731e-07
2.0091894725737802e-07
-1.1863770565945231e-07
-1.188650280425918e-07
-8.260867279119566e-08
2.849404601157346e-09
2.9977620386034687e-10
4.2531489441444137e-10
1.340438871011429e-10
8.659739592076221e-15
1.1379786002407855e-15
-3.0253577421035516e-15
2.4424906541753444e-15
0.0
7.355227538141662e-16
-6.716849298982197e-15
1.9984014443252818e-14
-7.327471962526033e-15
-1.2650904324118528e-08
1.824224682422937e-08
-7.731607354344305e-09
-7.687273040346554e-09
-5.3977666780724576e-09
2.529411680107785e-10
5.1875836959425214e-11
5.82932813131265e-10
2.7831958959723124e-10
-3.3306690738754696e-15
-3.7192471324942744e-15
-2.7755575615628914e-17
8.881784197001252e-16
-4.440892098500626e-15
1.9255430583342559e-16
-8.881784197001252e-16
6.661338147750939e-16
3.552713678800501e-15
-4.879908033217362e-09
5.664219315804076e-09
-2.6569857425329246e-09
-2.6229489691331764e-09
-1.6583605599862494e-09
-1.699268781241159e-10
8.120792927002185e-11
3.178612928422808e-11
-4.898748073856041e-12
4.6629367034256575e-15
1.7208456881689926e-15
1.249000902703301e-16
-1.4432899320127035e-15
1.3322676295501878e-15
-1.1102230246251565e-16
3.0531133177191805e-15
-1.3766765505351941e-14
-1.7763568394002505e-15
1.1377920827726484e-09
2.425224465696374e-10
2.2524204723595176e-10
1.7043966238361463e-10
2.7368929345072956e-10
-1.8785750732774886e-10
1.198934285184805e-10
1.4503154233125315e-10
3.0094327030383283e-10
-2.1094237467877974e-15
-3.094746681142624e-15
-1.457167719820518e-16
3.885780586188048e-16
3.774758283725532e-15
0.0
-1.1546319456101628e-14
9.769962616701378e-15
1.4710455076283324e-15
1.5484413751210013e-08
-1.675522298683063e-08
1.0702677855078946e-08
1.128031001940144e-08
7.794773715374959e-09
2.5771109690708727e-09
-6.441824851322053e-10
-2.484004113512128e-10
-2.7213786779611837e-11
3.4416913763379853e-15
-6.713379852030243e-16
-5.551115123125783e-17
-8.881784197001252e-16
1.1102230246251565e-15
6.661338147750939e-16
3.3306690738754696e-16
1.199040866595169e-14
1.4988010832439613e-15
-2.6593252044904143e-09
3.269633452873677e-09
-1.647006087068803e-09
-2.3471453669543507e-09
-1.207972277761371e-09
-3.0731861500044033e-10
6.868008384230961e-10
4.457003655033987e-10
1.3568524082074873e-10
-7.105427357601002e-15
-5.134781488891349e-16
5.551115123125783e-17
4.440892098500626e-16
2.7755575615628914e-15
-1.6653345369377348e-15
-6.217248937900877e-15
1.3322676295501878e-15
-1.1102230246251565e-15
4.683246501713256e-08
-3.713043383868353e-08
3.240029400330968e-08
2.6413156106741553e-08
1.728877263573736e-08
4.3683470174471495e-09
6.030804300394266e-09
3.462783837449024e-09
1.0715126563809463e-09
1.887379141862766e-15
7.549516567451064e-15
8.770761894538737e-15
2.220446049250313e-16
9.43689570931383e-16
-6.661338147750939e-16
3.497202527569243e-15
-7.993605777301127e-15
-1.5543122344752192e-15
-8.81147599329779e-08
-9.330790362582775e-08
-8.456264311007544e-08
-1.0195590149919553e-07
-5.287635573836269e-08
-6.310218569893777e-09
1.7483397840578618e-08
9.911660825423496e-09
3.2157743135030614e-09
-1.4432899320127035e-15
-4.746203430272544e-15
2.220446049250313e-16
8.881784197001252e-16
-9.489371094462129e-15
2.220446049250313e-16
2.220446049250313e-16
4.440892098500626e-16
-4.440892098500626e-16
2.6478517156647285e-09
-1.0079286028030766e-07
-5.917190293303065e-09
-2.315047176182361e-08
-5.330573316086884e-09
7.718097272402247e-09
1.7250485484510136e-08
9.713012616430206e-09
4.138954068366729e-09
2.886579864025407e-15
1.8041124150158794e-15
-5.551115123125783e-17
-6.661338147750939e-16
-3.3306690738754696e-16
1.1102230246251565e-16
0.0
6.661338147750939e-15
0.0
-5.7356203342351364e-08
2.4104326712404145e-07
-8.930776118631911e-10
2.5316493790228378e-08
2.172594726346233e-08
3.2977252928390044e-08
-2.6174877376661243e-08
-1.5990877955118776e-08
-7.677414259887883e-10
-6.661338147750939e-15
-3.1155633628543455e-15
1.4661882818955974e-14
-1.7763568394002505e-15
2.609024107869118e-15
0.0
-4.884981308350689e-15
-4.440892098500626e-15
1.915134717478395e-15
-1.0964598118334834e-08
-2.5632402866904158e-08
-1.2344266053787578e-08
-1.2167383545147459e-08
-6.636438065754646e-09
-1.519605774547017e-09
-5.864286833912047e-10
-7.183054151482793e-11
-1.797251236723696e-11
7.771561172376096e-15
2.1094237467877974e-15
1.6132928326584306e-16
6.661338147750939e-16
-2.220446049250313e-16
0.0
-8.881784197001252e-16
-8.881784197001252e-16
0.0
-3.566640316421399e-09
-1.84587278795334e-08
-4.928697450168329e-09
-4.887311888523982e-09
-2.5907631595600833e-09
-1.1484875273026773e-09
1.2047252084812499e-11
-2.476197025202964e-11
2.2799984122912065e-11
-4.218847493575595e-15
-1.519617764955683e-15
-9.71445146547012e-17
2.220446049250313e-16
-1.942890293094024e-16
0.0
2.220446049250313e-15
0.0
0.0
-3.1126106136980525e-09
-1.3757812666881364e-08
-2.9699354087142638e-09
-3.2620501855262773e-09
-1.6181300188655712e-09
-7.821689962383971e-10
3.758646727192172e-10
-3.179367880079553e-11
-3.864208952819581e-11
1.1102230246251565e-15
6.203371150093062e-15
-1.3877787807814457e-17
2.220446049250313e-16
1.3322676295501878e-15
-1.1102230246251565e-16
-1.3322676295501878e-15
-4.440892098500626e-15
8.881784197001252e-16
-1.2603607046912657e-10
-7.063988505251473e-09
-1.0722622789671732e-10
-1.6492762711095565e-10
-9.215428420361604e-11
-2.838014268036204e-10
1.254791825999746e-10
5.555103946286444e-11
-4.239608664136085e-12
1.9984014443252818e-15
-3.2751579226442118e-15
8.326672684688674e-17
-2.220446049250313e-16
-8.881784197001252e-16
-2.220446049250313e-16
8.881784197001252e-16
8.881784197001252e-16
-1.7763568394002505e-15
1.879811861726921e-09
-1.212487887869429e-10
1.4091368072399746e-09
1.4217427235507785e-09
7.442668703561139e-10
1.432809426660242e-10
6.608757985304692e-11
5.552980297807153e-11
1.0472067657474327e-11
8.659739592076221e-15
-5.759281940243e-16
-1.1102230246251565e-16
-3.3306690738754696e-16
-3.885780586188048e-16
2.220446049250313e-16
-1.3322676295501878e-15
9.769962616701378e-15
1.887379141862766e-15
2.092264139719191e-09
5.235435196482285e-09
1.7715571232201912e-09
1.8579680016728162e-09
1.0417267048978829e-09
4.787921170645859e-10
-5.629097188375454e-11
9.50359790863331e-11
1.8242074517615947e-11
-1.3655743202889425e-14
-1.0408340855860843e-16
3.3306690738754696e-16
0.0
1.2878587085651816e-14
0.0
1.3322676295501878e-15
-6.772360450213455e-15
-3.3306690738754696e-16
3.1669600275563425e-09
6.582951073141884e-09
3.4998723918988617e-09
3.6988563323347993e-09
2.276721033922513e-09
1.1634924135250913e-09
-1.1483991535499172e-10
3.8186342976587184e-11
6.166178678768119e-13
9.43689570931383e-15
1.6861512186494565e-15
-3.3306690738754696e-16
4.440892098500626e-16
-1.2323475573339238e-14
2.220446049250313e-16
-1.5543122344752192e-15
-6.661338147750939e-15
-1.3322676295501878e-15
4.78516426483111e-09
7.563336623661598e-09
5.084609899785875e-09
5.01588992563029e-09
3.123037828345332e-09
1.5228351912810467e-09
-7.781286726071812e-11
9.604805839558139e-11
9.693024161094854e-12
-2.7755575615628914e-15
-4.517219931443606e-15
-1.942890293094024e-16
-4.996003610813204e-16
-3.3306690738754696e-16
-3.3306690738754696e-16
1.7763568394002505e-15
1.1102230246251565e-16
-4.440892098500626e-16
4.708404333086946e-09
6.265713281550234e-09
4.3258978621452115e-09
4.285860555341969e-09
2.5792594726681273e-09
1.305551222685608e-09
-6.7768013423119555e-12
1.6871526398176684e-10
1.8758564146459378e-11
-3.3306690738754696e-15
5.218048215738236e-15
3.608224830031759e-16
-1.1102230246251565e-16
-5.551115123125783e-16
2.220446049250313e-16
1.1102230246251565e-15
3.1086244689504383e-15
2.220446049250313e-16
2.910852003878972e-09
5.320168305900097e-09
2.5929907110366912e-09
2.5790640734157932e-09
1.4747350007837667e-09
8.681979579705513e-10
2.7551294579097885e-12
4.5997872177849786e-11
2.3262503034970905e-12
1.7763568394002505e-15
-4.288236432614667e-15
-1.1102230246251565e-16
4.440892098500626e-16
1.5543122344752192e-15
-7.771561172376096e-16
1.7763568394002505e-15
7.993605777301127e-15
1.3322676295501878e-15
6.292708576438599e-10
4.683726073650973e-09
6.006244390732718e-10
4.0038372617345885e-10
2.0403945200087037e-10
4.411333520693006e-10
2.2070167915444472e-10
-1.601785371008191e-11
-5.297984273511247e-12
1.7763568394002505e-15
1.4918621893400541e-15
-5.551115123125783e-17
-4.996003610813204e-16
-9.992007221626409e-16
9.159339953157541e-16
-4.052314039881821e-15
-5.773159728050814e-15
-1.1102230246251565e-15
-1.5297310085315985e-09
3.905670897808022e-09
-1.2397682880305183e-09
-1.73966085981192e-09
-9.834053571466939e-10
8.772360615694197e-11
4.155111810177914e-10
1.2333067900272e-10
1.608235766781263e-11
-7.771561172376096e-15
-5.967448757360216e-16
8.326672684688674e-17
4.440892098500626e-16
-4.718447854656915e-16
-2.5326962749261384e-16
1.582067810090848e-15
0.0
2.220446049250313e-16
-1.6734809094032244e-09
2.3484556521680133e-09
-1.7036203558973284e-09
-2.367187335039489e-09
-1.3016965283441095e-09
-4.064304448547773e-11
5.953566528660303e-10
4.912253936950606e-10
5.016864701445911e-11
8.215650382226158e-15
-1.3461454173580023e-15
-8.326672684688674e-17
-1.4210854715202004e-14
2.3314683517128287e-15
5.967448757360216e-16
6.38378239159465e-16
-1.7763568394002505e-15
-4.440892098500626e-16
-1.2154366402228334e-10
-2.8038016353093553e-10
-1.3331266646154916e-09
-1.903147861526122e-09
-9.991865113079257e-10
-5.157119176146807e-11
5.821849669018775e-10
8.349593794143573e-10
3.798883430050637e-11
-4.440892098500626e-15
1.8735013540549517e-15
7.466249840604178e-15
-2.220446049250313e-16
-3.4833247397614286e-15
-3.608224830031759e-15
3.885780586188048e-15
-5.329070518200751e-15
1.9984014443252818e-15
-3.0938851480755147e-10
-1.0226361979448484e-09
-1.8578292237947382e-09
-1.719739017858046e-09
-8.183498323433014e-10
-9.487166607868858e-11
-4.907718675895012e-11
2.860257031223057e-10
-7.736261631308139e-11
3.774758283725532e-15
3.712308238590367e-15
-5.412337245047638e-16
-2.220446049250313e-16
-4.787836793695988e-16
7.494005416219807e-16
-4.6629367034256575e-15
1.7763568394002505e-15
0.0
-1.871450550083864e-09
3.2748719291930684e-09
-2.3563284656802352e-09
-1.8924080080751082e-09
-8.324541056481394e-10
-1.2035172858304577e-10
-4.629996386285029e-10
-7.030833693022487e-10
-1.3139250798488433e-10
-6.8833827526759706e-15
-3.4763858458575214e-15
9.558326352632207e-16
1.1102230246251565e-16
-1.1345091532888318e-15
-4.440892098500626e-16
2.220446049250313e-15
0.0
2.220446049250313e-16
-6.730704882329519e-10
7.592698914038465e-09
-6.365461491242286e-10
-3.666347225816935e-10
8.182254873645434e-11
2.50935272561037e-10
-2.282911637507823e-10
-7.748335306700938e-10
-6.246800299258837e-11
3.3306690738754696e-15
-2.633310236532793e-15
-1.7583157152500917e-14
4.218847493575595e-15
-5.041800310578992e-14
-1.942890293094024e-15
-5.329070518200751e-15
1.7763568394002505e-15
-5.551115123125783e-15
3.1744171735681448e-09
7.1164851789262684e-09
2.1652251103176923e-09
2.2027855095529958e-09
1.5301466760320181e-09
8.477769597448059e-10
-1.3299583656589675e-11
-2.2368951135831594e-10
1.887023870494886e-11
2.4424906541753444e-15
3.337607967779377e-15
-1.6653345369377348e-16
0.0
-3.885780586188048e-16
-7.771561172376096e-16
0.0
8.881784197001252e-16
0.0
6.00860872168596e-09
5.017502857640466e-09
3.822297145461562e-09
3.818144023171044e-09
2.2799486742997033e-09
1.3096723705530167e-09
9.8590469121973e-11
1.8569501492038398e-10
5.807720970807395e-11
-5.662137425588298e-15
-2.3071822230491534e-15
1.6653345369377348e-16
-1.1102230246251565e-16
-3.3306690738754696e-16
7.771561172376096e-16
-2.220446049250313e-16
-8.881784197001252e-16
0.0
7.159187020988611e-09
5.253853352371607e-09
4.0214782615066724e-09
3.916224192157536e-09
2.505723628587475e-09
1.5419772125824238e-09
1.744009381354772e-10
2.7273294733731746e-10
6.69403421582615e-11
9.992007221626409e-16
7.979727989493313e-17
-3.164135620181696e-15
3.4416913763379853e-15
-2.4424906541753444e-15
3.885780586188048e-16
-1.865174681370263e-14
6.217248937900877e-15
-1.0602629885170245e-14
7.263189161221816e-09
6.484599524014812e-09
3.8698668991532514e-09
3.81152087669534e-09
2.4015722743797596e-09
1.6694059468136402e-09
1.276116989856746e-10
2.0946799850207753e-10
6.135092434078615e-11
4.3298697960381105e-15
-1.4693107841523556e-15
0.0
0.0
-1.7763568394002505e-15
-2.220446049250313e-16
4.440892098500626e-16
0.0
0.0
9.289543356771901e-09
8.47729175745826e-09
4.876027914768599e-09
5.098895194954878e-09
2.9429036985106904e-09
1.8515038391342387e-09
-6.434675015043467e-11
5.234568334344658e-11
4.796141261920183e-11
-3.774758283725532e-15
3.337607967779377e-15
0.0
2.7755575615628914e-17
1.3322676295501878e-15
1.1102230246251565e-16
2.220446049250313e-16
9.992007221626409e-16
2.220446049250313e-16
1.3996796610626916e-08
1.2312295183392052e-08
8.285912844741006e-09
8.50042480848856e-09
4.839086242824919e-09
2.3486776967729384e-09
-2.4147972510490945e-10
-1.5799805908045528e-10
4.468714287497733e-11
-3.9968028886505635e-15
-8.864436962241484e-16
-1.1102230246251565e-16
-3.3306690738754696e-16
-8.881784197001252e-16
2.220446049250313e-16
-1.1102230246251565e-15
4.996003610813204e-16
0.0
1.5439967171460012e-07
1.9725653999103088e-08
1.238915716683664e-07
1.6964130544749878e-08
9.404129031054254e-09
3.574299967112893e-09
1.0688698903749128e-07
5.995662721858253e-08
1.09232086709099e-08
-6.661338147750939e-16
-2.6818824938601438e-15
0.0
2.220446049250313e-16
2.6645352591003757e-15
-4.440892098500626e-16
0.0
-5.551115123125783e-16
-3.3306690738754696e-16
3.637353529484244e-08
1.1470490335341308e-08
2.4271044285484322e-08
2.4939945220125992e-08
1.3588856262458648e-08
4.6158703526089084e-09
-6.433342747413917e-10
-4.321760727066248e-10
2.7699176285977956e-11
1.887379141862766e-15
4.440892098500626e-15
5.551115123125783e-17
-2.220446049250313e-16
-1.7763568394002505e-15
0.0
1.1102230246251565e-16
-6.106226635438361e-16
4.163336342344337e-16
4.338984638252441e-08
5.0098378778784536e-09
2.8572586074915307e-08
2.9449150673599434e-08
1.5800736719029373e-08
4.6933337216614746e-09
-8.358327363566787e-10
-5.41493960781736e-10
1.9347634605537675e-11
1.3322676295501878e-15
-6.189493362285248e-15
7.806255641895632e-18
0.0
-1.7763568394002505e-15
8.881784197001252e-16
1.1657341758564144e-15
1.5265566588595902e-15
-1.1102230246251565e-16
1.2937327653617103e-08
-4.188962066109525e-09
8.396394690635134e-10
1.7434143018135728e-09
-1.1613110473263077e-10
-1.6377548206492065e-09
-8.339320345385204e-10
-5.022986471203694e-10
-1.1762368856693683e-11
-3.552713678800501e-15
6.328271240363392e-15
-2.7755575615628914e-17
4.440892098500626e-16
3.552713678800501e-15
-1.7763568394002505e-15
1.8041124150158794e-16
-1.3322676295501878e-15
4.440892098500626e-16
-5.0748440116876736e-08
-8.556810371374013e-09
-5.4060308229963994e-08
-5.339698461170883e-08
-3.135987114433192e-08
-1.3191685965807665e-08
-6.011671160877086e-10
-3.6771830025372765e-10
-4.956390853294579e-11
2.220446049250313e-15
-5.6066262743570405e-15
-2.7755575615628914e-17
-8.881784197001252e-16
0.0
2.220446049250313e-15
-4.440892098500626e-16
1.6653345369377348e-16
-2.1510571102112408e-16
-1.979121293516073e-07
-1.8378477761871181e-07
-2.502731462072916e-07
-1.14933840222875e-10
2.1784885007036792e-10
1.112827829885532e-09
-2.5002349701708226e-07
-1.6657551604737364e-07
-8.673081808296956e-08
-6.772360450213455e-15
-9.43689570931383e-16
0.0
4.440892098500626e-16
3.552713678800501e-15
4.996003610813204e-16
1.5543122344752192e-15
1.1102230246251565e-16
2.220446049250313e-16
3.471598120086128e-08
8.782171789789572e-08
5.0668270468179344e-08
3.801847725526386e-12
2.1520563109334034e-12
4.957101396030339e-11
5.0655053485115786e-08
3.144656091080833e-08
9.607432849279007e-09
8.548717289613705e-15
6.925016116099414e-15
-1.7208456881689926e-15
-1.7763568394002505e-15
3.1086244689504383e-15
6.661338147750939e-16
-5.839773109528323e-14
2.220446049250313e-16
-3.197442310920451e-14
-1.1333945337810292e-08
5.0637254389584996e-08
4.358062355436232e-09
1.16453291454377e-10
2.2945645383742885e-11
-3.605754583801968e-10
3.799176084839928e-09
3.106537249664143e-09
1.624637202546353e-09
1.3322676295501878e-15
-6.661338147750939e-16
1.6653345369377348e-16
2.220446049250313e-15
-5.329070518200751e-15
-1.970645868709653e-15
-2.220446049250313e-16
1.942890293094024e-16
-1.1102230246251565e-16
-6.016016129706259e-09
4.435764822119381e-08
4.730186020651672e-09
7.463119011674735e-11
1.1957990153632636e-11
4.970790445923967e-11
4.238899009578745e-09
2.8804123530790093e-09
1.4494762057282173e-09
-1.099120794378905e-14
1.4432899320127035e-15
-8.326672684688674e-17
-2.220446049250313e-16
-5.551115123125783e-16
3.3306690738754696e-16
2.220446049250313e-16
-2.0816681711721685e-16
2.220446049250313e-16
-1.915913649952472e-09
3.947286586480914e-08
5.187283491636663e-09
2.2105761665613954e-11
2.1231905122931494e-12
1.3400847098665736e-10
5.15035836201605e-09
3.1332598737776607e-09
1.562730389537137e-09
-6.661338147750939e-16
-1.3183898417423734e-14
-8.326672684688674e-16
-8.881784197001252e-16
9.43689570931383e-16
-9.992007221626409e-16
-5.88418203051333e-15
-2.1760371282653068e-14
9.325873406851315e-15
-1.526806014950921e-09
3.47468471773027e-08
3.9486316438797076e-09
-1.3705925283602483e-11
-7.406075752669494e-12
7.552447556236075e-11
4.005183740218854e-09
2.4896937844687272e-09
1.6757546461576565e-09
1.2545520178264269e-14
2.310651670001107e-15
-8.326672684688674e-17
2.886579864025407e-15
3.774758283725532e-15
3.3306690738754696e-15
5.551115123125783e-16
1.1324274851176597e-14
-1.5210055437364645e-14
-2.688125277927611e-10
1.8565714299256797e-08
3.866336584223973e-09
-1.013988892850648e-11
-7.419398428964996e-12
1.8930967904395857e-11
3.95801436070542e-09
2.879815497180971e-09
2.549171540522366e-09
-4.440892098500626e-15
-6.522560269672795e-16
8.326672684688674e-17
1.1102230246251565e-16
2.220446049250313e-15
-3.3306690738754696e-15
-5.551115123125783e-16
-7.138734048339757e-14
-9.367506770274758e-17
-2.638870455484721e-09
1.469858545988245e-08
1.2825367434743384e-09
3.7068126346184727e-11
4.737543690680468e-12
3.6977199080467926e-11
1.2445120489701367e-09
1.2662404458296805e-09
1.8385151179245438e-09
-2.9976021664879227e-15
6.106226635438361e-16
-5.551115123125783e-17
5.551115123125783e-16
-7.993605777301127e-15
3.1086244689504383e-15
2.7755575615628914e-16
7.310818617156656e-14
1.6653345369377348e-16
-2.9444606752804248e-09
1.2828067497139273e-08
5.397715607813325e-10
2.597246862023894e-10
1.4318013441538824e-10
2.7256419343757446e-11
2.0808244016734534e-10
6.023199716764793e-10
1.5181598200797453e-09
4.551914400963142e-15
7.494005416219807e-16
5.551115123125783e-17
-2.1094237467877974e-15
5.773159728050814e-15
-1.5543122344752192e-15
3.3306690738754696e-16
6.106226635438361e-16
2.220446049250313e-16
3.829896400020516e-10
7.111987443408906e-09
2.955688138683854e-09
3.995889841235112e-09
2.926827669114118e-09
4.6364756478567415e-10
-1.0723297805270704e-09
-2.623572470383806e-10
1.2096279533579946e-09
-1.5543122344752192e-15
-5.065392549852277e-15
0.0
3.1086244689504383e-15
-7.549516567451064e-15
6.661338147750939e-16
-6.938893903907228e-16
-8.881784197001252e-16
-8.326672684688674e-17
1.7918178940590224e-08
-1.3861821912541927e-08
1.570334862144307e-08
1.787071113312777e-08
1.3574001922478374e-08
1.944549188337419e-09
-2.182833469532852e-09
-9.530367606203072e-10
9.038103598868474e-10
-8.215650382226158e-15
-5.898059818321144e-16
5.551115123125783e-17
-1.6930901125533637e-15
2.6645352591003757e-15
-2.220446049250313e-16
4.440892098500626e-16
3.3306690738754696e-16
0.0
5.289425786259017e-09
-1.5026131450213143e-09
5.158144356087746e-09
7.674883839570157e-09
5.639080313812883e-09
4.359249627938766e-10
-2.519644937137855e-09
-1.1969554236657132e-09
7.189200346147118e-10
2.6645352591003757e-15
4.3125225612783424e-15
1.3877787807814457e-17
1.5543122344752192e-15
-6.217248937900877e-15
-4.440892098500626e-16
-3.885780586188048e-16
-3.3306690738754696e-16
-1.1102230246251565e-16
6.5793148706916335e-09
-3.118742597507662e-09
5.700382388340586e-09
8.13634204455127e-09
5.686481951983069e-09
1.9918056093359837e-10
-2.431423951065881e-09
-1.1861693849368748e-09
6.112870210017718e-10
1.1546319456101628e-14
4.038436252074007e-15
6.938893903907228e-18
-2.4424906541753444e-15
3.552713678800501e-15
1.1102230246251565e-15
2.220446049250313e-16
1.7763568394002505e-15
-4.996003610813204e-16
-4.8773998173601285e-09
7.267516366482597e-09
-2.4682620392013632e-09
5.989738705025616e-10
3.845990192985483e-10
9.924278066009151e-11
-3.1364777441922342e-09
-1.683424954990187e-09
4.169038447798812e-10
-1.587618925213974e-14
-6.050715484207103e-15
-2.0556473190325164e-16
8.881784197001252e-16
0.0
-6.661338147750939e-16
-2.220446049250313e-16
-1.1102230246251565e-15
8.881784197001252e-16
1.7976198307678715e-10
-4.775984052685089e-10
1.3275780474941712e-10
-8.118550276492442e-11
-4.6993520186333626e-11
2.717948088815092e-10
2.3156410122737728e-10
1.2462209042496397e-10
-1.2501111257279263e-12
7.327471962526033e-15
4.218847493575595e-15
2.2898349882893854e-16
1.7763568394002505e-15
-8.881784197001252e-16
2.220446049250313e-16
-1.1102230246251565e-16
2.220446049250313e-16
-8.881784197001252e-16
6.88797641146266e-09
1.0210332135329736e-08
8.07552069659323e-09
-1.56751944757616e-10
-1.0424194840652491e-10
-6.42453867882864e-11
8.240739646225848e-09
4.861714586468224e-09
2.1711770159527077e-09
-3.6637359812630166e-15
2.858824288409778e-15
5.134781488891349e-15
-3.552713678800501e-15
8.881784197001252e-16
4.718447854656915e-16
8.881784197001252e-16
1.554312234475219e-14
-1.404432126150823e-14
-1.0482546053403041e-08
6.53403731121216e-09
-7.0327503820522005e-09
-1.6047385642536938e-11
-2.6716406864579767e-11
-1.1925599396889197e-10
-6.9959682491571584e-09
-3.814388804812552e-09
-3.142019977531163e-10
8.215650382226158e-15
-4.4825254619240695e-15
-1.1102230246251565e-16
1.3322676295501878e-15
2.220446049250313e-15
-4.0245584642661925e-16
2.6645352591003757e-15
2.220446049250313e-16
2.609024107869118e-14
-1.5163134747808726e-08
5.8626028476282954e-09
-1.0935509386911235e-08
8.345344424190437e-11
2.006839139312433e-11
-1.8249513011880936e-11
-1.1038560288056942e-08
-6.089903692441112e-09
-1.0140297490579542e-09
-5.10702591327572e-15
1.1796119636642288e-15
6.106226635438361e-15
4.440892098500626e-16
-3.774758283725532e-15
-1.3877787807814457e-16
-2.220446049250313e-15
-1.1546319456101628e-14
-4.385380947269368e-15
-2.2436189794916572e-08
4.704190814663889e-09
-1.6948503045455254e-08
3.372930823530851e-10
1.6949774916952265e-10
-8.383782296866871e-11
-1.726922604916581e-08
-9.591305527578697e-09
-2.0744295170516125e-09
-4.440892098500626e-15
-2.9629076969683865e-15
-5.551115123125783e-17
-1.1102230246251565e-15
1.7763568394002505e-15
-2.220446049250313e-16
1.1102230246251565e-16
-6.661338147750939e-16
-1.7416623698807143e-15
-3.379275170800611e-08
3.552074190338317e-09
-2.6411677955806567e-08
5.394271695990938e-10
2.445643028370359e-10
-1.8728069095530486e-10
-2.6945165210179315e-08
-1.49445753550026e-08
-3.7131826502445615e-09
-2.6645352591003757e-15
-3.122502256758253e-17
1.1102230246251565e-16
1.7763568394002505e-15
-1.4432899320127035e-15
4.440892098500626e-16
2.7755575615628914e-16
-6.661338147750939e-16
1.4432899320127035e-15
-4.332314063049125e-08
2.1941843897366198e-09
-3.4344933119712096e-08
1.478992928127809e-09
7.190269490919832e-10
-1.5170786848983653e-10
-3.5784028185048555e-08
-1.9931866046540847e-08
-5.344816145225195e-09
6.106226635438361e-15
8.881784197001252e-16
-2.220446049250313e-16
-1.1102230246251565e-15
8.881784197001252e-16
-1.1102230246251565e-16
-8.326672684688674e-17
4.440892098500626e-16
-2.220446049250313e-16
-6.157451792887514e-08
1.1376172892596514e-08
-4.670241970927691e-08
-3.634003320485135e-09
-1.903797119950923e-09
9.899947528424491e-11
-4.3024489304599456e-08
-2.394753462198196e-08
-6.837638011347735e-09
8.659739592076221e-15
4.7878367936959876e-15
5.551115123125783e-17
-4.440892098500626e-16
8.881784197001252e-16
-3.608224830031759e-16
0.0
-4.440892098500626e-16
2.220446049250313e-16
-1.9365780445923522e-07
1.2362932011455996e-07
-1.279934824793827e-07
-7.171479410317261e-08
-3.68026156216672e-08
6.650248005057868e-09
-5.624479193500064e-08
-3.121684954976445e-08
-9.626972996557015e-09
-6.106226635438361e-15
-3.2335245592207684e-15
0.0
1.1102230246251565e-15
-8.881784197001252e-16
3.3306690738754696e-16
-1.1102230246251565e-16
1.3322676295501878e-15
0.0
-1.5401184967345216e-06
1.3862690693144941e-06
-9.630560242612773e-07
-8.371091961834054e-07
-4.2981831316346586e-07
7.37574601394897e-08
-1.2642707858390168e-07
-7.01590714413669e-08
-2.3350139599642716e-08
3.552713678800501e-15
-2.1788126858268697e-15
-3.885780586188048e-16
-2.220446049250313e-16
-4.440892098500626e-16
-2.220446049250313e-16
0.0
4.440892098500626e-16
0.0
5.495046977443963e-07
2.5225510569271137e-07
5.321757026166551e-07
5.723200420248986e-07
3.3422601664057083e-07
9.710011639185723e-08
-4.0094644049304407e-08
-1.855836018194168e-08
-9.757343377714278e-09
-4.107825191113079e-15
1.5334955527634975e-15
0.0
-8.881784197001252e-16
8.560860353945543e-16
-2.220446049250313e-16
4.440892098500626e-16
1.7763568394002505e-15
-8.881784197001252e-16
7.304172200406356e-08
-6.513414518849459e-08
7.88053924338783e-08
2.8713818878145506e-08
1.4871855746889649e-08
1.342440825169433e-09
5.013466974901348e-08
3.8571108973428636e-08
5.913403100521464e-09
2.9976021664879227e-15
-3.247402347028583e-15
-6.938893903907228e-18
6.661338147750939e-16
1.1102230246251565e-16
0.0
8.881784197001252e-16
-8.881784197001252e-16
-1.3322676295501878e-15
-9.022991420692961e-08
2.350643342197145e-07
-8.526229500205318e-08
1.1996029058991553e-08
-7.522942269133637e-09
-1.0112081838542508e-08
-9.651128607401915e-08
-5.4348551437044534e-08
-1.9871985057484665e-08
-2.3314683517128287e-15
2.1510571102112408e-15
0.0
-2.220446049250313e-16
-1.3322676295501878e-15
6.661338147750939e-16
-1.3322676295501878e-15
-3.552713678800501e-15
2.6645352591003757e-15
-4.488590832352202e-09
-2.3446204977517482e-08
-5.2537387773554656e-09
-5.327070340399587e-09
-2.573870006017387e-09
-1.8812080782026896e-09
3.40536487897225e-10
-6.9377925626668e-10
-8.547418328674894e-11
2.4424906541753444e-15
-8.326672684688674e-16
4.579669976578771e-16
2.220446049250313e-16
1.1102230246251565e-15
-7.771561172376096e-16
-1.3322676295501878e-15
7.105427357601002e-15
-3.1086244689504383e-15
9.265306744055124e-09
-9.811174095375463e-09
8.059304335006345e-09
6.879318448227422e-09
4.8721218171010605e-09
-1.0095178026858775e-09
9.135749934330306e-10
-1.6513368450432608e-10
-1.8205520424530164e-11
3.885780586188048e-15
8.396061623727746e-16
9.71445146547012e-17
-4.440892098500626e-16
-4.440892098500626e-16
5.551115123125783e-16
1.7763568394002505e-15
-9.769962616701378e-15
-4.440892098500626e-16
1.2005415328530944e-08
-1.473532051932125e-08
1.1081480622010531e-08
1.0043766707212853e-08
6.214579073571258e-09
2.831086476362543e-10
8.083880231879447e-10
2.1644908088092052e-11
-7.658984557679105e-12
-7.882583474838611e-15
4.003741782554471e-15
-3.9898639947466563e-17
0.0
2.220446049250313e-16
0.0
-4.440892098500626e-16
8.881784197001252e-15
-1.4432899320127035e-15
3.9098111415114545e-09
-5.804492886340995e-09
3.705125095621042e-09
2.9832287751219155e-09
1.583234876534334e-09
-2.2868817950438822e-10
6.192206747357432e-10
1.8463586215489158e-10
1.8953727476400672e-11
6.8833827526759706e-15
-7.299716386910404e-15
4.163336342344337e-17
2.7755575615628914e-17
-4.440892098500626e-16
-5.551115123125783e-16
1.6653345369377348e-15
-7.327471962526033e-15
2.7755575615628914e-15
3.3182345759996683e-12
-1.5710099887655815e-09
-3.519389224493352e-10
-1.223046552922824e-09
-8.411298324517702e-10
-7.041833782750473e-10
9.009291090933402e-10
2.7498003873915877e-12
3.830491479561715e-11
-7.882583474838611e-15
4.191091917959966e-15
-1.3877787807814457e-17
-4.336808689942018e-17
0.0
5.551115123125783e-17
1.2212453270876722e-15
2.220446049250313e-15
-2.220446049250313e-16
-2.5567459260855685e-09
-4.991875357518438e-09
-2.067370274971836e-09
-2.9683553393056172e-09
-1.874552069125457e-09
-1.2537242355392664e-09
9.268545930751769e-10
3.6206837528141023e-10
8.200223833298992e-11
6.661338147750939e-15
-2.914335439641036e-16
2.7755575615628914e-17
0.0
-1.2212453270876722e-15
3.3306690738754696e-16
-1.5543122344752192e-15
-1.3322676295501878e-15
8.881784197001252e-16
-3.816630567143875e-09
-9.757086694150985e-09
-2.916817010145678e-09
-3.4661929437795887e-09
-2.2302373281490873e-09
-1.6338788100256352e-09
5.67984326238502e-10
9.46791089972976e-10
1.4212919036138416e-10
-1.5987211554602254e-14
-2.2343238370581275e-15
-8.326672684688674e-17
2.0816681711721685e-16
2.220446049250313e-16
-4.163336342344337e-16
-7.771561172376096e-16
8.43769498715119e-15
-1.5543122344752192e-15
-3.573177309590392e-09
-1.1956553080949561e-08
-2.66360444811653e-09
-3.395431047437114e-09
-2.2187975901033496e-09
-1.852711761785031e-09
7.421228076509579e-10
1.2531546911276337e-09
2.0038992687432255e-10
1.6209256159527285e-14
4.773959005888173e-15
-1.1102230246251565e-16
-4.829470157119431e-15
9.992007221626409e-16
2.220446049250313e-16
-6.661338147750939e-16
-1.7763568394002505e-15
2.220446049250313e-16
-2.2419897049985593e-09
-1.3962090150698714e-08
-1.4783041457633317e-09
-2.8473898794345587e-09
-1.8814816371559573e-09
-1.9535093542799586e-09
1.364171886564236e-09
1.7719501421709083e-09
2.949503974392087e-10
-9.2148511043888e-15
-6.925016116099414e-15
1.1102230246251565e-16
0.0
-1.1657341758564144e-15
3.885780586188048e-16
-2.220446049250313e-16
-7.105427357601002e-15
-6.661338147750939e-16
2.3789681335983914e-10
-1.754354528316071e-08
6.608740221736298e-10
-1.7145858066669462e-09
-1.2594938425536384e-09
-1.974285623873584e-09
2.3520208003446896e-09
2.764557416323754e-09
4.0781911181397845e-10
1.4765966227514582e-14
5.204170427930421e-15
-5.551115123125783e-17
0.0
-2.220446049250313e-16
5.551115123125783e-17
2.1649348980190553e-15
-1.7763568394002505e-15
0.0
2.6912374551102403e-09
-2.105260676898979e-08
2.4095578865512834e-09
-7.981739713613933e-10
-7.792202438849927e-10
-2.0434782754819025e-09
3.1892160023971883e-09
3.4900023149209147e-09
4.010899945505742e-10
-7.771561172376096e-15
-1.8457457784393227e-15
-1.6653345369377348e-16
-4.0245584642661925e-16
4.5102810375396984e-17
-2.220446049250313e-16
-2.0539125955565396e-15
6.217248937900877e-15
2.220446049250313e-16
2.3109976154955802e-09
-2.038400737092161e-08
1.8294175063715556e-09
-4.661071528744287e-10
-6.471587710166204e-10
-2.1958967977298016e-09
2.3048416508686387e-09
2.479863370208335e-09
1.4919965263260337e-10
3.219646771412954e-15
1.0547118733938987e-15
4.440892098500626e-16
-5.551115123125783e-17
1.3704315460216776e-15
3.3306690738754696e-16
2.7755575615628914e-17
-2.6645352591003757e-15
-2.220446049250313e-16
-2.3245654290349194e-09
-1.5658834229270724e-08
-1.508492886159729e-09
-9.789786759029084e-10
-9.831211400523898e-10
-2.422389400180691e-09
-5.297291494343881e-10
-3.708933160595507e-11
-1.185854747731696e-10
-4.440892098500626e-16
2.0816681711721685e-16
0.0
0.0
-7.840950111415168e-16
-7.216449660063518e-16
7.771561172376096e-16
-5.329070518200751e-15
-2.220446049250313e-16
-6.2728813254864235e-09
-1.4463864772551462e-08
-4.1032839348531525e-09
-2.458482306622045e-09
-1.8510419863559946e-09
-2.7170372618456895e-09
-1.6458236995475772e-09
-8.730389744471267e-10
-7.704920035322971e-11
-6.5503158452884236e-15
2.067790383364354e-15
-2.220446049250313e-16
0.0
-4.718447854656915e-16
5.551115123125783e-17
8.881784197001252e-16
5.329070518200751e-15
-2.220446049250313e-16
-7.573230931257058e-09
-1.691611828391615e-08
-5.109642486900157e-09
-4.476889969851072e-09
-3.0181368515513896e-09
-3.0439366582868388e-09
-6.562697052459043e-10
-2.1532464700158016e-10
4.606225123549024e-12
4.884981308350689e-15
-6.92154666914746e-16
-1.6653345369377348e-16
0.0
1.0547118733938987e-15
1.942890293094024e-16
6.661338147750939e-16
0.0
-2.220446049250313e-16
-9.656378807676447e-09
-1.707969943254284e-08
-6.693974929916635e-09
-6.728573254122238e-09
-4.2065302352511935e-09
-3.363183509463852e-09
3.022115890871646e-11
-1.7545076502756274e-11
9.417411295231659e-12
-1.3766765505351941e-14
-7.112366251504909e-16
4.85722573273506e-17
0.0
-8.881784197001252e-16
-2.7755575615628914e-17
-4.440892098500626e-16
-8.881784197001252e-16
1.1102230246251565e-16
-1.2257530102033343e-08
-1.4685696214655763e-08
-8.201853640699142e-09
-8.388613359500141e-09
-5.0308965882095436e-09
-3.5778668916464085e-09
1.9234658310551822e-10
-8.943690232854351e-11
1.884548073149972e-11
1.765254609153999e-14
6.38378239159465e-16
-1.1102230246251565e-16
0.0
1.1102230246251565e-15
-2.7755575615628914e-17
6.661338147750939e-16
-1.3322676295501878e-15
-2.7755575615628914e-17
-1.27316681641787e-08
-1.2022791651133957e-08
-7.721000727656246e-09
-7.840490923172183e-09
-4.6387977903350475e-09
-3.463846098838985e-09
1.4239365242474378e-10
-1.4938805747988226e-10
3.813793725271353e-11
-4.440892098500626e-15
-3.247402347028583e-15
1.942890293094024e-16
-1.942890293094024e-16
6.661338147750939e-16
1.942890293094024e-16
-6.661338147750939e-16
8.881784197001252e-16
0.0
-1.3886982230815192e-08
-1.104223912307134e-08
-7.835769366693057e-09
-7.961410197765417e-09
-4.507832329636585e-09
-3.4583536034915596e-09
1.1853629189317871e-11
-1.978950336933849e-10
4.676770082312487e-11
-1.5543122344752192e-15
1.4432899320127035e-15
1.6653345369377348e-16
-5.551115123125783e-17
-1.3322676295501878e-15
1.1102230246251565e-16
-1.7763568394002505e-15
4.440892098500626e-16
0.0
-1.4828131611466233e-08
-1.4319265773110601e-08
-8.08183209244362e-09
-8.246406224543534e-09
-4.7136209380127525e-09
-3.594159636577387e-09
1.7621459846850485e-10
2.857269976175303e-11
2.720468295080991e-11
2.7755575615628914e-15
4.0939474033052647e-16
-1.1102230246251565e-16
-3.608224830031759e-16
8.881784197001252e-16
0.0
8.881784197001252e-16
3.885780586188048e-16
0.0
-1.7523483109016524e-08
-1.69018647966368e-08
-9.254971899963493e-09
-8.988591204683871e-09
-5.0646349336602725e-09
-3.883904753365641e-09
-2.743956173389961e-10
-1.4303402906534757e-10
4.203004611014194e-11
-8.104628079763643e-15
2.2898349882893854e-15
-8.326672684688674e-16
2.220446049250313e-16
4.440892098500626e-16
0.0
-2.220446049250313e-16
-6.661338147750939e-16
2.636779683484747e-16
1.9466213529995002e-08
-1.8041177440863972e-08
2.3362375145552505e-08
-8.673612938991937e-09
-4.703000655581491e-09
-3.942176363125327e-09
3.2005738503926295e-08
1.8239422416854723e-08
3.6225439592474373e-09
8.215650382226158e-15
-5.995204332975845e-15
-5.551115123125783e-17
2.220446049250313e-16
-1.7763568394002505e-15
0.0
-6.661338147750939e-16
4.440892098500626e-16
2.220446049250313e-16
6.278672515236394e-08
-3.087498612330819e-08
6.169596034055758e-08
-7.084217656938563e-09
-3.6350122911699145e-09
-3.832830941519205e-09
6.877909264346727e-08
3.919726143664093e-08
7.289145620426041e-09
7.216449660063518e-15
4.260480856999038e-15
-4.163336342344337e-17
-2.220446049250313e-16
1.3322676295501878e-15
-8.881784197001252e-16
1.1102230246251565e-16
-1.1102230246251565e-16
2.220446049250313e-16
1.5036511769039862e-07
-8.175866383908215e-08
1.0722170884491788e-07
-4.238376760667961e-09
-1.877374700143264e-09
-3.037555984519713e-09
1.1148178202802228e-07
6.25214031657606e-08
1.0190309041036016e-08
-5.551115123125783e-15
1.6150275561344074e-15
6.245004513516506e-17
2.220446049250313e-16
-1.3322676295501878e-15
8.881784197001252e-16
2.220446049250313e-16
-1.1102230246251565e-15
-2.220446049250313e-16
-1.505484092945153e-08
-5.851651962984761e-08
-1.645193492549879e-08
3.1254359100785223e-09
1.9944224050050252e-09
-8.445653065791703e-10
-1.9659022854057184e-08
-1.15500107256139e-08
-4.982048551482876e-09
-2.6645352591003757e-15
-2.7408630920433552e-15
2.7755575615628914e-17
0.0
-8.881784197001252e-16
1.7763568394002505e-15
6.661338147750939e-16
1.1657341758564144e-15
2.220446049250313e-16
1.346904809906846e-10
-3.606275811307569e-08
-1.776393609986826e-08
-9.38423783125586e-11
-6.637179694735096e-11
-5.460782936950181e-10
-1.7631112569915786e-08
-1.0565431196596364e-08
-5.675289571627218e-09
1.2212453270876722e-14
2.1510571102112408e-15
-2.220446049250313e-16
-4.440892098500626e-16
0.0
-3.608224830031759e-15
-2.220446049250313e-16
-8.326672684688674e-16
0.0
2.0626771402021404e-09
-3.01484206488567e-08
-1.1434998281600883e-08
-3.497724332390817e-11
-4.928590868757965e-11
2.514217722904277e-10
-1.1363072260905938e-08
-7.21268023085031e-09
-4.639773010239878e-09
-8.992806499463768e-15
2.733924198139448e-15
3.3306690738754696e-16
8.881784197001252e-16
2.220446049250313e-15
8.881784197001252e-16
0.0
5.551115123125783e-16
-2.220446049250313e-16
4.538748044069507e-09
-2.66111079838538e-08
-6.2569558423319904e-09
-4.8337334135339916e-11
-1.4215295607300504e-11
9.691092373032006e-11
-6.170791877480042e-09
-4.422766153311385e-09
-3.870070486300392e-09
6.217248937900877e-15
-5.079270337660091e-15
-3.3306690738754696e-16
-8.881784197001252e-16
1.3322676295501878e-15
1.214306433183765e-16
-1.1102230246251565e-16
-4.996003610813204e-16
4.440892098500626e-16
5.802547775601852e-09
-2.4326681113961968e-08
-3.2246294523474717e-09
-6.851941236618586e-11
2.5478286147517792e-11
-1.4805934256401088e-11
-3.091358280471468e-09
-2.7545219438707136e-09
-3.385281388545991e-09
-1.3433698597964394e-14
-4.787836793695988e-16
2.7755575615628914e-16
1.7763568394002505e-15
2.6645352591003757e-15
-8.881784197001252e-16
3.3306690738754696e-16
2.7755575615628914e-17
-6.661338147750939e-16
7.685994063422186e-09
-2.2452617542967346e-08
-1.6708412431398756e-10
-5.375966338760918e-11
5.567724059574175e-11
9.296485803389487e-11
-7.220180009426258e-11
-9.72271152477333e-10
-2.898886464208772e-09
1.0547118733938987e-14
5.440092820663267e-15
2.220446049250313e-16
8.881784197001252e-16
-9.880984919163893e-15
2.3314683517128287e-15
-3.3306690738754696e-16
-7.771561172376096e-16
6.661338147750939e-16
1.099210922284044e-08
-2.0829418190260185e-08
3.700385775573523e-09
-9.769962616701376e-14
9.115019850014505e-11
9.642620035776872e-11
3.7417713372178696e-09
1.2924417092108342e-09
-2.3047448394208914e-09
-2.7755575615628914e-15
-7.563394355258879e-16
6.106226635438361e-16
-3.1086244689504383e-15
-2.4980018054066022e-15
-1.3322676295501878e-15
2.220446049250313e-16
6.661338147750939e-16
3.3306690738754696e-16
1.6315672368705236e-08
-1.9654823546488842e-08
8.929767147947132e-09
4.89439599959951e-11
1.3568879353442753e-10
6.429945464958564e-11
8.921912098003304e-09
4.341671910879086e-09
-1.5687362520111492e-09
5.551115123125783e-15
-2.4841240175987878e-15
-6.661338147750939e-16
4.440892098500626e-16
1.1324274851176597e-14
-1.5543122344752192e-15
5.551115123125783e-17
4.440892098500626e-16
-5.551115123125783e-16
2.4560296907338852e-08
-1.895563173093251e-08
1.636367130686267e-08
1.1552359069355589e-10
1.793960535678707e-10
4.9105164379170674e-11
1.628912826845408e-08
8.620837377293356e-09
-5.993712193230749e-10
6.661338147750939e-15
6.800116025829084e-16
2.7755575615628914e-17
1.4432899320127035e-15
-5.773159728050814e-15
1.9984014443252818e-15
-5.551115123125783e-17
-6.661338147750939e-16
4.996003610813204e-16
3.7691659571237324e-08
-1.8855189409805462e-08
2.774804386262986e-08
2.2171597890974226e-10
2.2764701235189477e-10
7.149991709809456e-11
2.758871886499037e-08
1.5105122486147593e-08
8.421636721323011e-10
-1.9984014443252818e-15
-3.635980405647388e-15
-2.914335439641036e-16
-3.3306690738754696e-16
3.9968028886505635e-15
0.0
-2.3869795029440866e-15
-3.885780586188048e-15
-5.329070518200751e-15
5.706641559299896e-08
-1.9595972844399512e-08
4.436482470282498e-08
3.241993340452609e-10
2.625346606777157e-10
1.057548493221816e-10
4.4057578918454965e-08
2.4508892693120288e-08
3.020247163476597e-09
-1.3877787807814457e-14
2.0539125955565396e-15
-6.635317295611287e-17
-7.771561172376096e-16
8.881784197001252e-16
-6.661338147750939e-16
8.104628079763643e-15
1.9984014443252818e-15
1.199040866595169e-14
1.1161618829191866e-07
-2.4157770894817077e-08
9.060450878450865e-08
1.2543921457108809e-10
8.071143753340948e-11
5.0210280377882555e-11
9.071529305515469e-08
5.158044302788767e-08
9.49577838582627e-09
9.769962616701378e-15
1.4710455076283324e-15
8.326672684688674e-17
8.881784197001252e-16
0.0
-2.220446049250313e-16
-3.885780586188048e-16
-4.440892098500626e-16
0.0
-5.560920612879272e-10
1.0305711839464493e-09
-4.5158721206917107e-10
-4.645315243578807e-10
-3.765769918118167e-10
-1.1406875444208707e-10
-3.324807096305449e-11
-3.026912054338027e-11
-2.389199948993337e-13
1.7763568394002505e-15
-3.1866870253693946e-15
-3.3306690738754696e-16
-6.106226635438361e-16
-5.329070518200751e-15
8.881784197001252e-16
2.7755575615628914e-16
1.942890293094024e-15
6.938893903907228e-16
8.807532481114322e-11
-8.536744644516148e-10
6.862066470603168e-11
-9.404921286204626e-11
-3.83018061711482e-11
-1.5100298789150202e-10
1.0119283189169437e-10
6.751310621666562e-11
-1.531619275851881e-11
1.0436096431476471e-14
3.7192471324942744e-15
6.938893903907228e-17
1.0269562977782698e-15
8.881784197001252e-16
-2.220446049250313e-16
-1.7780915628762273e-16
-1.7763568394002505e-15
-7.771561172376096e-16
1.4653821267529565e-08
-1.934824922500411e-08
9.575622073043633e-09
9.646689169695577e-09
6.73526301397942e-09
-3.325810460363954e-11
-2.4491875194598833e-10
-1.254649717452594e-10
-2.3576252061729974e-11
-6.661338147750939e-15
-3.0531133177191805e-15
-1.942890293094024e-16
-2.4424906541753444e-15
0.0
-1.1102230246251565e-16
0.0
8.881784197001252e-16
-4.440892098500626e-16
-1.5508061679270216e-07
1.0105309655727979e-07
-1.1246213205140522e-07
-8.73844294702053e-08
-5.7891395066622664e-08
4.756396387861628e-10
-2.5237181233705996e-08
-1.460123399965596e-08
-6.874614655316691e-09
-1.3100631690576847e-14
1.4432899320127035e-15
6.661338147750939e-16
6.661338147750939e-16
0.0
-5.551115123125783e-17
0.0
-2.3314683517128287e-15
5.551115123125783e-17
-1.3202397397549248e-08
3.3639011576269695e-08
-3.968391837361196e-09
-2.6361472338365388e-08
-1.7080300729332976e-08
1.8325744810532285e-09
2.255478825929913e-08
1.2614369993002583e-08
3.1383251553052105e-10
1.2323475573339238e-14
1.457167719820518e-15
-2.220446049250313e-16
8.881784197001252e-16
0.0
-4.2327252813834093e-16
-1.1102230246251565e-16
3.552713678800501e-15
-1.3877787807814457e-17
5.6945928861296125e-08
-1.0898105529122404e-08
4.6212877968798693e-08
-1.972384477966216e-09
-1.2460574794204149e-09
1.0121321836198405e-10
4.844936896120089e-08
2.746239857742694e-08
3.994401254203694e-09
-1.5765166949677223e-14
-3.7365943672540425e-15
-3.2751579226442118e-15
-9.992007221626409e-16
-8.881784197001252e-16
5.551115123125783e-17
-6.38378239159465e-16
8.881784197001252e-16
2.220446049250313e-16
8.192424161279632e-08
-2.1431844743347028e-08
6.599972479648386e-08
4.6344722504088054e-10
2.816129551774793e-10
1.5398693431478705e-10
6.578871669660202e-08
3.7754269044398825e-08
6.447791633945599e-09
-3.552713678800501e-15
2.858824288409778e-15
0.0
8.326672684688674e-16
0.0
2.7755575615628914e-16
1.3322676295501878e-15
3.608224830031759e-16
2.6645352591003757e-15
1.3933568965285302e-08
-1.4232909961719997e-08
1.1458570980948934e-08
2.9056224093437777e-09
1.8744072960430458e-09
5.799880575807492e-10
8.59810889153323e-09
4.831520072912099e-09
-1.7456169842944291e-10
1.7763568394002505e-15
3.885780586188048e-16
-1.1102230246251565e-16
3.3306690738754696e-16
9.43689570931383e-16
-5.551115123125783e-17
-5.551115123125783e-17
-2.220446049250313e-15
1.7763568394002505e-15
1.2518155756424676e-07
-3.2212327027991705e-08
1.0053674337484608e-07
4.907491302219569e-09
3.0259510452879113e-09
1.0126200433724364e-09
9.578278248323358e-08
5.4414242001143975e-08
1.017389195112628e-08
-3.774758283725532e-15
-1.1518563880486e-15
-5.551115123125783e-17
-6.661338147750939e-16
-1.4432899320127035e-15
2.220446049250313e-16
5.551115123125783e-17
-8.881784197001252e-16
-5.551115123125783e-16
9.749699358962971e-08
-3.1722407811685116e-08
7.95100199013632e-08
1.0573018016657443e-09
7.963070203231836e-10
9.268454892463751e-10
7.857557826618233e-08
4.506334061460393e-08
7.701743243160308e-09
-4.440892098500626e-16
-4.562322741819003e-15
1.1102230246251565e-16
1.9984014443252818e-15
1.1102230246251565e-15
1.1102230246251565e-16
1.6653345369377348e-16
8.881784197001252e-16
-2.220446049250313e-16
4.559434785278427e-08
-1.9340262724654167e-08
4.2074999262453616e-08
-1.0963501884120319e-08
-5.71169977980901e-09
1.5524634910946136e-09
5.327324847925752e-08
3.145206761701047e-08
3.150773864035727e-09
1.509903313490213e-14
3.233470349112144e-15
1.1102230246251565e-16
-1.2212453270876722e-15
-7.494005416219807e-16
-2.220446049250313e-16
-1.1102230246251565e-16
-2.220446049250313e-15
-1.3322676295501878e-15
-1.7080424186133314e-07
1.3330226522612065e-07
-9.322704663805581e-08
-1.0388508542291675e-07
-5.437086159076898e-08
1.0251527626792267e-08
1.0871740840912024e-08
9.019739621862755e-09
-5.26145527146582e-09
-5.551115123125783e-15
4.443060502845597e-15
0.0
-4.440892098500626e-16
4.440892098500626e-16
2.2898349882893854e-16
2.220446049250313e-16
5.329070518200751e-15
4.440892098500626e-16
-5.104127467348007e-07
4.2610951034305344e-07
-2.9410223145731607e-07
-2.849604605614786e-07
-1.475884232604585e-07
2.502660689795988e-08
-9.090772579156692e-09
3.4516034475018387e-10
-1.0728470556387038e-08
-2.142730437526552e-14
-6.262351748276274e-16
1.7458257062230587e-14
4.440892098500626e-16
5.995204332975845e-15
6.661338147750939e-16
-2.042810365310288e-14
-4.440892098500626e-15
-7.105427357601002e-15
-6.439540968017355e-06
6.382004627880632e-06
-3.766063436216882e-06
-3.7792524315571896e-06
-1.94852827561931e-06
3.4199184772987223e-07
1.3392210007623364e-08
1.7928442730408278e-08
-8.42694447555914e-09
2.3647750424515834e-14
-4.787836793695988e-16
-1.3877787807814457e-17
-4.440892098500626e-16
7.716050021144838e-15
-2.220446049250313e-16
4.440892098500626e-16
-1.7763568394002505e-15
3.552713678800501e-15
1.3798572382484053e-06
-1.0190380805852328e-07
1.0945331112566237e-06
1.1448219865428655e-06
6.274497064140405e-07
1.0108548842424625e-07
-5.7460901814465615e-08
-2.410542521147363e-08
-1.795000459381413e-08
-1.2323475573339238e-14
-4.961309141293668e-16
2.7755575615628914e-17
1.9984014443252818e-15
-4.440892098500626e-16
0.0
-4.440892098500626e-16
-1.7763568394002505e-15
-2.220446049250313e-15
-2.5839170803010347e-09
-6.610702030229731e-08
-2.0553976298742782e-09
-1.4079226673402445e-09
1.581348385570891e-09
-5.050932117001139e-09
3.306386275880868e-10
8.926903660722019e-11
4.345679371908773e-11
8.881784197001252e-15
-2.4424906541753444e-15
0.0
-1.9095836023552692e-14
3.3306690738754696e-16
2.220446049250313e-16
0.0
-8.881784197001252e-16
1.7763568394002505e-15
-2.1828938656653918e-08
-4.8379064310211106e-08
-1.1523432874582795e-08
-1.0450440512954629e-08
-2.154836309387065e-09
-6.869882440696529e-09
9.753096108511272e-10
1.6402612601496003e-10
3.793820813058346e-11
2.0761170560490427e-14
4.98212582300539e-15
-4.9432680171435095e-14
2.6867397195928788e-14
-1.817990202823694e-15
2.3869795029440866e-14
1.9539925233402755e-14
-2.6645352591003757e-15
-3.3306690738754696e-15
3.5476830362313194e-09
-7.001197133149617e-08
4.181403667757877e-09
4.713163637148909e-09
4.5203982779185026e-09
-3.4061997666867683e-09
7.392144674156499e-10
1.0348522039294039e-10
1.611066835494057e-11
-2.3647750424515834e-14
-4.538036613155327e-15
0.0
2.7755575615628914e-17
4.773959005888173e-15
-8.881784197001252e-16
-2.6645352591003757e-15
1.509903313490213e-14
2.9976021664879227e-15
4.107114648377319e-09
-3.772231593757169e-08
1.8394579193170557e-09
2.1419241935660693e-09
8.703366916051891e-10
-2.5349322640977334e-09
1.0210976508773228e-10
2.5973889705710462e-11
-5.881961584464079e-13
1.4432899320127035e-15
2.9351521213527576e-15
-5.551115123125783e-17
1.0547118733938987e-15
-6.661338147750939e-16
1.1102230246251565e-16
-4.440892098500626e-16
-7.993605777301127e-15
-2.220446049250313e-15
4.0230361264548264e-09
-1.9598246581153944e-08
8.101310733366063e-10
9.109832888043456e-10
-1.4498624523184844e-11
-1.9944366158597404e-09
-1.8954793290504313e-10
1.7266188478970435e-12
-2.2224444506946384e-12
2.2093438190040615e-14
1.5265566588595902e-16
2.220446049250313e-16
-2.636779683484747e-16
-3.3306690738754696e-16
0.0
2.6645352591003757e-15
-1.1102230246251565e-16
1.3322676295501878e-15
1.569628693687264e-08
-8.018602670745167e-09
1.100258106845331e-08
1.0984846809947157e-08
5.482313270022132e-09
-1.2754810541082406e-09
-7.47939488121574e-11
1.543665195669064e-11
1.0050849041931542e-12
-1.4432899320127035e-15
4.0245584642661925e-16
1.1102230246251565e-16
4.0939474033052647e-16
4.440892098500626e-16
0.0
-2.220446049250313e-16
3.3306690738754696e-15
1.5543122344752192e-15
2.895190220897348e-08
-8.864518008522282e-09
2.253248165828836e-08
2.2478419126059634e-08
1.2080867861641309e-08
5.7980287238024175e-12
-1.6819212689256346e-11
3.7805536479140756e-11
2.327554815551025e-12
2.4424906541753444e-15
-4.274358644806853e-15
-1.942890293094024e-16
-3.9898639947466563e-17
8.881784197001252e-16
1.1102230246251565e-16
5.551115123125783e-16
-2.220446049250313e-15
-1.1102230246251565e-15
2.9556673553088327e-08
-1.1740191041553771e-08
2.3165437568195557e-08
2.3059250509049886e-08
1.2515023684045445e-08
7.904077392595354e-11
2.091748996235765e-11
-2.329003656598161e-11
4.12858636167357e-12
-1.2434497875801753e-14
3.885780586188048e-15
1.942890293094024e-16
4.579669976578771e-16
2.220446049250313e-16
-2.220446049250313e-16
-3.4416913763379853e-15
1.3322676295501878e-15
6.661338147750939e-16
2.435102430808911e-08
-1.3811780164019183e-08
1.8780182742261786e-08
1.870878918452945e-08
1.0095057234593696e-08
-3.8424730064434703e-10
-1.3375078822264186e-11
-6.20894446967668e-11
1.9688695118702526e-12
-7.993605777301127e-15
-3.226585665316861e-16
-5.551115123125783e-17
-1.1657341758564144e-15
-2.3314683517128287e-15
1.1102230246251565e-16
3.774758283725532e-15
-3.552713678800501e-15
-8.881784197001252e-16
2.089702633156776e-08
-1.5806918440830486e-08
1.578975705740504e-08
1.5856027602012546e-08
8.493600489600794e-09
-7.843823368602898e-10
-6.712319589041726e-11
-6.030387300626217e-11
-6.426525978042719e-12
1.3322676295501878e-14
-6.87297441182011e-15
-1.0547118733938987e-15
-1.6653345369377348e-16
-8.881784197001252e-16
-2.7755575615628914e-16
-2.7755575615628914e-15
3.552713678800501e-15
4.440892098500626e-16
2.0260902289237492e-08
-1.755438816530841e-08
1.532167104301152e-08
1.5412798148872753e-08
8.220425229410466e-09
-1.0154650453841896e-09
-1.027640195161439e-10
-1.2629843351708026e-10
-2.0669854716715008e-11
-2.6645352591003757e-15
2.706168622523819e-15
8.326672684688674e-17
2.220446049250313e-16
-1.8041124150158794e-15
-1.1102230246251565e-16
3.733124920302089e-15
-2.6645352591003757e-15
2.220446049250313e-16
2.004668075983318e-08
-1.8536007395653087e-08
1.537454163980101e-08
1.565283369586723e-08
8.354664515763943e-09
-1.1411032119212905e-09
-2.3589308284499566e-10
-2.6644531025965534e-10
-3.97862853773745e-11
-6.994405055138486e-15
2.5847379792054426e-15
-3.469446951953614e-16
-3.3306690738754696e-16
4.2847669856627135e-16
2.220446049250313e-16
-5.162537064506978e-15
4.440892098500626e-15
-2.220446049250313e-16
2.0946419709844122e-08
-1.824085149593202e-08
1.6379380518571907e-08
1.6911389622009665e-08
9.104123677161624e-09
-9.274572221329435e-10
-5.124300983538888e-10
-4.420644961200537e-10
-6.006706243510962e-11
7.882583474838611e-15
-5.415806691999592e-15
9.71445146547012e-17
2.220446049250313e-16
-7.91033905045424e-16
-2.7755575615628914e-16
-1.1102230246251565e-16
3.552713678800501e-15
1.1102230246251565e-16
2.4824386102295648e-08
-1.619226797089368e-08
1.9912694160240108e-08
2.0507593845309202e-08
1.1147168521574713e-08
-1.4709655715705594e-10
-5.898150856609163e-10
-4.6300652201125553e-10
-5.128505953244655e-11
-1.2656542480726785e-14
5.242334344401911e-15
-9.64939933512099e-17
0.0
3.400058012914542e-16
4.675079767757495e-16
2.4424906541753444e-15
-3.552713678800501e-15
-2.220446049250313e-16
2.8350315872671672e-08
-1.3158008016489475e-08
2.306342228308722e-08
2.3246237823570937e-08
1.2719869602051403e-08
7.555200909337145e-10
-1.4199352804666887e-10
-1.1493472840129472e-10
-2.020864161775271e-11
-1.432187701766452e-14
-2.338407245616736e-15
1.1032841307212493e-15
0.0
-1.0269562977782698e-15
-6.106226635438361e-16
-2.6645352591003757e-15
0.0
2.220446049250313e-16
2.836160595265369e-08
-8.279684493572859e-09
2.3422864536826182e-08
2.3442128238571058e-08
1.2963345952243799e-08
1.5093348793016048e-09
-1.7530865648041072e-11
-1.1876721828230075e-11
-1.7970232940589526e-11
2.55351295663786e-14
1.8388068845354155e-16
1.1102230246251565e-16
0.0
2.1094237467877974e-15
1.061650767297806e-15
3.3306690738754696e-15
4.440892098500626e-15
-4.440892098500626e-16
2.2816465161668017e-08
-2.927357911630679e-09
1.8848286709172157e-08
1.898551271750648e-08
1.0550493811933848e-08
1.6650574252707884e-09
-1.2577006103242638e-10
-6.932143747917507e-11
-3.3556366019205086e-11
-7.771561172376096e-15
-2.525757381022231e-15
-2.275957200481571e-15
1.2212453270876722e-15
-5.551115123125783e-16
8.326672684688674e-17
-3.1086244689504383e-15
-4.440892098500626e-15
4.440892098500626e-16
1.302702301586578e-08
2.130907006403504e-09
1.0347593004667033e-08
1.0625877067127476e-08
5.8396185664832956e-09
1.1938539046241203e-09
-2.5630875200022274e-10
-1.5284129517567635e-10
-5.332551067382951e-11
-6.5503158452884236e-15
5.353356646864427e-15
-5.551115123125783e-17
1.1102230246251565e-16
1.3322676295501878e-15
-3.885780586188048e-16
0.0
1.7763568394002505e-15
0.0
-1.6648584733047755e-09
6.543018571392167e-09
-2.793231423936504e-09
-2.4418360666800254e-09
-1.7643611016637806e-09
-2.8276758712308947e-10
-3.0482061319503373e-10
-1.9457946365264434e-10
-6.385281192677894e-11
2.4091839634365897e-14
-2.9524993561125257e-15
1.1102230246251565e-16
5.551115123125783e-16
-3.1086244689504383e-15
5.551115123125783e-16
3.9968028886505635e-15
2.220446049250313e-15
-5.551115123125783e-17
-2.171733370914808e-08
1.0664326310916294e-08
-2.094394035978553e-08
-2.0680205548018193e-08
-1.2446566444168639e-08
-2.9762219355689012e-09
-2.565654355635161e-10
-1.844853159127524e-10
-6.392131268739831e-11
-8.881784197001252e-15
3.0427049768633196e-15
-5.551115123125783e-17
-2.220446049250313e-16
2.6645352591003757e-15
2.220446049250313e-16
-2.6645352591003757e-15
-1.2212453270876722e-15
1.1102230246251565e-16
-3.767866019188659e-08
1.4622725696966654e-08
-3.618896626811363e-08
-3.601793041596579e-08
-2.1515822457018885e-08
-5.564203320318484e-09
-1.8117596312094975e-10
-1.3535839116229909e-10
-5.073785835918443e-11
8.770761894538737e-15
-3.382710778154774e-15
1.5543122344752192e-15
0.0
-8.881784197001252e-16
4.440892098500626e-16
1.1102230246251565e-15
1.582067810090848e-15
0.0
-3.68175250287095e-08
1.8670863966008255e-08
-3.7907065486564306e-08
-3.770084644472149e-08
-2.2950119582532125e-08
-6.0119944578218565e-09
-6.432687715829388e-11
-5.67501601267395e-11
-3.738032106070933e-11
-1.6764367671839864e-14
2.3722343533982837e-15
-1.1102230246251565e-16
6.106226635438361e-16
0.0
-2.220446049250313e-16
6.661338147750939e-16
-1.942890293094024e-16
0.0
-2.4724812419663067e-08
2.3299584483993385e-08
-3.090976274933155e-08
-3.098202672191519e-08
-1.9640234327766848e-08
-4.883737858563109e-09
8.645706373044959e-11
2.972161405878637e-11
-3.941785786665263e-11
2.55351295663786e-15
-1.2698175844150228e-15
1.1102230246251565e-16
-4.163336342344337e-16
-8.881784197001252e-16
2.220446049250313e-16
-4.440892098500626e-16
-1.6653345369377348e-16
2.220446049250313e-16
-1.812477989915351e-08
3.005672510880686e-08
-2.991855030387569e-08
-3.006128146409992e-08
-2.0015864521383264e-08
-4.3790038262159214e-09
1.5096013328275149e-10
7.842260174584226e-11
-4.9300230564597314e-11
-3.885780586188048e-15
-2.3037127760972e-15
-2.220446049250313e-16
0.0
-8.881784197001252e-16
4.440892098500626e-16
4.440892098500626e-16
2.498001805406602e-16
-3.452099717193846e-16
-2.598871873260578e-08
4.1029309727491636e-08
-4.2750046169715006e-08
-4.2686220780296935e-08
-2.8710793742448004e-08
-6.026198207109701e-09
5.822542448186141e-11
4.7770676303571236e-11
-5.6941784620789804e-11
6.661338147750939e-16
5.412337245047638e-15
1.1102230246251565e-16
0.0
-8.881784197001252e-16
-8.881784197001252e-16
4.440892098500626e-16
-1.2212453270876722e-15
1.1102230246251565e-16
-1.839267582681714e-08
5.778142053713964e-08
-4.400889253020068e-08
-4.3299561269805054e-08
-3.166233852880396e-08
-6.0288236625183345e-09
-7.029825610516127e-10
-3.235154366620918e-10
-3.418809679800461e-11
-1.3766765505351941e-14
-4.413136522884997e-15
-3.2335245592207684e-14
1.0658141036401503e-13
8.304468224196171e-14
-1.199040866595169e-14
5.129230373768223e-14
1.4432899320127035e-14
-7.038813976123492e-14
4.159094402211849e-09
8.064935741458612e-08
-3.3878507110784994e-08
-2.901927942389193e-08
-2.7088439935596398e-08
-4.064711234263996e-09
-5.0134989493244575e-09
-2.9091768993794176e-09
-3.8230885124335146e-10
1.199040866595169e-14
3.3029134982598407e-15
0.0
0.0
2.4868995751603507e-14
-1.2434497875801753e-14
-9.992007221626409e-16
1.582067810090848e-15
-1.4432899320127035e-15
-1.3638202744914452e-07
4.2749105766404227e-07
-7.240772958994057e-08
-8.038088594730652e-08
-5.162328520214032e-08
-1.879127742299147e-08
7.723355982536262e-09
9.924072230660386e-09
1.7647222794181516e-08
-2.531308496145357e-14
-2.9976021664879227e-15
5.551115123125783e-17
0.0
4.440892098500626e-15
-4.440892098500626e-16
2.220446049250313e-15
-2.220446049250313e-16
0.0
-2.994379144638515e-08
7.997766715561738e-08
9.362337571872104e-09
1.828439621931466e-10
8.660805406179861e-11
6.73191502542636e-10
9.192422822934532e-09
8.980958199344968e-09
2.5363871003492022e-09
2.120525977034049e-14
-2.345346139520643e-15
0.0
4.440892098500626e-16
-3.552713678800501e-15
-1.1102230246251565e-16
-1.3322676295501878e-15
5.551115123125783e-17
0.0
-2.691178924152382e-08
4.24431618739618e-08
6.52917719889956e-11
2.0477575191080177e-10
4.474021153555441e-11
-3.296550810105714e-10
-5.647695644483974e-10
1.3258958375672592e-09
6.483791281652884e-10
1.4432899320127035e-15
4.496403249731884e-15
5.101474798152594e-14
-4.8405723873656825e-14
-1.1723955140041653e-13
3.6637359812630166e-15
-2.3869795029440866e-14
-4.005823450725643e-14
1.4210854715202004e-14
-1.3471105120288485e-08
3.104432266809454e-08
4.61367477555541e-09
2.8781421690382558e-11
3.842792750674562e-11
-1.5484546977972968e-10
4.371074169284839e-09
2.7534596824807522e-09
9.02002028624338e-10
-4.773959005888173e-15
-1.0547118733938987e-15
2.220446049250313e-16
-2.220446049250313e-15
7.105427357601002e-15
4.440892098500626e-16
1.8318679906315083e-14
2.6645352591003757e-15
-6.994405055138486e-15
-1.2782159330981813e-08
2.122797582160274e-08
1.4440431073126092e-09
-6.014921893893188e-11
2.37672104219655e-11
6.967448840100587e-11
1.561790696769094e-09
4.39834835219699e-11
1.9018298047512872e-10
-1.199040866595169e-14
-2.546574062733953e-15
7.882583474838611e-15
-1.1013412404281553e-13
-5.917488721252084e-14
2.220446049250313e-16
1.6764367671839864e-14
-2.1649348980190553e-14
6.328271240363392e-15
-2.247404395916419e-08
1.2132943538745167e-08
-6.924928186435864e-09
-5.898481703070502e-11
1.3802292642139946e-12
6.574896183053625e-11
-6.595794133090749e-09
-5.235616384879904e-09
-1.3363390394260932e-09
-7.771561172376096e-16
5.551115123125783e-15
1.3877787807814457e-17
-2.7755575615628914e-15
-6.994405055138486e-15
-1.1102230246251565e-15
2.275957200481571e-15
-2.2870594307278225e-14
3.885780586188048e-16
-1.5106927264696424e-08
1.4962324712541888e-09
-5.636707101075445e-09
2.6700863742235015e-12
-1.461408771774586e-11
4.0420777835947774e-11
-5.03093744441685e-09
-3.476351650988363e-09
-1.1116156883872463e-09
8.43769498715119e-15
1.6653345369377348e-16
1.3877787807814457e-17
-1.2212453270876722e-15
-1.021405182655144e-14
8.881784197001252e-16
-4.440892098500626e-16
-8.881784197001252e-16
5.551115123125783e-17
-1.799211446495974e-08
-3.2198670396610396e-09
-9.442743476029136e-09
-1.0532907879223784e-11
-1.4888756894038124e-11
8.493539205289835e-11
-9.348550378263099e-09
-6.202739655236655e-09
-2.2611317262999364e-09
1.27675647831893e-14
9.71445146547012e-17
-6.938893903907228e-17
1.0824674490095276e-13
7.949196856316121e-14
6.661338147750939e-16
4.440892098500626e-16
-1.1102230246251565e-15
4.440892098500626e-16
-8.777025506390146e-08
9.221980690199416e-08
-6.592163614982383e-08
9.610090501155355e-12
-2.2797763676862814e-11
3.320699271114336e-11
-6.620983195038121e-08
-3.4900786261005123e-08
4.130966679838366e-09
-1.7985612998927536e-14
-4.836409051023338e-15
-3.236300116782331e-14
6.661338147750939e-16
-4.440892098500626e-16
6.661338147750939e-16
5.828670879282072e-16
-7.993605777301127e-15
4.773959005888173e-15
-2.1087488732973725e-07
1.8828046677299426e-08
-1.6446390649349496e-07
-1.9701573705788178e-10
-1.42558853610808e-10
-8.783374028098478e-11
-1.6413439496432147e-07
-9.16866120803661e-08
-1.800023596842948e-08
8.770761894538737e-15
1.4432899320127035e-15
-3.7192471324942744e-15
1.1102230246251565e-16
-3.9968028886505635e-15
-4.440892098500626e-16
-3.1181654480683108e-16
-4.196643033083092e-14
-2.7755575615628914e-16
-7.140323532439652e-08
1.670804294917616e-08
-4.9192653506224815e-08
-1.5246328644025198e-09
-1.302728591667801e-09
-4.818057064426284e-10
-4.7669210800904693e-08
-2.6232562788663927e-08
-4.757964688906213e-09
-1.787459069646502e-14
2.220446049250313e-15
2.4424906541753444e-15
-2.1094237467877974e-15
2.6645352591003757e-15
0.0
4.163336342344337e-16
5.262457136723242e-14
-1.4432899320127035e-15
1.1463380644727296e-07
-1.6697809002153008e-07
9.131278311258484e-08
1.1981024528040507e-07
9.109586684985516e-08
9.398502642810058e-09
-2.8495502846226373e-08
-1.5423697874439313e-08
-3.5208955750931636e-09
1.8096635301390052e-14
-4.388850394221322e-15
-1.1102230246251565e-16
3.552713678800501e-15
1.7763568394002505e-15
-6.661338147750939e-16
2.7755575615628914e-17
-2.4980018054066022e-15
4.440892098500626e-16
-2.2281248845956725e-08
-5.475342845784326e-09
-1.0335236666492165e-08
9.06495145613917e-09
5.918374235136525e-09
8.605027801422693e-10
-1.9296383158007302e-08
-1.0234746383730453e-08
-2.9503013365683728e-09
2.220446049250313e-15
5.592748486549226e-15
2.7755575615628914e-17
-1.1102230246251565e-15
1.7763568394002505e-15
4.440892098500626e-16
2.220446049250313e-16
2.1649348980190553e-15
6.661338147750939e-16
-1.9777491644390466e-08
-2.2063204596634023e-09
-7.023384540616462e-09
1.5448513579485734e-09
7.105747101832094e-10
-1.2133594129437597e-10
-8.430959042016184e-09
-4.177884704859025e-09
-2.0687664914476045e-09
-6.994405055138486e-15
-1.5959455978986625e-15
-1.1102230246251565e-16
2.220446049250313e-15
0.0
2.220446049250313e-16
-4.440892098500626e-16
-1.4432899320127035e-15
-2.220446049250313e-16
4.429082878232293e-09
-3.755785371595266e-08
8.779597493457914e-09
1.714209751924045e-08
1.1314567061049274e-08
-2.2549939693305987e-10
-8.254627203996279e-09
-4.253962515576859e-09
-2.8235618287908437e-09
1.0658141036401503e-14
-1.1518563880486e-15
3.885780586188048e-16
-9.325873406851315e-15
-1.2434497875801753e-14
-3.3306690738754696e-16
0.0
-3.885780586188048e-16
2.220446049250313e-16
-3.347791022179081e-08
-1.6880058240076323e-08
-1.607904032141505e-08
1.4577148377270532e-09
8.983143118257432e-10
-1.9560986164179894e-10
-1.756865941615615e-08
-9.7001766619087e-09
-4.964334721080377e-09
-7.216449660063518e-15
2.845380181470958e-15
-2.220446049250313e-16
1.9984014443252818e-15
1.7763568394002505e-15
1.1102230246251565e-16
1.3877787807814457e-17
1.3322676295501878e-15
-2.220446049250313e-16
-8.329558198738596e-08
-8.503405979354284e-09
-5.518459644804352e-08
8.531531037192508e-11
5.665601321425129e-11
-2.2253529574634e-10
-5.535950364787823e-08
-3.164016959544824e-08
-1.0025104302258114e-08
-3.774758283725532e-15
-6.38378239159465e-15
-2.220446049250313e-16
2.886579864025407e-15
4.440892098500626e-16
0.0
0.0
1.1102230246251565e-15
-8.881784197001252e-16
-1.0526380478381725e-06
1.0887841881412896e-06
-9.010047854474124e-07
-5.558262738958319e-10
-4.642237705354546e-10
-2.4534552167665424e-10
-9.009885033606224e-07
-4.926687751094505e-07
3.5806155818107754e-08
1.6986412276764895e-14
4.9960036108132044e-15
4.163336342344337e-17
6.661338147750939e-16
1.1102230246251565e-15
8.881784197001252e-16
0.0
-9.325873406851315e-15
1.7763568394002505e-15
-3.0315917372014667e-06
1.7760063997229736e-07
-2.4752994818300067e-06
1.3166649992513157e-09
2.851567870720828e-10
-6.075144831640955e-10
-2.4766571973811047e-06
-1.3828863174580874e-06
-3.277032334381147e-07
-1.8762769116165146e-14
-3.903127820947816e-17
3.0808688933348094e-15
2.220446049250313e-16
1.3322676295501878e-15
-8.881784197001252e-16
1.3322676295501878e-14
2.220446049250313e-15
-1.1102230246251565e-16
-6.582631506546477e-07
-2.657026243468863e-08
-5.863604997102811e-07
1.414471366700809e-07
7.30011205929415e-08
-1.1979887748481133e-08
-7.284986152100714e-07
-4.097527162016945e-07
-7.760290543501468e-08
1.1879386363489175e-14
5.273559366969494e-16
-1.3877787807814457e-16
8.881784197001252e-16
-7.216449660063518e-16
-1.1102230246251565e-16
-1.1102230246251565e-16
-6.661338147750939e-15
-2.220446049250313e-16
-3.579301690592729e-07
2.4319115254911594e-07
-2.641458796137641e-07
-1.4245660651113212e-08
-9.78689485009454e-09
-6.105867367267592e-09
-2.4843869894652926e-07
-1.4550136384627876e-07
-1.1508220154610171e-08
-2.020605904817785e-14
-2.220446049250313e-15
1.1102230246251565e-16
0.0
-6.106226635438361e-16
4.440892098500626e-16
-2.4202861936828413e-14
8.881784197001252e-16
0.0
-3.663707417445039e-07
2.664215799086378e-07
-2.630873758846519e-07
-1.1262773824682881e-08
-6.895287008035211e-09
-1.5557619637007747e-09
-2.5231866018771143e-07
-1.5401852238028368e-07
-1.492816181780654e-08
-1.7763568394002505e-15
-3.0253577421035516e-15
-7.632783294297951e-17
4.440892098500626e-16
2.7755575615628914e-16
1.1102230246251565e-16
4.440892098500626e-16
2.6645352591003757e-15
0.0
-3.8192074214293825e-07
3.165776973901302e-07
-2.6240135575505974e-07
-1.2211593181099545e-08
-5.098425681637764e-09
5.741857656005322e-09
-2.5053759422632993e-07
-1.6272853287091493e-07
-1.9810244111795328e-08
2.986499936241671e-14
5.731526364627371e-15
-1.0625181290357943e-16
-2.220446049250313e-16
5.551115123125783e-16
-6.106226635438361e-16
0.0
-8.881784197001252e-16
-8.881784197001252e-16
-1.8396568179923634e-07
2.415918629594671e-07
-1.1071001004836489e-07
-1.0384725968037856e-08
-6.0890701369942235e-09
-8.379696936344772e-10
-1.0043459575115321e-07
-8.455199562718008e-08
4.08235223403608e-10
-2.0872192862952943e-14
-3.372302437298913e-15
1.0061396160665481e-16
2.220446049250313e-16
-6.661338147750939e-16
4.440892098500626e-16
-8.881784197001252e-16
-4.440892098500626e-15
0.0
-2.790568203181465e-07
1.330940335719788e-06
-2.433292181081015e-07
-2.4468991455250944e-07
-2.002710619564141e-07
-1.1288748247295644e-07
-1.895864798484581e-09
1.050102227395655e-10
5.045514006596363e-11
5.662137425588298e-15
7.077671781985373e-16
6.938893903907228e-18
4.440892098500626e-16
5.551115123125783e-17
2.220446049250313e-16
8.881784197001252e-16
5.329070518200751e-15
0.0
-2.3857809949845432e-08
-4.3490894441333694e-08
-1.4710398232864465e-08
-1.4920420454700434e-08
-9.483535734489124e-09
1.780872338486006e-09
3.718984231682043e-09
1.1709317959684995e-09
3.8599901053260055e-11
1.1324274851176597e-14
1.091791587692903e-16
-4.85722573273506e-17
-6.661338147750939e-16
1.1102230246251565e-16
0.0
-4.440892098500626e-16
-7.549516567451064e-15
-4.440892098500626e-16
2.869365189894779e-09
4.386379259813111e-09
2.2941826216538175e-09
2.2614656813857437e-09
1.150851858255919e-09
4.2644643372113933e-10
8.396980888392135e-10
1.5516476992161188e-10
-9.71489555467997e-12
-4.3298697960381105e-15
9.575673587391975e-16
1.3877787807814457e-16
0.0
0.0
-5.551115123125783e-17
1.3322676295501878e-15
5.773159728050814e-15
-1.1102230246251565e-15
7.724210604465043e-09
1.3175252888686373e-08
5.4845870067765645e-09
5.8914686462685495e-09
3.703060968973659e-09
3.9835157394918497e-10
-8.532534678806769e-10
-1.9412205176649877e-10
-3.979425122757618e-11
5.551115123125783e-16
-6.130512764102036e-15
2.1371793224034263e-15
2.6645352591003757e-15
-1.1102230246251565e-16
-2.55351295663786e-15
4.440892098500626e-16
7.105427357601002e-15
8.881784197001252e-16
5.733139463171e-09
8.793037409304816e-09
4.645045237339218e-09
5.187033025322307e-09
3.0481288604278234e-09
5.215170517658407e-10
-1.1242384800880245e-09
-2.568398826952034e-10
-3.1404989719874266e-11
5.218048215738236e-15
7.223388553967425e-15
0.0
1.1102230246251565e-16
0.0
0.0
8.881784197001252e-16
9.769962616701378e-15
-5.412337245047638e-16
-2.8238993365903298e-09
9.851682136741147e-09
-2.401790766271006e-09
-2.1443167241841365e-09
-1.4768772871320834e-09
-4.3055337073383276e-10
-5.415143888853891e-10
-2.0127011168824538e-10
-3.064748455017252e-11
-1.2434497875801753e-14
9.298117831235686e-16
0.0
2.7755575615628914e-17
-4.440892098500626e-16
-3.3306690738754696e-16
-8.881784197001252e-16
-3.9968028886505635e-15
-1.3322676295501878e-15
-4.465917413654097e-09
-1.9947066220993293e-10
-2.8861635303911726e-09
-2.4567281542431374e-09
-1.363730461889645e-09
-3.1443647685591714e-10
-3.3293545698143134e-10
-1.1667466992548725e-10
-3.4427127815206404e-11
-8.881784197001252e-16
-1.2212453270876722e-15
3.122502256758253e-17
-2.7755575615628914e-17
-4.440892098500626e-16
-4.996003610813204e-16
-3.3306690738754696e-16
-8.881784197001252e-15
1.887379141862766e-15
3.18085824346781e-09
-6.983640332691721e-10
2.9433095960484934e-09
3.144913662822546e-09
1.60356528056127e-09
-1.397921778334421e-10
-1.6225687460291738e-10
-1.432010066082512e-10
-1.863231791077169e-13
2.1094237467877974e-15
-3.2751579226442118e-15
-4.912736883966318e-15
-4.85722573273506e-17
2.220446049250313e-16
7.771561172376096e-16
2.55351295663786e-15
-1.7763568394002505e-15
1.7763568394002505e-15
1.2458684750527029e-08
-3.3135538757278482e-09
1.0578563802710049e-08
1.0718309351176458e-08
5.74124214836047e-09
3.505249424051726e-10
-1.461222254306449e-10
-1.1867395954823223e-10
1.6575560368714548e-12
-1.3322676295501878e-15
2.220446049250313e-16
-2.7755575615628914e-17
-3.4763858458575214e-15
0.0
-2.7755575615628914e-17
-1.2212453270876722e-15
-4.440892098500626e-16
1.1102230246251565e-15
1.7792707751596026e-08
-6.138952457490632e-09
1.505907398779982e-08
1.5110659390416004e-08
8.146765040351054e-09
5.813092229800532e-10
-8.873080048488191e-11
-2.511502117386044e-11
7.946754365661945e-12
-7.66053886991358e-15
-1.8041124150158794e-16
5.551115123125783e-17
2.192690473634684e-15
-5.551115123125783e-16
-1.1449174941446927e-16
1.1102230246251565e-16
4.440892098500626e-16
6.661338147750939e-16
1.9351780622400838e-08
-8.284963826099556e-09
1.6293071780637547e-08
1.6109647837936336e-08
8.670980378155946e-09
4.630891226042877e-10
1.4003642689885965e-10
9.69347935253495e-11
3.256794833816912e-11
-2.220446049250313e-16
-4.163336342344337e-16
1.4488410471358293e-14
-2.7755575615628914e-17
6.106226635438361e-16
-6.106226635438361e-16
9.992007221626409e-16
-4.440892098500626e-16
4.440892098500626e-16
1.69437441854825e-08
-1.0444736631143314e-08
1.4234911915878001e-08
1.3745903970630025e-08
7.335128060503848e-09
-3.413447302591521e-11
4.5348791388732934e-10
2.9711832993939424e-10
5.494460442179161e-11
1.2101430968414206e-14
3.462508058049707e-15
-3.9968028886505635e-15
0.0
7.563394355258879e-16
6.661338147750939e-16
-1.609823385706477e-15
-7.105427357601002e-15
-6.661338147750939e-16
8.704947873638957e-09
-1.1647593112229515e-08
7.408887725546266e-09
6.848646982859918e-09
3.4758222966502213e-09
-1.0801670669025043e-09
5.995413054904475e-10
2.4994051273097284e-10
2.139072252660412e-11
-9.103828801926284e-15
-6.647460359943125e-15
-1.6653345369377348e-16
0.0
-1.339206523454095e-15
-1.3877787807814457e-16
-3.219646771412954e-15
9.769962616701378e-15
-6.661338147750939e-16
-5.473761888197259e-09
-1.0549282336569377e-08
-3.870921361226465e-09
-4.08024725118139e-09
-2.646832086838913e-09
-2.6121682594748563e-09
1.8342768970391887e-10
-3.6457459273719905e-10
-5.35504973697698e-11
1.7763568394002505e-15
3.740063814205996e-15
-5.551115123125783e-17
-4.996003610813204e-16
8.049116928532385e-16
-3.885780586188048e-16
6.439293542825908e-15
-1.7763568394002505e-15
4.440892098500626e-16
-2.1458328447465647e-08
-9.607639128716983e-09
-1.6562067273184766e-08
-1.621099432469464e-08
-9.49017930906848e-09
-4.320298785387422e-09
-3.740043830191553e-10
-7.553833114570806e-10
-5.058140017943913e-11
7.438494264988549e-15
-3.469446951953614e-17
-1.942890293094024e-16
-5.551115123125783e-17
4.996003610813204e-16
1.6653345369377348e-16
-3.552713678800501e-15
-8.881784197001252e-16
-4.440892098500626e-16
-3.308758689257729e-08
-1.056289633538654e-08
-2.6208780923298036e-08
-2.5947982651430834e-08
-1.501808277737382e-08
-5.6467115427949466e-09
-3.219700062118136e-10
-3.4921576741453464e-10
1.7423172279928956e-11
7.549516567451064e-15
5.273559366969494e-16
3.885780586188048e-16
-6.827871601444713e-15
-1.3322676295501878e-15
-5.551115123125783e-17
8.881784197001252e-16
5.329070518200751e-15
2.220446049250313e-16
-4.067851000488787e-08
-1.0504773939601364e-08
-3.301674844635727e-08
-3.296278694442378e-08
-1.901409341087401e-08
-6.44082831513515e-09
-9.130562972359257e-11
6.59445831274752e-11
5.0395049244755796e-11
-8.992806499463768e-15
-2.3713669916602953e-15
-1.942890293094024e-16
3.6637359812630166e-15
1.1102230246251565e-16
-9.71445146547012e-17
-2.4424906541753444e-15
-8.881784197001252e-16
0.0
-4.6578952250797556e-08
-8.087797098710324e-09
-3.854663255253854e-08
-3.858758236205406e-08
-2.2204238447898206e-08
-6.815881192778761e-09
8.0875750541054e-11
2.3290347428428504e-10
5.0228765591242563e-11
1.887379141862766e-15
1.4563003580825296e-15
2.095545958979983e-15
-1.8207657603852567e-14
2.3314683517128287e-15
-2.0539125955565396e-15
1.1102230246251565e-15
-3.552713678800501e-15
-2.220446049250313e-16
-4.997530211880985e-08
-3.1161029312443134e-09
-4.188854951792109e-08
-4.192003191794136e-08
-2.4045803570516e-08
-6.643730898758804e-09
1.9251800154052037e-10
2.4371971107939316e-10
4.23920898384722e-11
-5.773159728050814e-15
3.2643159009193567e-15
-6.938893903907228e-18
1.1102230246251565e-16
6.661338147750939e-16
1.3877787807814457e-17
1.9984014443252818e-15
4.440892098500626e-16
-1.1102230246251565e-16
-5.003676051273942e-08
3.843698692662656e-09
-4.228867744870968e-08
-4.2134056910114737e-08
-2.4073125715062815e-08
-5.921464207858662e-09
2.2289903256478283e-10
2.0398438493884896e-10
3.972033812971176e-11
4.3298697960381105e-15
-2.033095913844818e-15
-2.7755575615628914e-17
-3.3306690738754696e-16
-5.551115123125783e-16
-8.326672684688674e-17
-2.220446049250313e-16
8.881784197001252e-16
5.551115123125783e-17
-4.7908727651702065e-08
1.1528758392387317e-08
-4.089455707401157e-08
-4.065782688300601e-08
-2.3072582067129588e-08
-4.967766642494098e-09
1.5194245861493982e-10
1.397424398419389e-10
4.0693559633098175e-11
1.6542323066914832e-14
-3.608224830031759e-15
1.3877787807814457e-16
-3.774758283725532e-15
-6.661338147750939e-16
5.551115123125783e-17
-2.220446049250313e-15
-1.4432899320127035e-15
1.1102230246251565e-16
-4.300017053537885e-08
1.885916489641204e-08
-3.697858508289187e-08
-3.6306524453522115e-08
-2.0550265489305275e-08
-3.6886831367155537e-09
-3.4859759523442335e-10
-1.5904610961570143e-10
-1.2827516826519059e-11
3.9968028886505635e-15
4.350686477749832e-15
1.3655743202889425e-14
1.1879386363489175e-14
-3.9968028886505635e-15
-6.522560269672795e-15
-2.3092638912203256e-14
-7.646661082105766e-15
-4.218847493575595e-15
-3.002488568881745e-08
2.5134788472769287e-08
-2.660167330859053e-08
-2.5999899011530658e-08
-1.4729656605538821e-08
-1.3681002997145697e-09
-1.7691714759848765e-10
-5.3188564663742e-11
1.6150192294617227e-11
-9.547918011776346e-15
-8.326672684688674e-17
5.551115123125783e-17
-4.6074255521944e-15
3.1086244689504383e-15
2.220446049250313e-16
4.440892098500626e-16
2.7755575615628914e-16
5.551115123125783e-16
-4.7065498165466124e-09
3.1475217099341535e-08
-5.609057218691761e-09
-5.542226677590634e-09
-3.352070621076564e-09
2.711757929318992e-09
3.363345157936237e-10
2.3307755725454626e-10
8.137801543739442e-11
-1.6653345369377348e-14
1.6445178552260131e-15
5.551115123125783e-17
-2.220446049250313e-16
2.220446049250313e-15
0.0
6.661338147750939e-16
-1.27675647831893e-15
0.0
6.283812581386883e-08
8.7908077262e-08
6.102874294811045e-08
1.4029161832240788e-08
7.151416347994654e-09
6.656016182660096e-09
4.633106209794847e-08
2.8075579194819508e-08
1.178850439487178e-08
-2.1094237467877974e-15
-2.6020852139652106e-16
-2.7755575615628914e-17
3.3306690738754696e-16
-1.7763568394002505e-15
4.440892098500626e-16
-1.3322676295501878e-15
1.4432899320127035e-15
6.661338147750939e-16
4.464863323505597e-08
8.526018291377113e-08
4.334254555260486e-08
3.375429535878993e-08
1.7196907009520146e-08
1.0830056851318659e-08
6.641887484448716e-09
5.022444682367677e-09
6.0530958023718995e-09
1.765254609153999e-14
1.1102230246251565e-16
2.5604518505417673e-15
2.2648549702353193e-14
-8.881784197001252e-16
7.105427357601002e-15
2.5757174171303632e-14
2.55351295663786e-15
-3.9968028886505635e-15
5.507768285895054e-08
1.0475221756678366e-07
4.9294452963977164e-08
5.091749954999614e-08
2.448683744660229e-08
1.5160345867570868e-08
-5.421137316830027e-09
-1.870002819259753e-09
4.877126258406861e-09
-2.2093438190040615e-14
1.3665284182007298e-15
4.77048955893622e-16
3.1086244689504383e-15
1.3322676295501878e-15
-3.552713678800501e-15
-1.1102230246251565e-16
1.4432899320127035e-15
-4.440892098500626e-16
3.1598432315149694e-08
1.5123457330901147e-07
2.3619982414402326e-08
3.198932496673024e-08
8.917034222122311e-09
1.2763777590407699e-08
-1.3363935735810628e-08
-5.967470073642289e-09
5.341206588127534e-09
1.0769163338864018e-14
-1.6653345369377348e-16
-1.0928757898653885e-16
-4.440892098500626e-16
2.220446049250313e-15
8.881784197001252e-16
-1.1102230246251565e-15
7.199102425303749e-16
-2.220446049250313e-16
-4.9579742977812196e-08
1.3391559150477406e-07
-3.690379735132865e-08
1.6621239495862028e-08
1.707225916192101e-09
6.316493106339749e-09
-6.227203996900244e-08
-3.249649438430424e-08
3.261369840856787e-09
1.0436096431476471e-14
-5.495603971894525e-15
5.551115123125783e-17
0.0
-7.993605777301127e-15
4.440892098500626e-16
4.440892098500626e-16
-9.992007221626409e-16
0.0
-2.6798193886179433e-07
1.1722863746399526e-07
-2.014361148994226e-07
-8.169669385438282e-10
2.383497843538862e-10
9.75230982774855e-10
-2.1732590305134636e-07
-1.1529893839679062e-07
-5.48815393131008e-09
