0.0
1.7208456881689926e-15
1.1102230246251565e-16
0.0
-1.7763568394002505e-15
0.0
-1.942890293094024e-16
1.6930901125533637e-15
6.661338147750939e-16
-2.490954491563002e-07
3.1534250410913955e-07
-1.8972699322716835e-07
-1.8523751565968638e-07
-1.2273452831834675e-07
-7.3993220439660945e-09
-7.138238444781565e-09
-1.1270824273879043e-09
6.813842823305549e-10
0.0
-1.4432899320127035e-15
-2.220446049250313e-16
1.5543122344752192e-15
8.881784197001252e-16
4.440892098500626e-16
2.220446049250313e-16
-5.551115123125783e-17
-2.220446049250313e-16
-3.2488484720261113e-06
3.284996751062863e-06
-2.1585331779760963e-06
-2.180966029330378e-06
-1.5286626315891283e-06
-3.870650133741549e-08
2.46689717542381e-08
1.605490274059207e-08
1.516365699671951e-09
2.220446049250313e-16
1.6653345369377348e-15
-4.163336342344337e-17
-2.220446049250313e-15
-3.552713678800501e-15
-2.220446049250313e-16
-5.551115123125783e-16
-2.1094237467877974e-15
-8.881784197001252e-16
1.607315766705142e-05
-1.6630145937668317e-05
1.1688248960695091e-05
8.510902649305764e-07
5.83884979477034e-07
-3.6459558927504077e-08
1.0832119478165758e-05
5.828743734836994e-06
-9.344912044184639e-07
-2.220446049250313e-16
-6.106226635438361e-16
2.0816681711721685e-17
2.220446049250313e-16
3.552713678800501e-15
5.551115123125783e-17
8.881784197001252e-16
1.7763568394002505e-15
-4.440892098500626e-16
-1.07375096973783e-05
-4.577360073199088e-06
-1.0470454220978809e-05
3.585590100385616e-07
2.4869429085527806e-07
-3.469984122261849e-08
-1.0865799275006083e-05
-5.861242044602477e-06
-1.931008085875874e-06
4.440892098500626e-16
-1.0269562977782698e-15
2.7755575615628914e-16
1.3322676295501878e-15
0.0
1.1102230246251565e-16
-2.220446049250313e-16
6.106226635438361e-16
4.440892098500626e-16
-7.052320370348753e-06
-1.0136181288089574e-05
-5.619051307803602e-06
6.014046221025636e-07
3.807578603520767e-07
-4.505125339449023e-08
-6.2227233831313455e-06
-3.0811100364402932e-06
-1.0642825856166382e-06
-2.220446049250313e-16
1.304512053934559e-15
-2.220446049250313e-16
8.881784197001252e-16
-1.3322676295501878e-15
0.0
0.0
-1.3322676295501878e-15
6.661338147750939e-16
-3.989464005371701e-06
-6.347817588903126e-06
-3.7383564190918155e-06
-6.547833990566687e-07
-2.760135622281723e-07
-1.4150287341863077e-07
-3.083546449733632e-06
-1.7473279907420647e-06
-8.640539164161964e-07
6.661338147750939e-16
-2.886579864025407e-15
5.551115123125783e-17
-1.1102230246251565e-15
1.5994150448506161e-15
0.0
-5.551115123125783e-17
1.1102230246251565e-15
0.0
-2.7877314323632163e-07
-5.887959332540049e-06
-3.062494613459421e-07
-2.8518768484531165e-06
-1.6394887509818543e-06
-3.936234449497533e-07
2.545537000742115e-06
1.4678756361519163e-06
-2.9588983352368814e-07
2.220446049250313e-16
3.497202527569243e-15
-1.1102230246251565e-16
8.881784197001252e-16
-2.220446049250313e-16
1.1102230246251565e-16
0.0
-1.3322676295501878e-15
-8.881784197001252e-16
-1.104188971368103e-07
-5.122654442857311e-07
-1.8408087143484408e-07
-1.8885410568714178e-07
-1.156939166691018e-07
-8.383999627881167e-08
4.81407902430675e-09
8.760578928956875e-10
-4.636291350834654e-13
-2.220446049250313e-16
1.3877787807814457e-16
1.6653345369377348e-16
-8.881784197001252e-16
5.551115123125783e-16
2.7755575615628914e-17
8.326672684688674e-17
1.3322676295501878e-15
-1.2073675392798577e-15
1.0606452960360002e-07
-4.198620331408165e-07
-8.938521034451696e-10
4.4374850460826565e-09
-2.6540778463868264e-09
-4.722969038084557e-08
-4.697662758790244e-09
-1.8028094572741795e-09
-2.2036505953337837e-10
-7.771561172376096e-16
-2.706168622523819e-15
0.0
2.220446049250313e-16
-1.1102230246251565e-15
0.0
1.1102230246251565e-16
-8.881784197001252e-16
1.1102230246251565e-15
7.579709517813171e-07
-2.6887363446803647e-07
5.520916257495401e-07
8.529626089881505e-07
4.869977203725284e-07
7.13326215873167e-08
-2.9637291842909974e-07
-1.6009886927292882e-07
-3.909019208325759e-08
3.3306690738754696e-16
5.724587470723463e-16
8.326672684688674e-17
-2.220446049250313e-16
7.494005416219807e-16
-1.1102230246251565e-16
-2.220446049250313e-16
8.881784197001252e-16
4.440892098500626e-16
3.5404961096219267e-07
-3.4769306012094603e-07
2.2205008942677296e-07
2.1188018584084034e-07
1.1471939753704419e-07
-2.0566815805977967e-08
1.1341618755267291e-08
4.436754963421663e-09
6.875583186127798e-09
3.3306690738754696e-16
7.112366251504909e-17
-7.112366251504909e-17
4.440892098500626e-16
-8.604228440844963e-16
0.0
0.0
1.7763568394002505e-15
-4.440892098500626e-16
-3.159353241244389e-07
-2.3175155661192548e-07
-2.7424320503399713e-07
-3.009807527654118e-07
-1.8072649954348208e-07
-6.312563272103944e-08
2.3439003626890557e-08
7.455251083143821e-09
5.172681449838734e-09
0.0
5.898059818321144e-16
5.551115123125783e-17
-3.3306690738754696e-16
4.163336342344337e-16
1.1102230246251565e-16
4.440892098500626e-16
0.0
8.881784197001252e-16
-1.4334116826830723e-07
-2.7302055727318475e-07
-1.1859333159947028e-07
-1.3698508061210646e-07
-8.777187510133899e-08
-4.470896897146304e-08
1.5003227993304336e-08
5.903844524368651e-09
2.6326410496047004e-09
6.661338147750939e-16
-1.2351231148954867e-15
0.0
0.0
-1.249000902703301e-16
-2.220446049250313e-16
-8.881784197001252e-16
-1.7763568394002505e-15
0.0
-2.1572385833223962e-07
-2.6114948781241765e-07
-1.8746848251538495e-07
-1.9428933994980468e-07
-1.197696164467743e-07
-5.311262896157132e-08
4.3850636455289305e-09
3.31254135232939e-10
3.838226819707913e-10
-1.7763568394002505e-15
-1.9290125052862095e-15
5.551115123125783e-17
2.220446049250313e-16
6.661338147750939e-16
2.220446049250313e-16
-8.881784197001252e-16
4.440892098500626e-15
8.881784197001252e-16
-3.6556835425471945e-07
-2.1292258978178324e-07
-3.2119543624808955e-07
-3.3008697464254055e-07
-1.9596781974939859e-07
-6.789007045426843e-08
7.364879817117754e-09
-6.410951769453277e-10
3.059439854236068e-11
8.881784197001252e-16
3.589142871796014e-15
5.551115123125783e-17
-2.220446049250313e-16
-6.661338147750939e-16
1.1102230246251565e-16
1.7763568394002505e-15
-7.105427357601002e-15
-4.440892098500626e-16
-4.5557958827657785e-07
-1.864442324972515e-07
-3.921430888897959e-07
-3.972723376932663e-07
-2.3327184095478515e-07
-7.318321593174915e-08
4.352852744915481e-09
-2.0661339306116133e-10
-3.6554548277223375e-10
1.1102230246251565e-15
-2.0296264668928643e-16
-5.551115123125783e-17
1.1102230246251565e-16
6.661338147750939e-16
5.551115123125783e-17
0.0
1.3322676295501878e-15
1.1102230246251565e-15
-5.074309825658929e-07
-1.5422098442741117e-07
-4.255142220799257e-07
-4.2675101852296393e-07
-2.4909656914928746e-07
-7.176663530117366e-08
5.932954127985113e-10
1.1165898206044744e-09
-3.185766095370468e-10
-2.3314683517128287e-15
1.0547118733938987e-15
5.551115123125783e-17
0.0
-1.1102230246251565e-16
-2.7755575615628914e-17
-1.3322676295501878e-15
-2.886579864025407e-15
-8.326672684688674e-16
-4.1624118551908396e-07
-1.0140714223894065e-07
-3.5069908221885276e-07
-3.5360788608329585e-07
-2.0587973992292066e-07
-5.75443124262165e-08
2.4057373870789434e-09
8.248379756992108e-10
-6.28589402751345e-11
1.5543122344752192e-15
5.759281940243e-16
-1.6653345369377348e-16
0.0
5.551115123125783e-17
-1.3877787807814457e-16
-8.881784197001252e-16
6.439293542825908e-15
0.0
-2.8911977967283065e-07
-5.447047080053835e-08
-2.496223956427457e-07
-2.544416943806027e-07
-1.4758748179133363e-07
-4.109874396363011e-08
4.670818398722076e-09
-1.1405365540895218e-10
1.3997825121236929e-10
-8.881784197001252e-16
-1.908195823574488e-15
5.551115123125783e-17
-6.938893903907228e-18
1.6653345369377348e-16
-1.1102230246251565e-16
1.1102230246251565e-15
-5.051514762044462e-15
0.0
-1.9651675531306978e-07
-3.319107122479181e-08
-1.7371356442197336e-07
-1.768910138366664e-07
-1.0213058487806848e-07
-2.8759316705873065e-08
3.3478961825039733e-09
-1.276463379440429e-10
1.2933476511989284e-10
3.3306690738754696e-16
2.0469737016526324e-15
2.220446049250313e-16
2.7755575615628914e-17
-7.771561172376096e-16
-1.8041124150158794e-16
-2.220446049250313e-15
-2.220446049250313e-15
-8.881784197001252e-16
-1.285543753670737e-07
-3.144525351217453e-08
-1.1799507859677762e-07
-1.1877594197073904e-07
-6.862846291255664e-08
-2.0671350853262993e-08
1.2578347252656386e-09
-8.100764503637947e-11
-2.66887623112666e-11
-7.771561172376096e-16
-5.551115123125783e-17
-5.551115123125783e-17
-2.7755575615628914e-17
-2.220446049250313e-16
1.5265566588595902e-16
1.887379141862766e-15
7.993605777301127e-15
6.661338147750939e-16
-7.90034238029591e-08
-3.403020087944242e-08
-8.048043831365703e-08
-8.031691933751972e-08
-4.7028560601347635e-08
-1.642136737700639e-08
5.933831204174567e-10
-1.2871455012941624e-09
-2.2313806358198462e-10
-2.220446049250313e-16
-2.3349377986647823e-15
-1.1102230246251565e-16
-2.7755575615628914e-17
7.771561172376096e-16
4.440892098500626e-16
6.661338147750939e-16
-8.881784197001252e-16
-2.220446049250313e-16
-3.5101181516949964e-08
-2.1540522254781536e-08
-5.0676378204883576e-08
-5.1751584351222846e-08
-3.1298185376726906e-08
-1.3746671356784647e-08
1.9920403104833895e-09
-5.650083512165338e-09
-3.8164960081132904e-10
2.4424906541753444e-15
-2.572594914873605e-15
0.0
6.938893903907228e-18
4.440892098500626e-16
-2.498001805406602e-16
6.661338147750939e-16
-7.549516567451064e-15
2.220446049250313e-16
-9.164843106646003e-09
-1.8768339771213505e-08
-2.7924827339376183e-08
-2.560559408948393e-08
-1.6679187808676943e-08
-1.1143967526550114e-08
-1.4383978452769952e-09
-9.473708484364352e-09
-6.493564574938659e-10
-2.55351295663786e-15
3.213141558378041e-15
-5.551115123125783e-17
0.0
-3.885780586188048e-16
6.938893903907228e-17
-2.498001805406602e-16
2.6645352591003757e-15
2.220446049250313e-16
-2.0414709922533802e-09
-2.3664988191285374e-08
-1.264136084699885e-08
-2.7061055618560204e-09
-3.5323139968568285e-09
-8.573636023356812e-09
-9.200295636446754e-09
-1.202951627199411e-08
-1.0134366679181994e-09
-1.1102230246251565e-16
-1.2836953722228372e-15
5.551115123125783e-17
5.551115123125783e-17
-6.106226635438361e-16
1.1102230246251565e-16
1.970645868709653e-15
3.552713678800501e-15
-6.661338147750939e-16
5.319925833191519e-09
-1.1276057421127916e-08
2.114768360428343e-09
1.7943062147196542e-08
8.506759741067071e-09
-5.247429157861916e-09
-1.5178724055431303e-08
-1.5052898594269948e-08
-1.021045137328258e-09
0.0
2.7200464103316335e-15
-1.3877787807814457e-16
5.551115123125783e-17
0.0
-4.440892098500626e-16
-3.9968028886505635e-15
-2.6645352591003757e-15
4.440892098500626e-16
2.0928549560039755e-08
-2.047300995400292e-09
2.021689438080898e-08
3.374633905650626e-08
1.786147052484921e-08
-1.9147989860357484e-09
-1.2945466032476816e-08
-1.2549060235400589e-08
-3.3206665195351093e-10
7.771561172376096e-16
-4.08006961549745e-15
8.326672684688674e-17
0.0
-1.6653345369377348e-16
8.326672684688674e-17
1.5543122344752192e-15
0.0
0.0
5.181343709637076e-08
-2.0317578730555397e-08
4.8942801478268905e-08
5.5609696403280395e-08
3.087191302597603e-08
2.3542128246845095e-09
-6.245037473262549e-09
-3.951262872448069e-09
-2.1742926903378645e-10
-1.1102230246251565e-16
-6.522560269672795e-16
-1.3877787807814457e-17
-2.220446049250313e-16
6.661338147750939e-16
-1.3877787807814457e-17
-2.220446049250313e-16
4.440892098500626e-15
-2.220446049250313e-16
5.845519979175151e-08
-3.8352915510131425e-08
5.6535784054290155e-08
6.420882137092576e-08
3.60499949891846e-08
3.7042440226287e-09
-7.544736835285448e-09
-1.5490368987514103e-09
-5.667055991143144e-10
1.4432899320127035e-15
5.079270337660091e-15
1.8041124150158794e-16
1.1102230246251565e-16
-1.1102230246251565e-16
3.885780586188048e-16
1.1102230246251565e-15
-1.7763568394002505e-15
0.0
5.6472572396160103e-08
-4.917249896152498e-08
5.4017172512743634e-08
6.316639167280869e-08
3.5592281122376335e-08
4.799403541255742e-09
-8.782297382381454e-09
-1.0438068187568206e-09
-5.736634500763671e-10
-2.220446049250313e-16
-2.3592239273284576e-16
-1.6653345369377348e-16
3.3306690738754696e-16
3.3306690738754696e-16
-3.0531133177191805e-16
-1.9984014443252818e-15
-1.7763568394002505e-15
-2.7755575615628914e-17
-1.4862747832466994e-07
-1.1050845927229602e-07
-1.281694359533958e-07
-1.2025154783046332e-07
-6.936480190233851e-08
-2.6774145567287633e-08
-7.729089812613665e-09
-3.8893510634352424e-10
-8.347494917515519e-10
-1.887379141862766e-15
-5.551115123125783e-17
4.440892098500626e-16
-4.440892098500626e-16
-1.6653345369377348e-15
-2.498001805406602e-16
-4.440892098500626e-16
8.881784197001252e-16
1.1102230246251565e-16
-3.024737296186686e-07
-1.525728663409609e-07
-2.472987006285621e-07
-2.3780041003007568e-07
-1.3733259063286596e-07
-5.233961530848319e-08
-8.308768784104359e-09
-3.5445646417997523e-09
-1.875348321078718e-09
2.9976021664879227e-15
-3.011479954295737e-15
-2.220446049250313e-16
3.3306690738754696e-16
1.5543122344752192e-15
2.7755575615628914e-16
1.1102230246251565e-15
2.220446049250313e-16
0.0
7.992447592641838e-08
-1.855036657616438e-08
7.884641028965689e-08
8.79964616729012e-08
4.934570041470465e-08
8.791374739303137e-09
-7.672628310473328e-09
-5.458430152316396e-09
-1.3905301354810717e-09
3.3306690738754696e-16
-3.0531133177191805e-16
-2.220446049250313e-16
-3.885780586188048e-16
-4.440892098500626e-16
-2.220446049250313e-16
-1.9984014443252818e-15
4.440892098500626e-16
2.220446049250313e-16
8.667261397476977e-08
-2.6070864578287e-08
7.426258008536024e-08
7.483649255846103e-08
4.2541035583099074e-08
1.0870252253880608e-08
2.609397142805392e-10
6.609597313911308e-10
-2.0333421058005285e-10
-2.886579864025407e-15
1.3374717999781183e-15
1.1102230246251565e-16
3.3306690738754696e-16
1.3322676295501878e-15
0.0
1.7763568394002505e-15
1.6653345369377348e-16
0.0
-8.804612150470348e-08
1.0177252818266426e-07
-4.353723070948945e-08
1.9037830867318917e-08
1.0960510721247374e-08
2.2359358808898833e-09
-6.30587206895683e-08
-3.058813202727606e-08
6.089962478750265e-09
7.771561172376096e-16
-2.6645352591003757e-15
3.608224830031759e-16
-2.220446049250313e-16
-4.440892098500626e-16
4.440892098500626e-16
0.0
3.3306690738754696e-16
-4.440892098500626e-16
2.488179869430951e-05
-1.8215189356851624e-07
2.0764736049727617e-05
-5.956056980949142e-09
-3.1912001929867984e-09
-2.8547333386086393e-09
2.0770507104472813e-05
1.181671276428986e-05
2.291149294286754e-06
-6.661338147750939e-16
7.147060721024445e-16
-3.0531133177191805e-16
4.440892098500626e-16
-1.3322676295501878e-15
0.0
0.0
-8.604228440844963e-16
2.220446049250313e-16
-6.059917438960838e-07
-1.853802729101517e-07
-5.237958335957416e-07
4.236084194531031e-08
2.5591539554170595e-08
4.708056167146424e-10
-5.681252996936337e-07
-3.2564077301344696e-07
-8.238431181695206e-08
-1.7763568394002505e-15
8.881784197001252e-16
-8.326672684688674e-17
-2.220446049250313e-16
3.552713678800501e-15
-8.881784197001252e-16
-4.440892098500626e-16
8.881784197001252e-16
0.0
-1.457317040376438e-07
-5.292158675729297e-07
-1.8488997266530305e-07
-6.067320157399081e-08
-2.751202998751978e-08
-2.1252784421221804e-08
-1.232409694296166e-07
-8.283248931206799e-08
-6.64465318322982e-08
2.1094237467877974e-15
1.5681900222830336e-15
2.7755575615628914e-16
4.440892098500626e-16
-2.6645352591003757e-15
-8.881784197001252e-16
0.0
2.220446049250313e-16
2.220446049250313e-16
8.450798816284077e-08
-3.539201429703098e-07
1.8667099865865566e-08
5.00632424405012e-10
3.968374073792802e-09
5.506854527936866e-09
1.9125348416082488e-08
1.7399557350472605e-09
-3.695053862884379e-08
9.992007221626409e-16
-2.6229018956769323e-15
-3.0531133177191805e-16
4.440892098500626e-16
2.6645352591003757e-15
-4.440892098500626e-16
-2.220446049250313e-16
-2.7755575615628914e-16
0.0
9.48062535144345e-08
-2.389649260692295e-07
4.279043075428035e-08
-9.845813053743768e-11
-9.427962854857697e-10
6.451967848875029e-10
4.2424098012361355e-08
1.6643767253299302e-08
-2.5249335067201173e-08
1.9984014443252818e-15
3.6914915568786455e-15
-8.326672684688674e-17
4.440892098500626e-16
-2.6645352591003757e-15
1.5543122344752192e-15
0.0
3.3306690738754696e-16
1.1102230246251565e-16
1.1005437983158117e-07
-2.2333970406407389e-07
6.161212517952208e-08
3.4284930450212414e-10
-1.2201089027996659e-09
-1.9968008357906797e-09
6.085139858669208e-08
2.673156629384721e-08
-2.1615882417336252e-08
-2.55351295663786e-15
-2.456368441983159e-15
2.7755575615628914e-17
-4.440892098500626e-16
8.881784197001252e-16
-6.661338147750939e-16
6.661338147750939e-16
-7.771561172376096e-16
-5.551115123125783e-17
1.208234081673254e-07
-2.2377891184532928e-07
7.432193349643512e-08
-2.794120490534624e-11
-1.3602607928930865e-09
8.529540407309355e-10
7.40688079758911e-08
3.342595533695203e-08
-2.021464240442583e-08
1.887379141862766e-15
4.85722573273506e-16
-2.7755575615628914e-17
4.440892098500626e-16
-3.552713678800501e-15
2.0816681711721685e-16
-1.1102230246251565e-16
1.1102230246251565e-16
0.0
1.1970428914764852e-07
-2.2798312215854819e-07
7.676742086459853e-08
1.684292705306234e-10
-1.1941709843199533e-09
1.4561452044148382e-09
7.63518670510166e-08
3.4104552071312355e-08
-2.027666567983033e-08
-3.4416913763379853e-15
-9.298117831235686e-16
1.3877787807814457e-16
4.440892098500626e-16
4.440892098500626e-15
-7.771561172376096e-16
-1.1102230246251565e-16
1.1102230246251565e-16
0.0
1.1597932392248822e-07
-2.313672453624349e-07
7.69594947769292e-08
2.5847324280903194e-10
-9.181078119979702e-10
-6.016395159846866e-10
7.647123467791062e-08
3.415954807906019e-08
-2.033385726463166e-08
1.1102230246251565e-15
3.5041414214731503e-15
1.3877787807814457e-17
2.220446049250313e-16
4.107825191113079e-15
1.9984014443252818e-15
-1.1102230246251565e-16
5.551115123125783e-16
-1.1102230246251565e-16
1.1998455207162806e-07
-2.3560339812433995e-07
8.357288550087105e-08
-1.7186740919328258e-10
-7.376135258141403e-10
-6.411010611273583e-10
8.356145642096635e-08
3.870790266091717e-08
-1.957020856480085e-08
1.3322676295501878e-15
-4.0870085094013575e-15
1.5265566588595902e-16
-8.881784197001252e-16
-4.718447854656915e-15
-2.220446049250313e-15
6.938893903907228e-17
-4.440892098500626e-16
1.1102230246251565e-16
1.268147959976318e-07
-2.4721938984839653e-07
9.206837603414898e-08
-3.324505115642751e-10
-7.055520612198052e-10
5.141947978515304e-10
9.222657837426596e-08
4.442187417907917e-08
-1.949166517078993e-08
-9.992007221626409e-16
2.7755575615628914e-15
-3.608224830031759e-16
4.440892098500626e-16
5.995204332975845e-15
8.881784197001252e-16
1.1102230246251565e-16
-2.220446049250313e-16
0.0
1.8791595834954933e-07
-3.110792050620148e-07
1.448444422180728e-07
-2.4492408101650653e-10
-8.608944668253571e-10
4.978399914534748e-10
1.4486355226495107e-07
7.53027862288036e-08
-1.909069169414579e-08
6.661338147750939e-16
-2.2620794126737565e-15
2.42861286636753e-16
1.1102230246251565e-15
-8.659739592076221e-15
2.220446049250313e-16
-4.440892098500626e-16
3.3306690738754696e-16
4.440892098500626e-16
-2.0910231235404808e-07
2.074644953609095e-07
-1.648873642068338e-07
-4.717115587027365e-10
-4.728768487893831e-10
-4.193667635377096e-11
-1.648716967395103e-07
-8.751542523999234e-08
6.942274644039514e-09
1.2212453270876722e-15
2.9698465908722937e-15
3.469446951953614e-16
-2.4424906541753444e-15
4.884981308350689e-15
0.0
-5.551115123125783e-17
0.0
2.220446049250313e-16
4.3395604620855005e-07
-1.2926277292990562e-07
3.6644622980475106e-07
-1.1327934146265761e-09
-1.0993597143738043e-09
-8.162153175561571e-10
3.672683632771623e-07
2.0625506635951751e-07
3.150846339394775e-08
-2.6645352591003757e-15
-7.494005416219807e-16
-3.885780586188048e-16
1.7763568394002505e-15
-2.6645352591003757e-15
4.440892098500626e-16
2.3592239273284576e-16
0.0
-6.661338147750939e-16
3.667732784151667e-08
-1.0688192730867739e-07
3.136433912587222e-08
-1.6404086977672703e-09
-1.1577316882949162e-09
-3.5911771334440346e-09
3.269325077326357e-08
1.705422292275216e-08
-9.51227718815062e-09
1.9984014443252818e-15
-2.040034807748725e-15
-1.6653345369377348e-16
0.0
2.220446049250313e-15
-6.661338147750939e-16
1.3877787807814457e-16
-1.3322676295501878e-15
1.1102230246251565e-16
-6.023730847459774e-08
-1.1598558558034709e-07
-5.00627379551588e-08
-6.099440952311852e-10
-1.063380494770172e-10
-5.772034850082265e-09
-4.9831523796228794e-08
-2.936596033009664e-08
-2.1371249658841407e-08
-2.9976021664879227e-15
1.8110513089197866e-15
5.828670879282072e-16
-1.3322676295501878e-15
-1.3322676295501878e-15
-2.220446049250313e-16
-6.938893903907228e-17
2.220446049250313e-16
1.1102230246251565e-16
-1.6717899420370943e-07
-8.124996497826943e-08
-1.3317917968436177e-07
-3.62666057185379e-08
-2.705135360159261e-08
-2.3311368391176757e-09
-9.746053208914418e-08
-5.57507355836151e-08
-3.0060732569836546e-08
3.4416913763379853e-15
-2.623443996763175e-15
-3.608224830031759e-16
2.220446049250313e-15
-8.881784197001252e-16
-2.220446049250313e-16
1.1796119636642288e-16
0.0
2.220446049250313e-16
-2.605901947561051e-07
-2.6305849587515695e-07
-2.1893788293425584e-07
-5.469868114005294e-09
-8.712621735185166e-10
4.7427434202163e-09
-2.1428133045731101e-07
-1.1987911285871178e-07
-5.854384710346495e-08
-3.3306690738754696e-16
3.469446951953614e-15
-6.938893903907228e-17
4.440892098500626e-16
4.440892098500626e-15
5.551115123125783e-16
0.0
1.7763568394002505e-15
8.881784197001252e-16
1.843961463521282e-07
-4.306454002289684e-07
6.215756442884413e-08
7.521466116600095e-08
6.55213079348016e-08
-6.108404060345407e-09
-1.3391373343552006e-08
-7.192151763035781e-09
4.3648729075584924e-10
-3.3306690738754696e-15
-1.4432899320127035e-15
4.0245584642661925e-16
-2.4424906541753444e-15
-3.552713678800501e-15
-2.220446049250313e-16
-2.7755575615628914e-16
2.220446049250313e-16
-4.440892098500626e-16
-9.91820776619079e-07
9.328498435934308e-07
-7.856831345520732e-07
-2.464923181122458e-07
-1.7553610831555488e-07
-3.729949238362451e-09
-5.366827389163831e-07
-3.008034106244395e-07
8.97719143466702e-09
7.771561172376096e-16
-2.5118795932144167e-15
-2.220446049250313e-16
8.881784197001252e-16
1.7763568394002505e-15
1.942890293094024e-16
8.326672684688674e-17
-1.5543122344752192e-15
8.881784197001252e-16
-1.3454693302605847e-05
-1.5033225508886972e-06
-1.10532289205878e-05
-1.5325195423798735e-07
-1.1758395856986681e-07
-2.054437536758158e-08
-1.0899287744337016e-05
-6.107385722486925e-06
-1.8920496245300455e-06
-3.3306690738754696e-16
1.7763568394002505e-15
-1.8041124150158794e-16
1.3322676295501878e-15
-4.440892098500626e-16
0.0
1.1102230246251565e-16
0.0
1.7763568394002505e-15
-1.4872038377689023e-05
1.4467264918494038e-05
-1.2524797789126296e-05
-3.142278169221413e-06
-2.0982552081938444e-06
-6.438560369304014e-07
-9.384199533002402e-06
-5.282632667302778e-06
1.0863501209712467e-07
-1.1102230246251565e-16
1.887379141862766e-15
-3.469446951953614e-18
-1.9984014443252818e-15
4.440892098500626e-16
-3.885780586188048e-16
-4.163336342344337e-17
2.220446049250313e-16
-8.881784197001252e-16
-3.199964550049117e-05
-3.897637952832156e-06
-2.6599721770992346e-05
6.936017449277188e-08
5.767935240541533e-08
2.790744169089976e-08
-2.6669271621315715e-05
-1.4962225076686762e-05
-4.671942122058681e-06
4.440892098500626e-15
-2.2343238370581275e-15
5.551115123125783e-17
4.440892098500626e-16
-4.440892098500626e-16
2.220446049250313e-16
-1.8648277366750676e-16
1.3322676295501878e-15
-8.881784197001252e-16
2.2052643444681053e-06
7.716067784713232e-08
1.8761146733936582e-06
1.9542748930234666e-06
1.146197133650162e-06
3.009928617458968e-07
-7.815031111135795e-08
-4.206431825082291e-08
-2.1336239441893667e-09
-1.9984014443252818e-15
3.1502578323738817e-15
2.498001805406602e-16
-4.440892098500626e-16
6.661338147750939e-16
2.220446049250313e-16
-5.551115123125783e-17
-2.220446049250313e-15
1.3322676295501878e-15
-3.1119542143187573e-07
-9.380855630070074e-07
-3.836420390257445e-07
-3.31803612141357e-07
-1.7268077101562085e-07
-7.27172118075714e-08
-5.2808458939068714e-08
-3.35655685468339e-08
-6.600744395512948e-10
8.881784197001252e-16
-3.164135620181696e-15
0.0
1.9984014443252818e-15
3.885780586188048e-16
-2.220446049250313e-16
5.551115123125783e-17
2.220446049250313e-15
2.220446049250313e-16
3.46039840337653e-07
-9.375752938467485e-07
1.9099934434052557e-07
2.0571766157218008e-07
1.3058818382205573e-07
-8.201766377169406e-09
-1.6222056586912004e-08
-1.2149209638323555e-08
-1.0130669636509992e-09
-1.3322676295501878e-15
-1.7763568394002505e-15
0.0
-4.440892098500626e-16
-4.440892098500626e-16
-5.551115123125783e-17
1.6653345369377348e-16
-2.6645352591003757e-15
-1.7763568394002505e-15
-3.752584873950582e-07
-7.274368840626266e-07
-3.4982904395519654e-07
-3.5707302714627076e-07
-1.9857715827242828e-07
-5.909069855647431e-08
4.455271707115571e-09
-1.077289368822676e-09
-8.464726697354763e-10
3.3306690738754696e-15
4.496403249731884e-15
-1.1102230246251565e-16
-1.3322676295501878e-15
4.440892098500626e-16
1.1102230246251565e-16
0.0
4.440892098500626e-15
4.440892098500626e-16
-3.228099245689009e-07
-7.542995348330805e-07
-3.4195824127891683e-07
-3.41743184861798e-07
-1.938801048595451e-07
-6.811541197748738e-08
-7.749818564661837e-10
-1.0031548924871458e-09
-5.740215525129599e-10
-5.218048215738236e-15
-3.524958103184872e-15
-1.8041124150158794e-16
2.220446049250313e-16
0.0
-2.220446049250313e-16
0.0
-3.552713678800501e-15
8.881784197001252e-16
-2.0247322396471645e-07
-3.8009460467947065e-07
-2.571967243625295e-07
-2.222907085069892e-07
-1.3928724129641523e-07
-6.799861296258314e-08
-3.3261290610653305e-08
-1.492733581187622e-08
-5.866360286432837e-09
5.329070518200751e-15
2.498001805406602e-16
-2.7755575615628914e-17
2.498001805406602e-16
2.220446049250313e-16
8.326672684688674e-17
4.440892098500626e-16
0.0
0.0
-4.864378411184589e-08
-3.849054550641995e-07
-1.2864454745908915e-07
-6.230700677622991e-08
-5.015621915016588e-08
-5.415537174258134e-08
-6.397731411311725e-08
-3.387532210297195e-08
-1.2238134162317893e-08
8.881784197001252e-16
3.7470027081099033e-16
1.3877787807814457e-16
-4.440892098500626e-16
-6.106226635438361e-16
1.3877787807814457e-17
8.881784197001252e-16
0.0
0.0
5.741377151480265e-08
-3.849326866145475e-07
-2.4323860259301e-08
-1.7634847360170625e-08
-2.3829274553577307e-08
-4.973880152192578e-08
-5.000544645028526e-09
-2.8872157997739123e-09
-3.696621134197109e-10
-4.6629367034256575e-15
-7.355227538141662e-16
-5.551115123125783e-17
1.2212453270876722e-15
7.771561172376096e-16
-5.898059818321144e-17
-1.7763568394002505e-15
6.217248937900877e-15
-1.7763568394002505e-15
8.381860538975161e-08
-3.722212973400474e-07
1.4058011643669488e-08
1.8770497156594956e-08
-1.877250355164506e-09
-4.3519854386886436e-08
-3.795026959352299e-09
-8.819158736628196e-10
-1.0465950328608642e-10
2.7755575615628914e-15
-8.187894806610529e-16
1.6653345369377348e-16
-7.771561172376096e-16
-2.220446049250313e-16
4.163336342344337e-17
1.7763568394002505e-15
0.0
2.220446049250313e-15
1.0401765138112751e-07
-3.482097099549719e-07
4.5706435081172e-08
4.7518097900933753e-08
1.5716171475332885e-08
-3.758543698495487e-08
-1.4476506660088262e-09
-5.072662290217522e-10
-3.6069258690929473e-11
-3.219646771412954e-15
2.2620794126737565e-15
-1.1102230246251565e-16
-1.1102230246251565e-16
3.3306690738754696e-16
-2.7755575615628914e-17
0.0
-9.325873406851315e-15
-2.3314683517128287e-15
1.5450437729214173e-07
-3.140512063737333e-07
9.95074920240313e-08
9.928757904731356e-08
4.625157501436661e-08
-2.7755817200159072e-08
3.9945013963205156e-10
-1.655267034550434e-10
3.155076200300755e-11
2.1094237467877974e-15
-1.7208456881689926e-15
0.0
-1.1102230246251565e-16
-2.7755575615628914e-16
-8.326672684688674e-17
-1.9984014443252818e-15
3.774758283725532e-15
2.1094237467877974e-15
2.0502247721765343e-07
-2.768011455600572e-07
1.5178881085375906e-07
1.5104769701679288e-07
7.724761630356625e-08
-1.7067605995180202e-08
8.313052468622573e-10
1.3873080462190046e-10
8.758860303714755e-11
-1.6653345369377348e-15
4.649058915617843e-15
-2.498001805406602e-16
4.440892098500626e-16
3.3306690738754696e-16
-1.1102230246251565e-16
1.9984014443252818e-15
-2.1890583963568577e-15
-2.220446049250313e-16
1.7370139815398034e-07
-2.5023874172802607e-07
1.343989985969074e-07
1.3189048075901155e-07
6.822200759870611e-08
-1.586276709986123e-08
2.163472068161809e-09
3.936069248311469e-10
1.66346825203334e-10
-4.6629367034256575e-15
-6.938893903907228e-18
4.996003610813204e-16
-4.996003610813204e-16
-9.992007221626409e-16
1.1102230246251565e-16
-8.881784197001252e-16
3.9968028886505635e-15
4.440892098500626e-16
1.2403313220943346e-07
-2.412420485597977e-07
9.719668625507438e-08
9.353845342729983e-08
4.742256365375397e-08
-1.925995718465856e-08
2.9603821616319692e-09
7.069704821560663e-10
2.1861346066742726e-10
9.769962616701378e-15
-4.989064716909297e-15
-2.0816681711721685e-17
0.0
6.661338147750939e-16
1.6653345369377348e-16
2.7755575615628914e-15
1.9984014443252818e-15
-1.7763568394002505e-15
4.5380184943155655e-08
-2.527854761069648e-07
3.1400402278336514e-08
2.6675028408362774e-08
9.670657163951546e-09
-2.854778813343728e-08
3.709418550101873e-09
2.102038099138781e-09
2.7585467243795847e-10
-6.994405055138486e-15
1.5612511283791264e-16
-1.4224732503009818e-16
4.440892098500626e-16
-7.771561172376096e-16
-1.1102230246251565e-16
1.1102230246251565e-16
-5.329070518200751e-15
8.881784197001252e-16
-3.3591203596472496e-08
-2.7059333973511457e-07
-3.550652483141903e-08
-4.2354258766863495e-08
-2.9709070759054157e-08
-3.955557303925161e-08
5.6247912993967475e-09
3.4108431634649605e-09
3.3514702124648466e-10
7.882583474838611e-15
2.3418766925686896e-16
-2.220446049250313e-16
-3.3306690738754696e-16
5.551115123125783e-16
1.942890293094024e-16
-3.4416913763379853e-15
1.7763568394002505e-15
-2.220446049250313e-16
-1.0388927851323615e-07
-2.7614655095931084e-07
-9.320368965504144e-08
-1.0056752053344553e-07
-6.302628818843914e-08
-4.925942675981787e-08
6.050512979527411e-09
1.6504646538351153e-09
1.1540002287091511e-10
-4.551914400963142e-15
3.0661237437890065e-15
1.249000902703301e-16
-1.1102230246251565e-16
4.440892098500626e-16
-1.942890293094024e-16
2.886579864025407e-15
-2.6645352591003757e-15
-2.220446049250313e-16
-1.481348341769717e-07
-2.832794869789268e-07
-1.286400683753186e-07
-1.2996818199439986e-07
-7.975151561367966e-08
-5.478587183915806e-08
1.3520029540359246e-10
-2.461531756203783e-09
-8.990921340767954e-10
-2.1094237467877974e-15
-2.47198095326695e-16
3.191891195797325e-16
0.0
-9.159339953157541e-16
2.0816681711721685e-16
-4.413136522884997e-15
5.329070518200751e-15
0.0
-1.7277740482768422e-07
-2.790556266063504e-07
-1.4827529426497676e-07
-1.2827876005871985e-07
-7.844738725282241e-08
-5.621929233257106e-08
-2.0638911024661866e-08
-1.6977244970961536e-08
-3.697944450653523e-09
5.10702591327572e-15
1.7156415177410622e-15
-4.996003610813204e-16
1.1102230246251565e-16
-1.1102230246251565e-16
1.5265566588595902e-16
9.992007221626409e-16
-8.881784197001252e-16
0.0
-2.4520414854123374e-07
-2.3463012865931887e-07
-1.9718657284784058e-07
-1.30823448962758e-07
-7.970543514090878e-08
-5.8786469026017585e-08
-6.641149230546262e-08
-5.081320253452759e-08
-6.7786594670771194e-09
7.771561172376096e-16
-3.958638972179074e-15
-6.938893903907228e-17
-1.1102230246251565e-16
4.510281037539698e-16
-1.1102230246251565e-16
8.881784197001252e-16
0.0
0.0
-2.7633436516794063e-07
-2.4020477340513935e-07
-2.093721285234551e-07
-1.3762511308357261e-07
-8.377586269148196e-08
-6.295259424859978e-08
-7.138052393607097e-08
-5.246531653568809e-08
-3.6834137406849266e-09
6.661338147750939e-16
3.469446951953614e-17
4.614364446098307e-16
0.0
-2.42861286636753e-16
-1.1102230246251565e-16
2.220446049250313e-16
0.0
2.220446049250313e-16
-2.0920837329185815e-07
-3.242980959328179e-07
-1.5359130500769425e-07
-1.230935503526709e-07
-7.56622977604593e-08
-6.493164761423031e-08
-2.949738231450283e-08
-2.049892167121925e-08
-1.318263068150749e-10
-1.887379141862766e-15
-9.71445146547012e-16
1.5265566588595902e-16
1.1102230246251565e-16
-2.914335439641036e-16
-1.3877787807814457e-16
1.3322676295501878e-15
-1.7763568394002505e-15
0.0
-1.3547112587275478e-07
-3.889293438419372e-07
-9.244035226174674e-08
-8.227423148321478e-08
-5.241680867129617e-08
-6.381176831382618e-08
-8.46820125133263e-09
-5.285707871394152e-09
6.286603182470429e-10
-8.215650382226158e-15
2.7755575615628914e-17
-8.326672684688674e-17
-1.1102230246251565e-16
-6.106226635438361e-16
2.7755575615628914e-17
2.220446049250313e-16
-1.7763568394002505e-15
0.0
-8.405396556554479e-08
-4.380005016457744e-07
-4.335779557607111e-08
-4.000760922551194e-08
-2.8588649669814e-08
-6.306032673819573e-08
-1.6892798271328502e-09
-6.775398020408829e-10
9.442720494412526e-10
4.773959005888173e-15
-5.134781488891349e-16
-1.1102230246251565e-16
-1.1102230246251565e-16
1.6653345369377348e-15
-3.0531133177191805e-16
-6.661338147750939e-16
2.220446049250313e-15
0.0
-1.943764260659009e-08
-4.885795199527365e-07
2.5841114137392648e-08
2.6935312646969578e-08
9.867864747548083e-09
-5.8834771721194556e-08
2.1183765852583747e-10
8.273151053117545e-10
1.2598323495538466e-09
-1.887379141862766e-15
3.1086244689504383e-15
-2.220446049250313e-16
3.3306690738754696e-16
4.440892098500626e-16
5.707240235963695e-16
2.220446049250313e-16
0.0
0.0
9.721209437429934e-08
-5.59212516293428e-07
1.416050601221741e-07
1.409267884611154e-07
7.664677159624489e-08
-4.900030603494088e-08
1.565229723610173e-09
1.5088268412455363e-09
1.43200096225371e-09
-2.4424906541753444e-15
-2.192690473634684e-15
0.0
-2.7755575615628914e-16
-1.3322676295501878e-15
-1.1102230246251565e-16
-2.220446049250313e-15
-4.440892098500626e-16
-2.220446049250313e-16
2.0184711502224673e-07
-6.704819526248684e-07
2.556585805280065e-07
2.548186568418487e-07
1.4594991282201875e-07
-4.251974417002202e-08
1.1083045592386043e-09
8.529834616410881e-10
1.22254772971786e-09
1.9984014443252818e-15
3.25434124093249e-15
-5.551115123125783e-17
6.938893903907228e-17
1.3322676295501878e-15
-3.3306690738754696e-16
6.661338147750939e-16
1.1102230246251565e-16
4.440892098500626e-16
-3.0728347155672964e-07
-8.259635677632104e-07
-1.2415848438251942e-07
2.4291250610986026e-07
1.4850716567593736e-07
-6.014586517721909e-08
-3.6767504596468825e-07
-2.0794574240312613e-07
-3.5499321482390656e-08
7.327471962526033e-15
-1.6410484082740595e-15
2.7755575615628914e-16
-1.6653345369377348e-16
-2.220446049250313e-15
2.220446049250313e-16
1.1102230246251565e-15
-1.6653345369377348e-16
0.0
-1.201828325747556e-07
-1.0451147147705342e-06
8.614882673896317e-08
4.1655855653743856e-08
5.122439361571196e-08
-1.1658207199616298e-07
4.3907981250868033e-08
2.6096831362565354e-08
9.990072546983697e-09
-8.326672684688674e-15
2.2724877535296173e-15
0.0
2.220446049250313e-16
1.3322676295501878e-15
0.0
-2.220446049250313e-16
-1.6653345369377348e-16
-2.7755575615628914e-16
-4.7524836332968334e-06
-1.6276555498961898e-06
-3.7073580667623673e-06
-3.955819636303204e-07
-1.5556039301145572e-07
-2.380040129423833e-07
-3.311725982335645e-06
-1.8819402720637868e-06
-3.6688884907931657e-07
4.3298697960381105e-15
-4.0870085094013575e-15
-1.4007892068512717e-16
0.0
-8.881784197001252e-16
8.881784197001252e-16
-2.220446049250313e-16
6.661338147750939e-16
0.0
-4.6377128626318154e-07
-2.185361530848695e-06
-9.393196975793218e-08
3.0678805273964826e-08
1.392395674315594e-07
-1.6024091564759146e-07
-1.2435015683820438e-07
-8.024331599187917e-08
-5.0466298695539535e-08
4.6629367034256575e-15
3.747002708109903e-15
-9.367506770274758e-17
2.220446049250313e-16
-4.440892098500626e-16
-8.881784197001252e-16
2.220446049250313e-16
-1.1102230246251565e-15
1.1102230246251565e-16
-2.414836046682467e-07
-2.759489717618635e-06
7.698416371049177e-08
2.139354151609041e-07
2.912645484798304e-07
-9.954152702107422e-08
-1.369063191702935e-07
-1.0074280609728703e-07
-1.0969718999831457e-07
-1.0436096431476471e-14
-1.9012569296705806e-15
1.1102230246251565e-16
0.0
8.881784197001252e-16
-8.881784197001252e-16
-8.881784197001252e-16
1.942890293094024e-16
-3.3306690738754696e-16
5.734091246267781e-07
-8.463325258389887e-07
4.367978423402974e-07
-1.142517369601137e-08
6.748578584847564e-09
1.022434514830195e-08
4.5081716137929106e-07
2.327172587968107e-07
-4.043785395424493e-08
4.3298697960381105e-15
1.3600232051658168e-15
0.0
4.440892098500626e-16
1.7763568394002505e-15
1.4710455076283324e-15
4.440892098500626e-16
9.43689570931383e-16
2.220446049250313e-16
3.7702042732234986e-07
-6.569806192402439e-07
2.1234838287753632e-07
7.636797860754996e-10
-2.5045443288740366e-09
7.230906984290186e-10
2.092597952696451e-07
9.560363523064552e-08
-5.5225839901140716e-08
-6.661338147750939e-16
-3.2612801348363973e-15
1.1102230246251565e-16
0.0
0.0
-1.609823385706477e-15
4.440892098500626e-16
-2.220446049250313e-16
0.0
2.75079074185669e-07
-5.677287404637354e-07
1.3558876332808723e-07
3.978349982780571e-09
-3.902515643972038e-09
-1.5523339280676396e-09
1.2966895823751656e-07
5.103906630665733e-08
-5.7122662155961734e-08
-3.552713678800501e-15
3.7816971776294395e-15
-1.1102230246251565e-16
-8.881784197001252e-16
3.552713678800501e-15
1.1102230246251565e-15
-4.440892098500626e-16
-4.440892098500626e-16
0.0
1.4181337348873058e-07
-4.90225446014847e-07
3.971841877614679e-08
3.941206028201805e-09
-4.0841179327344435e-09
-2.885511163341903e-09
3.418325533743882e-08
-1.3555876421378343e-09
-5.980299988550541e-08
2.7755575615628914e-15
-1.1032841307212493e-15
5.551115123125783e-17
-1.3322676295501878e-15
-1.7763568394002505e-15
-1.0547118733938987e-15
-1.1102230246251565e-16
4.718447854656915e-16
0.0
6.959041343179705e-09
-4.1842427833671536e-07
-5.44215019715466e-08
1.781801817202222e-09
-3.519552205233367e-09
2.368769180804975e-09
-5.7405845410585243e-08
-5.0397318318573525e-08
-6.140331265669374e-08
5.329070518200751e-15
-1.1102230246251565e-15
2.7755575615628914e-17
4.440892098500626e-16
-1.4988010832439613e-15
1.9984014443252818e-15
2.220446049250313e-16
-2.220446049250313e-16
1.1102230246251565e-16
-1.071120721007901e-07
-3.549959544102421e-07
-1.361300920876829e-07
1.7559098619557287e-09
-2.67394062447579e-09
6.381993822301979e-10
-1.388266390733861e-07
-9.340048734429729e-08
-6.305691613306408e-08
-5.551115123125783e-15
2.942091015256665e-15
2.498001805406602e-16
8.881784197001252e-16
-3.219646771412954e-15
-1.1102230246251565e-16
0.0
-2.220446049250313e-16
1.1102230246251565e-16
-1.9346324009461568e-07
-3.0528967798204576e-07
-1.956786732648652e-07
2.904383400448296e-10
-1.8620953667891627e-09
-1.2872749532988335e-09
-1.9655493233017296e-07
-1.2347371836085586e-07
-6.371476501954021e-08
2.6645352591003757e-15
-2.6922908347160046e-15
-4.996003610813204e-16
-1.1102230246251565e-15
2.220446049250313e-15
0.0
2.220446049250313e-16
8.881784197001252e-16
-5.551115123125783e-17
-2.435651342835854e-07
-2.648853438813603e-07
-2.2756647055643953e-07
-1.2233183355192523e-09
-1.3896563899606917e-09
-3.2472224908985936e-10
-2.2659489573584324e-07
-1.3838581480740686e-07
-6.256823326111771e-08
-1.4432899320127035e-15
2.1649348980190553e-15
2.7755575615628914e-17
1.887379141862766e-15
1.7763568394002505e-15
6.661338147750939e-16
4.163336342344337e-17
-2.220446049250313e-16
5.551115123125783e-17
-2.963599869953981e-07
-2.4121948172250995e-07
-2.679322932408468e-07
-2.18953388753107e-09
-1.3244427776726297e-09
5.588987050941796e-10
-2.655855801947382e-07
-1.585125417591371e-07
-6.515796258099726e-08
-2.7755575615628914e-15
5.689893001203927e-16
-5.551115123125783e-17
-2.1094237467877974e-15
0.0
-1.3322676295501878e-15
0.0
-8.881784197001252e-16
0.0
-1.0249532422790253e-07
9.241114184987964e-08
-8.333512724334469e-08
-4.971511202711554e-09
-2.8989619593744465e-09
-8.260347961197567e-11
-7.781172506327039e-08
-4.121406504964398e-08
1.866057086630235e-09
-3.3306690738754696e-16
-3.0253577421035516e-15
0.0
9.992007221626409e-16
-2.6645352591003757e-15
6.661338147750939e-16
-4.163336342344337e-17
7.771561172376096e-16
2.220446049250313e-16
-8.236199668942845e-07
-3.016141221223734e-07
-7.118793732274753e-07
-1.691599038622371e-08
-1.213198386196268e-08
-1.7893599935092654e-09
-6.949850934745427e-07
-4.0573051052206216e-07
-1.3206330606863048e-07
3.9968028886505635e-15
-9.749145934989656e-16
5.551115123125783e-17
-1.1102230246251565e-15
4.440892098500626e-16
4.440892098500626e-16
-1.1102230246251565e-16
-2.220446049250313e-16
-1.3877787807814457e-16
-3.198339229015801e-07
-2.3751061917209881e-07
-2.7616179965050947e-07
-1.4722902008657002e-08
-8.998311207264464e-09
-2.02179051278506e-09
-2.614391512167913e-07
-1.5592280533383018e-07
-6.657171525148442e-08
-1.4432899320127035e-15
4.135580766728708e-15
-1.8041124150158794e-16
1.3600232051658168e-15
4.440892098500626e-16
-2.220446049250313e-16
1.6653345369377348e-16
-2.220446049250313e-16
1.1102230246251565e-16
-4.037719385507899e-07
-4.801498221240763e-08
-3.3298880186549695e-07
-1.460370331329841e-07
-1.0652614135242544e-07
-1.920390579890352e-08
-1.8714362681748753e-07
-1.1203870542431105e-07
-5.359127897008876e-08
3.4416913763379853e-15
-2.6367796834847468e-15
3.191891195797325e-16
-4.440892098500626e-16
2.6645352591003757e-15
0.0
-2.220446049250313e-16
-4.440892098500626e-16
0.0
-5.965964220422393e-07
2.0359237851153011e-07
-4.5208889787318185e-07
-3.438231370722633e-07
-2.4305193591089846e-07
-2.435155321833804e-08
-1.088266827764528e-07
-6.503515237454849e-08
-4.592872926423297e-08
2.4424906541753444e-15
2.355754480376504e-15
1.1796119636642288e-16
1.3322676295501878e-15
0.0
-4.440892098500626e-16
1.1102230246251565e-16
6.661338147750939e-16
8.881784197001252e-16
-2.624686601393478e-08
3.2243519854091574e-08
-2.1824980933615734e-08
-1.3358032013854881e-08
-8.931616335416948e-09
1.2960146011931073e-09
-8.831199771464071e-09
-4.652449092645838e-09
1.092637091915094e-10
-9.658940314238862e-15
-3.0531133177191805e-16
-2.498001805406602e-16
-8.881784197001252e-16
-1.7763568394002505e-15
2.220446049250313e-16
1.1102230246251565e-16
-3.3306690738754696e-16
0.0
-3.530538350560164e-08
3.28642499880516e-08
-3.03600806716986e-08
1.8325438944089e-09
1.3480256910725075e-09
5.666512259416834e-09
-3.2306125774539396e-08
-1.7680672925735053e-08
4.3001913141438313e-10
3.1086244689504383e-15
-1.9637069748057456e-15
4.996003610813204e-16
4.440892098500626e-16
0.0
0.0
0.0
0.0
0.0
-3.29820615263543e-06
-9.388139687871444e-07
-2.8071773243709686e-06
4.3849546216279123e-10
9.421796676178928e-12
3.370203005559347e-10
-2.807182417186027e-06
-1.6113578595877698e-06
-5.330448971108126e-07
7.105427357601002e-15
1.7763568394002505e-15
-2.220446049250313e-16
-1.5543122344752192e-15
0.0
-5.551115123125783e-17
0.0
-6.106226635438361e-16
0.0
-4.432371181195549e-08
3.7353174775489606e-08
-4.009442200469948e-08
-1.2811156580028182e-09
-6.8199135228042e-10
-4.332648129157235e-09
-3.8104000843475205e-08
-2.102103735523997e-08
4.3730263854513396e-10
-3.9968028886505635e-15
-4.163336342344337e-15
-2.220446049250313e-16
4.440892098500626e-16
4.440892098500626e-16
4.163336342344337e-17
5.551115123125783e-17
7.771561172376096e-16
-2.220446049250313e-16
3.165136774896382e-08
-1.2501004675868899e-07
2.9509735099964015e-08
-8.07122546575556e-09
-4.55316362391045e-09
-1.5375422046659537e-09
3.846763085846305e-08
2.213596794753414e-08
-5.992514928720993e-09
-6.439293542825908e-15
-3.885780586188048e-16
1.1102230246251565e-16
1.1102230246251565e-15
6.661338147750939e-16
1.1102230246251565e-16
-5.551115123125783e-17
-2.220446049250313e-16
2.220446049250313e-16
-1.745915005013643e-06
-1.787442158729391e-06
-1.4118109490368624e-06
-3.0045286369961843e-08
-1.8947853952511196e-08
-3.490118454657631e-09
-1.3824200502110529e-06
-7.896443348087701e-07
-4.367375368019566e-07
2.886579864025407e-15
2.55351295663786e-15
1.1102230246251565e-16
4.440892098500626e-16
-6.661338147750939e-16
-1.6653345369377348e-16
5.551115123125783e-17
0.0
1.5265566588595902e-16
-8.905224717636884e-07
-1.3969223005005915e-06
-6.65086226092626e-07
-1.0068608613522656e-07
-6.552840167706186e-08
-1.7278604880210935e-08
-5.647249432527701e-07
-3.168594595592822e-07
-2.821997071578153e-07
6.439293542825908e-15
-2.3609586508044345e-15
-2.498001805406602e-16
-2.220446049250313e-16
-4.440892098500626e-16
0.0
0.0
-1.1102230246251565e-15
-6.661338147750939e-16
-1.1616958097704355e-06
-1.284073476881531e-06
-8.468144727658e-07
-1.598690571036343e-07
-9.590435290363075e-08
-1.2572717755787721e-08
-6.878444178681775e-07
-3.7604554137260493e-07
-2.9898441766817996e-07
-7.771561172376096e-15
3.282096816548119e-15
0.0
-6.661338147750939e-16
4.440892098500626e-16
1.457167719820518e-16
0.0
8.881784197001252e-16
7.771561172376096e-16
-1.0670728265438356e-06
-9.505625229166981e-07
-6.60488872483711e-07
-4.017898778130302e-07
-2.2173769687050537e-07
-9.151126967310574e-09
-2.5660116342862693e-07
-1.1918737641281041e-07
-2.2919084585737437e-07
6.772360450213455e-15
-2.5951463200613034e-15
2.220446049250313e-16
-6.661338147750939e-16
6.245004513516506e-16
2.220446049250313e-16
0.0
1.3322676295501878e-15
-6.661338147750939e-16
1.0657616158482597e-06
-1.1610597141498147e-06
1.0533207488450103e-06
5.26273169043634e-07
2.7685109671438113e-07
3.675368454025829e-08
5.322146954256368e-07
3.4389615244379e-07
-8.657686123569874e-08
-5.440092820663267e-15
2.7755575615628914e-15
-1.6653345369377348e-16
4.440892098500626e-16
-3.434752482434078e-16
0.0
0.0
-1.3322676295501878e-15
0.0
4.400013651206791e-07
-1.1059251932010739e-06
6.23959387269224e-07
-9.239455671661291e-07
-5.306278509920048e-07
-7.087746567435715e-08
1.5608162726721275e-06
9.489334757972756e-07
1.1552738499176486e-07
2.220446049250313e-15
-2.456368441983159e-15
0.0
4.440892098500626e-16
-4.440892098500626e-16
1.1102230246251565e-16
0.0
-4.440892098500626e-16
8.881784197001252e-16
1.1879709589379672e-06
-2.0036478787233136e-06
1.2062315875027707e-06
-1.936588915896209e-07
-1.1829970603116635e-07
-4.136307296676023e-08
1.4063884670179048e-06
9.20118473857201e-07
9.946510459712954e-08
-3.4416913763379853e-15
3.885780586188048e-15
-5.551115123125783e-17
-8.881784197001252e-16
6.661338147750939e-16
0.0
0.0
-1.7763568394002505e-15
0.0
5.60678522276703e-07
-2.333169220491982e-06
7.626944622529663e-07
1.154909767819845e-08
4.0782062171729194e-09
-2.098921925153263e-09
7.51113297781103e-07
6.359313786674647e-07
-1.377123659551671e-08
3.774758283725532e-15
-1.8318679906315083e-15
8.326672684688674e-17
4.440892098500626e-16
-5.551115123125783e-17
0.0
-8.881784197001252e-16
3.552713678800501e-15
1.1102230246251565e-15
7.280397937847738e-07
-4.600138368004991e-07
5.255039656759664e-07
5.608780000443403e-07
3.094336236131312e-07
5.62544784088459e-08
-3.525739167287156e-08
2.894499573358189e-08
-3.246503621490149e-09
-3.774758283725532e-15
-3.1643524606161932e-15
-2.7755575615628914e-17
-4.440892098500626e-16
-6.106226635438361e-16
0.0
4.440892098500626e-16
-3.552713678800501e-15
0.0
1.179129711204041e-06
-8.034808729462384e-08
9.659297095510055e-07
9.528474187447956e-07
5.263399351917997e-07
9.027044711729104e-08
9.796022659713799e-09
-1.4935582104413925e-08
-1.1604164296130648e-09
9.2148511043888e-15
3.802513859341161e-15
-6.938893903907228e-18
2.220446049250313e-16
1.1102230246251565e-16
0.0
1.7763568394002505e-15
1.7763568394002505e-15
8.881784197001252e-16
1.1817593090768241e-06
-1.5269572628540118e-07
9.672687824036075e-07
9.71105861502508e-07
5.338512032437848e-07
8.467949896839855e-08
-6.305580502186103e-09
-1.5843322209718735e-08
-1.3054282099744796e-09
-1.0658141036401503e-14
-3.800779135865184e-15
4.683753385137379e-17
1.1102230246251565e-16
2.0816681711721685e-16
1.1102230246251565e-16
-1.3322676295501878e-15
-8.881784197001252e-16
-1.9984014443252818e-15
7.370946093487873e-07
-1.8792476907947275e-07
6.01261659127772e-07
6.042425715335753e-07
3.258161456187736e-07
3.9022737041705113e-08
-5.1876456463872955e-09
-1.3832499590193947e-08
-1.4187404584475871e-09
2.55351295663786e-15
1.672273430841642e-15
-4.163336342344337e-17
2.220446049250313e-16
1.6653345369377348e-16
1.1102230246251565e-16
-4.440892098500626e-16
-2.6645352591003757e-15
1.6653345369377348e-16
1.342370126167225e-08
-1.9157905484235016e-07
3.6067966391328814e-09
8.263604023284188e-09
-8.853248800733127e-09
-2.6732621449809812e-08
-6.904855465172942e-09
-1.0129126870594973e-08
-1.213278810752172e-09
-1.4432899320127035e-15
3.608224830031759e-16
2.0816681711721685e-17
-5.551115123125783e-17
1.1102230246251565e-16
0.0
1.1102230246251565e-15
5.329070518200751e-15
3.3306690738754696e-16
-5.188516496446027e-07
-1.7388978301724478e-07
-4.336507446467408e-07
-4.270976754483513e-07
-2.5160486316622155e-07
-7.315490790915646e-08
-8.696417586051552e-09
-6.248349393445096e-09
-8.883896951417114e-10
1.6653345369377348e-15
-1.1379786002407855e-15
-6.938893903907228e-17
-5.551115123125783e-17
4.440892098500626e-16
-2.7755575615628914e-16
-6.661338147750939e-16
9.992007221626409e-16
1.5543122344752192e-15
-7.721316350739471e-07
-1.3665420262043426e-07
-6.424651024516947e-07
-6.368387373001383e-07
-3.672119639475113e-07
-9.40015780770409e-08
-7.4210113609751716e-09
-2.0829320490634018e-09
-4.179413481963934e-10
-1.2212453270876722e-15
-6.730727086790012e-16
1.249000902703301e-16
-2.7755575615628914e-17
-7.771561172376096e-16
2.220446049250313e-16
0.0
1.9984014443252818e-15
4.440892098500626e-16
-7.797681149668279e-07
-7.642340005276083e-08
-6.537436032516553e-07
-6.536935241996389e-07
-3.743312078086092e-07
-9.193536243401468e-08
-1.4118404223495418e-09
4.707974010642602e-10
1.4685841431827384e-10
1.4765966227514582e-14
4.510281037539698e-16
-1.6653345369377348e-16
-2.7755575615628914e-17
6.661338147750939e-16
-3.885780586188048e-16
3.3306690738754696e-16
-6.217248937900877e-15
-1.1102230246251565e-15
-5.878276994053522e-07
-2.959807332558739e-08
-4.969705829083182e-07
-5.007798264955454e-07
-2.860061734111241e-07
-6.96778528208597e-08
2.9382150046330935e-09
1.6583008299875246e-09
4.664240105256567e-10
-8.215650382226158e-15
3.941291737419306e-15
1.3877787807814457e-16
-1.3877787807814457e-17
-5.551115123125783e-16
3.2417644957316583e-16
-1.4432899320127035e-15
-1.3322676295501878e-15
4.440892098500626e-16
-3.037397231508976e-07
-1.9926801542169414e-08
-2.590380183686847e-07
-2.616832057711349e-07
-1.4932442482518127e-07
-3.746038146346109e-08
2.3311788055480065e-09
2.5209307974449757e-09
7.048917005647581e-12
-1.1879386363489175e-14
-2.192690473634684e-15
-2.7755575615628914e-17
2.7755575615628914e-17
-4.440892098500626e-16
-4.163336342344337e-17
8.881784197001252e-16
1.3322676295501878e-15
0.0
-2.4982323765243564e-08
-2.2391340337435395e-08
-2.650507191503948e-08
-1.729060317146036e-08
-9.881800266953178e-09
-5.6603539633215405e-09
-8.889092129038545e-09
-5.2268441796954335e-09
-2.7934552448982686e-09
1.942890293094024e-14
-1.339206523454095e-15
-5.551115123125783e-17
-8.326672684688674e-17
8.326672684688674e-16
-2.220446049250313e-16
1.1102230246251565e-15
-1.3322676295501878e-15
-6.661338147750939e-16
1.4107957824194273e-07
4.448433088555248e-08
1.1215545114851011e-07
1.751010576533929e-07
9.976898951435942e-08
1.801365101528063e-08
-6.199494784198123e-08
-5.1544818080451194e-08
-1.1342708328143658e-08
-1.4988010832439613e-14
2.14064876935538e-15
-1.1102230246251565e-16
1.3877787807814457e-16
-2.7755575615628914e-17
1.3877787807814457e-16
-1.942890293094024e-15
8.881784197001252e-16
2.220446049250313e-16
7.857614114925583e-08
2.3215435263068684e-07
7.867887319434885e-08
2.7064303154133995e-07
1.539239438130835e-07
2.7748136233185505e-08
-1.904502351379733e-07
-1.5625998583956857e-07
-2.3625689404838113e-08
1.3655743202889425e-14
-2.067790383364354e-15
1.6653345369377348e-16
-1.6653345369377348e-16
1.1275702593849246e-16
2.220446049250313e-16
1.3877787807814457e-15
3.552713678800501e-15
2.220446049250313e-16
-8.75999939253802e-08
3.2656227233474056e-07
-2.931938780648125e-08
2.3489700851087036e-07
1.3302095780431955e-07
1.981965169761679e-08
-2.6201328384711786e-07
-2.0447484150309947e-07
-2.1159448360119626e-08
1.9984014443252818e-15
2.138914045879403e-15
1.1102230246251565e-16
1.6653345369377348e-16
-5.689893001203927e-16
-1.6653345369377348e-16
-2.1094237467877974e-15
-2.6645352591003757e-15
0.0
-8.663094486216495e-08
1.0729998223268922e-07
-4.043314305590684e-08
1.0289186613832157e-07
5.6908582735104574e-08
-1.03483444036101e-09
-1.4027908612490592e-07
-1.0213539969328167e-07
-6.1413728963399805e-09
-1.3322676295501878e-14
-1.3808398868775384e-15
-1.6653345369377348e-16
-1.6653345369377348e-16
7.91033905045424e-16
1.7780915628762273e-16
2.6645352591003757e-15
-8.881784197001252e-16
-2.220446049250313e-16
-1.1998753102204773e-07
-8.892432390439353e-08
-9.225922426026045e-08
-4.6589279323328014e-08
-2.9554430014400168e-08
-2.544994970321568e-08
-4.228156491592472e-08
-2.6166754096834666e-08
-1.046972133988966e-09
7.327471962526033e-15
-7.494005416219807e-16
1.3877787807814457e-16
1.1102230246251565e-16
-7.771561172376096e-16
1.5265566588595902e-16
-1.3322676295501878e-15
8.881784197001252e-16
2.220446049250313e-16
-2.4933841302754445e-07
-1.5193926827805626e-07
-2.0585015114704677e-07
-1.8559357589653658e-07
-1.0987466225742537e-07
-4.9291635662029876e-08
-1.7207394620299965e-08
-8.312817101341352e-09
-7.805318058551336e-10
-4.773959005888173e-15
6.522560269672795e-16
-8.803721640582296e-17
1.1102230246251565e-16
2.220446049250313e-16
-2.7755575615628914e-16
-1.1102230246251565e-15
8.881784197001252e-16
-1.1102230246251565e-16
-3.546663549514051e-07
-1.5800446107050448e-07
-2.94068856376839e-07
-2.7795401913444095e-07
-1.628534977982099e-07
-6.391581308662353e-08
-1.3004260779325705e-08
-6.1556164610010455e-09
-9.913755372181754e-10
7.105427357601002e-15
3.497202527569243e-15
1.3877787807814457e-17
-1.1102230246251565e-16
-6.661338147750939e-16
-7.632783294297951e-17
1.3322676295501878e-15
4.440892098500626e-16
0.0
-3.228368044005947e-07
-1.4519072522034548e-07
-2.663636369248934e-07
-2.4947724686086303e-07
-1.4590629238142583e-07
-5.8153560189566627e-08
-1.3947843768846724e-08
-7.372126020754877e-09
-1.3888816763341083e-09
-8.770761894538737e-15
-3.3306690738754696e-15
-6.938893903907228e-18
-9.71445146547012e-17
1.1102230246251565e-15
-2.2898349882893854e-16
-1.3322676295501878e-15
8.881784197001252e-16
0.0
-1.8625974718133873e-07
-1.2259422987881408e-07
-1.4830083294725682e-07
-1.3104121165952165e-07
-7.63073590981378e-08
-3.692412064992823e-08
-1.5246362394805146e-08
-8.579620569548752e-09
-1.3200652793088352e-09
5.218048215738236e-15
1.3461454173580023e-15
-1.3877787807814457e-16
4.163336342344337e-16
-1.1102230246251565e-15
4.996003610813204e-16
1.9984014443252818e-15
-3.3306690738754696e-16
0.0
-1.0351767798510991e-07
-9.369286146920786e-08
-6.839400334968104e-08
-3.735588549602653e-08
-2.111554531225579e-08
-2.0712519699372933e-08
-2.9723819849891697e-08
-1.637086732841908e-08
-8.449307919988769e-11
-1.432187701766452e-14
6.730727086790012e-16
0.0
-3.608224830031759e-16
1.3322676295501878e-15
0.0
0.0
-5.412337245047638e-16
-1.1102230246251565e-16
1.6158936944066227e-07
4.5324888731101964e-08
2.1380039649798732e-07
-2.949764343895822e-08
-1.3782043950527623e-08
-2.553234423885442e-08
2.439563893119612e-07
1.474802058254454e-07
5.81834860291508e-08
7.549516567451064e-15
-3.2170446861989888e-15
5.551115123125783e-17
4.440892098500626e-16
4.440892098500626e-16
0.0
-1.3322676295501878e-15
7.216449660063518e-16
-2.220446049250313e-16
-5.31057139596669e-07
-1.986519578167645e-06
-6.445972502433506e-07
-3.8309671523961697e-07
-1.9757726832381195e-07
-1.3701891532491572e-07
-2.603921540611509e-07
-1.8240866594965155e-07
-1.8639192589375853e-07
-1.3322676295501878e-15
2.7755575615628914e-16
-1.1102230246251565e-16
0.0
-8.881784197001252e-16
-4.440892098500626e-16
-2.220446049250313e-16
-1.1102230246251565e-16
2.220446049250313e-16
-1.0485328729714638e-06
-2.649231873874669e-06
-7.362629688145717e-07
-6.11405091888173e-07
-2.6486677029424754e-07
-2.8641788674121926e-07
-1.2341197930254566e-07
-9.456930705198374e-08
-1.1942178801405134e-07
-9.992007221626409e-16
2.914335439641036e-15
2.0122792321330962e-16
-1.1102230246251565e-16
2.220446049250313e-15
0.0
0.0
0.0
1.6653345369377348e-16
-1.6445185018199027e-06
-4.587681019074807e-06
-7.545565239297503e-07
-6.66617037126116e-07
-1.42787136780953e-07
-4.419491688167909e-07
-8.74151453444938e-08
-6.686014231149784e-08
-9.977387094295409e-08
-4.3298697960381105e-15
-2.4320823133194835e-15
-2.1163626406917047e-16
0.0
-3.552713678800501e-15
0.0
1.1102230246251565e-15
-6.661338147750939e-16
4.440892098500626e-16
-1.0353553339115251e-06
1.1515970754771843e-06
-7.359427245390293e-07
-2.3459589826302363e-09
-5.967219607327934e-09
1.936676152780592e-09
-7.335360225901866e-07
-3.866962945409113e-07
4.823605381787388e-08
3.219646771412954e-15
-1.1587952819525071e-15
2.3592239273284576e-16
4.440892098500626e-16
3.552713678800501e-15
-7.216449660063518e-16
-1.3322676295501878e-15
8.881784197001252e-16
-1.1102230246251565e-16
8.242451627893388e-07
-9.676262209268316e-07
5.480091775922347e-07
6.236733796072258e-09
-1.3014773508901456e-08
3.875547882614683e-09
5.41786970842395e-07
2.795815738920737e-07
-7.303475513253943e-08
1.3655743202889425e-14
3.4104663537704027e-15
-8.326672684688674e-17
-4.440892098500626e-16
-8.881784197001252e-16
-1.457167719820518e-15
1.1102230246251565e-15
-3.885780586188048e-16
0.0
2.391322055927958e-07
-6.055482550948454e-07
1.465715775417209e-07
-6.485617376483788e-09
-1.2155003004110654e-08
-8.011444840860804e-10
1.53294536175963e-07
6.670468621905457e-08
-7.209705188415683e-08
0.0
-3.6463887465032485e-15
-1.3877787807814457e-16
4.440892098500626e-16
-2.220446049250313e-15
6.661338147750939e-16
-4.440892098500626e-16
-1.1102230246251565e-16
0.0
3.3593899217976286e-08
-6.190950472273471e-07
-6.038959554643952e-09
-1.6529998703163074e-08
-6.838118293828188e-09
-3.0687322127853633e-09
1.0855679022370168e-08
-1.3957322408941764e-08
-8.317681476910366e-08
-1.1102230246251565e-15
3.7990444123892075e-15
-5.551115123125783e-17
-8.881784197001252e-16
2.6645352591003757e-15
2.220446049250313e-16
-1.1102230246251565e-16
1.6653345369377348e-16
-2.220446049250313e-16
-2.541375465625606e-08
-6.512539840741738e-07
-5.72640743712327e-08
-1.770718771609836e-08
-2.294388679047188e-09
1.8450896366317693e-10
-3.924574087932342e-08
-4.3082128087235105e-08
-8.874721402207797e-08
-2.220446049250313e-15
-5.759281940243e-16
0.0
-4.440892098500626e-16
2.6645352591003757e-15
1.3877787807814457e-15
3.3306690738754696e-16
6.106226635438361e-16
2.220446049250313e-16
-6.94649529009439e-08
-6.78936366682592e-07
-1.0639346115226544e-07
-1.4035888895591597e-08
-1.6533485691638816e-09
6.012809139477326e-10
-9.214817353608851e-08
-7.349644803866795e-08
-9.716595172903908e-08
3.6637359812630166e-15
6.245004513516506e-16
0.0
4.440892098500626e-16
-8.770761894538737e-15
-1.4432899320127035e-15
-3.3306690738754696e-16
-2.220446049250313e-16
0.0
-9.268902212422603e-08
-6.913133319130793e-07
-1.4290623440160743e-07
-1.0665459626579832e-08
-6.662736140583547e-09
-2.3926031156307204e-09
-1.3214593153065834e-07
-9.572902115451143e-08
-1.0512765413750458e-07
-7.993605777301127e-15
1.0894063429134349e-15
-6.938893903907228e-17
2.220446049250313e-16
7.077671781985373e-15
-4.440892098500626e-16
0.0
-4.440892098500626e-16
0.0
-7.383591160703418e-08
-6.821173883508891e-07
-1.4384039559445227e-07
-1.2524584036555098e-08
-1.931315773973097e-08
-4.41175029841645e-09
-1.3130432563457362e-07
-9.383602872503616e-08
-1.0906535408139462e-07
-4.218847493575595e-15
-3.587408148320037e-15
6.245004513516506e-17
8.881784197001252e-16
-3.774758283725532e-15
6.661338147750939e-16
-5.551115123125783e-17
2.220446049250313e-16
5.551115123125783e-17
-1.3741260573851834e-08
-6.58105818729382e-07
-1.0018223406405012e-07
-3.2056471255259567e-08
-4.336102632507277e-08
-7.256333867111664e-09
-6.813085917656281e-08
-5.588088924923795e-08
-1.0636468061875347e-07
1.4654943925052066e-14
1.3877787807814457e-15
-1.3183898417423734e-16
-3.3306690738754696e-16
-2.220446049250313e-16
6.661338147750939e-16
2.7755575615628914e-16
0.0
1.1102230246251565e-16
1.3021105971233737e-07
-6.348517160859046e-07
3.010864446650885e-08
-9.157387204083989e-08
-8.848514010395547e-08
-1.5469471259521583e-08
1.2169672913842078e-07
5.421347282208444e-08
-8.820140351417649e-08
-1.5210055437364645e-14
1.7208456881689926e-15
1.249000902703301e-16
3.3306690738754696e-16
3.1086244689504383e-15
-4.440892098500626e-16
-5.551115123125783e-17
0.0
0.0
6.181345071354372e-07
-6.658879385668115e-07
4.715555377288183e-07
-1.9908130965973214e-07
-1.5569176481378122e-07
-2.7952830272681695e-08
6.706524118271773e-07
3.700490616154184e-07
-2.1244872527859116e-08
-4.9960036108132044e-15
7.216449660063518e-16
3.8163916471489756e-16
-9.992007221626409e-16
8.881784197001252e-16
0.0
0.0
-2.220446049250313e-16
4.440892098500626e-16
6.438654409635092e-06
-1.7764436961442698e-06
5.542677918413119e-06
-1.5020901145135213e-07
-9.699646330574298e-08
-1.656479597933469e-08
5.692788004552085e-06
3.2677952148674194e-06
6.517326482935459e-07
1.1102230246251565e-15
-1.7208456881689926e-15
-1.3877787807814457e-16
9.992007221626409e-16
-1.7763568394002505e-15
4.440892098500626e-16
0.0
6.661338147750939e-16
0.0
-7.822689696013185e-08
-2.037734248006018e-07
-7.9987803047743e-08
-7.518359268487984e-08
-2.204292037788491e-08
-9.451850857544741e-09
-4.770344119719994e-09
-3.2902498503517563e-09
-1.5041266010484833e-09
7.882583474838611e-15
-3.0600522116230877e-15
-1.1102230246251565e-16
-4.440892098500626e-16
0.0
0.0
0.0
-6.661338147750939e-16
5.551115123125783e-17
6.577278810482311e-07
-8.442705166089581e-07
4.7131042180126315e-07
4.758746161570571e-07
3.522928828658678e-07
2.7629721177646616e-08
-4.410145137967447e-09
-2.310598823385135e-09
-5.648193024399007e-11
-8.548717289613705e-15
-6.661338147750939e-16
-6.938893903907228e-17
2.220446049250313e-16
-8.881784197001252e-16
-2.220446049250313e-16
-2.7755575615628914e-16
7.771561172376096e-16
-4.440892098500626e-16
1.5781159490302343e-06
-4.709373826017327e-06
1.006683199022973e-06
1.5288319312745102e-06
1.040909411997859e-06
4.5878215310102284e-08
-5.19499199214124e-07
-3.3020397438576765e-07
-4.0058530004216664e-07
1.9761969838327786e-14
1.6375789613221059e-15
1.6653345369377348e-16
-1.3322676295501878e-15
1.7763568394002505e-15
-2.220446049250313e-16
0.0
-7.771561172376096e-16
3.3306690738754696e-16
-1.8164580595225743e-07
-1.8776301544676242e-06
-1.8593543416045577e-07
3.8216403730473303e-07
2.1820617246426366e-07
-1.6789632462099746e-09
-5.632561972390704e-07
-3.419591649844733e-07
-2.8725386869155045e-07
-8.992806499463768e-15
2.192690473634684e-15
2.220446049250313e-16
2.220446049250313e-16
-8.881784197001252e-16
3.3306690738754696e-16
0.0
-3.3306690738754696e-16
-5.551115123125783e-17
-6.031935129158228e-07
-1.456205907857111e-06
-4.7081466458820387e-07
-4.1465778033433764e-10
-1.8972823312424223e-10
2.7265123492270504e-10
-4.6796475139387894e-07
-2.804518786092558e-07
-2.6414278408992686e-07
-9.325873406851315e-15
5.551115123125783e-16
-2.220446049250313e-16
-4.440892098500626e-16
0.0
-1.1102230246251565e-16
0.0
1.1102230246251565e-15
-1.1102230246251565e-16
-3.627394988825472e-07
-1.8653013285074849e-06
-3.204530383271731e-07
-9.78378800198243e-09
3.947095095213626e-09
-8.747299790751173e-09
-3.098021306158216e-07
-1.7721823297733863e-07
-2.3360873058209108e-07
-1.6653345369377348e-15
-2.4147350785597155e-15
-2.7755575615628914e-17
7.771561172376096e-16
-4.440892098500626e-16
7.632783294297951e-17
0.0
-1.5265566588595902e-16
0.0
-8.215674291989217e-07
3.421602059461293e-07
-8.425674700163199e-07
-3.969635731237986e-08
-2.0235924047540266e-08
-1.3246704955172106e-08
-8.034448129023986e-07
-4.504496313728623e-07
1.362018720030278e-09
1.7763568394002505e-14
2.275957200481571e-15
-2.7755575615628914e-17
0.0
6.661338147750939e-16
-1.6653345369377348e-16
-5.551115123125783e-17
-1.3322676295501878e-15
-6.661338147750939e-16
-1.5963130408636061e-06
-4.962596733548708e-07
-1.2362505978913418e-06
-3.4943786886287853e-07
-2.1448213072261524e-07
-6.541601160758859e-08
-8.864846727796304e-07
-4.957778241276856e-07
-2.462639940858935e-07
-3.9968028886505635e-15
-4.85722573273506e-16
-5.551115123125783e-17
2.7755575615628914e-16
-3.885780586188048e-16
0.0
5.551115123125783e-17
8.881784197001252e-16
-5.551115123125783e-17
-2.551069954392915e-06
2.06492507004441e-06
-1.7218063170787443e-06
-1.564924850150362e-06
-9.86475027886513e-07
-3.013840947918567e-07
-1.5662058672205603e-07
-8.189896660848461e-08
-1.1448955206105893e-07
-8.215650382226158e-15
-1.942890293094024e-15
1.6653345369377348e-16
-9.43689570931383e-16
7.771561172376096e-16
4.440892098500626e-16
1.6653345369377348e-16
-8.881784197001252e-16
2.220446049250313e-16
-1.1299063942260545e-06
7.50087622236606e-07
-6.328812842681941e-07
-6.900311473323484e-07
-4.1473418432858017e-07
-5.3437256897215235e-08
5.686896908940752e-08
4.27914068623636e-08
-6.737683122537419e-08
8.43769498715119e-15
1.1483869410966463e-15
-1.1102230246251565e-16
1.4432899320127035e-15
-4.718447854656915e-16
1.1102230246251565e-16
-9.71445146547012e-17
1.3322676295501878e-15
4.440892098500626e-16
-9.781892202909148e-07
6.094965385727846e-07
-4.845904122419142e-07
-7.075937418221656e-07
-4.059014626633939e-07
-8.101869619636659e-09
2.2249858844247683e-07
1.4212229970667067e-07
-3.006140048000816e-08
-4.440892098500626e-15
2.040034807748725e-15
-1.6653345369377348e-16
-5.551115123125783e-16
-2.220446049250313e-16
2.220446049250313e-16
-2.220446049250313e-16
1.7763568394002505e-15
4.440892098500626e-16
-8.490971197261388e-06
7.884031674620928e-06
-4.705360124646063e-06
-4.826530984658461e-06
-2.539269201129457e-06
4.1598505545747955e-07
1.1848893066712661e-07
9.400161005146401e-08
-4.160068556302576e-08
9.992007221626409e-15
-3.1086244689504383e-15
1.6653345369377348e-16
2.220446049250313e-16
1.6653345369377348e-16
-4.996003610813204e-16
2.220446049250313e-16
-2.6645352591003757e-15
-8.881784197001252e-16
9.620491546513676e-06
-5.23774076555128e-07
7.90025646324466e-06
9.386808176969907e-06
5.23492873871767e-06
1.0515576391867398e-06
-1.4961756775733193e-06
-7.950388507538264e-07
-3.5069238890628185e-07
-1.4654943925052066e-14
-1.0547118733938987e-15
0.0
4.440892098500626e-16
3.3306690738754696e-16
2.220446049250313e-16
0.0
2.220446049250313e-15
0.0
-3.1038422889650974e-06
-2.639645472868324e-06
-3.040254298980471e-06
-7.034013371765013e-07
-4.94092102343302e-07
-3.318701118359968e-07
-2.3382955127715377e-06
-1.2552403561016945e-06
-5.243285201572689e-07
7.105427357601002e-15
7.598088824778415e-16
-8.326672684688674e-17
0.0
-1.1102230246251565e-16
0.0
0.0
8.881784197001252e-16
1.1102230246251565e-15
1.053283483543055e-06
-5.937993137195008e-07
6.129369340968083e-07
6.587419782988491e-07
2.5099090095181964e-07
-2.2398568688686282e-07
-4.534545183787486e-08
1.668571059099122e-09
-6.660822282622547e-09
3.9968028886505635e-15
1.8735013540549517e-16
-2.7755575615628914e-17
-2.220446049250313e-16
2.220446049250313e-16
-2.220446049250313e-16
0.0
-1.7763568394002505e-15
-8.881784197001252e-16
-7.734594177577492e-06
5.132571496346827e-05
-6.5799567963154004e-06
-6.597960638288214e-06
-6.342624814692499e-06
-4.1358592071105704e-06
3.001309423211751e-08
7.627301901180772e-09
6.833996146760057e-10
2.6645352591003757e-15
-1.249000902703301e-16
2.7755575615628914e-17
-2.220446049250313e-16
-1.1102230246251565e-16
-1.1102230246251565e-16
0.0
-3.552713678800501e-15
-8.881784197001252e-16
-1.6159820290795324e-06
-3.7873631981710787e-06
-1.3637809761490871e-06
-1.3430354464105676e-06
-7.148725380545784e-07
-2.657768831682006e-07
-6.751745829092216e-09
6.092420790082542e-09
5.799780655735276e-10
-3.3306690738754696e-15
2.4702462297909733e-15
-2.688821387764051e-17
-2.220446049250313e-16
1.1102230246251565e-16
1.1102230246251565e-16
-1.7763568394002505e-15
2.6645352591003757e-15
1.5543122344752192e-15
2.557451210805084e-07
-2.9796100022849714e-06
-1.0425056817808809e-07
-1.2170335850214542e-07
-8.425866582228991e-08
-1.2492487400095342e-07
1.0502640257481488e-08
3.6559288929538525e-09
3.729249686834635e-10
4.440892098500626e-15
-3.282096816548119e-15
6.938893903907228e-17
4.440892098500626e-16
5.551115123125783e-17
1.1102230246251565e-16
0.0
3.1086244689504383e-15
6.106226635438361e-16
3.884250219243768e-07
-1.7019103495385934e-06
-6.853305389853404e-08
-9.071850293196349e-08
-1.1770801933153052e-07
-1.8594886341816164e-07
7.797477330484526e-09
6.187491408127244e-09
2.512652308439556e-10
-1.7763568394002505e-14
3.191891195797325e-16
-5.551115123125783e-17
-3.885780586188048e-16
-2.220446049250313e-16
0.0
1.9984014443252818e-15
-7.549516567451064e-15
-1.3322676295501878e-15
-1.0153576113225427e-07
-1.6752256541963104e-06
-4.0012167801251053e-07
-4.08880264757272e-07
-3.0093200820147104e-07
-2.5931857550176574e-07
1.8109993504822341e-09
7.709875404771083e-09
1.1967449253802442e-10
1.3322676295501878e-15
1.096345236817342e-15
-5.551115123125783e-17
1.942890293094024e-16
6.661338147750939e-16
2.220446049250313e-16
-2.4424906541753444e-15
9.769962616701378e-15
2.220446049250313e-16
-1.1670766753013595e-07
-1.60373181046225e-06
-3.7611823699990055e-07
-3.966899728702345e-07
-2.8295440479553235e-07
-2.4922634622726036e-07
1.4507335777125263e-08
-2.238341956228851e-09
-2.3268648119412205e-10
1.0103029524088925e-14
3.0531133177191805e-15
0.0
-1.942890293094024e-16
-4.440892098500626e-16
-4.440892098500626e-16
1.7763568394002505e-15
1.1102230246251565e-15
-1.1102230246251565e-15
4.342453507888422e-09
-1.4511722667975846e-06
-2.2102315266891992e-07
-2.3896131828848866e-07
-1.8340258378657381e-07
-2.1641322689447406e-07
1.2467654464387579e-08
-1.0705635045127337e-08
-7.777282429177745e-10
-8.43769498715119e-15
-3.5110803153770576e-15
5.551115123125783e-17
2.914335439641036e-16
-2.220446049250313e-16
1.6653345369377348e-16
8.881784197001252e-16
-7.993605777301127e-15
1.3322676295501878e-15
2.7688208348308763e-07
-1.315490109732309e-06
6.878138303356707e-08
6.111872785652395e-08
-2.7222881726629566e-09
-1.66067181339713e-07
3.3901583762485643e-09
-1.6543697967108528e-08
-1.468117766245669e-09
7.66053886991358e-15
9.43689570931383e-16
5.551115123125783e-17
-2.2898349882893854e-16
2.220446049250313e-16
1.1102230246251565e-16
1.4432899320127035e-15
-8.881784197001252e-16
-4.440892098500626e-16
5.767767419229131e-07
-1.213330065752416e-06
3.7703551214463005e-07
3.8010631264739914e-07
1.8779684651804018e-07
-1.1264771160313103e-07
-5.82684034355907e-09
-1.703108853945423e-08
-1.7878845626206896e-09
7.771561172376096e-16
2.2967738821932926e-15
5.551115123125783e-17
4.718447854656915e-16
-1.1102230246251565e-16
-3.3306690738754696e-16
-4.884981308350689e-15
3.552713678800501e-15
2.220446049250313e-16
8.304675560566466e-07
-1.1615073702841983e-06
6.273821444580108e-07
6.360606530364521e-07
3.3988055747613544e-07
-6.833967347574799e-08
-1.0305699404966617e-08
-1.0475519784947096e-08
-1.1725921900129777e-09
-1.3988810110276972e-14
-1.0685896612017132e-15
-2.220446049250313e-16
-3.885780586188048e-16
-5.551115123125783e-17
-8.326672684688674e-17
7.771561172376096e-16
0.0
-4.440892098500626e-16
9.407387935311817e-07
-1.1498308296609139e-06
7.356400256175455e-07
7.427654331593203e-07
4.0301291193145516e-07
-4.8268120167449524e-08
-7.838283799799228e-09
-3.444560858767432e-09
1.8432200210583005e-11
5.218048215738236e-15
-1.186550857568136e-15
5.551115123125783e-17
0.0
6.245004513516506e-16
8.326672684688674e-17
2.0816681711721685e-15
0.0
0.0
8.216810769567928e-07
-1.1999877642665524e-06
6.431896988345898e-07
6.482527652451608e-07
3.47543728906885e-07
-6.214943937266071e-08
-4.385602103695874e-09
1.93099131129415e-09
8.479525970273016e-10
4.107825191113079e-15
0.0
-8.326672684688674e-17
2.220446049250313e-16
-1.1102230246251565e-16
-9.71445146547012e-17
1.1657341758564144e-15
2.6645352591003757e-15
0.0
5.075310767210794e-07
-1.306938962386539e-06
3.8582280481591624e-07
3.900927456612635e-07
1.9503382553409665e-07
-1.0633205249632738e-07
-1.9207040402591247e-09
4.907111605945147e-09
1.0546719608761634e-09
-2.886579864025407e-15
-2.499736528882579e-15
2.498001805406602e-16
-1.1102230246251565e-16
2.7755575615628914e-16
5.551115123125783e-17
-7.771561172376096e-16
-2.6645352591003757e-15
-3.3306690738754696e-16
1.1544596745238778e-07
-1.4594813180224264e-06
6.667012453220877e-08
7.098093401936012e-08
5.550248260988155e-09
-1.667561377871607e-07
-4.081806004307964e-10
6.1445009080784985e-09
9.360352493104074e-10
-3.885780586188048e-15
1.5564806388201902e-15
1.3877787807814457e-16
0.0
-8.049116928532385e-16
2.220446049250313e-16
0.0
0.0
2.220446049250313e-16
-3.6596355101892186e-07
-1.5943208282465093e-06
-3.1828984070614297e-07
-3.050295802609071e-07
-2.164316956765333e-07
-2.366160032352127e-07
-7.558497827631072e-09
1.7831167653525881e-09
5.068224913102465e-10
1.7430501486614958e-14
-1.627170620466245e-15
-4.163336342344337e-17
1.1102230246251565e-16
0.0
1.1102230246251565e-16
-4.440892098500626e-16
-8.881784197001252e-16
0.0
-8.044748920355005e-07
-1.6141168615035895e-06
-6.566454908707442e-07
-6.297345009897981e-07
-4.0525315903039427e-07
-2.905678968545544e-07
-1.937401883367329e-08
-6.259247342654817e-09
3.3149893247097495e-10
-1.587618925213974e-14
0.0
-5.342948306008566e-16
0.0
-3.885780586188048e-16
1.1102230246251565e-16
6.661338147750939e-16
0.0
2.220446049250313e-16
-9.448663682576353e-07
-1.5053891324612323e-06
-7.462285318560191e-07
-7.254958545033219e-07
-4.55602172877434e-07
-2.989526848296009e-07
-1.3042732227575016e-08
-5.221046706083143e-09
3.415537019879622e-10
1.1657341758564144e-14
3.948230631323213e-15
1.5265566588595902e-16
0.0
-6.661338147750939e-16
1.1102230246251565e-16
-1.3322676295501878e-15
8.881784197001252e-16
0.0
-8.543414615758138e-07
-1.29939988724459e-06
-6.528316727205663e-07
-6.410523454292161e-07
-3.963009920227023e-07
-2.684924282903012e-07
-5.933462166041181e-09
-3.6170719752703917e-09
-9.74574310141918e-11
3.3306690738754696e-15
7.91033905045424e-16
1.3877787807814457e-16
0.0
1.9984014443252818e-15
-5.273559366969494e-16
-1.1102230246251565e-15
4.440892098500626e-16
0.0
-6.830133827406826e-07
-1.0689800937768723e-06
-5.086905502382777e-07
-4.952950884984375e-07
-2.9992246375343257e-07
-2.2026490853477299e-07
-1.0134256767102558e-08
-6.239584848799495e-09
-1.8288005554367714e-09
-1.6431300764452317e-14
-2.8380076066980564e-15
-5.551115123125783e-17
-1.1102230246251565e-16
-2.220446049250313e-15
-5.551115123125783e-17
1.9984014443252818e-15
-4.440892098500626e-16
0.0
-5.521760044757684e-07
-8.680919947323673e-07
-4.0454332017603173e-07
-3.7710372957633354e-07
-2.2073563243907302e-07
-1.764820893868091e-07
-2.6383808471308615e-08
-1.5749702875211824e-08
-4.682169763015054e-09
1.1435297153639112e-14
2.55351295663786e-15
1.1102230246251565e-16
5.551115123125783e-17
1.5543122344752192e-15
2.220446049250313e-16
-2.220446049250313e-16
-8.326672684688674e-16
0.0
-5.014581887508029e-07
-7.259051102437297e-07
-3.6961756033626614e-07
-3.40050787528412e-07
-1.901977455531778e-07
-1.5001079134435713e-07
-3.0035900155933604e-08
-1.8239553867260838e-08
-5.229715882570929e-09
-1.021405182655144e-14
-4.420942778526893e-15
0.0
5.551115123125783e-17
2.220446049250313e-16
-2.220446049250313e-16
2.220446049250313e-16
2.7755575615628914e-16
0.0
-5.946735086581612e-07
-6.488621266953487e-07
-4.505469903826054e-07
-4.2536100347545514e-07
-2.3224424694490153e-07
-1.5164884814566904e-07
-2.5994753460878428e-08
-1.64336309005364e-08
-4.6716829710247154e-09
1.4210854715202004e-14
4.3298697960381105e-15
-5.551115123125783e-17
1.3482054014857248e-16
0.0
0.0
-6.661338147750939e-16
2.498001805406602e-16
2.220446049250313e-16
-4.5044626517665165e-07
-6.936448357919289e-07
-3.1636580910543444e-07
-2.894446495815828e-07
-1.4595726050004032e-07
-1.291587921059545e-07
-2.7701989147033146e-08
-1.7844730360039307e-08
-5.930772040141363e-09
-1.532107773982716e-14
-3.70536934468646e-15
-5.551115123125783e-17
-2.220446049250313e-16
-4.440892098500626e-16
0.0
-4.440892098500626e-16
1.3877787807814457e-16
-1.1102230246251565e-16
-1.0109816770409452e-06
-4.5421080585583695e-07
-7.245144768575074e-07
-5.487507976909001e-07
-2.838372097357933e-07
-1.7601755075702386e-07
-1.7603383994924116e-07
-9.794028965615098e-08
2.1010503059581964e-09
-2.7755575615628914e-15
1.8318679906315083e-15
-8.326672684688674e-17
0.0
-1.3322676295501878e-15
-4.440892098500626e-16
6.661338147750939e-16
-2.6194324487249787e-16
2.220446049250313e-16
-1.5738719838509494e-06
1.9210780521916604e-07
-1.0825912966083706e-06
-5.237125790813479e-07
-2.6370131678277176e-07
-1.5664614494426132e-07
-5.589561102858909e-07
-2.954396451648744e-07
3.459406094918904e-08
3.9968028886505635e-15
9.506284648352903e-16
2.7755575615628914e-17
0.0
1.3322676295501878e-15
0.0
4.440892098500626e-16
-1.1102230246251565e-16
-2.220446049250313e-16
9.660065813932306e-08
-8.267296820463342e-07
8.63820517338354e-08
-1.1022651591474641e-07
-3.2240173197806143e-08
-5.567533989392359e-08
1.96904053950675e-07
1.0619912238496454e-07
-1.2478983180130854e-08
2.7755575615628914e-15
-1.8648277366750676e-17
1.3877787807814457e-17
4.440892098500626e-16
0.0
8.881784197001252e-16
0.0
-2.220446049250313e-16
5.551115123125783e-17
-9.372661224915647e-08
-5.823047501962719e-07
-1.8159124781647051e-07
-3.873523723996186e-11
-5.5010218602546956e-11
8.447868626859645e-09
-1.8151835590174414e-07
-1.194970558060504e-07
-9.439160919555434e-08
8.326672684688674e-15
-3.3714350755609246e-15
2.7755575615628914e-17
0.0
2.6645352591003757e-15
-1.9984014443252818e-15
-2.220446049250313e-16
4.996003610813204e-16
-1.1102230246251565e-16
-4.893651350812434e-07
-5.458985938844307e-07
-5.038941437440769e-07
-5.115383672205098e-10
-2.744870997162252e-10
-1.7549872666222652e-10
-5.033339771642886e-07
-3.0485766089327626e-07
-1.310849881974718e-07
-6.328271240363392e-15
3.2144426009850235e-15
0.0
0.0
8.881784197001252e-16
9.992007221626409e-16
2.220446049250313e-16
-4.996003610813204e-16
1.1102230246251565e-16
-5.122851973737852e-07
-5.068525794627021e-07
-5.078699958360744e-07
-1.8722046135621895e-09
2.3806556725958217e-10
-7.215691377737697e-10
-5.05949380169568e-07
-3.0653317750761744e-07
-1.266169462610378e-07
8.215650382226158e-15
1.842276331487369e-15
-5.551115123125783e-17
-4.440892098500626e-16
-5.329070518200751e-15
1.096345236817342e-15
-5.551115123125783e-16
1.0547118733938987e-15
-2.220446049250313e-16
-5.21841748479801e-07
-4.3693655271681564e-07
-4.971567078015937e-07
-3.4885809796492136e-09
7.903246945772935e-10
2.171807178541485e-09
-4.936916724318507e-07
-2.9789101319011024e-07
-1.1623616558154026e-07
3.9968028886505635e-15
-3.066991105526995e-15
0.0
-8.881784197001252e-16
0.0
-1.4432899320127035e-15
2.220446049250313e-16
-2.0469737016526324e-16
0.0
-5.219706764592047e-07
-3.454763728427679e-07
-4.797007555623622e-07
-3.2184006570901143e-09
8.866787304384616e-10
-8.03435096230487e-11
-4.765588847988056e-07
-2.8482789460326785e-07
-1.0261253180487984e-07
-1.5987211554602254e-14
5.273559366969494e-16
-8.326672684688674e-17
2.220446049250313e-15
-6.661338147750939e-16
-5.551115123125783e-16
1.1102230246251565e-16
1.1102230246251565e-16
-2.220446049250313e-16
-4.97688921186068e-07
-2.5726767205469514e-07
-4.4553337730235393e-07
-2.8560531717403137e-09
7.757172681976954e-11
-1.2873271337809909e-09
-4.427376829596597e-07
-2.6165120203813785e-07
-8.755066005505796e-08
4.3298697960381105e-15
2.5951463200613034e-15
2.0816681711721685e-16
-4.440892098500626e-16
5.384581669432009e-15
1.3322676295501878e-15
1.1102230246251565e-16
-9.992007221626409e-16
1.1102230246251565e-16
-4.522940315609958e-07
-1.8342787200253952e-07
-3.9842158727765304e-07
-2.4433726153461066e-09
-2.0875390305263863e-09
-1.2390821702013e-10
-3.9591760980783874e-07
-2.3169967278136028e-07
-7.373510868546873e-08
-8.992806499463768e-15
-5.172945405362839e-15
7.025630077706069e-17
-4.440892098500626e-16
-4.551914400963142e-15
-2.220446049250313e-16
1.6653345369377348e-16
6.661338147750939e-16
-2.7755575615628914e-16
-3.856218091513597e-07
-1.276570458230708e-07
-3.3783699393552524e-07
-1.1785559195232054e-09
-5.246700629513157e-09
1.7571166743834965e-11
-3.363633780395503e-07
-1.9579414356485358e-07
-6.204112423802144e-08
7.882583474838611e-15
3.5110803153770576e-15
-1.1102230246251565e-16
-8.881784197001252e-16
6.8833827526759706e-15
-2.220446049250313e-16
-1.6653345369377348e-16
-8.881784197001252e-16
4.440892098500626e-16
-3.398799144349596e-07
-1.0021477692134795e-07
-2.9767105758082835e-07
-3.221032329747686e-10
-8.05161803896226e-09
-9.153125479777203e-10
-2.9675750568003423e-07
-1.723537721431967e-07
-5.6884147170421784e-08
8.881784197001252e-16
-1.1657341758564144e-15
5.724587470723463e-17
4.440892098500626e-16
-5.773159728050814e-15
0.0
-1.1102230246251565e-16
8.881784197001252e-16
-4.440892098500626e-16
-1.1053038377895064e-06
-2.417231144136167e-07
-9.628751698187443e-07
-8.901501757918596e-11
-8.87712592323453e-09
-1.2928085268981706e-09
-9.616133205270216e-07
-5.537398450883302e-07
-1.726480149955023e-07
-8.659739592076221e-15
-2.525757381022231e-15
5.551115123125783e-17
-3.3306690738754696e-16
3.1086244689504383e-15
4.440892098500626e-16
0.0
-4.440892098500626e-16
0.0
-2.770906037952159e-08
3.456818831182318e-08
-2.042826174886159e-08
-8.649543303818064e-10
-5.313685491614706e-09
-3.404547532781521e-09
-1.974385810399326e-08
-1.1045187875424745e-08
3.3293989787352984e-10
2.1094237467877974e-14
1.790234627208065e-15
5.551115123125783e-17
8.881784197001252e-16
1.3322676295501878e-15
-4.440892098500626e-16
1.6653345369377348e-16
-3.3306690738754696e-16
-4.440892098500626e-16
-8.994780742455077e-08
8.466815870633582e-08
-7.527101608673092e-08
-3.516650082246997e-09
-3.045926177946967e-09
-6.552589359998251e-09
-7.12737282526632e-08
-3.897160283372614e-08
2.1283232953805964e-09
-1.8318679906315083e-14
-2.220446049250313e-16
-2.7755575615628914e-16
8.881784197001252e-16
-8.881784197001252e-16
2.220446049250313e-16
2.7755575615628914e-17
5.551115123125783e-16
6.661338147750939e-16
-9.862080041500576e-08
6.372704319801414e-08
-8.597546496957875e-08
-1.0546759909857428e-08
-4.237763917558368e-09
-1.177348885050833e-09
-7.510619681738717e-08
-4.0855509197967876e-08
3.083674426918037e-09
1.3877787807814457e-14
-1.4432899320127035e-15
5.551115123125783e-17
0.0
1.7763568394002505e-15
0.0
0.0
0.0
0.0
3.5614271567396827e-06
-7.36163087822206e-07
2.990335016050949e-06
-6.314759914971546e-08
-3.898699230120428e-08
2.9492508435424725e-09
3.053504698868892e-06
1.7193670416304485e-06
3.101874028743623e-07
-2.1094237467877974e-15
-5.551115123125783e-17
2.498001805406602e-16
-4.996003610813204e-16
-3.552713678800501e-15
0.0
-3.3306690738754696e-16
8.881784197001252e-16
-1.1102230246251565e-15
1.5486708306866603e-06
-1.0759611086541554e-06
1.1089337306202651e-06
4.88196322034895e-07
3.5257709685154737e-07
1.481516187507026e-09
6.207521785484005e-07
3.479140477935516e-07
6.453875300849177e-08
-1.4432899320127035e-14
1.3877787807814457e-16
-1.3877787807814457e-16
4.440892098500626e-16
0.0
2.220446049250313e-16
2.220446049250313e-16
-8.881784197001252e-16
6.661338147750939e-16
1.572524783277629e-06
-2.016064584609012e-06
8.860575899660716e-07
8.377697398032069e-07
5.505896165658442e-07
-5.475591224879395e-08
4.806364017895249e-08
2.543274391086925e-08
-8.587647926106001e-09
1.5210055437364645e-14
3.3861802251067274e-15
1.1102230246251565e-16
-4.440892098500626e-16
1.7763568394002505e-15
-1.942890293094024e-16
0.0
-1.1102230246251565e-16
8.881784197001252e-16
-5.848345736580995e-07
3.90744020251077e-07
-3.8448442385430326e-07
-2.3311049446306242e-07
-1.8778897903359848e-07
-1.8142299107459792e-08
-1.5141248255190476e-07
-8.630305359247359e-08
-3.433139283970377e-08
-1.3766765505351941e-14
2.706168622523819e-16
-3.3306690738754696e-16
-4.440892098500626e-16
-1.7763568394002505e-15
0.0
0.0
-8.881784197001252e-16
-1.2212453270876722e-15
-9.965673370970762e-07
1.1456238553364528e-06
-6.532623091359824e-07
-5.995382759138579e-07
-4.0961293734653736e-07
-1.0220043522579658e-07
-5.371963196498797e-08
-3.120217328955732e-08
-2.1894990709370173e-08
1.9761969838327786e-14
-3.941291737419306e-15
3.3306690738754696e-16
-4.440892098500626e-16
4.440892098500626e-16
0.0
1.1102230246251565e-16
6.661338147750939e-16
1.3322676295501878e-15
6.09823302966106e-07
-1.8690275283006486e-07
6.524478912695031e-07
-1.608111688256031e-07
-1.059288550209203e-07
-2.3964845843882365e-08
8.132560616047612e-07
4.651697809165966e-07
4.2680056822064216e-08
-6.5503158452884236e-15
4.65599780952175e-15
-1.1102230246251565e-16
4.440892098500626e-16
-2.220446049250313e-16
4.440892098500626e-16
-3.469446951953614e-17
-1.0547118733938987e-15
-8.881784197001252e-16
-7.191014557150766e-07
6.195381274665124e-07
-6.223353601342296e-07
-1.0710841458205778e-07
-5.029465199868355e-08
-1.2597092480248762e-08
-5.152198525593121e-07
-2.8365758097947946e-07
6.273948471857693e-09
3.219646771412954e-15
-2.7200464103316335e-15
-2.2898349882893854e-16
-4.440892098500626e-16
2.220446049250313e-16
2.220446049250313e-16
0.0
1.9984014443252818e-15
-6.106226635438361e-16
-6.96576314851427e-06
6.796156299060385e-06
-5.96181173051491e-06
-7.184504351442911e-07
-4.342796828815665e-07
-1.0972633951444878e-07
-5.243361410833813e-06
-2.9773324441428883e-06
4.128962038940642e-08
-1.4210854715202004e-14
9.922618282587337e-16
1.1102230246251565e-16
1.1102230246251565e-15
0.0
-2.3592239273284576e-16
0.0
4.440892098500626e-16
1.7763568394002505e-15
-2.5140871812823207e-05
4.773314117301197e-07
-1.9916322479218707e-05
-3.065271695135152e-06
-1.8223726385713235e-06
-5.627127563911927e-08
-1.6851302078180197e-05
-9.377720530778788e-06
-3.15887118063074e-06
1.4765966227514582e-14
1.915134717478395e-15
0.0
-2.220446049250313e-16
4.440892098500626e-16
0.0
0.0
-1.7763568394002505e-15
-8.881784197001252e-16
-4.4881342233793475e-06
-6.839202171704529e-06
-4.549903371398045e-06
-4.440229567137521e-06
-2.893815818083567e-06
-1.1206283314635357e-06
-1.11771466748678e-07
1.1956619516695355e-07
-4.1567419373222947e-07
-6.994405055138486e-15
-3.885780586188048e-16
5.551115123125783e-17
0.0
-3.3306690738754696e-16
-3.0531133177191805e-16
-4.440892098500626e-16
1.7763568394002505e-15
8.881784197001252e-16
4.088720920947253e-06
-1.0356228870023187e-05
3.4752755979639005e-06
-1.194549209770912e-06
-8.283827668265076e-07
-4.935752144774597e-07
4.6665956610070225e-06
3.231109431567347e-06
1.561564673124849e-07
-4.884981308350689e-15
-6.522560269672795e-16
-2.7755575615628914e-17
4.440892098500626e-16
0.0
1.1102230246251565e-16
8.881784197001252e-16
8.881784197001252e-16
0.0
8.427785331832638e-07
-5.151564437255729e-07
3.556220653511133e-07
3.1437527070465876e-07
1.1761671103727166e-07
-1.5939468767101062e-07
4.482805593397643e-08
2.3825569073210318e-08
3.375169033148495e-09
1.1213252548714081e-14
-2.3245294578089215e-15
-2.7755575615628914e-17
-6.661338147750939e-16
-2.220446049250313e-16
2.220446049250313e-16
-4.440892098500626e-16
-5.329070518200751e-15
-8.881784197001252e-16
1.6726854425996862e-06
4.6388593091251096e-06
1.0049786682841955e-06
9.957459461418239e-07
2.924148390093251e-07
-4.032115796803737e-07
1.728812115686651e-08
3.00667357677753e-09
2.888383976440423e-09
-4.440892098500626e-16
1.5334955527634975e-15
2.0816681711721685e-17
2.220446049250313e-16
2.220446049250313e-16
-2.220446049250313e-16
-4.440892098500626e-16
-1.7763568394002505e-15
8.881784197001252e-16
-1.363469184667565e-05
9.433220699861522e-05
-1.4995690873931268e-05
-1.4865700496358158e-05
-1.1919777520574826e-05
-7.2445392547138e-06
-9.96266869002227e-08
-3.158885464316086e-08
-1.2917678038348868e-09
-3.3306690738754696e-15
3.400058012914542e-16
-6.938893903907228e-18
-2.220446049250313e-16
-1.1102230246251565e-16
-1.1102230246251565e-16
1.3322676295501878e-15
4.884981308350689e-15
-4.440892098500626e-16
-5.924300268134175e-06
1.0823706233509256e-06
-5.194867458868657e-06
-5.056784385004676e-06
-2.860937030391142e-06
-9.072697721990153e-07
-1.118470444455566e-07
-3.7934348551260655e-08
-3.0070306245022493e-09
-8.326672684688674e-15
-2.179680047564858e-15
-1.3877787807814457e-17
0.0
-1.1102230246251565e-16
0.0
-4.440892098500626e-16
-4.440892098500626e-16
-6.661338147750939e-16
-4.4769009832634765e-08
-2.385818760330949e-06
-2.0501924069549204e-07
-2.5150604088253203e-07
-2.855442957638843e-07
-1.8266855050796948e-07
3.5822790400708016e-08
1.740691590867982e-09
-5.258662949536586e-10
-1.9984014443252818e-15
3.920475055707584e-15
4.163336342344337e-17
0.0
-1.1102230246251565e-16
0.0
-4.440892098500626e-16
-2.220446049250313e-15
4.440892098500626e-16
1.039250463463759e-08
1.486946960227442e-06
-5.609327082822801e-07
-6.471593412271659e-07
-7.200499396731175e-07
-4.85477421818814e-07
7.175291361072311e-08
1.5682436294017776e-08
6.258561446870203e-10
4.773959005888173e-15
-3.0808688933348094e-15
6.245004513516506e-17
0.0
0.0
-2.220446049250313e-16
6.661338147750939e-16
2.067790383364354e-15
-1.1934897514720433e-15
-4.92518310579726e-07
-9.093020949535457e-07
-7.347711452609929e-07
-7.637171099972306e-07
-6.33020690088415e-07
-4.0710727944315295e-07
2.3991208131235453e-08
8.288438380077423e-09
4.3905257207654813e-10
-7.327471962526033e-15
7.28583859910259e-16
-4.85722573273506e-17
4.336808689942018e-17
-2.220446049250313e-16
1.1102230246251565e-16
0.0
1.5543122344752192e-15
2.220446049250313e-16
-1.33566857130063e-07
-1.5202973138173093e-06
-2.8157052289756734e-07
-3.0889633606534517e-07
-2.871827682326966e-07
-2.4695840750155185e-07
2.3898885367218403e-08
6.413165998253589e-09
8.428689968198455e-10
1.6764367671839864e-14
-2.338407245616736e-15
9.71445146547012e-17
0.0
4.440892098500626e-16
3.3306690738754696e-16
-3.3306690738754696e-16
1.5543122344752192e-15
-3.3306690738754696e-16
1.8544473334713985e-07
-1.0585065481905076e-06
6.455595702448136e-08
3.801226000632596e-08
-4.982096868388907e-08
-1.428819587090402e-07
2.4353584038294684e-08
2.884029459693238e-09
6.566822086107038e-10
3.1086244689504383e-15
-2.0816681711721685e-17
-2.7755575615628914e-17
-4.5102810375396984e-17
-6.661338147750939e-16
-5.551115123125783e-17
-3.3306690738754696e-16
1.1102230246251565e-15
8.881784197001252e-16
5.193365169020581e-07
-6.89194932235182e-07
3.935626258222414e-07
3.688434162540944e-07
1.6765962840281648e-07
-5.1255511834824574e-08
2.3637714008373223e-08
6.045019873557322e-09
1.3323832592782026e-09
-5.329070518200751e-15
9.575673587391975e-16
0.0
-1.3877787807814457e-17
-2.220446049250313e-16
-6.106226635438361e-16
-3.3306690738754696e-15
-3.552713678800501e-15
0.0
8.116019216686254e-07
-4.3246960323983785e-07
6.720126259907033e-07
6.472651126188111e-07
3.4500807899462416e-07
2.003912413783837e-08
2.4444950952329236e-08
1.0583000809027965e-08
2.1465080823901417e-09
-1.6653345369377348e-15
3.712308238590367e-15
-5.551115123125783e-17
4.163336342344337e-17
-2.220446049250313e-16
4.440892098500626e-16
2.7755575615628914e-16
-2.220446049250313e-15
0.0
1.0144370996556518e-06
-2.8011955954809764e-07
8.602562977522154e-07
8.321785962550621e-07
4.6056758051804536e-07
6.587279699488136e-08
2.8113413819141897e-08
1.5635116812351413e-08
3.0103684545146336e-09
-3.1086244689504383e-15
2.8449465006019636e-16
1.6653345369377348e-16
-2.7755575615628914e-17
9.43689570931383e-16
-1.2750217548429532e-16
1.304512053934559e-15
8.881784197001252e-16
4.440892098500626e-16
1.0619041503900917e-06
-2.334343651710924e-07
9.019289990419566e-07
8.694801136854835e-07
4.860124143135636e-07
8.068438717145909e-08
3.2385592874106806e-08
2.1411158401818398e-08
3.789647706753385e-09
4.9960036108132044e-15
-1.915134717478395e-15
-2.7755575615628914e-17
0.0
-6.106226635438361e-16
3.191891195797325e-16
2.1094237467877974e-15
8.881784197001252e-16
-1.1102230246251565e-15
8.875871841951266e-07
-2.7217454956485204e-07
7.496444851540218e-07
7.160348163282038e-07
3.988718333403085e-07
6.258228779643105e-08
3.2967242713510814e-08
2.617940508820027e-08
3.766179368369649e-09
3.885780586188048e-15
-1.7486012637846216e-15
-2.220446049250313e-16
0.0
8.465450562766819e-16
-5.967448757360216e-16
-1.9984014443252818e-15
8.881784197001252e-16
6.661338147750939e-16
6.086920691927844e-07
-3.2798556759416897e-07
5.059202123902651e-07
4.830227404717391e-07
2.6423227694749585e-07
2.9565612180704196e-08
2.1450553999713406e-08
1.993184861603936e-08
2.452598485414015e-09
1.1102230246251565e-15
5.828670879282072e-16
2.498001805406602e-16
-5.551115123125783e-17
5.551115123125783e-17
4.996003610813204e-16
-6.661338147750939e-16
0.0
2.220446049250313e-16
2.782108659005189e-07
-3.494055142994057e-07
2.1902787139538304e-07
2.2244185371445013e-07
1.1362200602604844e-07
-8.90098306172149e-09
-5.520157664307135e-09
-1.2215961575634537e-10
1.114765391108108e-09
-2.220446049250313e-16
8.257283745649602e-16
-2.220446049250313e-16
5.551115123125783e-17
-7.771561172376096e-16
-3.191891195797325e-16
1.7763568394002505e-15
-1.7763568394002505e-15
0.0
-1.0949406181737231e-07
-3.451612968774498e-07
-1.0935900718322955e-07
-9.06649337828469e-08
-6.588217082992287e-08
-5.235264666225703e-08
-2.152628919560584e-08
-1.1757245843568853e-08
1.1539062795551391e-09
-1.0325074129013956e-14
-2.1779453240888813e-15
1.3877787807814457e-16
-5.551115123125783e-17
-4.440892098500626e-16
9.020562075079397e-17
-1.5543122344752192e-15
-1.7763568394002505e-15
-2.220446049250313e-16
-4.406432334569388e-07
-3.1775557829405443e-07
-3.794887462049701e-07
-3.6307459971851586e-07
-2.2041348124446358e-07
-8.667325346323196e-08
-2.0147187029806446e-08
-1.0055020815968874e-08
1.3301450496605582e-09
4.6629367034256575e-15
-2.949029909160572e-17
-2.220446049250313e-16
1.1102230246251565e-16
9.43689570931383e-16
2.8449465006019636e-16
1.1102230246251565e-15
1.7763568394002505e-15
1.1102230246251565e-16
-5.833580942748995e-07
-2.6848653078559437e-07
-4.88029805012502e-07
-4.7534922553715836e-07
-2.819325626290947e-07
-9.82887655709419e-08
-1.67251048566186e-08
-7.506365307108354e-09
1.0484025869672564e-09
6.661338147750939e-16
1.85268467234323e-15
1.5092094240998222e-16
-2.220446049250313e-16
-9.43689570931383e-16
-5.828670879282072e-16
1.5543122344752192e-15
-1.3322676295501878e-15
0.0
-5.962011258020539e-07
-2.0076297602145132e-07
-4.924890060209464e-07
-4.780929497849584e-07
-2.803420517949462e-07
-9.473150441863254e-08
-1.7905033899978662e-08
-8.924075700633693e-09
5.121778556826939e-10
-1.3655743202889425e-14
2.779027008514845e-15
1.5265566588595902e-16
1.1102230246251565e-16
-1.1102230246251565e-16
6.938893903907228e-17
-1.5543122344752192e-15
4.440892098500626e-16
0.0
-5.250799013367669e-07
-1.4556431615631027e-07
-4.30294639919282e-07
-4.117173015849573e-07
-2.3982977914727144e-07
-8.249530480952671e-08
-2.115496577914655e-08
-1.1479215800136444e-08
-2.7654878387295412e-11
5.10702591327572e-15
-3.2786273695961654e-15
-2.7755575615628914e-17
-3.3306690738754696e-16
1.2212453270876722e-15
1.942890293094024e-16
-4.440892098500626e-16
0.0
0.0
-3.677475675090136e-07
-1.2201554255852898e-07
-2.957168909745178e-07
-2.7260085744273965e-07
-1.587064790697923e-07
-6.226518678431603e-08
-2.4351395566668543e-08
-1.3564514844688347e-08
2.719064973177865e-10
-3.1086244689504383e-15
7.8236028766554e-16
-2.7755575615628914e-16
0.0
-2.220446049250313e-16
-1.1102230246251565e-16
1.1102230246251565e-15
8.049116928532385e-16
0.0
-1.4907066514524558e-07
-8.96036311814896e-08
-1.056745171368334e-07
-8.95343887918898e-08
-5.288970506001078e-08
-3.68567896202876e-08
-1.528153337204685e-08
-9.29398780158408e-09
3.5504511552986173e-09
1.1546319456101628e-14
1.5040052536718918e-15
5.551115123125783e-17
0.0
-1.5543122344752192e-15
2.220446049250313e-16
-1.7763568394002505e-15
-1.124100812432971e-15
0.0
2.2215991180019046e-07
-6.551486819716956e-08
2.1537583627662116e-07
9.761007468966909e-08
5.572669969922117e-08
-1.1117066378574236e-08
1.2089778156365583e-07
6.87282972755554e-08
2.5284575877471127e-08
-1.4432899320127035e-14
7.147060721024445e-16
2.220446049250313e-16
3.3306690738754696e-16
0.0
0.0
1.7763568394002505e-15
-1.6653345369377348e-16
0.0
-4.1578698386501856e-06
1.1482349293601146e-07
-3.376659574172436e-06
2.6089312510357843e-07
1.5191576885342783e-07
1.0430539987282827e-08
-3.6321107561576582e-06
-2.0580604607745023e-06
-3.5007120957608606e-07
1.6986412276764895e-14
-3.552713678800501e-15
-1.6653345369377348e-16
-1.1102230246251565e-16
1.3322676295501878e-15
0.0
-1.1102230246251565e-15
5.551115123125783e-16
-2.7755575615628914e-16
-5.748707678776555e-07
5.582218989275134e-07
-2.856987757482443e-07
3.212424761755983e-07
1.916835277171458e-07
1.60849396024787e-08
-5.993562908201966e-07
-3.2148568873680006e-07
3.916600466169484e-08
-1.587618925213974e-14
-1.1102230246251565e-16
2.7755575615628914e-17
0.0
1.3322676295501878e-15
0.0
9.992007221626409e-16
1.1102230246251565e-16
1.1102230246251565e-16
-6.376764076776453e-07
4.179424522021691e-07
-3.3324057824302145e-07
2.443496835979886e-07
1.5699464839258326e-07
6.241336336643144e-10
-5.689591180413345e-07
-3.049242476294012e-07
3.574155160723791e-08
1.3877787807814457e-14
3.497202527569243e-15
5.551115123125783e-17
0.0
-2.6645352591003757e-15
0.0
-6.661338147750939e-16
5.551115123125783e-17
0.0
-3.096098737387365e-07
-2.0834951897086285e-07
-1.7783568395657312e-07
3.474580267948113e-08
5.2568339015124366e-08
-2.242251895268055e-08
-1.958947555280588e-07
-1.0585021259501559e-07
1.2207117983109583e-08
-5.440092820663267e-15
-3.011479954295737e-15
2.7755575615628914e-17
-2.220446049250313e-16
2.220446049250313e-15
0.0
0.0
5.828670879282072e-16
2.220446049250313e-16
-9.267520795219752e-08
-3.095961460530816e-07
-4.868374414712662e-08
-2.792102016258013e-08
1.4206761989044026e-08
-1.9388092908911858e-08
-7.090592113456751e-09
-5.163642402550295e-09
-5.553455195705936e-10
-3.9968028886505635e-15
2.55351295663786e-15
1.0408340855860843e-17
4.440892098500626e-16
1.7763568394002505e-15
8.881784197001252e-16
-2.220446049250313e-16
-9.159339953157541e-16
0.0
1.4617948238537792e-06
-4.37808176911858e-06
4.064364103051332e-07
2.0722439764142564e-07
7.077011954237378e-08
7.462040185757246e-08
2.0242036313788958e-07
-1.0176549380958022e-08
-5.780457712489806e-07
-5.995204332975845e-15
-2.55351295663786e-15
-4.163336342344337e-17
0.0
-1.7763568394002505e-15
-2.220446049250313e-16
0.0
3.3306690738754696e-16
0.0
-1.1586979553612764e-07
-4.362071848618143e-06
-6.363778801699027e-07
-2.043538671614442e-09
-9.660938715683187e-10
8.284497532429214e-10
-6.379113219878718e-07
-5.076584672636386e-07
-6.399724625794079e-07
