-2.7755575615628914e-15
1.7520707107365752e-15
-1.3877787807814457e-17
3.885780586188048e-16
3.6637359812630166e-15
0.0
-2.3314683517128287e-15
-4.3576253716537394e-15
4.85722573273506e-17
-0.5723828945348544
-0.6280281614246235
-0.4871965844251207
-0.6077635518735871
-0.3170547174738445
-0.15482060898484917
0.1176297674317972
0.07801090075929196
0.0017223488809670617
-3.9968028886505635e-15
-7.275430258246729e-15
4.718447854656915e-16
-1.1102230246251565e-16
-5.88418203051333e-15
-1.1102230246251565e-16
1.1934897514720433e-15
-2.7200464103316335e-15
-3.0531133177191805e-16
-0.2634743572696614
-0.41556925664092415
-0.21258756261390757
-0.30133222768276724
-0.14993047226038492
-0.08594005685007744
0.08532263929804884
0.05658474610117992
0.0012002462225318977
1.7763568394002505e-15
1.2628786905111156e-15
-6.938893903907228e-17
-5.551115123125783e-16
8.881784197001252e-16
-3.3306690738754696e-16
1.8318679906315083e-15
8.43769498715119e-15
1.1102230246251565e-16
0.027906792361870103
-0.39916657037170467
0.017573151703633272
-0.12341187967040668
-0.05629096212707907
-0.047472870491802155
0.13927438814366155
0.09173310149591885
0.001381621921842435
4.218847493575595e-15
2.7478019859472624e-15
8.326672684688674e-16
-4.107825191113079e-15
-2.7755575615628914e-15
2.270406085358445e-14
-2.0261570199409107e-15
-1.965094753586527e-14
5.551115123125783e-17
0.200243564879532
-0.4596656802933836
0.1379844154581913
-0.09324073046587955
-0.04411027954921565
-0.035321221930452396
0.23131005933862525
0.1520069240581563
0.0011062329075421928
1.1102230246251565e-15
-1.3617579286417936e-15
-2.095545958979983e-15
4.3021142204224816e-16
2.886579864025407e-15
-3.164135620181696e-15
-9.992007221626409e-16
2.220446049250313e-16
-1.1102230246251565e-16
0.19881133736348033
-0.3381676821493329
0.15190712069868087
0.09152272061085398
0.05925648404303274
0.0010709943401012723
0.060127476356839786
0.047751172018880794
-0.014189405571997327
-6.661338147750939e-15
1.7069679003611782e-15
-4.0939474033052647e-16
-8.777700788442644e-16
3.552713678800501e-15
-1.1102230246251565e-16
3.6637359812630166e-15
-3.4416913763379853e-15
0.0
0.11316295379513974
-0.14866419444467738
0.08497371574248547
0.0036366540533574465
0.0024020385470140404
-0.003418364241052685
0.08126598504673765
0.05571106838529616
-0.0010435022707468988
-5.551115123125783e-15
9.575673587391975e-16
3.3306690738754696e-16
7.771561172376096e-16
-2.7755575615628914e-16
-1.6653345369377348e-16
-2.3869795029440866e-15
8.659739592076221e-15
2.220446049250313e-16
0.03550774955741076
-0.09303067375135754
0.023533669599402174
0.0011738917525576653
0.0007070753849518496
-0.002880432925911336
0.022454823518842204
0.018844033522483983
-0.00475460247389492
1.4099832412739488e-14
-1.5751289161869408e-15
4.163336342344337e-16
-4.9960036108132044e-15
-8.881784197001252e-16
3.774758283725532e-15
-2.192690473634684e-15
-2.3425705819590803e-14
6.217248937900877e-15
0.1516230514471033
-0.1211437481813391
0.1152484114996355
0.028516148057235572
0.014698784605570836
-0.0005733439806405727
0.08665053316786953
0.057393705683637115
0.0014867966239346941
-3.552713678800501e-15
3.1363800445660672e-15
-2.1892210266827306e-15
5.551115123125783e-16
1.942890293094024e-16
1.6653345369377348e-16
1.1102230246251565e-15
-1.4710455076283324e-14
0.0
0.00031071252913150715
-0.09218159301439499
-0.005968924597492986
0.0014179609874673815
0.000871706530443106
-0.0024188813687464616
-0.007374720599088391
0.0010510149681870473
-0.00997114534501975
-5.551115123125783e-15
-2.9030597370471867e-15
1.5005358067199381e-15
-6.38378239159465e-16
1.2212453270876722e-15
3.6017196169968457e-16
-2.1094237467877974e-15
6.5503158452884236e-15
-1.3877787807814457e-16
0.018975785101321918
-0.04941293898428967
0.013508428375079262
0.001111357107129507
0.0006902921563993747
-0.0020187248061728225
0.012437991575509955
0.010247400322963784
-0.0026390050079498906
-2.3314683517128287e-15
5.221517662690189e-15
8.673617379884035e-18
4.440892098500626e-16
2.42861286636753e-15
-2.914335439641036e-16
9.992007221626409e-16
3.774758283725532e-15
1.0408340855860843e-16
-0.013375789713432342
-0.025648403458959024
-0.012558963744668361
0.0010868736770444087
0.000677357032435516
-0.0017821550819621668
-0.013589689705316488
-0.006269411919635814
-0.0046300201426277
7.66053886991358e-15
-4.048844592929868e-15
-1.560166926206641e-16
-1.1657341758564144e-15
1.3201245652183502e-15
-1.1102230246251565e-16
4.218847493575595e-15
7.16093850883226e-15
-1.4963291022906944e-14
-0.03013718202465565
-0.015250815894495062
-0.026185639239812097
0.0011980538684017716
0.0007573107786425504
-0.0017934697910121922
-0.027323658761837955
-0.014845110784520443
-0.005958531589818961
3.6637359812630166e-15
1.5699247457590104e-15
1.2836953722228372e-16
1.887379141862766e-15
9.992007221626409e-16
3.3306690738754696e-16
-4.440892098500626e-15
5.162537064506978e-15
1.2177758801357186e-14
-0.04033278083112091
-0.016245068048931444
-0.03441338018052502
0.001641669187519845
0.0010580509860090292
-0.001957432664257408
-0.03600021048573132
-0.019755507574391373
-0.007553922023944892
-5.10702591327572e-15
1.0495077029659683e-15
-3.642919299551295e-17
-3.0878077872387166e-15
4.440892098500626e-16
-2.4424906541753444e-15
4.440892098500626e-16
-4.440892098500626e-15
8.326672684688674e-17
-0.04109849802858889
-0.032389917225444265
-0.03381566452241458
0.005378519671104698
0.0035414429098441507
-0.0022122958168462326
-0.03917032323293057
-0.020646905904392554
-0.009356106424583288
-8.881784197001252e-16
-1.788499903732088e-15
3.043897599253054e-17
1.0547118733938987e-15
-2.4841240175987878e-15
4.85722573273506e-17
1.6653345369377348e-15
4.3298697960381105e-15
-1.1102230246251565e-16
-0.0519279951636733
-0.0661891665956631
-0.042147988936285685
0.011253115165608563
0.007277492846437639
0.000654574775084793
-0.05333017300017673
-0.026804825140983368
-0.014397972221857458
-8.881784197001252e-16
-2.060851489460447e-15
-2.5587171270657905e-17
-2.7755575615628914e-16
-4.773959005888173e-15
-1.6653345369377348e-16
-1.2212453270876722e-15
-4.829470157119431e-15
-2.220446049250313e-16
-0.0462675327240305
-0.11819889686792351
-0.033886831876677626
0.017421316177872015
0.011358677375022719
0.0007302768289614292
-0.051259318856131664
-0.022178896416178873
-0.018175727178508794
-6.661338147750939e-16
-2.1371793224034263e-15
3.469446951953614e-18
1.887379141862766e-15
-9.159339953157541e-16
1.6653345369377348e-16
1.2212453270876722e-15
8.326672684688674e-16
6.661338147750939e-16
-0.009664339074049622
-0.18458511206327444
0.0028446469326013357
0.01043212766221302
0.006723315420869013
0.0006615984929498886
-0.00753204534389873
0.008689630924607172
-0.01631480515044359
3.6637359812630166e-15
8.090750291955828e-15
-8.326672684688674e-17
-1.3322676295501878e-15
1.3322676295501878e-15
-8.326672684688674e-17
-8.881784197001252e-16
-6.661338147750939e-16
-8.881784197001252e-16
-0.010459810255724733
-0.30574587750756876
0.011733488432383867
0.005539645574444307
0.003469345860288797
0.0007312283861331537
0.006376686195608272
0.027464041793514582
-0.02256613197647539
-1.9984014443252818e-15
-3.164135620181696e-15
-3.2682190287403046e-15
1.887379141862766e-15
-2.4980018054066022e-15
0.0
-1.2212453270876722e-14
2.6645352591003757e-14
-7.993605777301127e-15
0.08922476806750979
-0.09106587591929838
0.08471261732634616
0.005994010822490736
0.0042248512355556045
0.0016130779278409335
0.07858239735151074
0.05162121034965139
0.007204361009053528
-1.4432899320127035e-15
1.3877787807814457e-16
5.134781488891349e-16
-1.6653345369377348e-16
9.880984919163893e-15
-2.7755575615628914e-17
5.551115123125783e-16
-6.106226635438361e-15
-4.440892098500626e-16
0.02055113483370974
-0.16836915282129894
0.024152251048860762
-0.10365015733914618
-0.05736772140038938
-0.020045033589148886
0.12778889027269713
0.08352224923871177
0.009811716615999444
-4.218847493575595e-15
-3.164135620181696e-15
2.3592239273284576e-16
-7.216449660063518e-16
-1.0436096431476471e-14
-1.1102230246251565e-16
-9.992007221626409e-16
3.4416913763379853e-15
2.220446049250313e-16
0.17561825448402146
-0.7646193435327859
0.15349583676228917
0.44708857710105576
0.29490724566693416
0.01952946470521688
-0.2933638797646836
-0.15147461609067392
-0.07381860719360134
1.2212453270876722e-15
1.5751289161869408e-15
-4.926614671774132e-16
8.881784197001252e-16
6.716849298982197e-15
-1.457167719820518e-16
7.771561172376096e-16
-1.0547118733938987e-15
-3.3306690738754696e-16
0.2425789347580718
-0.8587870675832789
0.2094042427303595
0.47523607833872455
0.3135786242625045
0.01937884054674477
-0.2656139809228506
-0.13121116300331437
-0.0737374616037556
3.552713678800501e-15
8.696168785071734e-15
3.7990444123892075e-16
-1.9984014443252818e-15
-9.325873406851315e-15
1.3877787807814457e-17
-7.771561172376096e-16
3.83026943495679e-15
7.327471962526033e-15
0.24146614059936408
-0.9171874945327971
0.21465159592882657
0.43969667918801747
0.29005116918567353
0.014816290817118547
-0.22481300337081223
-0.09954515342380788
-0.0738683128461588
-6.106226635438361e-15
-1.8865117801247777e-15
1.7672495411513722e-16
1.4432899320127035e-15
4.440892098500626e-15
3.885780586188048e-16
4.440892098500626e-16
-1.4876988529977098e-14
-3.3306690738754696e-15
0.18730496216917913
-1.0274415319849766
0.1850155063578628
0.39827985025492296
0.2621269531928192
0.009968959808633215
-0.21303090681810488
-0.07912536562515271
-0.08330331414251191
1.7763568394002505e-15
1.2836953722228372e-15
-5.551115123125783e-17
-1.3322676295501878e-15
-1.1102230246251565e-15
-4.85722573273506e-16
1.6653345369377348e-16
3.4416913763379853e-15
-1.3322676295501878e-15
-0.12014370413109532
-1.0698086226287415
-0.031209013223616463
0.2229514893347044
0.14671942442355856
0.0010749204144584468
-0.25355479532531433
-0.07739119584405074
-0.1083415187852026
-1.0769163338864018e-14
-1.2073675392798577e-14
2.0122792321330962e-16
5.551115123125783e-17
-4.440892098500626e-16
2.914335439641036e-16
1.1102230246251565e-16
-7.549516567451064e-15
1.3322676295501878e-15
1.3217949149033075
-1.37727065282985
0.9639272000466689
0.9641127748628833
0.6304954836272856
-3.1500350739843697e-05
-0.0006007930287097452
0.0006855832394805361
0.00012940070646205726
1.63202784619898e-14
-8.743006318923108e-16
-1.457167719820518e-16
1.4432899320127035e-15
1.887379141862766e-15
-1.1102230246251565e-16
-2.498001805406602e-16
2.886579864025407e-15
4.440892098500626e-16
-0.6377098813495934
-1.027760142966514
-0.588619104618985
-0.6946535035356476
-0.3518488757738538
-0.19851026706223251
0.10098106186836729
0.06519970039416023
0.013987201396590265
-1.2434497875801753e-14
1.1012024625500771e-14
2.0036056147532122e-16
-1.0547118733938987e-15
4.107825191113079e-15
0.0
2.7755575615628914e-17
3.552713678800501e-15
-4.440892098500626e-16
0.16003865340686474
-1.2204755571221995
0.1665100017787715
-0.3126616976162637
-0.13873215547914697
-0.12169218388132208
0.47600916329000137
0.3133355300936387
0.05855536049012855
5.10702591327572e-15
-7.771561172376096e-15
-6.028164079019405e-17
-7.494005416219807e-16
-1.199040866595169e-14
-5.551115123125783e-17
2.7755575615628914e-16
-3.497202527569243e-15
2.220446049250313e-16
0.11913188064169589
-0.7249110085056145
0.0842168926022353
-0.06818946804806103
-0.0057134968229899386
-0.06656513486613846
0.15171410303798893
0.09983787509853315
0.017217624064754578
0.0
1.0963452368173421e-14
-6.123573870198129e-16
-9.992007221626409e-16
1.7763568394002505e-15
2.220446049250313e-16
-1.1102230246251565e-16
-4.413136522884997e-15
1.1102230246251565e-15
0.02490856786927509
-0.4855813409560046
-0.010486456006576717
-0.03097347968657793
0.011352450294641159
-0.05064475770520005
0.021171609031393146
0.014034487416799024
0.002244706484597625
-6.106226635438361e-15
4.371503159461554e-16
1.6947380998555417e-14
-1.73749903353837e-13
-1.9184653865522705e-13
-6.630807014573747e-14
-1.0491607582707729e-13
1.226796442210798e-13
-3.9968028886505635e-15
-0.01857777734707966
-0.39319095016674055
-0.04165513868694548
-0.047941260931052554
-0.0018847611434580358
-0.04517526994847998
0.007335629939317911
0.004945792998948928
0.0007267373895305518
6.661338147750939e-16
-2.8935187579293142e-15
4.354155924701786e-16
9.43689570931383e-16
-9.2148511043888e-15
1.1102230246251565e-16
-1.1102230246251565e-15
-3.3861802251067274e-15
2.220446049250313e-16
-0.060434672358852026
-0.33591299919753226
-0.06946190481603409
-0.07243835947280353
-0.018542538538898867
-0.04420874388664231
0.0038487805975346845
0.0026260479992359365
0.0003409273783949729
1.2101430968414206e-14
3.802513859341161e-15
-1.3964523981613297e-16
-3.0531133177191805e-16
4.773959005888173e-15
4.440892098500626e-16
-2.220446049250313e-16
1.4765966227514582e-14
4.440892098500626e-16
-0.06666983221998324
-0.2826690083609442
-0.06769537299908457
-0.06887103609951772
-0.019076649477018037
-0.03921424015918973
0.0017473651893222806
0.0012309899959221937
0.00012573626014811268
-7.327471962526033e-15
-5.8494875609937935e-15
-4.544975507059235e-16
3.3306690738754696e-16
-9.2148511043888e-15
-2.7200464103316335e-15
9.992007221626409e-16
-2.220446049250313e-15
-2.220446049250313e-16
-0.02317275898504434
-0.22103471416075138
-0.025020495171215632
-0.02542827911835577
0.0023805987194691625
-0.023827298054683865
0.0007803672737232148
0.0006106849689584415
3.5231030361404514e-05
4.3298697960381105e-15
-1.0009354456386177e-15
2.8796409701215e-16
-1.1102230246251565e-16
2.7755575615628914e-16
-5.551115123125783e-16
-3.3306690738754696e-16
-4.440892098500626e-15
0.0
-0.010164487732470917
-0.18683657057060543
-0.011052072546587785
-0.01091770960875671
0.008664065044897029
-0.017211448409767627
0.00022437724042845275
0.00027916279219208917
-4.884713101893645e-06
-8.659739592076221e-15
1.0207112932647533e-14
-2.3592239273284576e-16
-2.220446049250313e-16
-3.885780586188048e-16
3.3306690738754696e-16
6.661338147750939e-16
1.887379141862766e-15
-3.3306690738754696e-15
0.0029136037391417346
-0.14872029106430773
0.0024547359322681928
0.0019915011552542605
0.013068292884778288
-0.009141830191996547
0.0007415975427935706
0.000688549580705633
3.1672282452155365e-05
8.992806499463768e-15
-7.507883204027621e-15
2.220446049250313e-16
1.2212453270876722e-15
-8.326672684688674e-16
-1.8041124150158794e-16
-6.661338147750939e-16
4.6629367034256575e-15
-6.328271240363392e-15
0.01777035757183043
-0.16256769559721107
0.01654987716039269
-0.002062207163392671
0.010285335890973357
-0.011440622788818189
0.018960134633871917
0.012486976207569
0.0007988434921049059
-8.326672684688674e-15
-2.373101715136272e-15
-2.636779683484747e-16
-2.55351295663786e-15
4.773959005888173e-15
0.0
3.3306690738754696e-16
3.3306690738754696e-16
4.440892098500626e-16
0.154275831372507
-0.2868032322419367
0.13050905119000156
-0.006096378620831899
0.006553438879523199
-0.009087370443921827
0.13691965670732742
0.08785484652780085
0.0037229197795694002
1.9984014443252818e-14
3.4555691641457997e-15
-1.3877787807814457e-16
8.881784197001252e-16
-4.551914400963142e-15
-5.551115123125783e-17
-2.220446049250313e-16
-1.1102230246251565e-14
6.661338147750939e-16
0.34999790027083927
-0.5069770044319348
0.2865574930691894
-0.020125801428733325
-0.0008045324222614169
-0.013654408311829513
0.30705579137013217
0.1945318001848264
0.0034398419814276604
-1.432187701766452e-14
-5.176414852314792e-15
-5.551115123125783e-17
7.771561172376096e-16
5.329070518200751e-15
-8.326672684688674e-17
1.1657341758564144e-15
2.4424906541753444e-15
-1.9984014443252818e-15
0.5284772623361746
-0.7075032054367512
0.4225834418575918
-0.017540595850448426
0.0030072186249050503
-0.016103217167724893
0.4406055512299645
0.2754074528949175
-0.0025356072273163277
8.548717289613705e-15
7.452372052796363e-15
-9.43689570931383e-16
-6.661338147750939e-16
1.4432899320127035e-15
6.938893903907228e-17
-1.1102230246251565e-16
-2.220446049250313e-16
1.1102230246251565e-15
0.686255226943338
-0.9106634039336612
0.5383109774137456
-0.01821106335762579
0.0065229638710295745
-0.018927198099099485
0.55705897460264
0.3423836151240103
-0.01312336786398427
-1.965094753586527e-14
-3.1363800445660672e-15
2.7755575615628914e-17
7.216449660063518e-16
8.881784197001252e-16
1.1102230246251565e-16
-1.1796119636642288e-15
4.440892098500626e-15
1.9984014443252818e-15
0.6400829187078649
-0.9607864197656397
0.4952445278865944
-0.029415747741170506
0.006073229303222405
-0.025265724925311872
0.5252243681254782
0.3147787011239025
-0.02497080310930566
1.176836406102666e-14
1.5765166949677223e-14
-1.812439087700568e-14
-1.9984014443252818e-15
-9.281464485866309e-14
-2.220446049250313e-16
-8.681944052568724e-14
-3.597122599785507e-14
2.531308496145357e-14
-0.15582665968274512
-0.2591526095078933
-0.11824486220502983
-0.04337427526527016
0.008834313826149298
-0.03676837338809946
-0.07444544735415803
-0.05648901827853514
-0.027661377498963358
6.8833827526759706e-15
-2.225997164373439e-14
2.8033131371785203e-15
3.6637359812630166e-14
3.1086244689504383e-15
9.992007221626409e-16
2.0816681711721685e-16
1.1102230246251565e-15
1.3322676295501878e-15
1.8428175275703467
-1.604295333423238
1.4522708446629764
0.028900110313635707
0.07088062958248997
-0.03923413826474231
1.423131599528304
0.7978851394945323
-0.01609706149738166
0.0
-7.188694084447889e-15
-5.551115123125783e-17
3.608224830031759e-16
4.440892098500626e-15
2.220446049250313e-16
6.661338147750939e-16
-9.992007221626409e-16
1.3322676295501878e-15
0.8387854345196217
-2.407487088249212
0.5571440616562917
0.08440987708863192
0.10069406229666811
-0.0304348324564625
0.47200754594847893
0.25698552825385157
-0.2545610795567512
-1.0325074129013956e-14
-6.467049118441537e-15
-4.5102810375396984e-17
-3.3306690738754696e-16
-5.551115123125783e-15
-5.551115123125783e-17
-6.800116025829084e-16
9.992007221626409e-16
-9.992007221626409e-16
-0.169843207044579
-2.549937387489024
-0.1800646709876048
0.6779406529462335
0.45087147270746186
0.07032572183128494
-0.8593947881656733
-0.45568456873610336
-0.3547843762780758
9.2148511043888e-15
-3.851086116668512e-14
-2.0811477541293755e-14
-1.2434497875801753e-14
2.0083934515469082e-13
-2.55351295663786e-15
9.270362255620057e-15
2.4202861936828413e-14
-4.35831926104413e-14
0.01419644077891924
-2.2697869060345965
0.019334286345044305
0.7356793600346236
0.49497771768531607
0.077815944284918
-0.7171358329591158
-0.37296178706162664
-0.2893732299709768
-6.8833827526759706e-15
-9.728329253277934e-15
7.86176679312689e-15
6.217248937900877e-14
-1.903477375719831e-13
6.716849298982197e-15
-1.3877787807814457e-16
-2.220446049250313e-15
1.1102230246251565e-16
-0.04382615804926715
-2.29012833060037
-0.015440928392511212
0.7576282581854343
0.5149864942692943
0.08177626924474524
-0.773595705050468
-0.39679648882082574
-0.29534129087775796
1.1213252548714081e-14
8.520961713998076e-15
1.3877787807814457e-17
6.661338147750939e-16
-3.3306690738754696e-16
-3.3306690738754696e-16
-6.661338147750939e-16
-8.881784197001252e-16
2.220446049250313e-15
0.09009709962286028
-2.3260295050829143
0.11062941430080375
0.7776292181272169
0.5349362433636884
0.0852109622191577
-0.6673880999366162
-0.3294890009270546
-0.28218907407835303
-2.1094237467877974e-15
-5.35682609381638e-15
6.938893903907228e-17
8.881784197001252e-16
-5.10702591327572e-15
5.551115123125783e-16
4.996003610813204e-16
6.439293542825908e-15
-1.6653345369377348e-15
0.0935190548082727
-2.3589046755405434
0.12684132159411554
0.7788814323040755
0.5425277190804536
0.0875998425390474
-0.6523902575648464
-0.3132848730408213
-0.2830228204386245
-1.3100631690576847e-14
9.928169397710462e-14
-3.7740643943351415e-14
7.527312106958561e-14
-8.393286066166183e-14
1.4988010832439613e-14
3.1308289294429414e-14
-5.773159728050814e-15
-2.8199664825478976e-13
0.0463548662536617
-2.4215640130403955
0.10194408264369681
0.8001065861746497
0.5645565772965
0.09185234704081148
-0.698532514042256
-0.33140529737304547
-0.29333353438270393
8.659739592076221e-15
-1.0665773819695801e-13
2.2017110357097636e-14
-5.88418203051333e-14
1.0946799022804043e-13
2.7929047963226594e-16
8.326672684688674e-16
-1.9984014443252818e-15
1.532107773982716e-14
-0.013441192006105496
-2.5205933708707597
0.06157294730117257
0.8251774108232297
0.589160907014957
0.0939320412307918
-0.7640260077643576
-0.3593633736696873
-0.30953761182368567
5.995204332975845e-15
1.1796119636642288e-16
-1.3877787807814457e-17
1.7763568394002505e-15
-2.942091015256665e-15
0.0
-5.551115123125783e-16
-7.771561172376096e-16
1.3322676295501878e-15
-0.03488220194915215
-2.661834856186264
0.04262366213575319
0.849426990787407
0.6124770180908996
0.08932171329542804
-0.8072493833974334
-0.37335439271422644
-0.3253693547514587
-8.770761894538737e-15
3.885780586188048e-16
2.7755575615628914e-17
2.220446049250313e-16
7.771561172376096e-15
5.551115123125783e-16
-3.3306690738754696e-16
-5.773159728050814e-15
-8.881784197001252e-16
-0.2173467092915189
-3.0176641294893116
-0.14569083181933706
1.0790669308142924
0.7877212891437182
0.09319274953002044
-1.2254158209168793
-0.5978837954639573
-0.3946711430643006
9.325873406851315e-15
1.4710455076283324e-15
-1.3116244201860638e-14
-1.3988810110276972e-14
-1.1035616864774056e-13
-5.995204332975845e-15
2.2926105458509483e-14
-3.837208328860697e-14
1.687538997430238e-13
1.9115588213431778
-1.9424451281207096
1.5724384063474304
0.9092308145544337
0.6714526774208451
0.07599618513858175
0.6634194916415197
0.4172662820158876
0.01591603284014731
1.1879386363489175e-14
-4.6782022700142534e-14
4.5102810375396984e-17
-2.220446049250313e-15
-1.5543122344752192e-15
1.1102230246251565e-16
-1.2101430968414206e-14
-3.4416913763379853e-15
-1.1102230246251565e-15
-0.35713070924142976
-3.780706846861662
-0.28797609622231946
1.1370555585113493
0.844628947871513
0.07836369425192657
-1.4255199283462616
-0.6681073122406573
-0.5031058805197688
-1.0880185641326534e-14
2.9976021664879227e-15
6.938893903907228e-18
3.9968028886505635e-15
3.1086244689504383e-15
1.1102230246251565e-16
-5.10702591327572e-15
-3.885780586188048e-15
-6.661338147750939e-16
-0.4654661209746749
-3.7537254951579437
-0.4182603106920624
1.1427373185356373
0.8536814035086309
0.055034658470531454
-1.5611089694819782
-0.7387728719620839
-0.512423638185254
5.88418203051333e-15
7.66053886991358e-15
6.245004513516506e-17
-6.772360450213455e-15
-2.0872192862952943e-14
-7.882583474838611e-15
-1.8096635301390052e-14
1.1324274851176597e-14
-6.106226635438361e-15
-1.0890050657874681
-3.216326658554223
-0.8683730567052663
0.6700889124302166
0.4981041390856653
0.01184699101647313
-1.5383789505915646
-0.7091630280802317
-0.5169756433844412
6.439293542825908e-15
-9.020562075079397e-15
-9.020562075079397e-17
1.27675647831893e-15
7.105427357601002e-15
0.0
5.551115123125783e-16
-1.021405182655144e-14
5.828670879282072e-16
-2.021778622843847
-2.4104902274012545
-1.4093817264309445
0.05064563828715939
0.03211820868630255
-0.0010973845150445971
-1.4599455435139248
-0.6382960663644717
-0.5243679019604386
-3.175237850427948e-14
3.969047313034935e-15
-4.163336342344337e-17
9.43689570931383e-16
-3.197442310920451e-14
-1.3655743202889425e-14
2.3592239273284576e-14
7.993605777301127e-15
-1.84297022087776e-14
-2.180303548448663
-2.5399817595246788
-1.423209614056816
0.0030278421177314385
-0.004166550679787662
-1.93954316561884e-05
-1.4259917646088454
-0.5821355506717296
-0.5487102583886951
8.548717289613705e-15
-3.4416913763379853e-15
-2.5604518505417673e-14
-1.1102230246251565e-15
-3.552713678800501e-15
-7.771561172376096e-16
-4.368727601899991e-14
6.8833827526759706e-15
-4.3298697960381105e-15
-2.3219292041150084
-2.779281818983982
-1.4181683615958676
0.0016372301641816023
-0.007816328730894107
0.0013288360635643759
-1.419854060132014
-0.5357535771544732
-0.5782667085298172
1.3100631690576847e-14
-1.7486012637846216e-15
1.3877787807814457e-16
-1.5543122344752192e-15
1.7763568394002505e-15
4.718447854656915e-16
1.1102230246251565e-16
-9.103828801926284e-15
-8.881784197001252e-16
0.9406014565589517
-6.437490796830217
1.017844506152791
2.2906831968834935
1.7060076818116148
0.4858393633996281
-1.2716815375940769
-0.3995151333812643
-0.5815291181875537
-1.199040866595169e-14
1.0824674490095276e-15
-1.1102230246251565e-16
1.7763568394002505e-15
4.884981308350689e-15
3.469446951953614e-16
1.1102230246251565e-16
9.103828801926284e-15
-4.440892098500626e-16
-0.08325192361968448
4.058865334752113
3.3399264609201538
2.672148360493509
1.4504974326785067
1.6974497425389394
0.6456666887145204
0.6808522856471857
-0.17223055703374968
8.881784197001252e-15
1.0255685189974884e-14
-4.06064071256651e-14
2.9753977059954195e-14
4.9960036108132044e-14
2.3064883336587627e-14
4.9460435747050724e-14
-4.1744385725905886e-14
-1.8207657603852567e-14
7.69376574338267
-15.131140366015075
4.006173583321122
2.720256029486876
2.158062027135486
-0.4003312418598961
1.2336436404275517
0.7923076737736992
0.13284467239487086
-2.1316282072803006e-14
-5.773159728050814e-15
1.6653345369377348e-16
-4.440892098500626e-16
1.5543122344752192e-15
-1.942890293094024e-16
2.220446049250313e-16
7.327471962526033e-15
-1.7763568394002505e-15
-4.575538017765156
-11.689218166280739
-5.00601627028135
-6.759305120897352
-3.410886932613039
-1.1962027614160178
1.7446254477173115
1.1174581587954577
0.15836308729456583
1.7985612998927536e-14
8.826273045769994e-15
1.2490009027033011e-15
1.1657341758564144e-15
8.881784197001252e-16
2.220446049250313e-16
-4.6629367034256575e-15
-1.3766765505351941e-14
3.3306690738754696e-16
-1.6474498554144787
-7.309032616524121
-2.384157237729525
-4.266507954089889
-2.3299998131483903
-1.1328343881587841
1.8939295396487523
1.2046638996343404
0.14824102817037144
1.4876988529977098e-14
-1.2490009027033011e-14
-1.3877787807814457e-16
-1.6653345369377348e-15
1.3322676295501878e-15
-4.163336342344337e-17
0.0
1.504352198367087e-14
-2.220446049250313e-16
-11.300379726286451
-6.551609526026198
-10.431510208212941
-11.976338886299814
-6.5696256895827645
-1.9335554490595825
1.5707203719008618
1.0228068725302677
0.1359071172201336
-2.3314683517128287e-15
7.646661082105766e-15
5.551115123125783e-16
-3.9968028886505635e-15
-1.7763568394002505e-15
2.7755575615628914e-17
4.163336342344337e-17
-1.3614109839465982e-14
1.942890293094024e-16
-0.6026252213112286
1.6926793538272022
-0.7625889546554774
0.024076669075043355
-0.015292357324653949
-0.009517507899225564
-0.7851080895014206
-0.5841888696433095
0.029982342474673906
-2.220446049250313e-15
-7.188694084447889e-15
-5.551115123125783e-17
2.886579864025407e-15
-1.7763568394002505e-15
-2.498001805406602e-16
-2.220446049250313e-16
8.548717289613705e-15
0.0
1.4858175369090816
-1.4255250573217495
1.5304037406034752
0.026580833874447762
0.04551769787261151
0.019951534286706263
1.5078894824298459
0.9864559371511348
0.1417556056310474
-3.3306690738754696e-16
1.5404344466674047e-15
-2.498001805406602e-16
2.220446049250313e-15
3.552713678800501e-15
8.326672684688674e-17
1.1102230246251565e-16
-9.159339953157541e-15
-3.3306690738754696e-16
-4.823535334577919
-5.381620943313138
-4.7567725422879725
-5.055505159875828
-2.6705636125282783
-1.0719528637702638
0.3234532832961321
0.29882835122304385
-0.060432622716782625
-8.215650382226158e-15
5.0584536559483695e-15
1.8735013540549517e-16
-4.551914400963142e-15
-7.105427357601002e-15
1.6653345369377348e-16
-1.1102230246251565e-16
9.270362255620057e-15
0.0
-1.4364017688664035
-2.967573120356576
-0.6792110835194762
0.14115640090358283
0.06656959185949773
-0.019562369690353965
-0.8194879431974585
-0.19885087957050374
-0.3935362249903136
2.808864252301646e-14
5.9396931817445875e-15
-1.5959455978986625e-16
2.886579864025407e-15
5.773159728050814e-15
2.220446049250313e-16
0.0
8.881784197001252e-16
-8.881784197001252e-16
-5.93848477635693
5.569027301520464
-3.740180082000066
-3.869212481593987
-2.2285155341123914
0.24526555480058843
0.13664913339114104
0.0897039765194414
0.018248545665027205
-1.2323475573339238e-14
-1.1546319456101628e-14
2.914335439641036e-16
-1.3600232051658168e-15
3.1086244689504383e-15
-8.881784197001252e-16
-5.551115123125783e-17
-6.661338147750939e-15
6.661338147750939e-16
-5.456429364516254
-5.342215199336749
-5.171230694459894
-6.564647376434834
-3.690644069064689
-1.2341616752252094
1.3871762935017957
0.9049397487574993
0.158775708536659
-1.3211653993039363e-14
3.83026943495679e-15
-3.469446951953614e-16
-2.831068712794149e-15
-3.9968028886505635e-15
5.551115123125783e-17
5.551115123125783e-17
8.104628079763643e-15
-2.220446049250313e-16
-2.0957448079655165
-4.359991252103299
-1.9040141612040191
-3.497634093564215
-1.9422162051606762
-0.7412226243026936
1.5763686687707548
1.0205705573501689
0.1678859728073263
4.107825191113079e-15
3.2057689836051395e-15
3.677613769070831e-16
1.3322676295501878e-15
-2.6645352591003757e-15
-5.551115123125783e-17
5.551115123125783e-17
-6.716849298982197e-15
1.1102230246251565e-16
0.30971489489579795
-4.543677679924599
0.12596692977269974
-1.6349197869580792
-0.8270677858731688
-0.5135206345907193
1.746929786700008
1.1288721051550397
0.17716646505272315
-3.3306690738754696e-15
-4.6351811278100286e-15
-1.8735013540549517e-16
2.0539125955565396e-15
-1.7763568394002505e-15
4.440892098500626e-16
0.0
5.2735593669694936e-15
5.551115123125783e-17
1.6373038621094338
-4.9844740533079595
1.1473565071794223
-0.6833426562286746
-0.22100280939633163
-0.4234562229960446
1.8239727377214052
1.1781340373920413
0.17644801616559747
5.329070518200751e-15
-2.609024107869118e-15
5.724587470723463e-17
-8.368306048112117e-15
2.5779378631796135e-13
-1.1607381722456012e-13
0.0
-4.6074255521944e-15
-5.551115123125783e-16
1.936139177614514
-5.440212870663984
1.3432756872869867
-0.6021504452299808
-0.12685504425824945
-0.44030747481438226
1.9439989557886577
1.2550935093589999
0.1782211292131528
8.992806499463768e-15
3.4208746946262636e-15
5.774460770657797e-15
-3.7442271505483404e-14
-7.038813976123492e-14
1.982684849632932e-13
5.484501741648273e-14
-4.18554080283684e-14
4.440892098500626e-15
1.8348720399930016
-6.170792258180342
1.2598022391416641
-1.0036390574488934
-0.31547061359336936
-0.5334752434450252
2.2638553237760277
1.4591720744726118
0.19454151919422635
6.661338147750939e-15
-8.319733790784767e-15
1.0451708942760263e-15
-3.635980405647388e-15
9.769962616701378e-15
0.0
8.326672684688674e-17
-5.440092820663267e-15
-3.3306690738754696e-16
1.8491117683045033
-6.990615842682601
1.2607228519509661
-1.2308855038250925
-0.3873101961884977
-0.6169458718230132
2.4919896431704274
1.6009791537062839
0.1976952691185767
8.881784197001252e-16
7.08461067588928e-15
-4.475586568020162e-16
4.614364446098307e-15
-6.661338147750939e-15
-1.1102230246251565e-16
-5.551115123125783e-17
1.5543122344752192e-15
3.3306690738754696e-16
1.8300113886594715
-7.600227075856418
1.214412817204872
-1.2766735649849466
-0.3432972024114971
-0.6692359300496449
2.4909048780263845
1.5927613326573393
0.17803313083019745
-1.2323475573339238e-14
-2.6853519408120974e-15
3.094746681142624e-14
-5.6017690486243055e-14
-5.3290705182007514e-14
2.0872192862952943e-14
-5.1209037010835345e-14
7.260858581048524e-14
-3.352873534367973e-14
1.7554654567947807
-7.877405452475983
1.1223959721162915
-1.1714376205970325
-0.21627492041098773
-0.6836959945726591
2.2931825227023026
1.4563764725604607
0.14128270050273706
1.9872992140790302e-14
1.5785983631388945e-16
-3.608224830031759e-16
5.745404152435185e-15
-2.886579864025407e-15
0.0
-8.326672684688674e-16
-1.9984014443252818e-15
2.220446049250313e-16
0.7447439253002415
-7.450663268612587
0.13922031118340517
-1.0480931119204158
-0.049035155332411755
-0.7202912533469004
1.1866394786771188
0.7463359539091884
0.05831513783617015
-1.432187701766452e-14
4.236194728335363e-15
3.5388358909926865e-16
-1.9567680809018384e-15
1.1102230246251565e-15
0.0
2.220446049250313e-16
-6.661338147750939e-16
2.220446049250313e-15
0.16033987556268414
-7.815288801890063
-0.4264316081420709
-1.041599851478356
0.07627036964067457
-0.7957028706309188
0.614699039224659
0.38157297006674984
0.02392351238464918
-6.439293542825908e-15
1.7569279364693102e-14
7.548128788670283e-14
7.056855100273651e-14
-2.1005419625907962e-13
3.402833570476105e-14
-7.505107646466058e-14
-3.552713678800501e-14
-6.439293542825908e-14
-0.4230812405454572
-9.326040429495736
-0.94638086497225
-1.6887170501307
-0.14495397143883793
-1.0120081477393583
0.7423480693296565
0.4543625446437112
0.022131224883140455
7.549516567451064e-15
-8.61047344535848e-14
-7.771561172376096e-16
1.2212453270876722e-15
2.9976021664879227e-15
1.1102230246251565e-16
-2.5326962749261384e-16
1.1546319456101628e-14
-1.4210854715202004e-14
0.02992671059677576
-13.69014952215862
-0.5288805960089071
-3.4831089458968942
-1.0039879030572507
-1.4581642704604931
2.955220456844579
1.7880428546140976
0.03979895786010723
-1.6431300764452317e-14
9.298117831235686e-16
4.85722573273506e-16
-8.881784197001252e-16
3.3306690738754696e-16
-4.440892098500626e-16
-1.1102230246251565e-16
-1.0658141036401503e-14
1.0325074129013956e-14
2.5500411781068237
-21.312856304569323
1.6342372319284202
-6.159634995198899
-2.4182713309174773
-2.057747548319199
7.796409856379569
4.626209313629417
-0.02350571962779213
9.43689570931383e-15
-6.661338147750939e-16
1.1102230246251565e-16
0.0
2.8727020762175925e-15
1.942890293094024e-16
1.887379141862766e-14
-6.106226635438361e-15
-1.7763568394002505e-15
-35.245066581620236
-15.092298040794761
-29.5465512427673
-39.55317854577288
-22.78210284943391
-7.196629698392968
9.980858961461536
6.054906604401794
0.1374631624523408
5.551115123125783e-16
1.9845236565174673e-15
-1.942890293094024e-16
-1.3322676295501878e-15
-6.661338147750939e-15
-9.71445146547012e-17
1.1102230246251565e-16
6.661338147750939e-15
1.5543122344752192e-15
-6.129010660568014
2.0180903119369304
-5.081108682951985
0.23579550300833318
0.17598649552466128
0.028330179919927367
-5.318818754798087
-3.0720230698887576
-0.5343458463098045
1.3655743202889425e-14
-7.056855100273651e-13
2.220446049250313e-16
2.220446049250313e-15
2.643718577388654e-15
5.551115123125783e-16
0.0
4.440892098500626e-16
-1.3322676295501878e-15
-10.69194878019698
-6.658179749666374
-9.060720709346256
3.573050209199579
2.648484711928276
0.26769525639420877
-12.632483189218775
-7.015965256820257
-2.1301025771737123
-8.881784197001252e-16
7.300271498422717e-13
-2.498001805406602e-16
2.220446049250313e-16
-4.440892098500626e-15
0.0
-1.6653345369377348e-16
1.3322676295501878e-15
-7.216449660063518e-16
9.353838542899432
-16.79405193735039
8.177172411278278
-3.4699341021693613
-1.5748682292854426
-0.9252248011340213
11.669350622263835
7.014519209413578
0.22022611532692427
-5.551115123125783e-16
1.0352829704629585e-14
-2.7755575615628914e-17
6.661338147750939e-16
5.10702591327572e-15
-2.220446049250313e-16
2.220446049250313e-16
-3.552713678800501e-15
1.4988010832439613e-15
4.22411722453613
-18.233657354151298
5.370464097473146
-1.9855869943500013
-0.33983348391794266
-0.6426351515351527
7.288244511091818
4.675408919414139
-0.2720694977539768
1.0658141036401503e-14
1.3322676295501878e-15
-5.551115123125783e-17
1.915134717478395e-15
-9.270362255620057e-15
5.551115123125783e-17
0.0
3.552713678800501e-15
2.6645352591003757e-15
-7.799377367843704
-20.386450041852925
-6.577822874598297
-9.959660988394717
-3.667757534946844
-3.230217979219532
3.449887644587278
1.9863181318001324
-0.09564558932749279
-1.5654144647214707e-14
-9.381384558082573e-15
-5.551115123125783e-17
2.886579864025407e-15
9.769962616701378e-15
2.7755575615628914e-16
0.0
-2.6645352591003757e-15
-3.9968028886505635e-15
5.5819059520446785
-5.734650397191416
5.198631076947095
-0.03802086149900674
-0.020011862269569747
-0.0012103621345005422
5.198229746055176
3.0543689284662605
0.17989124786470878
1.3655743202889425e-14
1.4710455076283324e-15
3.7208083836226535e-14
-6.217248937900877e-15
-1.7763568394002505e-15
4.08006961549745e-14
1.3220535777236364e-12
2.220446049250313e-15
7.55506768257419e-14
20.815303810613216
-34.13328568535576
20.211397719120782
24.371356326782294
17.45683080497969
3.0376355024692145
-4.146161823898751
-2.0831650429429374
-0.8068236946971155
1.1435297153639112e-14
-1.099120794378905e-14
-1.6653345369377348e-16
-7.216449660063518e-16
3.9968028886505635e-15
8.326672684688674e-17
-4.440892098500626e-16
0.0
0.0
33.94437256808527
-45.13284732319812
30.88904457665751
35.78988915131026
25.595691126886607
4.021918666702881
-4.909418199016386
-2.7438071996546682
-1.2335723112107644
1.2545520178264269e-14
1.3322676295501878e-14
1.3877787807814457e-16
2.55351295663786e-15
-3.1086244689504383e-15
1.1102230246251565e-16
1.1102230246251565e-16
-3.3306690738754696e-15
8.881784197001252e-16
5.259761706012625
-2.4239206029780576
4.364567696807839
2.83918013154846
1.704329729727874
0.5540836173966728
1.5049076209408836
0.8027637984292965
-0.1624633532678441
6.772360450213455e-15
-1.7843365673897438e-14
-8.594513989379493e-14
4.8960835385969403e-14
1.2378986724570495e-14
-9.064970996064403e-14
-2.544908728197015e-13
-5.773159728050814e-14
-2.6990909507418337e-13
6.41821563320039
-5.281401526073125
5.404852343895044
1.1637255507206916
0.8107289790767531
0.14524391683320914
4.238402505657245
2.373978510045961
-0.036949233736056186
3.1086244689504383e-15
-1.301736496372996e-13
-1.1102230246251565e-16
-4.807265696626928e-14
7.549516567451064e-15
0.0
-2.220446049250313e-16
4.440892098500626e-16
-2.1316282072803006e-13
62.21934934097618
-96.10943720676147
58.496688029882364
78.34618702310263
54.659394958537575
8.200556354272663
-19.854088267561906
-10.90642003810052
-3.9327743974144767
7.327471962526033e-15
1.1796119636642288e-15
5.828670879282072e-16
-2.220446049250313e-15
-7.549516567451064e-15
-1.1102230246251565e-16
4.440892098500626e-16
1.1102230246251565e-15
-1.1102230246251565e-15
12.923528394522947
-77.12548261780204
17.36642456673121
18.641068941569294
19.21541092347079
-2.934821937267131
-1.2313682314879344
-0.7298662823239752
-0.004076546951256255
1.5087930904655877e-13
4.746203430272544e-15
-1.6653345369377348e-16
4.440892098500626e-16
1.5543122344752192e-15
5.551115123125783e-17
-4.440892098500626e-16
-8.715250743307479e-15
2.3314683517128287e-15
-32.483213453480005
-76.91365661102829
-18.95508034548655
-19.033550579884945
-2.8712530343617377
-10.238849726898785
0.08511288329225408
0.05254820912512059
-0.02075065109049845
2.0095036745715333e-14
7.771561172376096e-16
-1.6653345369377348e-16
1.3322676295501878e-15
5.551115123125783e-15
1.1102230246251565e-16
-4.440892098500626e-16
6.994405055138486e-15
-2.4424906541753444e-15
5.318128616257198
-83.92327268305482
14.653972291576453
14.264029698841666
15.74704597640617
-4.43604847198727
0.4156749607104473
0.255051293718239
-0.014843784931796835
6.328271240363392e-15
-7.188694084447889e-15
-6.106226635438361e-16
-7.123190925995004e-13
-1.6431300764452317e-14
1.1102230246251565e-16
1.3322676295501878e-15
-4.912736883966318e-15
-2.220446049250313e-16
-19.689656372397135
-96.35623133573299
-3.3277769997246667
-3.445579155030683
5.740492262655685
-9.198389195581555
0.15516808099189916
0.0971734810749556
-0.0066151771510426505
4.1744385725905886e-14
1.149080830487037e-14
7.771561172376096e-16
4.250821916684799e-12
1.4876988529977098e-14
1.1102230246251565e-16
-1.27675647831893e-15
1.9984014443252818e-15
7.771561172376096e-16
-40.60757317084145
-113.1444657244464
-16.982008897181444
-16.974579282404278
-1.588323318231721
-13.483111020128014
0.062174090104086595
0.039953434720750636
-0.009273120555435055
-9.43689570931383e-15
1.086630785351872e-14
-5.134781488891349e-16
-6.994405055138486e-13
4.440892098500626e-16
-5.551115123125783e-16
-2.220446049250313e-16
4.274358644806853e-15
2.886579864025407e-15
-3.852907951676767
-5.356990671185372
-3.738675560757919
-3.717723537992633
-1.4805224917562327
-1.1799639386344563
0.06652546514991897
0.05246693471260677
-0.024665191985990598
3.9968028886505635e-15
3.2751579226442118e-15
3.0531133177191805e-16
4.0245584642661925e-16
8.43769498715119e-15
4.163336342344337e-17
1.3877787807814457e-16
-1.7763568394002505e-15
-2.4424906541753444e-15
30.352681366147237
-35.479960065157
23.887752148361017
-0.6333612926327846
-0.04196380782901343
-0.07260838123932101
24.489883787241396
15.291467083657878
-0.6118744530223488
-3.608224830031759e-14
-2.867497905789662e-15
-1.6653345369377348e-16
0.0
2.220446049250313e-16
3.3306690738754696e-16
4.440892098500626e-16
1.887379141862766e-15
4.440892098500626e-16
6.35314108103148
-61.85269076275869
8.743038361060997
29.064137439377674
18.39555094255941
3.1588718635748663
-20.335088871258165
-10.118269524559167
-6.878997512688528
4.141131881851834e-14
-8.895661984809067e-15
0.0
8.881784197001252e-16
-2.942091015256665e-15
-4.440892098500626e-16
3.885780586188048e-16
1.7763568394002505e-15
3.3306690738754696e-16
19.377871381437117
-63.355440912043434
20.094174677473788
33.52069503152845
21.654735056441694
3.6154508363652753
-13.425414675677132
-6.201761852532197
-5.429879212518415
6.772360450213455e-15
-3.9658554218391373e-13
-2.3953061756287752e-14
-1.0738077094174514e-12
-1.9989565558375944e-13
-1.6908696665041134e-13
-4.691247390553599e-13
9.617862062327731e-13
3.216871213851391e-13
3.1631048678259353
-49.09455169197193
3.914337551910695
17.07726391212607
11.217094955984118
1.7657998109443565
-13.155365274249917
-5.864013455892854
-5.513378487099942
-6.283862319378386e-14
-1.2295719997723609e-14
-1.8290924330699454e-14
5.053735208093713e-13
-1.8635093468333253e-13
6.195044477408373e-14
1.6542323066914832e-13
-3.4861002973229915e-14
7.418510250545296e-13
-5.190221266999348
-46.82226087244014
-3.5894651219353904
10.746240046107808
7.067828455111335
1.0574634753586958
-14.331321443879546
-6.203580544511302
-6.1339888730148076
3.042011087472929e-14
4.095890293598359e-13
-1.3983258995153847e-13
-2.7977620220553945e-14
-3.175237850427948e-14
-2.3203661214665772e-14
1.325606291402437e-13
-3.503863865716994e-13
4.5219383792982626e-13
-10.959924428667495
-51.27815949917604
-8.478628026207108
8.928115010421358
5.881375790895152
0.7990500798862924
-17.400801655006067
-7.508579190318027
-7.27622908296415
-2.098321516541546e-14
-1.2351231148954867e-15
1.2906342661267445e-15
4.440892098500626e-16
8.881784197001252e-16
1.1102230246251565e-16
3.774758283725532e-14
-1.0581813203458523e-14
4.440892098500626e-16
-17.38646247759098
-59.83250651459737
-13.672092303488224
8.913103664988896
5.858058636662479
0.7008344148262267
-22.57059541949172
-9.896086043719853
-8.965353810088835
-7.438494264988549e-15
-6.619704784327496e-15
-6.661338147750939e-16
-8.881784197001252e-16
-6.661338147750939e-15
-4.551914400963142e-15
2.299271883998699e-13
1.8332557694122897e-14
2.4424906541753444e-14
-25.925404234894188
-70.66926190746494
-20.642704170065187
8.359346849818238
5.538271055638617
0.561590198564407
-28.974144727406973
-12.836067430784048
-11.096708346728875
3.175237850427948e-14
1.8096635301390052e-14
-8.187894806610529e-16
7.993605777301127e-15
4.884981308350689e-15
1.2034817586936697e-13
-9.992007221626409e-16
-1.1657341758564144e-15
-2.220446049250313e-16
-37.64291094680374
-79.40747620417942
-30.27280089583806
3.6221304329762916
2.512271487452314
0.21482737045306832
-33.84960651785815
-14.687467004386793
-13.237797054384089
1.2545520178264269e-14
-8.604228440844963e-15
4.718447854656915e-16
-2.220446049250313e-15
-1.3766765505351941e-14
-1.1102230246251565e-16
-2.220446049250313e-16
0.0
-9.992007221626409e-16
-43.40675666703399
-97.23961939345693
-33.87814247644885
3.993682857267196
2.85621120967285
0.2933273683672377
-37.80718412063257
-15.793841264630291
-15.464624247888686
-1.3877787807814457e-14
-3.3306690738754696e-15
-2.7755575615628914e-17
4.440892098500626e-16
2.6645352591003757e-15
-1.1102230246251565e-16
6.661338147750939e-16
1.5543122344752192e-15
9.992007221626409e-16
-38.4364759205785
-129.88353926608255
-27.45291558324577
14.024223526910674
9.344680006574372
0.7866054927747212
-41.3892900519204
-16.430872509213053
-17.83664056956279
1.765254609153999e-14
7.771561172376096e-15
-1.3322676295501878e-15
8.881784197001252e-16
-3.552713678800501e-15
-1.9234613901630837e-14
1.709743457922741e-14
-2.6867397195928788e-14
-3.8413716652030416e-14
-35.020871274400676
-170.67468963386753
-21.84774335492115
24.07505140909221
15.879147308259395
0.9849288496531345
-45.870251024442844
-17.149871288102013
-20.557972540006155
2.853273173286652e-14
-1.0547118733938987e-15
2.4424906541753444e-15
-9.769962616701378e-15
1.7763568394002505e-15
-5.828670879282072e-16
-4.440892098500626e-16
1.0658141036401503e-14
8.881784197001252e-16
-45.20991715871187
-206.73498130091812
-25.49109030237365
25.40570050374042
16.572523993182813
0.7303093034422554
-51.15215485840364
-17.789338591867953
-23.030793045260737
-8.881784197001252e-15
-4.551914400963142e-15
1.1102230246251565e-16
6.661338147750939e-15
-2.6645352591003757e-15
2.7755575615628914e-16
-4.440892098500626e-16
-2.6645352591003757e-15
-8.881784197001252e-16
-67.72693898423995
-229.59312920419677
-35.704216297831906
19.156424537241307
12.030841219391611
0.37758686951772
-55.8195849005081
-17.684542828474065
-23.81106317257897
2.220446049250313e-15
-7.382983113757291e-15
-3.3306690738754696e-16
-1.3322676295501878e-15
-8.881784197001252e-16
0.0
6.661338147750939e-16
1.6653345369377348e-15
1.7763568394002505e-15
-131.11652017818105
-231.99839369676783
-99.6136844489979
25.065582479765865
15.427627658783756
-1.1863193697260446
-123.96187712186125
-58.25943370702811
-34.69068518276095
3.5083047578154947e-14
3.552713678800501e-15
2.3148150063434514e-14
2.6645352591003757e-15
-5.551115123125783e-15
2.914335439641036e-16
-8.326672684688674e-17
-1.7763568394002505e-15
-1.7763568394002505e-15
62.36179356916023
-148.48892662269753
66.94817808320623
7.360474456894764
9.40447759601308
-7.273102669815657
58.250900517450276
37.995059747332675
7.776412484932068
9.992007221626409e-15
6.050715484207103e-15
3.11972669919669e-14
-2.1316282072803006e-14
-7.460698725481052e-14
-2.914335439641036e-16
-2.220446049250313e-16
8.881784197001252e-16
8.881784197001252e-16
65.29821178459815
-227.2602906774767
71.63179232782944
-37.58096300831035
-15.937679319100182
-17.34685632331215
108.1525004618573
67.76995091721565
12.722158588710927
-8.237854842718662e-14
-5.662137425588298e-15
1.2212453270876722e-15
3.774758283725532e-15
-1.3322676295501878e-15
-9.284240043427872e-15
-4.440892098500626e-16
2.6645352591003757e-15
-1.7763568394002505e-15
60.88474087183155
-212.8674139998922
62.70246302766725
-21.567613824482308
-6.081488391912842
-16.555947469043165
83.51112916902554
52.06207981861217
11.384599741462843
6.927791673660977e-14
1.0103029524088925e-14
-6.661338147750939e-16
-1.6375789613221059e-15
7.216449660063518e-16
2.7755575615628914e-17
8.881784197001252e-16
-2.220446049250313e-15
5.329070518200751e-15
1.3570227635033518
-139.71616621868304
2.9911207687986234
-14.819958316190402
-2.1979050981225647
-15.278056975040236
17.77203987401181
11.737410871807121
2.7070035524594562
-5.595524044110789e-14
-7.66053886991358e-15
-1.4432899320127035e-15
-5.551115123125783e-15
6.106226635438361e-16
0.0
-7.771561172376096e-16
1.1102230246251565e-15
-8.881784197001252e-15
-1.356539625356998
-119.31597479330952
0.4165614764041692
-15.94149470151293
-3.5398239557030706
-13.802429718542635
16.686477981925435
10.933815425000269
1.9030788923716377
1.9095836023552692e-14
-2.7755575615628914e-15
0.0
1.1546319456101628e-14
-1.3322676295501878e-15
7.216449660063518e-16
1.2628786905111156e-15
-1.1102230246251565e-15
7.549516567451064e-15
-5.574286036688578
-133.43844801257796
-2.11294991191383
-19.18654098413488
-4.560836406131653
-15.780298889868426
17.590211003086218
11.542580031883201
1.7924675628444522
2.2648549702353193e-14
1.3322676295501878e-15
0.0
-9.103828801926284e-15
3.552713678800501e-15
-1.6653345369377348e-16
-2.6645352591003757e-15
3.608224830031759e-16
-4.218847493575595e-15
-13.47196713198823
-152.3779155704085
-7.828572133568597
-18.550445240466708
-2.728555454997718
-17.9486450900856
11.326042906580007
7.602575213422867
0.9081212921733455
-2.398081733190338e-14
-1.56472057533108e-13
2.55351295663786e-15
-2.220446049250313e-14
1.3322676295501878e-14
-4.073130721593543e-14
1.929567616798522e-13
-1.142419492339286e-13
-7.749356711883593e-14
-24.92061340374983
-126.72505397590771
-17.132656714317775
-14.413459227139802
-0.8738131542248446
-15.887380043016712
-2.2059054661478825
-0.681684971942282
-1.3921196628093737
-4.0523140398818214e-14
3.3584246494910985e-15
-2.275957200481571e-15
-2.6645352591003757e-14
-4.6629367034256575e-15
-3.191891195797325e-16
-5.702105454474804e-13
-3.552713678800501e-15
3.6637359812630166e-15
-72.04514340236273
-83.29382599976935
-54.31034163243953
-14.89757555333501
-0.8669674562900784
-16.064248760807025
-38.90538020087945
-22.88560636471305
-7.640298345428131
1.2878587085651816e-14
5.051514762044462e-15
2.7200464103316335e-15
-2.6645352591003757e-15
2.220446049250313e-16
1.6653345369377348e-16
6.439293542825908e-14
1.5543122344752192e-15
6.217248937900877e-15
-208.15053168687285
49.04260223180407
-158.50188044753608
-13.766345939214922
0.21014192727689718
-16.078639700347853
-144.97152567180953
-89.23770262545423
-26.98312214993279
3.0753177782116836e-14
3.2751579226442118e-15
-3.469446951953614e-15
2.220446049250313e-15
-1.9984014443252818e-15
0.0
-8.881784197001252e-16
-1.5543122344752192e-15
-1.0658141036401503e-14
51.54922874078311
-204.50829378940716
47.406099856477304
-13.174224030403394
0.167714860029621
-15.112605586228119
60.45593034373451
38.192298189969804
8.128536724756556
3.9190872769268026e-14
-2.7755575615628914e-15
1.27675647831893e-15
2.220446049250313e-15
1.3322676295501878e-15
4.163336342344337e-17
-4.440892098500626e-16
8.881784197001252e-16
6.217248937900877e-15
71.48678522333486
-218.09370867980522
63.449765718681526
-15.218175318883954
-1.1009529473526882
-14.619105240651654
78.2234325177667
49.15680066049556
10.010900735230717
-1.2878587085651816e-14
-6.661338147750939e-16
1.0408340855860843e-15
-4.440892098500626e-15
2.220446049250313e-15
-3.7414515929867775e-14
7.91033905045424e-16
-9.992007221626409e-16
1.7763568394002505e-15
42.614289642743216
-202.138926887005
36.18980604216479
-16.749276494045503
-1.1433027046022488
-15.445516865402386
53.49802051318234
33.55228921528231
3.7967261793465354
7.882583474838611e-15
1.942890293094024e-15
4.85722573273506e-17
7.105427357601002e-15
-7.549516567451064e-15
-1.5787371410169726e-13
-2.886579864025407e-15
1.2989609388114332e-14
-6.217248937900877e-15
-69.88808669227957
-167.77785474273387
-56.45183401095449
-16.240617011966265
0.33790791041436385
-15.395359893319291
-40.544753761383134
-23.323679937808834
-10.231043052140002
-2.5202062658991053e-14
2.0539125955565396e-15
-1.1102230246251565e-15
8.881784197001252e-16
-4.440892098500626e-15
3.9968028886505635e-15
6.661338147750939e-16
-4.440892098500626e-15
3.552713678800501e-15
124.55480373517462
-305.02644823586274
99.87162122293324
-17.272517256067466
-1.1108031222491626
-13.467360747243054
116.133970584359
78.48474734904708
9.00661026766248
8.326672684688674e-15
-6.8833827526759706e-15
0.0
8.881784197001252e-16
8.881784197001252e-15
-6.94999613415348e-14
-1.5543122344752192e-15
3.552713678800501e-15
-8.881784197001252e-16
12.93472732795945
-300.43008976471464
2.348421074087611
-28.575586562358517
-7.97336803447913
-14.923162948689265
30.81811399716911
27.685494125288926
-7.6947781911971695
-1.6209256159527285e-14
3.941291737419306e-15
6.661338147750939e-16
-8.881784197001252e-16
-6.217248937900877e-15
-1.3000711618360583e-13
8.881784197001252e-16
-5.329070518200751e-15
8.881784197001252e-16
0.8111016176288217
-239.1640505854976
-0.7309769912317137
-48.19215930021517
-19.60139508098569
-17.403990342283837
47.11846364261021
36.42757719416856
-2.80723916811381
-1.887379141862766e-14
-8.881784197001252e-16
-1.1102230246251565e-16
4.440892098500626e-15
1.9539925233402755e-14
-2.82757151026658e-12
2.220446049250313e-15
-1.7763568394002505e-15
-3.552713678800501e-15
-36.46808060693367
-302.7914403757393
-38.26181193008624
-135.1308128257237
-63.997164569163104
-39.10539580060622
97.65251387126534
65.40293280209562
3.0916244870671417
-2.919886554764162e-14
5.717648576819556e-15
-2.220446049250313e-15
1.021405182655144e-14
-4.440892098500626e-15
1.9184653865522705e-13
-4.218847493575595e-15
-3.1086244689504383e-15
8.881784197001252e-16
101.00772013257658
-223.3547113439399
100.97604313701208
57.628061798553894
38.7613930676915
7.94341665265393
42.85217619926748
35.83335805264032
-9.994798410550064
-2.7755575615628914e-15
-8.049116928532385e-16
8.881784197001252e-16
-8.881784197001252e-16
-4.424238753131249e-14
-1.0949630091516838e-11
5.551115123125783e-16
-6.966649479522857e-15
5.551115123125783e-16
-15.408178872317222
-425.91255611805997
-37.556867295206956
29.355816620496594
26.97599405651934
-0.0885419548229116
-66.16337556215039
-18.57860492732599
-46.7243819154928
2.09277040141842e-14
-1.0824674490095276e-15
6.661338147750939e-16
-4.3298697960381105e-15
-7.327471962526033e-15
-4.440892098500626e-16
-1.6653345369377348e-16
-1.7447154831984335e-13
-1.0824674490095276e-15
-92.69105428928987
-130.4054674614663
-121.24068430464328
-80.0773778940303
-49.79887740109058
4.284653219005701
-41.89274204686378
-7.233657297208253
-35.815000740854934
-1.8984813721090177e-14
-1.239286451237831e-14
-2.220446049250313e-16
8.465450562766819e-16
6.328271240363392e-15
-7.771561172376096e-16
2.220446049250313e-15
5.284106485703433e-13
-3.5638159090467525e-14
-213.41567647151686
-80.47235435974592
-210.74921247630488
-185.63107798462926
-109.909194712374
-12.176799689016077
-25.155069145397988
1.6667849160620847
-30.344670785622498
1.965094753586527e-14
6.9111383282915995e-15
3.3306690738754696e-16
-6.661338147750939e-16
-5.551115123125783e-16
-1.9843501841698696e-13
-1.4155343563970746e-15
-1.310118680208916e-12
-4.996003610813204e-16
-226.98097912824198
-43.11688879843335
-213.51822017194752
-198.58914251187363
-120.66125100198889
-12.592801890735835
-14.967784598665295
7.515341864261808
-27.222181299061937
-2.1871393585115584e-14
-2.0539125955565396e-15
1.3322676295501878e-15
-1.4988010832439613e-15
-2.220446049250313e-15
2.8548274855211275e-12
-5.551115123125783e-17
4.996003610813204e-16
-1.5376588891058418e-14
-177.8062863337141
-88.10944247400616
-158.664093166042
-147.05593530017788
-90.77940204501363
-8.67235291267801
-11.610792722498754
9.790112868384995
-25.869751307762122
5.551115123125783e-15
-7.549516567451064e-15
-5.551115123125783e-17
-1.6653345369377348e-16
-8.215650382226158e-15
-2.088662576227307e-12
9.992007221626409e-16
2.7755575615628914e-16
-7.216449660063518e-16
-155.8501492656116
-106.50929857239596
-132.1251392830825
-127.62597809931644
-80.44425010223935
-7.58432803648145
-4.480932024518765
14.638682742639627
-24.394369895128772
-3.042011087472929e-14
5.9396931817445875e-15
-6.106226635438361e-16
7.216449660063518e-16
1.2601031329495527e-14
-5.551115123125783e-17
-5.551115123125783e-17
2.3869795029440866e-15
6.661338147750939e-16
-112.42113127613254
-153.32454701553857
-88.2021549601308
-92.44769142331093
-59.77142109566555
-6.07800053748646
4.280808738164641
21.033549780250333
-23.25596962975759
1.1546319456101628e-14
4.163336342344337e-16
7.771561172376096e-16
-2.220446049250313e-16
-1.6542323066914832e-14
3.608224830031759e-16
-9.43689570931383e-16
-1.3461454173580023e-14
-4.440892098500626e-16
-131.25914587760735
-170.81694389015905
-96.8087702074498
-87.89208833669743
-57.63904119816027
-5.521182308269825
-8.884063285544109
15.478704703484738
-26.41796201435168
2.0872192862952943e-14
6.8833827526759706e-15
6.661338147750939e-16
-7.771561172376096e-16
7.105427357601002e-15
-5.551115123125783e-16
-3.3306690738754696e-16
-5.9119376061289586e-15
0.0
-42.42303985372398
-345.46285444180853
-13.233991254846085
41.20055866461743
28.015037344769638
3.43689459502324
-54.41072289339256
-7.625738219575705
-35.90195590868957
2.90878432451791e-14
-6.855627177060342e-15
-6.106226635438361e-16
8.881784197001252e-16
6.661338147750939e-16
-1.1102230246251565e-16
2.7755575615628914e-16
1.5376588891058418e-14
-2.220446049250313e-16
-177.53863960745377
-387.00505206363874
-124.21378538731786
51.105633382457306
34.83975598730663
2.7586124436889907
-175.28755580882603
-72.13591065114558
-59.074468042354475
-5.1514348342607263e-14
-4.2241210529425643e-13
2.0979051829073114e-13
-1.6542323066914832e-14
-6.439293542825908e-15
-2.220446049250313e-16
-1.5587531265737198e-13
-5.294376048681215e-13
3.362865541589599e-13
22.17053898343768
-180.2546171912547
22.979321986644877
76.9197707495371
52.069100464575115
2.9877049762651904
-54.02050803400711
-23.788462186682327
-16.34478921663451
-7.704947790898586e-14
6.911572009160594e-13
-2.3966939544095567e-13
1.1102230246251565e-16
1.7763568394002505e-15
-1.4988010832439613e-15
0.0
2.6645352591003757e-15
-1.3322676295501878e-15
169.28923033638046
-168.10400257600412
133.82998702089205
133.64047317038614
89.03202097761421
4.902071873097859
0.031574901238570874
-0.14200429757016764
0.006809326604409804
1.3433698597964394e-14
-4.794775687599895e-15
-9.367506770274758e-16
-1.1102230246251565e-15
3.9968028886505635e-15
0.0
-4.440892098500626e-16
-4.440892098500626e-16
6.661338147750939e-16
21.096160030650708
-67.69431177428115
9.557129889342193
9.390816026860648
10.785946692919737
-4.958434835195831
0.30541438187876224
0.11251956736460755
0.039293901551513244
-1.7208456881689926e-14
-3.927413949611491e-15
7.216449660063518e-16
-1.7763568394002505e-15
4.773959005888173e-15
0.0
1.1102230246251565e-16
-2.220446049250313e-15
1.887379141862766e-15
-51.3068950155268
-56.96836940141898
-50.92915090017247
-52.71307899824642
-25.637487925396144
-13.35230346561363
1.8264000552810415
0.982138710651256
0.36647135287834853
1.0880185641326534e-14
1.3739009929736312e-15
1.1288192602876279e-13
8.881784197001252e-16
-1.5237811012980274e-14
1.6653345369377348e-16
2.6434410216324977e-13
-3.126388037344441e-13
-2.0278223544778484e-13
-52.85408209921642
-52.46300349106641
-50.8488836455457
-50.73111856686478
-25.01423096808618
-12.873944104812239
-0.07498068088627008
-0.0551600245486199
-0.00310454756041878
-5.773159728050814e-15
-8.98586760555986e-15
-2.886579864025407e-15
-8.326672684688674e-16
-1.496580637194711e-13
5.828670879282072e-14
-1.637578961322106e-14
-1.1546319456101628e-14
-1.3988810110276972e-14
-92.46423158316881
-69.97771381105868
-85.92675984409895
-73.8620357997424
-36.587936553576895
-19.832852202260057
-11.990845481547282
-7.69270273089316
-1.061158265445152
1.0880185641326534e-14
3.2612801348363973e-16
8.326672684688674e-16
2.4980018054066022e-15
-2.4424906541753444e-15
2.220446049250313e-16
2.220446049250313e-16
6.217248937900877e-15
-1.1102230246251565e-16
-33.863093130556116
-140.15966806995027
-28.56242935153913
-55.933629746543275
-23.944021940545447
-19.310826012542044
27.475757737858814
17.9822977531366
2.8705756888304226
3.219646771412954e-15
1.0859368959614812e-15
-4.718447854656915e-16
-3.885780586188048e-16
3.552713678800501e-15
-2.220446049250313e-16
8.881784197001252e-16
1.3322676295501878e-14
1.3322676295501878e-15
-33.117737810945556
-145.58652712069224
-27.497929864136474
-45.923867388850056
-16.040486026336254
-18.746648067414327
18.513011504058397
11.879963660701634
1.3923359645273834
2.19824158875781e-14
-4.010680676458378e-15
4.440892098500626e-16
-4.718447854656915e-16
-8.548717289613705e-15
6.938893903907228e-18
2.220446049250313e-16
-7.438494264988549e-15
1.1102230246251565e-16
-18.49196537397905
-127.10704208020155
-13.370333413858035
-57.53349913810806
-26.24184809872507
-16.734364920315844
44.20514072472069
27.981205743587182
1.937929718148613
-5.617728504603292e-14
-1.2004286453759505e-15
-6.106226635438361e-16
-3.3306690738754696e-16
6.994405055138486e-15
2.220446049250313e-16
-1.5543122344752192e-15
-1.3322676295501878e-15
4.440892098500626e-16
14.286399454157307
-72.45440265720816
15.16816190419972
26.255362081852013
17.700235291057936
2.2590610137177256
-11.099559139439833
-3.944591708752494
-6.359211451009621
1.4654943925052066e-14
1.7486012637846216e-15
6.938893903907228e-16
8.881784197001252e-16
-2.275957200481571e-15
3.3306690738754696e-16
2.7755575615628914e-16
-3.885780586188048e-16
0.0
18.575749962607787
-46.03911995042147
18.060295159458445
14.34574728406458
9.6382997872851
1.2127546311316522
3.718227775497617
3.8872566849772703
-2.449779815867842
-2.2537527399890678e-14
6.210310043996969e-16
-8.326672684688674e-17
9.769962616701378e-15
-6.550315845288424e-14
3.164135620181696e-14
2.220446049250313e-16
3.497202527569243e-15
1.1102230246251565e-16
11.450460272076683
-35.37776311123967
11.529660244899016
10.986538463317494
7.434790319089546
0.8635719004558959
0.5526683453350429
1.730651341829586
-2.2180417473433565
6.727951529228449e-14
-1.7281315267680952e-14
-7.191469642009451e-14
-4.884981308350689e-15
4.1466829969749597e-14
-7.216449660063518e-15
2.169375790117556e-13
1.858513343222512e-13
-1.5709655798445965e-13
11.432593039093234
-32.74024933770339
11.158067302810853
12.329987321483578
8.408423817953366
0.8710693461603564
-1.159934695456414
0.5195498622639971
-2.00913985491713
1.709743457922741e-14
2.0816681711721685e-16
-1.1102230246251565e-16
-3.9968028886505635e-15
5.384581669432009e-15
1.5543122344752192e-15
-2.2254420528611263e-13
5.617728504603292e-14
3.597122599785507e-14
12.283383954225116
-31.75344804062364
11.415588196623174
13.863618379389493
9.495642682020023
0.8307817834137254
-2.4333848075374434
-0.3846013520433837
-1.871877045127654
-2.1649348980190553e-14
1.2670420268534599e-14
-6.938893903907228e-18
-3.597122599785507e-14
-3.3306690738754696e-15
-2.220446049250313e-16
2.1094237467877974e-15
5.162537064506978e-15
7.771561172376096e-16
17.775465044890325
-36.69325087613664
15.168896323546484
19.28144159770776
13.233804072619712
0.9203513558964739
-4.096338558937852
-1.4667038004206336
-1.9145052275355852
-5.10702591327572e-15
-9.089951014118469e-15
-3.0357660829594124e-16
3.1308289294429414e-14
-2.220446049250313e-15
2.220446049250313e-16
0.0
-1.2101430968414206e-14
-5.551115123125783e-16
21.295485218723826
-40.139239449407924
16.995777539150893
22.579545961737878
15.489348404556978
0.7565420009789756
-5.566390928799223
-2.39177771622305
-2.016156630139001
-5.662137425588298e-15
3.1780134079895106e-15
1.734723475976807e-17
1.887379141862766e-15
3.9968028886505635e-15
-7.771561172376096e-16
1.1102230246251565e-16
2.609024107869118e-15
-5.551115123125783e-16
22.484762362477866
-41.39152677491095
16.803119546119213
23.30568899162654
15.909823511799894
0.3489180345808234
-6.4833649811393315
-2.953873842956675
-2.0906489292366004
2.786659791809143e-14
3.802513859341161e-15
7.077671781985373e-16
2.9976021664879227e-15
4.440892098500626e-16
6.661338147750939e-16
-1.1102230246251565e-16
-1.942890293094024e-15
2.220446049250313e-16
31.443920998790226
-50.90687185812812
21.986989762709523
29.17869726471514
19.713903429892163
-0.1438691197708981
-7.177471107009453
-3.337371584354074
-2.1900786143638697
-4.1744385725905886e-14
1.249000902703301e-16
-3.3306690738754696e-16
-1.7763568394002505e-15
2.220446049250313e-15
2.0816681711721685e-16
4.440892098500626e-16
1.915134717478395e-15
-6.661338147750939e-16
37.135956369516066
-58.09188316703161
24.61329041242136
32.541374260704956
21.62660731567795
-0.8161001376057047
-7.91758728030409
-3.685032171467263
-2.3593745677933526
3.3639757646142243e-14
3.1386004906153175e-13
-7.83262343873048e-14
-3.13693515607838e-13
9.103828801926284e-15
-1.49741330446318e-14
2.5934809855243657e-13
1.3522516439934407e-13
-1.56097357262297e-13
30.86091106042768
-52.18592988294127
20.35256690386032
28.499413825254294
18.81265531114874
-0.8210215495407129
-8.162196757956451
-3.696482119526223
-2.4590934685121653
-6.328271240363392e-15
-5.5261351050717167e-14
-3.2335245592207684e-14
-2.648298247365233e-13
1.2079226507921703e-13
1.7291723608536813e-14
2.220446049250313e-16
-3.552713678800501e-15
-3.2862601528904634e-14
-5.8303087367876
-16.28956918408977
-3.1592383016958507
3.2583394002962365
2.1959212287812164
-0.11001327612651646
-6.468733145263855
-2.6050958122237446
-2.1278618491939483
1.2323475573339238e-14
1.2864709297844001e-14
-5.204170427930421e-17
-3.552713678800501e-15
-2.220446049250313e-16
1.1102230246251565e-15
-7.771561172376096e-16
-2.4424906541753444e-15
1.3322676295501878e-15
3.3723405258430716
-22.083012576074623
2.703958737141562
-4.063429807373552
-1.673572384762057
-2.2005066174449013
6.363442882860227
4.110562254150466
0.8652735906570044
-5.551115123125783e-16
-1.6653345369377348e-15
-2.7755575615628914e-17
-1.4710455076283324e-15
1.887379141862766e-15
-1.1102230246251565e-15
1.3322676295501878e-15
1.9984014443252818e-15
1.1102230246251565e-15
-8.140283112732448
-11.909957918737973
-8.270186127313423
-8.575882851086575
-4.511700281871659
-2.379044401165771
0.15035589715989417
0.09702932398141484
0.020005820191710044
1.4099832412739488e-14
-8.938683127013292e-14
-1.1513012765362873e-13
1.226796442210798e-13
2.936539900133539e-14
3.856359676035481e-13
1.1013412404281553e-13
2.9665159217984183e-13
7.682743330406083e-14
-2.1164143424418285
-8.430876620145824
-3.1575464713199786
-3.2223165576897728
-1.5257936399048635
-1.3453722237227197
0.052635499491497484
0.03686344605324621
0.007839918305522886
-3.430589146091734e-14
-4.9682480351975755e-15
4.718447854656915e-16
1.9984014443252818e-15
-3.552713678800501e-15
2.7755575615628914e-17
0.0
-1.1102230246251565e-15
-5.551115123125783e-16
2.3936294911227236
-11.236721442697473
1.0147862903270664
-2.1352167476144643
-0.9102377486268337
-1.1644245348776394
3.204664258594846
2.123481587556938
0.39847990804146605
-7.66053886991358e-15
1.887379141862766e-15
1.3877787807814457e-16
-3.552713678800501e-15
8.881784197001252e-16
1.3322676295501878e-15
3.1086244689504383e-15
-4.440892098500626e-15
4.440892098500626e-16
-5.894541263474551
-15.474902483205028
-5.155400503844177
-9.627841795580366
-4.930291394784035
-2.5758358646205153
4.382399287275007
2.9000057549142753
0.4249263077994456
-2.1538326677728037e-14
-4.1494585545365226e-15
1.457167719820518e-16
3.3306690738754696e-16
6.661338147750939e-16
1.734723475976807e-16
-2.220446049250313e-16
6.661338147750939e-15
0.0
11.944999999777018
-8.917875185158096
9.167513325342284
11.122569456331064
7.052261434503009
1.045213108663324
-1.8076467065440054
-0.8491205567664508
-0.4736961899870735
3.6193270602780103e-14
4.36282954208167e-15
-2.220446049250313e-16
3.04790914729125e-15
9.547918011776346e-15
-5.551115123125783e-16
2.220446049250313e-16
-3.219646771412954e-15
-4.440892098500626e-16
15.793960128416558
-16.727267208030582
12.050522832144821
12.08811945645107
8.100331020186545
0.1805568923673988
-0.016917013994699914
-0.0008605992301013998
-0.0029721169166583294
-2.042810365310288e-14
2.6229018956769323e-15
-4.926614671774132e-16
-1.5543122344752192e-15
-8.93729534823251e-15
5.551115123125783e-16
-1.1102230246251565e-16
3.1086244689504383e-15
-4.440892098500626e-16
-5.186518738453124
-17.17849530513992
-5.689473535234569
-5.673854617283922
-2.217306469190582
-2.663420082818398
0.0009545846565686134
-0.0010141031527783895
-0.0010730719590781312
4.0745185003743245e-14
2.3245294578089215e-15
5.273559366969494e-16
7.771561172376096e-16
1.4988010832439613e-15
-1.249000902703301e-16
-2.7755575615628914e-16
-7.993605777301127e-15
0.0
-3.542158308289233
-14.454260380111009
-3.6295606942960106
-3.6381940202879726
-1.201251998230756
-2.0558135324034907
0.0017582998059166854
-0.0016776398806968018
1.2335433325905143e-05
-1.0103029524088925e-14
-1.164346397075633e-14
-9.71445146547012e-17
-7.771561172376096e-16
-5.218048215738236e-15
5.551115123125783e-17
8.326672684688674e-17
7.438494264988549e-15
-2.220446049250313e-16
-2.3061524492733714
-12.12117990740499
-2.2970965029196275
-2.301191789362652
-0.5579558575604509
-1.6086033315318744
0.0015098349512143727
-0.003485592217541189
-8.694458916291836e-05
8.870681966755001e-14
2.948596228291578e-14
-3.2957664375388163e-13
2.786659791809143e-14
1.2284617767477357e-13
-8.854028621385623e-15
-3.341250887078928e-13
7.482903185973555e-14
5.440092820663267e-15
-2.045798405723314
-10.742292147617661
-1.9247646356438217
-1.9190230863877638
-0.40333672251702524
-1.4049113678986629
-9.658967442405242e-05
-0.004408002803304889
-8.949424651283344e-05
1.4432899320127035e-15
-2.7946395197986362e-15
-4.891920202254596e-16
-1.5765166949677223e-14
-2.9976021664879227e-15
1.837419105754634e-14
-7.771561172376096e-16
-4.496403249731884e-15
0.0
-1.7397435856113432
-9.546120241717741
-1.5330935974614182
-1.5220659408318653
-0.23032280472797595
-1.2140364053510808
-0.0013269536366884438
-0.0036744098510621552
3.5425400156663404e-06
1.7574830479816228e-13
3.2612801348363973e-16
4.2674197509029455e-16
-1.5543122344752192e-15
1.2989609388114332e-14
-2.7755575615628914e-16
3.885780586188048e-16
7.327471962526033e-15
0.0
-1.6864470015776334
-8.56669812758988
-1.373614467126048
-1.362135252635725
-0.18313506121067036
-1.0857632700980915
-0.0015823067976441507
-0.0023358957440091643
0.0001327015453119751
-2.7755575615628914e-15
6.175615574477433e-15
-8.326672684688674e-17
-3.0531133177191805e-16
-7.105427357601002e-15
6.661338147750939e-16
1.887379141862766e-15
-1.1435297153639112e-14
0.0
-1.9400302407282692
-7.891750443853773
-1.4816704702119452
-1.473443227774906
-0.26905961718168214
-1.0310482515571593
-0.0012277604704813427
-0.0018833727231530872
0.000223160325100058
-4.884981308350689e-15
-1.9845236565174673e-15
-2.7755575615628914e-17
8.534839501805891e-16
3.4416913763379853e-15
-5.551115123125783e-16
4.440892098500626e-16
8.881784197001252e-15
-2.220446049250313e-16
-2.1496572010602364
-7.284015930244328
-1.56162883040383
-1.5561466405567028
-0.3284427413075903
-0.9726851962389063
-0.0021466157882130688
-0.0033174068658441414
0.00021758293179030552
-6.106226635438361e-15
-5.044575868140555e-15
-7.93809462606987e-15
7.494005416219807e-16
6.661338147750939e-16
1.1102230246251565e-16
-1.9984014443252818e-15
-4.440892098500626e-16
-2.220446049250313e-16
-1.922218387275713
-6.543918004877591
-1.2968598203881019
-1.2899322234252946
-0.20002867511987432
-0.8419263983079048
-0.0059406805396235995
-0.006406716373748899
0.0002471609955583265
4.707345624410664e-14
6.744604874597826e-15
5.551115123125783e-17
-9.298117831235686e-16
5.10702591327572e-15
-5.551115123125783e-17
-2.220446049250313e-16
-4.3298697960381105e-15
3.3306690738754696e-16
-1.6441564576909684
-6.051027153426908
-1.002808618125826
-0.9963038859209696
-0.04602396703829115
-0.7330873815494954
-0.0038875506428119877
-0.005447387289047256
0.0013013241182684432
-5.617728504603292e-14
-2.9976021664879227e-15
-1.2823075934420558e-14
2.09277040141842e-14
-3.730349362740526e-14
-3.191891195797325e-14
8.43769498715119e-15
9.992007221626409e-15
0.0
-1.1432696681478092
-6.08086445214858
-0.5329130513794702
-0.732347559247728
0.09549616918946668
-0.6569164375378946
0.2072827446016774
0.14634593258678663
0.01574773417078701
6.328271240363392e-15
2.761679773755077e-15
-7.355227538141662e-16
-2.220446049250313e-16
-1.0103029524088925e-14
1.1102230246251565e-16
-3.552713678800501e-15
-6.217248937900877e-15
5.551115123125783e-17
1.7348569223802883
-8.523989564255132
1.6897196170365678
-0.30986408494188566
0.31892896552213656
-0.5744372700784339
2.014252894032296
1.4573722880137296
0.09572455392074808
2.808864252301646e-14
-4.6351811278100286e-15
-4.163336342344337e-17
0.0
3.552713678800501e-15
-3.3306690738754696e-16
5.329070518200751e-15
-1.176836406102666e-14
3.9968028886505635e-15
8.163584720186364
-14.924538376157273
6.290011073848785
0.07907598370766777
0.5119742586637877
-0.5243215890031223
6.227765111173781
4.655234335627945
0.34924698811193045
-2.2870594307278225e-14
2.6922908347160046e-15
-2.7755575615628914e-17
4.440892098500626e-16
-5.773159728050814e-15
9.769962616701378e-15
-3.3306690738754696e-15
6.661338147750939e-16
0.0
-2.117419059774903
-6.49159803386712
-0.9153884897477578
-1.004434594082074
-0.14548615726793201
-0.7829485128404343
0.10327152435932872
0.06235325836397365
0.0049807347542951685
-1.7763568394002505e-15
-6.619704784327496e-15
2.3314683517128287e-15
-4.440892098500626e-16
-9.325873406851315e-15
-5.551115123125783e-17
6.661338147750939e-16
-3.552713678800501e-15
-2.7755575615628914e-16
-5.186951748759725
-6.74864367569262
-3.1732680831784172
-3.1940033180084484
-1.4673247312293274
-1.2725216106515873
0.016452837895982952
-0.01066993191501453
-0.0017965455452104704
-8.659739592076221e-15
1.3322676295501878e-14
-2.3592239273284576e-16
-4.440892098500626e-16
1.7763568394002505e-15
2.498001805406602e-16
-3.885780586188048e-16
-8.881784197001252e-16
6.661338147750939e-16
-0.22416311435513947
0.5170175912689956
-0.20966093824516818
-0.18678807731939173
-0.1369002380421236
-0.017021996666558792
-0.009920987683415206
-0.004998418163367546
-0.0022064502323635438
-4.107825191113079e-15
-2.6506574712925612e-15
-5.551115123125783e-17
4.440892098500626e-16
1.3322676295501878e-15
5.551115123125783e-17
-6.661338147750939e-16
2.220446049250313e-15
-2.220446049250313e-16
1.451448198953159
-13.597534792403918
0.6118266960608025
6.871091925303801
4.50818860462941
0.7248088058254112
-6.253776618087528
-3.3705077456301638
-1.507842847137347
-2.1538326677728037e-14
-2.498001805406602e-16
1.942890293094024e-16
-2.220446049250313e-16
-1.1102230246251565e-15
-2.7755575615628914e-16
-1.8318679906315083e-15
4.884981308350689e-15
-1.3322676295501878e-15
2.852996832310396
-1.8943338634588542
1.3702152346789378
1.644983604996412
0.8928859247652099
0.6253099462558058
-0.2615778760313958
0.044124872231449785
-0.3179384784502713
6.772360450213455e-15
-4.274358644806853e-15
5.551115123125783e-17
4.163336342344337e-17
1.1324274851176597e-14
-1.1102230246251565e-16
4.884981308350689e-15
-6.494804694057166e-15
-8.881784197001252e-16
-3.944034179640852
1.8690276125786625
-4.142884315932314
-3.2211393491036375
-2.2055498531115134
-0.3732522808876348
-0.9472847048606603
-0.424889062241796
-0.37490886249818445
2.8310687127941492e-14
-7.105427357601002e-15
5.445643935786393e-14
-1.6830981053317373e-13
4.1744385725905886e-14
-1.0630385460785874e-14
3.3306690738754696e-14
-2.41889841490206e-13
-3.907985046680551e-14
-7.627298629740437
-12.44739932724508
-4.893323930885252
-5.567453298229765
-2.031123982999169
-2.065931935527793
0.7260890673187816
0.5218826268620376
-0.11506843656173338
-2.6756374893466273e-14
-2.4980018054066022e-15
-2.213507155346406e-15
-3.9968028886505635e-15
-1.6986412276764895e-14
3.740063814205996e-15
-1.1102230246251565e-16
4.04121180963557e-14
1.3766765505351941e-14
-7.441022729629083
-10.897158172866298
-3.7174277013088495
-3.5602603907944967
-1.0277483969642915
-1.730199234660688
-0.14643419100015365
-0.0946923420428547
0.008527055675304318
1.3322676295501878e-14
-3.3306690738754696e-16
5.551115123125783e-17
5.551115123125783e-17
5.551115123125783e-15
8.326672684688674e-17
-2.6645352591003757e-15
1.6653345369377348e-15
0.0
-5.174632263603826
-11.021746918030146
-2.1422404665554637
-2.7162659067532893
-0.6727954965450351
-1.391761969195226
0.5655788696222928
0.529309832756752
0.058591331736405294
-8.881784197001252e-16
1.0477729794899915e-15
0.0
-1.1102230246251565e-16
-3.774758283725532e-15
-2.7755575615628914e-17
8.881784197001252e-16
-7.771561172376096e-16
3.7470027081099033e-16
11.78971782788851
-14.153026914287011
12.35222350551075
12.931306602266373
8.255863741530447
1.549285871081615
-0.5861764929525748
-0.20133583417570833
-0.14604076600596727
2.6645352591003757e-14
-2.858824288409778e-15
6.023653797981865e-14
6.905587213168474e-14
-4.145989107584569e-15
2.858824288409778e-15
-1.9506618542664e-13
-2.1260770921571748e-14
-9.992007221626409e-14
13.086170458444059
-13.873228202265238
13.414491758338059
13.552951521561539
8.700917336090868
1.5909811367058175
-0.14328358369976968
-0.055726805172795935
-0.11725480352362183
-4.418687638008123e-14
4.9682480351975755e-15
5.412337245047638e-16
9.992007221626409e-16
4.9960036108132044e-15
3.885780586188048e-16
-8.604228440844963e-14
-3.774758283725532e-15
-6.927791673660977e-14
11.100655929115733
-11.51785413135866
11.252875051408225
11.27467564871351
7.236545264685503
1.270568922775002
-0.024806596239642435
0.0071317875325718205
-0.07862502990249709
2.653433028854124e-14
6.772360450213455e-15
-2.4119595209981526e-14
1.8318679906315083e-14
-4.440892098500626e-16
5.551115123125783e-16
3.064215547965432e-14
-8.548717289613705e-15
-5.284661597215745e-14
8.366227723878033
-8.632546218969903
8.328120705431697
8.270523714150563
5.339719106181832
0.9014944271252405
0.0555170688815565
0.05287209655179481
-0.060129841234882526
-5.10702591327572e-15
1.4710455076283324e-15
-4.163336342344337e-17
-1.2212453270876722e-15
1.5959455978986625e-15
1.1102230246251565e-16
2.2870594307278225e-14
2.9976021664879227e-15
1.9984014443252818e-15
9.121856049296632
-9.411840455346919
9.009571784377721
8.932711681277766
5.823284694370425
0.9835941740149137
0.07508037755444263
0.06599889100354517
-0.055556608569183645
1.509903313490213e-14
-2.525757381022231e-15
8.326672684688674e-17
7.771561172376096e-16
-2.1961599205866378e-15
-1.1102230246251565e-16
1.6653345369377348e-15
-3.4416913763379853e-15
-5.551115123125783e-16
5.454702342850348
-5.742111147125954
5.322520396093427
5.221545769043821
3.4169309567731965
0.5686385765680413
0.09932331411013706
0.08236358441559943
-0.05144039547966628
-1.27675647831893e-14
5.218048215738236e-15
8.326672684688674e-17
-2.7644553313166398e-14
6.702971511174383e-15
-7.716050021144838e-14
8.881784197001252e-16
8.881784197001252e-16
-2.220446049250313e-16
4.606032164070788
-4.898351345534273
4.468203681995971
4.328812423750708
2.848438549694901
0.4755261984172474
0.1378328046320405
0.10702306372138537
-0.04445560828586537
-3.5638159090467525e-14
4.718447854656915e-16
-2.0067281170099704e-14
-1.3489209749195652e-13
-1.4893641875346475e-13
3.1086244689504383e-15
-2.220446049250313e-16
3.3306690738754696e-16
-6.661338147750939e-16
3.5942218360235216
-3.898756068479752
3.4489427407410713
3.2841588021414196
2.1782292901160467
0.3636137579027512
0.16353285830997777
0.12467601284608969
-0.03794736488926276
-7.882583474838611e-15
4.0717429428127616e-14
1.4183099139586375e-14
-2.220446049250313e-16
8.770761894538737e-15
-5.551115123125783e-16
-7.216449660063518e-16
1.1546319456101628e-14
4.440892098500626e-16
5.785810665513502
-6.160840585097503
5.47257653487803
5.298189272520148
3.554442546705872
0.5796100700779858
0.17383102402661166
0.13508249283245277
-0.03302607993470019
2.1538326677728037e-14
-4.3576253716537394e-14
2.7200464103316335e-14
1.7763568394002505e-15
-2.886579864025407e-15
5.551115123125783e-16
-6.106226635438361e-16
-2.886579864025407e-14
0.0
9.942880123983285
-11.488582468750792
9.323520076076534
9.913301601173375
6.629224321778423
0.9964430758840663
-0.5879738099468454
-0.2946845326341929
-0.16235623561713908
-5.329070518200751e-15
-3.920475055707584e-15
2.220446049250313e-16
-4.440892098500626e-16
-2.7755575615628914e-15
-3.3306690738754696e-16
-1.1102230246251565e-16
1.887379141862766e-15
0.0
1.9702628113230247
-1.9329603132597413
1.8019136059269127
1.7996056112833119
1.2163830555063129
0.1788239015615214
-0.0003836536622117137
4.073745940047502e-05
-7.821509564465146e-07
1.4654943925052066e-14
1.1934897514720433e-14
-6.938893903907228e-17
-6.661338147750939e-16
7.549516567451064e-15
6.217248937900877e-15
1.8735013540549517e-15
-8.881784197001252e-15
2.220446049250313e-16
0.48795126690606594
-0.4764241500927824
0.427725429198091
0.2322440338665004
0.15557376417305768
0.026013526001168796
0.19386383289815257
0.12434172167595393
0.0007785030688829409
-5.218048215738236e-15
-1.0484668688803822e-14
-4.163336342344337e-16
0.0
-8.881784197001252e-15
-2.220446049250313e-16
2.220446049250313e-16
8.049116928532385e-15
-3.552713678800501e-15
1.8517369160704078
-2.393543947879919
1.5851021987705138
1.536585305405751
1.0478499402165937
0.1333699390578431
0.048462220827673264
0.06120026163273451
-0.059978698463510234
-1.609823385706477e-14
5.127842594987442e-15
5.828670879282072e-16
1.0880185641326534e-14
-1.765254609153999e-14
0.0
-1.3322676295501878e-15
-2.7755575615628914e-15
1.1102230246251565e-16
1.630783474235907
-2.2198309368612286
1.3649271572591637
1.334344830411247
0.9186214097214638
0.09498930442839892
0.029998651371514026
0.04875816484773665
-0.05335674145166536
2.3203661214665772e-14
-2.831068712794149e-15
-6.245004513516506e-17
1.3322676295501878e-15
-4.440892098500626e-15
1.1102230246251565e-16
1.3877787807814457e-15
8.881784197001252e-16
-1.1102230246251565e-16
0.3291740102665877
-0.8213063773345652
0.24395355356555015
0.11467966165998789
0.08146953554507874
0.004962899883891092
0.129871051101361
0.11062793055220865
-0.039237345747380914
2.0095036745715333e-14
-3.0808688933348094e-15
-8.604228440844963e-16
-3.552713678800501e-15
-1.0436096431476471e-14
0.0
-5.551115123125783e-16
7.882583474838611e-15
-2.4424906541753444e-15
0.4673227728090943
-0.7512004451923247
0.37579746934713754
0.0049894441694071645
0.0025709113297058828
-0.00010475837026691082
0.37148394783864447
0.2600014129484691
-0.005789843088258806
-1.9317880628477724e-14
8.965050923848139e-15
-5.551115123125783e-16
-7.771561172376096e-16
8.881784197001252e-16
1.1102230246251565e-15
-2.7755575615628914e-16
-1.2212453270876722e-14
8.881784197001252e-15
0.7806323806228194
-0.9008350452173133
0.6532165657923343
-0.002109448964588978
-0.004226475286564835
5.7130761844881306e-05
0.6564732382845904
0.44614460030133785
0.035874644810192535
-1.4765966227514582e-14
-8.569533971325427e-15
6.38378239159465e-16
1.9984014443252818e-15
7.105427357601002e-15
-4.440892098500626e-16
-1.5681900222830336e-15
7.549516567451064e-15
-4.440892098500626e-16
0.19819888173793743
-0.3003132902384493
0.19137648749898514
-0.022599563463131748
-0.009524392207111989
-0.0020569492511164356
0.20858993135561832
0.13562496865705498
0.0082573721620669
3.3306690738754696e-16
8.493206138382448e-15
-2.7755575615628914e-16
-3.219646771412954e-15
8.881784197001252e-16
7.216449660063518e-16
-2.220446049250313e-16
-7.771561172376096e-16
0.0
0.08622842901129957
-0.4092651201008834
0.05713906201017949
-0.001040032782988476
0.0007423812721798484
-0.0007209671395247419
0.05910336165394625
0.05728484456661676
-0.028412270846601473
-4.318767565791859e-14
-1.0436096431476471e-14
4.440892098500626e-16
1.7763568394002505e-15
-2.6645352591003757e-15
-6.938893903907228e-16
-6.661338147750939e-16
-4.6629367034256575e-15
2.220446049250313e-16
0.01331499991915308
-0.3936651154462538
0.0004027555291372664
0.0017753223488412573
0.00015060495934449136
-0.0005247589593748714
-0.0008337836567662293
0.023625243484552527
-0.035562061466343664
6.727951529228449e-14
-9.020562075079397e-16
-7.771561172376096e-16
-2.9976021664879227e-15
-2.6645352591003757e-15
6.938893903907228e-16
1.6930901125533637e-15
3.552713678800501e-15
-2.220446049250313e-16
0.045766700589581426
-0.4836416491313571
0.027102628232967163
0.010272852892796891
0.002894544279740785
-0.0006888687286963346
0.01755100375925167
0.04268375503149002
-0.03740637274800207
-5.806466418789569e-14
7.258083023486961e-15
1.942890293094024e-16
-2.220446049250313e-16
4.440892098500626e-15
-3.969047313034935e-15
-5.551115123125783e-16
1.3322676295501878e-15
4.440892098500626e-16
0.20908187381660073
-0.2797107954510807
0.17575617773884744
-0.013579214358458103
-0.007406243591930206
-0.0006701411095857424
0.1871889623507741
0.12263900181261535
0.0040235793242668905
7.249756350802272e-14
2.220446049250313e-16
-4.5102810375396984e-17
1.3322676295501878e-15
-2.220446049250313e-16
-1.6653345369377348e-16
-1.887379141862766e-15
-7.105427357601002e-15
0.0
0.01983611933866314
-0.4457161994133614
-0.009191768336705763
0.010979623014080175
0.002945144034299574
-0.0005895169894287733
-0.019614431419689993
0.01279820417774502
-0.046357380248707614
1.942890293094024e-14
-2.4702462297909733e-15
4.3021142204224816e-16
1.1102230246251565e-15
-4.440892098500626e-16
4.440892098500626e-16
1.6653345369377348e-15
-4.440892098500626e-16
2.7755575615628914e-17
-0.17082262340497323
-0.424314558667902
-0.16498171308292342
-0.0004552788823559694
-0.0033064103802260547
-0.0023028582327597746
-0.16430260761430304
-0.07094288782275981
-0.06823695962114584
-1.3322676295501878e-15
7.771561172376096e-15
-4.996003610813204e-16
-1.0269562977782698e-15
-5.773159728050814e-15
2.7755575615628914e-17
-8.881784197001252e-16
9.658940314238862e-15
-2.7755575615628914e-16
-0.17652987258021113
-0.44194052910965453
-0.1583303814921635
-0.012408646327031647
-0.009328389133866466
-0.000916627655822122
-0.14595484711500717
-0.057187302800564055
-0.0683186260464268
-6.195044477408373e-14
-4.454769886308441e-15
2.7755575615628914e-16
-1.3322676295501878e-15
-4.440892098500626e-16
-1.0972125985553305e-16
1.1102230246251565e-16
-1.0158540675320182e-14
1.6653345369377348e-16
-0.36546418126096114
-0.40486299347785604
-0.30979851058980046
-0.08839177488621885
-0.05868789241415584
-0.0039499678031620356
-0.22197739674804495
-0.09635695067052907
-0.08756726609726684
2.919886554764162e-14
-6.980527267330672e-15
-2.761679773755077e-15
0.0
-1.509903313490213e-14
5.190292640122607e-15
-2.4424906541753444e-15
-8.493206138382448e-15
-1.1102230246251565e-15
0.510918612960424
-1.5704086593220978
0.4505068463123578
0.7111903695913497
0.48002117505264863
0.03530907789396842
-0.26282888696714224
-0.11560194973284155
-0.10313862234723103
-4.085620730620576e-14
-1.6653345369377348e-15
-4.718447854656915e-16
2.7755575615628914e-16
3.9968028886505635e-15
-1.6653345369377348e-16
3.1086244689504383e-15
5.773159728050814e-15
4.440892098500626e-16
4.020494359511417
-2.0961860617388197
3.442917412705725
2.9770158968803884
1.827028612529491
0.35819392000885264
0.4607504345085971
0.29388587831172686
0.028272600404219972
4.218847493575595e-14
2.525757381022231e-15
3.3306690738754696e-16
-5.551115123125783e-16
-4.218847493575595e-15
0.0
4.440892098500626e-16
1.021405182655144e-14
-1.1102230246251565e-16
-25.527161452994733
-2.9871813331254344
-21.160580989470517
-21.839724216458734
-12.215216714107754
-3.8217257366728172
0.7379125685660028
0.4766210361255361
0.05438089819749781
2.5091040356528538e-14
9.159339953157541e-15
-2.8449465006019636e-16
4.440892098500626e-16
-2.275957200481571e-15
-1.1102230246251565e-16
-9.992007221626409e-16
-8.659739592076221e-15
-1.8041124150158794e-16
1.4336530984603826
-3.040245124169985
1.2374173912807152
0.2164892926978297
0.26898277086424116
-0.17031799833826256
1.0007847623340353
0.6501004944898483
0.08956836220536601
-4.04121180963557e-14
-9.076073226310655e-15
-2.220446049250313e-16
-1.5543122344752192e-15
2.220446049250313e-15
6.661338147750939e-16
9.992007221626409e-16
-8.43769498715119e-15
-2.0872192862952943e-14
-0.7161075446582572
-2.7077338581068315
-0.5403322616518071
-1.2628022364068556
-0.5663936357012744
-0.4065638447481774
0.709588403568347
0.459327138819134
0.03245008501185964
4.907185768843192e-14
-1.5265566588595902e-16
-5.551115123125783e-17
1.3322676295501878e-15
3.1086244689504383e-15
-9.71445146547012e-17
3.3306690738754696e-16
1.7763568394002505e-15
3.3306690738754696e-16
1.628671219466213
-3.729087832977541
1.4583524030950343
2.009003803400077
1.3878802499541791
0.13612611182557188
-0.5488216307348637
-0.22828407275034124
-0.2338017705733222
-7.793765632868599e-14
-1.547373340571312e-15
3.3306690738754696e-16
-4.440892098500626e-16
4.107825191113079e-15
-4.163336342344337e-16
-1.1102230246251565e-16
4.440892098500626e-16
2.220446049250313e-16
-0.774261628273635
-1.6360831840252104
-0.5924328117153763
0.011096165216777365
0.01284030250254986
-0.0040361737783634055
-0.5991515587861969
-0.23551332295888372
-0.2696784058677366
5.051514762044462e-14
1.1379786002407855e-14
2.914335439641036e-16
4.440892098500626e-16
-1.7763568394002505e-15
5.551115123125783e-17
-5.551115123125783e-16
-1.3322676295501878e-15
-4.440892098500626e-16
-5.614923654806205
1.8858879026418833
-4.275666188127218
-2.962734670748233
-2.0516137555142535
-0.09105445550219393
-1.3210548599907668
-0.6001819793309693
-0.42788170600786657
-1.509903313490213e-14
-7.549516567451064e-15
2.498001805406602e-16
3.3306690738754696e-15
-3.885780586188048e-16
8.076872504148014e-15
2.7755575615628914e-16
-1.3322676295501878e-14
2.4868995751603507e-14
10.182127928088619
8.349323405325833
9.683481865037379
8.268273237828964
4.1020725871033505
2.390716808595659
1.4331794282611554
0.9170325080372946
0.06597086205742997
-4.285460875053104e-14
3.2612801348363973e-16
2.220446049250313e-16
-3.552713678800501e-15
2.6645352591003757e-15
2.211772431870429e-16
-1.2212453270876722e-15
1.199040866595169e-14
4.440892098500626e-16
-0.7279581939177433
-6.142182763594633
-0.506397172898204
-2.835297676913001
-1.3069877115781308
-0.7440369863830565
2.373787125296587
1.4862027398215787
0.04300071461056376
3.064215547965432e-14
-7.788041045397875e-15
-1.0130785099704553e-15
-1.3322676295501878e-15
-5.10702591327572e-15
0.0
8.881784197001252e-16
2.6645352591003757e-15
1.1102230246251565e-15
-648.0159068710617
-15.717805923191335
-547.0550325587694
-552.1753576380004
-318.1110758556071
-96.7602020750792
4.814569825965279
2.9673634569662823
-0.11397108203911532
3.008704396734174e-14
7.958911307781591e-15
1.8041124150158794e-16
1.5543122344752192e-15
4.551914400963142e-15
-1.1102230246251565e-16
-9.992007221626409e-16
-1.3322676295501878e-15
-1.5543122344752192e-15
-2.533276076501732
-18.975681171538724
-2.3034191135940563
-13.41938505618623
-6.689069958167494
-3.556788184154513
11.172468440607929
6.520287591469327
1.0020992759607799
2.5979218776228663e-14
-1.6132928326584306e-15
1.0269562977782698e-15
-3.552713678800501e-15
-4.218847493575595e-15
2.7755575615628914e-16
9.43689570931383e-15
6.661338147750939e-16
1.3877787807814457e-15
-14.70398821362631
-2.5345086283752067
-11.984662242890325
-12.256704153213079
-6.826760706699659
-1.6709587839832807
-0.1773485592678128
0.12954661952696256
-0.634604947566805
-5.762057497804562e-14
-3.1225022567582528e-15
-8.326672684688674e-17
1.3322676295501878e-15
7.993605777301127e-15
1.1102230246251565e-16
-1.1102230246251565e-16
2.3092638912203256e-14
0.0
10.200557963640165
-12.457816554471549
8.741822030008848
-0.35056753469902446
0.005211562972959882
0.012869752826334846
9.05313413230806
5.378032640042221
-0.12307393817141565
1.9761969838327786e-14
3.677613769070831e-16
5.773159728050814e-15
2.886579864025407e-14
-8.881784197001252e-16
-1.887379141862766e-15
1.3766765505351941e-14
-2.0872192862952943e-14
-1.6653345369377348e-15
-7.468700943681
-14.487888015711974
-6.710659209678099
0.45075604024148674
0.183786598292059
0.06559431599256982
-7.219134733209501
-4.023714752918153
-3.039795752296783
-8.093525849517391e-14
3.608224830031759e-15
2.7755575615628914e-16
4.440892098500626e-16
3.552713678800501e-15
-1.1102230246251565e-16
8.659739592076221e-15
-1.3322676295501878e-15
-1.7763568394002505e-15
16.485370564361176
-17.319656837062666
13.916003763470995
0.005218547653356609
0.010819259705073137
-0.004729468759750333
13.883236579614533
7.687825067584626
-0.47289232357170263
8.026912468039882e-14
-1.1657341758564144e-15
-5.551115123125783e-16
-4.440892098500626e-16
8.881784197001252e-16
-1.1102230246251565e-16
1.1102230246251565e-16
-2.6645352591003757e-15
3.9968028886505635e-15
-4.395860852167559
-17.950100783354628
-3.5074492041688927
0.0515787550989657
0.05502022985714561
0.014252096759888477
-3.566507736320098
-2.111279883074406
-2.937583111630257
-2.220446049250313e-16
1.887379141862766e-15
3.3306690738754696e-16
-5.284661597215745e-14
7.549516567451064e-15
-1.1102230246251565e-16
-4.440892098500626e-16
1.3322676295501878e-15
-1.1934897514720433e-15
-25.87874759783855
8.080934704309044
-35.237873503187814
-39.07807381026518
-22.65390164349555
-4.012682223848002
4.9352524399297515
2.429937745155261
-3.6880953124744877
2.5202062658991053e-14
1.976543928527974e-14
-1.6653345369377348e-16
-5.1514348342607263e-14
-7.72715225139109e-14
1.6653345369377348e-16
3.774758283725532e-14
-2.886579864025407e-15
1.4033219031261979e-13
-1.5206959204639077
-43.75557638573389
2.349749670102085
29.38132133926392
17.24312866805041
4.486005638330166
-26.677177087260233
-14.97574269470614
-7.6941940033647995
5.773159728050814e-15
-1.1435297153639112e-14
-3.0531133177191805e-16
1.1546319456101628e-13
5.1514348342607263e-14
8.743006318923108e-16
-5.551115123125783e-17
4.440892098500626e-16
-1.2961853812498703e-13
-2.7101181648048964
-48.57096931248799
5.108457357057482
25.37571395670537
15.173115389190825
2.68509450054831
-20.346429804597705
-11.172834513168823
-6.310729549849285
-6.261657858885883e-14
-6.980527267330672e-15
1.6653345369377348e-16
-4.440892098500626e-16
-1.7763568394002505e-15
-4.440892098500626e-16
2.498001805406602e-16
-4.440892098500626e-16
-1.1102230246251565e-16
7.517530547405414
-50.49303557819493
14.07630260342846
26.839807956674093
15.827979699976439
2.601655346546714
-12.817636268651896
-6.752576920115417
-5.293678848458342
-5.284661597215745e-14
3.712308238590367e-15
9.71445146547012e-17
3.3306690738754696e-16
6.661338147750939e-15
1.5265566588595902e-16
1.1796119636642288e-16
-2.886579864025407e-15
1.5543122344752192e-15
13.810187262994496
-59.55297067404923
21.131512927423387
32.28744072566707
18.86621879137627
2.946957743100027
-11.205775799127196
-5.605697428846027
-5.546875231259037
8.992806499463768e-14
6.206840597045016e-15
-8.715250743307479e-15
-3.0531133177191805e-15
1.1102230246251565e-15
3.3306690738754696e-16
1.1796119636642288e-15
6.639133687258436e-14
-1.2079226507921703e-13
12.175572340547944
-64.48405236200358
20.400004693762156
32.39003127266423
18.736351949269583
2.698051983252742
-12.02788746208519
-5.7702179304160595
-6.209137642616049
-4.296563105299356e-14
4.468647674116255e-15
3.802513859341161e-15
-3.3306690738754696e-15
9.325873406851315e-15
-1.5265566588595902e-16
-3.885780586188048e-16
-3.4416913763379853e-15
-1.687538997430238e-14
14.140792359732176
-67.54292192313696
22.587522241775225
29.958719217391085
17.252352092248138
2.4407444197603354
-7.425722604978034
-2.8228698416591524
-6.023102488240411
7.049916206369744e-14
-5.492134524942571e-15
-3.469446951953614e-18
1.8041124150158794e-16
3.608224830031759e-16
1.6653345369377348e-16
6.106226635438361e-16
-1.6653345369377348e-15
-6.661338147750939e-16
4.670956540795231
-58.4963899261688
12.654478146692828
15.0245946287109
8.639174859532073
1.2357033545010143
-2.422701440270181
0.35116311290930025
-5.6139899357255345
-3.674838211509268e-14
-6.696032617270475e-16
-2.220446049250313e-16
-1.5543122344752192e-15
1.2212453270876722e-15
-3.3133218391157016e-16
0.0
4.3298697960381105e-15
-6.661338147750939e-16
-0.9887259592996287
-53.25389881391478
6.763066532966821
2.764201383664431
1.5880080820293263
0.22976785710293246
3.959908917429488
4.350091367686218
-5.006935115774446
