123.87346196714661 121.71066627518205 111.87701689156698 114.46396942529294 65.63992997805114 
0.4508199421191824 -5.057314477566994 52.347666310817175 96.15056924525518 7.707835045803228 
6.956633821422911 45.93742804724006 -0.7841911592880337 16.340057848364797 3.5567684259686576 
12.420585291052232 20.32035301255323 -17.06002634254071 -5.314303990728205 -0.3169796243082355 
57.02565414376422 33.62463761844532 -39.95848253466037 -10.963920234265032 -0.8973987870454223 
74.33233877148032 46.3972642126643 -67.64213297169826 -27.86855358306005 -2.6809382799656016 
105.98181007411371 85.41263323343576 -74.06948089612071 -31.186479908499365 -2.8945316815930218 
100.33192420737703 93.71410960136257 -62.212543216224205 -26.23861238205771 -3.457467742205134 
120.82668646317187 86.40715898014793 -64.74856363895618 -10.317923325717018 -19.638179958606628 
97.01871930301871 62.482014103316914 -37.85286041637336 -12.108333124167663 -75.92447196581543 
19.41345408372515 19.721648255076232 -44.12574391892317 -21.28974090063464 -1.8025753347868179 
-14.815150935476632 -40.72887612966476 -61.37908563285312 26.368411396054537 -52.20854899778247 
-26.28500025623568 -7.3477923196022115 6.839816839613175 -30.18196937325549 -1.32612809778578 
-43.52971324114066 -63.719131575950634 10.003749305998218 11.19254668605647 -0.29867783427020766 
-93.01271419899145 -72.93565992797551 37.31205325315872 -5.378845223888132 -0.396377263072488 
-46.443010503066915 -60.824753347893065 7.6179337643989395 -3.679188661544628 -0.5240920644299234 
-25.941894116485408 -49.382825274501634 -2.0796274500828824 -3.4332532821826165 0.1818609207492101 
-26.794578871684728 -29.126543347459005 5.881543848660348 -2.359103515019855 0.9420159893863123 
-27.585700610867644 -24.16126711047228 12.140557192476592 2.0408058585858417 0.04140443382150763 
-26.83060498159924 -21.88843047486237 15.471511392474818 5.283957034994161 0.9061889120236214 
-24.48237627013312 -19.53634162709102 15.410645571224451 5.53418384187108 0.939092163063936 
-22.002661391338304 -17.381288237362348 13.981361317276123 4.915607154947891 0.885876572435753 
-18.285099509164088 -14.150943020010864 11.902519988159534 3.743103350672988 0.7894395478032314 
-13.096224331788033 -9.8975270320528 9.132086482037895 2.245241282594882 0.6712073497205876 
-7.718967454743393 -5.699682456705652 5.863154555335912 0.5252739535181319 0.5292042216701097 
-2.5808983772144902 -1.9249721579868981 2.466237673889678 -0.7307827226308782 0.4123631667007933 
1.209958203671642 1.0436222973999267 -0.9559639133647095 -2.774623362818172 0.21638969465965724 
3.46649312234147 3.3973066095784743 -1.753807884421252 -2.9350649944912344 0.1894797127972296 
2.6777657561184602 4.539480724173647 1.0234179154022485 -2.149366122410484 0.24563800773555744 
-0.7387245316227172 4.596034222617718 7.199110443175962 -0.11108066627558616 0.4130778357172562 
-9.642411499898449 0.5934333445675872 17.83135378190406 7.085003946508009 0.8695399276593154 
-33.626970872456454 -9.648677900262022 48.69213421671904 25.679545997751916 1.040603160286353 
61.16350129390639 25.166289643197008 -107.64086443656085 -33.024540989921775 -70.58541341718028 
63.81950462755554 33.83374175283908 -86.62850942544378 -37.10137898166873 -76.1432533003334 
41.79975373347336 15.351969055633067 -81.01744935345384 -37.38973919801137 -80.3825720294511 
-84.27950469361606 -33.99845501198832 109.31054530542451 58.37175696391813 5.238736686420553 
24.344057212483783 5.78429147486579 -45.213416037494625 -13.725828679966455 -59.13511722480252 
0.6551230287807942 -4.040898102651008 -19.505261244240184 -6.9621005854998925 -71.26682276478093 
-2.156934581782078 -5.560022758604256 -11.547784699350787 -3.220656241219842 -66.6368092141948 
0.3563484999044404 -4.488636757471853 -11.35819443627217 -4.54763265962813 -62.17469027320251 
3.5065799701098683 -2.988221618510629 -12.892527659356091 -6.537439421544142 -59.87051642318847 
6.029019624261789 -1.5819756690289093 -14.184949615888234 -8.14565072168341 -59.41298070417874 
8.755738533923559 0.07776927710965031 -15.741702138532718 -9.679987710807973 -59.88477577452827 
11.756380943193362 2.0571998073470965 -17.664206590084024 -11.347691093847216 -60.33619844317941 
14.096554090053317 3.875125370842334 -18.179752232274218 -11.570802939652696 -59.83939866716858 
14.762862304470593 4.819786166353412 -15.93943598391297 -9.346120073796603 -58.45472447480406 
14.160304871675548 4.729879150316011 -12.114569380214512 -5.802086977377753 -57.56549041074248 
12.367614964052136 3.5148362846787435 -7.348985196472015 -1.5763543660448465 -59.09104406668817 
9.48111373913507 1.0687955432786576 -2.967860677835452 2.5879857549154917 -65.32645895753215 
10.65789082434047 -0.3887053663172065 -6.028851981975652 3.0411062761748617 -76.87691082504456 
33.028145250916744 9.483273549359252 -25.43146216637642 -3.1973980652580023 -83.4482613996318 
57.20380106542192 18.9894348416056 -65.67228784757698 -27.05815310740116 -80.99699691705467 
-11.585116064571203 22.61366493423774 49.97820387337172 30.58170931251279 4.626964639122342 
-98.60465094208772 -1.280315603020499 91.26691249729757 39.24072662850887 3.5196514516837394 
-63.60952344174858 2.3219888516922236 42.31885254220902 19.632315337532244 1.7109464033618498 
-44.672956396257845 10.833678141749294 27.517236096054667 13.548943593715673 0.9619008890042066 
-41.016562715012526 7.3463907913152635 26.446870587168647 9.861249474774041 1.1323600215702383 
-51.4503064276886 -8.05373605638189 37.001217732328314 15.05611322932132 1.172034690748596 
-71.45625498983618 -37.281783901394924 57.18915002974629 40.44105991704916 -0.4749750101408908 
138.7184930301185 62.5651553163095 -132.17580294274381 -42.08835625183593 -67.61419846076865 
87.3758198729406 48.058527131464984 -91.75423720295645 -43.99353644125939 -47.09507584588503 
50.19601319894184 25.728075524744877 -54.98829875231624 -24.414284410432554 -34.71499024805523 
27.17765627256486 14.587217573521663 -30.116781473297255 -5.008527139046544 -37.51791387566706 
16.419831423260725 9.704349534913888 -14.89942576122202 16.142907396781542 -45.459339477724804 
12.70029836259378 6.253338602146522 -4.3146640259551905 38.23737728093949 -49.169771408508566 
11.172190220418925 3.723636796382455 0.9206478182950978 55.08838893476109 -45.816566713722885 
6.832737330988723 6.493416227103637 -0.5000293513365351 49.68716056253542 -32.58155560186459 
-92.87440243834871 -46.05052900505713 95.25920930612799 57.68428849906359 13.164859161938438 
-70.56884710950072 -44.558878425419316 40.84822789872429 9.516480628259716 1.7210029668907612 
-25.88812081604008 -21.53974811909798 -1.6678174202013067 -6.909378424927682 -0.16430747181578406 
-6.3065890566814655 -7.919870564844476 -5.162836241760544 -3.841581309371316 0.12105895463285994 
-4.310296840375426 -3.7778841266423906 1.3695877417003899 0.8223985368544398 0.5166466127334465 
-5.495471879329385 -3.117657906082212 5.226408085513817 3.0021490552749777 0.6814664837289302 
-6.8961768961795995 -3.3300263676011834 6.93684157721673 3.44403113572565 0.6985883784363436 
-6.553997125712161 -2.3169969175982943 7.143162414315882 2.740113213239474 0.62867631452528 
-4.090718277698689 -0.19882353944298964 6.046390068038015 1.5206785040840853 0.5298759346267041 
-2.476902382036441 1.3137702622493437 5.235074713600233 0.3862220674244423 0.45426752507085116 
-2.513284815690491 1.9569688849271067 5.432486605792744 0.05082841023230635 0.42445125466461553 
-3.4275855773718416 2.269138749829673 7.699145218464099 0.9423736805589217 0.483747636066284 
-2.1360211025210765 4.201111018400535 8.75430023335234 1.5036439521696034 0.4243964921062141 
3.0483677625158703 8.378651223334984 6.189953048184102 0.2879700488086542 0.15316780756312123 
10.2588731838782 13.673261838544622 1.7446461479084998 -1.934084930044194 -0.15519714090446937 
13.758030864805782 16.81760202959375 0.08459301339357897 -2.9873272525804264 -0.32243651898582554 
6.72284164100694 12.89697246263214 4.2011511588813395 -1.43358575005521 -0.3455482124962478 
-19.146328549461728 -6.501950308518165 17.72599984451193 11.30626025969227 -2.9915634226902945 
107.24656879684065 55.74141535767073 -150.6366159859537 -74.78267451394868 -107.2266781404523 
82.4088670909371 39.20852263111757 -120.13506497164254 -67.7200495634123 -89.37441032763249 
66.72459378595919 34.01609297862062 -93.75301968411448 -55.61767257403248 -68.69688943390723 
63.351031586161746 37.303863755473365 -80.07395100070865 -48.57257255297487 -57.45119732614061 
58.192599833583444 37.55429940710457 -69.0806414938657 -42.4678993286628 -55.30965810261149 
31.360398213040586 17.596878928279793 -46.922697554775674 -29.778598996585092 -62.342280208924365 
-18.903905489448107 -17.329287978532918 -7.436297109259037 -8.170941537244726 -73.17779049494378 
-23.70205417959056 -13.733671825355602 13.59641039788768 4.998954623705979 -69.62195687087103 
-5.796740928848431 -5.4327873967572184 -2.257457184269878 -3.6547225683879256 -70.2790600465018 
13.799842057501516 2.6228902344221736 -26.904342982181774 -18.27353380113224 -76.48753694910133 
49.724392557958154 16.63123832823152 -79.21761271057217 -50.209729494631866 -90.2689285018784 
-85.52097243581017 -28.390327480884558 118.2504273878539 60.380519869575075 5.346965293220171 
94.54639063940736 35.00320389259788 -124.49793587429745 -65.8357862073165 -82.02054664427257 
-84.90606157520196 -27.923070579468146 116.20060243325156 59.83141061172669 5.308825556114641 
58.38794027480229 20.11318568903865 -68.6967538846487 -31.331893343052368 -72.43507042518416 
18.373441766323342 3.6556396134044613 -25.005993601160753 -16.474778633733568 -83.09351844214476 
9.406125566774227 0.6357691007853387 -10.020485800849173 -6.64650006351335 -72.53263068578833 
8.617162865570256 1.1966977127062266 -7.8888915182418655 -5.142177938527434 -66.49909358431333 
15.212148191297722 5.564057670106261 -13.955069126524961 -7.519434284758804 -66.10255537136771 
27.534104940126525 15.165666051494437 -22.520970421171846 -10.278993136854666 -66.84484390857443 
28.642449472214388 13.299175470473502 -25.920782740203517 -10.811626925171648 -65.64392226059712 
35.42395038451271 10.535856722780878 -45.992336957779834 -23.538997420001742 -66.23623877288091 
-93.26427834143824 -33.74660647228906 122.85502830526096 66.81681591537786 5.965678274165658 
44.18044258858253 17.139907294761688 -34.56694160722181 -3.458115224885189 -70.29826247783213 
0.6954711488645468 -1.509988911926301 11.621669836110197 21.37388060628072 -81.131430427567 
7.826328342644312 3.5018408415880744 -0.13824485237092454 15.986098239078965 -75.08902481959403 
-107.25319331309112 -55.09700980323621 95.81952511454482 51.08111251738247 6.730540948183152 
-98.60143631088849 -56.83185063413429 74.80957161377479 36.542349891492975 3.614178776598436 
-85.04117473090986 -50.87491909598365 64.02929855364671 36.26890849161673 4.104854655971759 
-75.5167753898421 -46.68394439933984 59.014907644032704 37.72000040347043 4.9919950779639475 
-63.371375681461735 -40.260435398414025 48.36513538395339 31.249446322848225 5.009151065679248 
-42.652321455872574 -27.889769678663328 26.8090904459213 12.29503320773753 2.4746685523175485 
-22.64323603531722 -17.041902422656836 5.649917715130862 -3.1804416270501807 0.34903498653725307 
-6.32728194144269 -8.812862160108482 -6.4571598504142225 -7.423264562221656 -0.27523012625674875 
-1.3917077587353035 -5.203594243225602 -4.500369568046063 -5.574416033512779 -0.11673537837711108 
-4.59029920978197 -6.8942420624582725 1.129297663448241 -2.5322761195885213 0.18109753604193066 
-8.606466415219368 -9.172769738490002 6.4050082650926505 0.5516909789580584 0.4935416002018314 
-10.804465033458651 -10.344112945766978 10.135193900746469 3.071293812147766 0.7536031235257002 
-10.308803552474682 -9.295340863019542 11.615600673268736 4.347364685739605 0.8733095507274874 
-8.537421572332537 -7.407015448491837 11.998950924379654 4.618540573904056 0.8939523736096925 
-8.176227865571255 -6.620376454664692 12.420023129839064 4.246789491893277 0.8651578957943853 
-11.1598415945804 -7.817190283659093 14.166450244361945 3.93209466207105 0.8490594144729309 
-17.914411431235663 -10.454268019986726 21.760571519798706 6.821811130843583 1.178397522928354 
-25.97012966745435 -13.216096206775045 32.99574129283099 11.86690999181445 1.7751940874737373 
-29.039520042517793 -14.027877706388104 37.77868120039003 15.65148640638844 2.240990342572643 
-22.395480744950373 -9.493259284626278 33.7285108630114 15.872197399310059 1.7631485557823348 
-13.919576208909843 -3.8366315345423185 25.95700745631912 7.927477362151003 0.9530811512720891 
39.36351339820686 20.99621306355095 -23.746476916252306 52.907572643395476 -17.765083985370083 
71.19940461973768 37.84006207182531 -96.29953209800905 -17.018655389688973 -83.64625951575874 
43.60088768754586 21.511788678583194 -65.3199164962021 -14.33593736782333 -65.73896743055877 
24.41735222205172 11.600505295723606 -44.66632266274165 -10.985569882282288 -55.50542546743498 
17.571723756173988 8.48598214809175 -37.232228724359636 -11.551677539387285 -53.37048307350923 
15.089209550936216 7.278887618633518 -35.39415048376705 -12.925612474644897 -57.35742590267028 
11.705269553650545 4.4399183306869086 -32.96222828470727 -12.203219074205427 -64.25003103432323 
15.409759437909656 4.147604047751651 -37.91606369477573 -15.277838607457705 -69.38476845517596 
38.18204353829208 12.389681974264361 -72.74688668395821 -39.15434632063455 -74.7748768024622 
-93.556633033823 -36.56774911921849 122.31962504321233 62.65573519689814 5.744314104377805 
50.17897295251417 17.325358384177857 -61.32533616473394 -19.292102585651975 -52.51453235603887 
21.987380764151816 5.805805378802429 -33.73645608319007 -15.378160603055774 -71.48446443490676 
16.90571138608057 3.8667277783698046 -23.952527248021948 -10.173092288469755 -69.0330477697466 
20.291798464785863 5.4824956991468055 -25.694830872953602 -11.718860279861236 -69.8832487528681 
32.191312308216155 10.744816473392788 -36.99251507977452 -17.73024275792675 -76.58958641746499 
52.85839791859334 20.641901502042668 -56.621980464977874 -27.608628869196828 -83.29834662650917 
75.6157050394175 31.333584554526627 -87.27401027081225 -46.22481945362198 -84.79863723892791 
5.73620118824454 26.207374130720684 36.296712557415184 25.010344135204107 3.0441651620614874 
-79.46769977983142 19.344211129363778 94.4558628394927 39.99588048210931 2.849813221713585 
-57.13375274125913 14.555687493954025 47.526600813677426 22.150136221982972 1.0644363223751 
-40.703363324920325 27.705110891656552 34.49175497151117 18.573948513459072 0.025606113913714743 
-28.897772172418534 33.63760157221134 26.453806726731756 15.33975761699071 -0.4456562388061499 
-19.38690971616793 35.501866414786484 20.421827984600018 12.637805655442152 -0.5168617390374411 
-13.173258717193372 35.814216845261996 16.087932723081696 9.29785787193561 -0.1846936023329977 
-10.007041610120888 34.932950221647616 13.253751410421009 6.08094250055243 0.1978114570667359 
-8.782471152037358 32.6134298693502 12.28650535047576 4.581043510632462 0.3186070493599668 
-10.372654264008828 27.946178459682624 14.510063526315397 4.950216364989052 0.44381709462174007 
-16.132578728357068 19.236381899679728 19.56483594560738 6.681487191938176 0.5989692191618812 
-29.08726420350541 4.950927211499322 29.553987724510524 10.808717736153932 0.8830625349017818 
-54.93286528821734 -17.658559038418655 47.44604390904702 18.682700200455837 1.3679345405258219 
-89.77976083159486 -52.01281264888911 78.11998106897745 51.60221484109048 -3.3176630458488447 
85.53945806760144 32.46124959567733 -111.79065798445077 -39.42110125193196 -110.88241403291178 
86.80950800043578 42.184053191677634 -98.85242816606913 -42.79816431026699 -78.95623059879011 
49.18266482347359 22.055444188293258 -59.64231252817461 -21.865673847557066 -54.29633114030145 
30.372651944124016 14.6802142622642 -37.27956758006412 -9.199718405578441 -42.05208953128157 
23.37361619476067 12.800708195463388 -27.081633873062028 -0.48830328185099436 -36.62020297047304 
22.69111080302082 12.991392861495406 -23.306801991131355 7.951718570072101 -34.29113941980488 
26.544298853647412 14.349175437683938 -22.43286504860245 17.016346686639558 -32.854409756772306 
30.432962508153135 16.746439969272824 -23.226810555188393 25.8850781644108 -31.40412641356595 
32.740840219954194 17.891063297850042 -21.62141828924895 36.197772100321394 -28.64789394571123 
34.06293236319471 18.951137874063797 -17.652545092638192 49.237028751189655 -25.917308618846363 
34.22754768149862 16.31914853101219 -16.00917493215019 62.88818511942859 -25.598540321772585 
35.374131195595204 13.313803806678926 -23.309350394625813 63.077508306627855 -27.070789194353683 
53.45953739514748 43.929891073390394 -38.16280753595655 11.319673341558058 -18.637439074568867 
-106.44310735933108 -65.27070929149068 70.88055953504377 12.793115793808125 2.231017053051525 
-70.2142054014949 -48.639216119567216 39.1331473964428 16.038074800201823 2.0769857885155174 
-39.971158374422764 -27.95473286126415 21.33387649803757 9.319354671480106 1.427007773384168 
-22.001557434750655 -14.868828710573203 11.266448660047825 4.8092864564111535 0.9690177008141686 
-14.0334281883132 -8.411290914044931 8.98101449768874 3.901304754463351 0.8868613228804548 
-12.465358454194051 -5.890250731483767 10.522407391465524 4.55028382581164 0.9703166908303056 
-12.742040794925677 -5.718502031920823 12.860069391442192 7.645687108041047 1.3385730269651896 
-12.14977216712673 -4.893040921597969 14.228720695139845 11.973226383743249 1.5656193905304625 
-10.84191224584374 -3.2427883539487152 14.130648566954155 11.02022841103907 0.9554663957179468 
-7.269799928110416 -0.17933704281342355 10.460082222927733 5.773931156413266 0.3217546579919295 
-1.259905408844724 4.604692099759185 4.791793037865908 0.7156293402688824 -0.025894054146139524 
4.949038859289406 10.141346439088968 0.5247229086002403 -2.1519904620931603 -0.2355737785509155 
8.814891449862676 14.524270788951943 -0.656535847915108 -2.977181800422405 -0.3348229864180411 
7.741441284890548 15.503451188532976 1.8073709690964816 -1.7134829861082057 -0.36256186276678676 
-1.5224359463221888 10.006019747385267 9.010150861530231 3.1946286761632177 -0.9079523961684465 
-10.16377294975956 -5.522445721185253 -7.869196281647016 3.383766982641019 -48.10373752515421 
55.640271071728286 20.846983788470613 -91.9460786825687 -50.9336138145373 -99.24892306740024 
14.048139444769477 2.705712952817879 -38.67617806262795 -21.460615811892172 -78.16594730946301 
-0.9559845104765722 -3.7426060482899968 -15.477919874111157 -9.274211663019154 -63.537993850118475 
-2.2111248035634063 -4.655691419827763 -11.334948674364163 -7.314404438752184 -60.04797874467198 
1.3014648826638493 -4.026372841734723 -15.861444440790283 -10.287697693816847 -67.01208498965649 
14.219827829441131 0.36746706782483457 -32.7029096646025 -20.30647311553487 -79.1574855406155 
48.79099748638222 13.555477609132991 -83.57064634791463 -51.27964049001528 -93.09440965333451 
-74.68478406211482 -26.875395967010625 105.75759424708873 54.43891798397464 4.952430517557284 
-4.172926821493677 0.7989343859111693 10.988870883300413 8.263642405655567 -1.6811157099103435 
46.26842889090093 15.65502832490906 -56.24240415712317 -26.489583685799225 -77.30759342840632 
17.67972973235389 4.291411040763635 -25.845888466881867 -16.943310661811886 -82.95048683014109 
11.991100060605445 2.569319191600134 -14.3977151746639 -9.354899069565901 -72.8430176319211 
11.549339256641039 1.8324499471464157 -12.467718152677714 -7.737313913862615 -71.9389203656197 
17.722079100347433 2.7475000188542635 -18.437415688977875 -9.520014468797156 -81.96196831600912 
31.343723066058015 6.838719004329239 -31.4474804799868 -13.657507466659327 -92.09331627307229 
58.71106640801932 16.275409941051365 -74.73998893394864 -38.377044914697365 -94.56771806197607 
-79.13636741466301 -28.444059548428143 106.24924964546138 54.70952915864004 5.854453740442891 
-29.298023622761992 -8.022959802276423 46.68089934733306 26.835260168798104 0.6730694641051653 
68.8906846707543 31.65884332797423 -62.45386742942242 -16.99713232596019 -78.33074493724918 
19.78797544415061 15.408084336160469 -13.186436432858223 0.08363325968189715 -77.83049846262477 
0.7849305460407374 0.4263935755017159 7.2440472666054605 13.310442939001268 -71.06596115405121 
-16.450399600552046 -9.512662897152458 20.152237954312294 21.91695115383511 -68.60485137993722 
-100.12776845112869 -40.61520256073435 99.32874427873537 50.74763934521421 6.106701345682107 
-123.46025980724231 -69.89672523500667 95.37652000240536 47.151617231295795 3.8682460576763056 
-111.37922755507051 -65.29748130732847 86.7216046167798 49.9783559051184 3.8999996676946345 
-109.61458333471164 -65.11951187129769 89.05342850688581 53.515972962811915 4.493486460629834 
-126.17905510585288 -75.05617553182377 109.51939668339162 66.08186295804455 6.373950248648297 
-147.73511449584427 -89.17591690675958 134.47216503960485 86.15926563134806 10.145526969123114 
187.61903611785434 82.01798443971526 -195.17278578053057 -74.43359402199711 -65.03634197811436 
-97.11691772050303 -36.21885707853704 108.93708876117579 64.88846427340003 11.627103774566738 
-97.1836881500855 -64.53415463264032 81.26254884761849 47.89099217413798 8.165382906382852 
-104.48945141096083 -71.77628202001905 85.20620478729465 50.303544023896855 9.288946967392741 
-115.60624186593988 -78.76028673342125 95.21497085392049 56.8869975743159 10.850127217133155 
-2.9467290816407417 -12.6452456855754 -0.6399018442735175 2.5273108718660384 2.046021879820704 
-169.67089277237903 -108.12724286322968 152.7366298528141 103.21629376069247 18.245076003328325 
270.73582151912206 132.6091918912214 -249.66135452380203 -91.63960794113638 -37.47057507972681 
-162.10741388413592 -81.567154900175 145.223603359649 66.12481769927962 10.404619739860134 
-143.84633478277775 -90.67441065357865 136.46977050522014 100.37249626848224 17.34699228297369 
229.81956348970732 109.4440812579179 -218.29075636221728 -50.185732507067925 -51.59994244529179 
28.955609379442205 24.993020128701346 -36.589063814119534 -7.499799353581811 -23.21372254229181 
-64.24647348308808 -34.05808335932692 65.91120640691932 33.18080043052291 5.205124547218176 
-95.0643473646318 -60.95176505469394 79.55810986613142 43.6381415874028 5.6555710000167965 
-74.08119130118146 -48.23819115785935 64.1526094156925 37.611542416335816 4.666644358559127 
-57.043279853897246 -37.44001735179877 50.083022349768626 30.59261612643819 3.239396281679727 
-44.41234262032472 -29.11341969853161 38.009924115068 22.33588658801176 1.970193807919658 
-0.945188715028374 -3.042901085350558 2.3774708936059206 6.795514731765183 0.26998602928169774 
-19.608333793492726 -13.340684740066422 15.709484810163524 11.050828443389461 -2.349285998002195 
-7.561151918447923 -5.469270651262144 5.163105341782792 4.938174848199996 -1.652469770999388 
-7.031651046950514 -3.610351691946948 5.603298089768112 0.6636689006685382 0.9970275188701816 
-5.8660132378858725 -0.9789602575222035 5.198051808437876 1.5791825352497297 1.7962045556004194 
-6.708917092216057 2.094041701838525 9.008608081971309 4.7037159192425495 2.5502134039682924 
-11.748525241658578 2.7262388076694424 16.116462849924215 10.427103029764503 4.349457140397494 
-35.73564482279104 -8.20080057955661 36.60731749104617 19.95062941805099 1.7531520098821238 
-41.9237611216277 -9.395206475324782 42.65868653933515 20.83574263329016 -1.6671930523910967 
3.663702286507865 19.276364081998523 3.0715086991894873 -0.839907637834115 -7.5191704027773145 
-40.39948426924921 -10.81785499379151 41.06936512362214 9.336290220469888 0.6773379728392459 
-68.42444858045491 -56.96215467600055 54.756174975245735 36.4914162764732 3.224141211959226 
29.345367261654573 57.81926246053246 -10.464421154482778 -11.549782089736247 -1.6113787664881212 
19.230572050981248 37.36414730667159 -13.038901546424576 -5.4145662766928915 4.540462235540238 
