2712.546894145882 2711.28906037321 2705.57073964407 2707.0749486247882 2678.7035861687364 
141.24704090524347 74.31711122173421 54.26800831106198 79.77595605294842 -0.30413014904300445 
95.47387948211221 64.92022068887808 -1.8529566498563244 17.18189328302281 -0.8221159744520692 
43.41372211376977 29.660512374833864 -0.267270310331611 7.207048855870302 0.018279010424174402 
28.377178405761214 22.536065979819153 9.767085909289987 17.692428011370897 0.6786586230085982 
10.505374234492372 13.51834810655911 2.871773991970265 7.808808879109607 0.4007196612023615 
2.1981842150871507 4.054598747520517 -1.074295952806251 -0.46404895105559907 0.19987476271141114 
-6.153391511004311 -1.944306648959156 -2.882816572340101 -8.923225086640082 -0.39892444739951455 
-7.121187053452485 -3.0031280286982773 -19.753068508454472 -20.01267745603602 -1.2974097960379534 
5.380402810298073 -6.478548870628193 -39.637080086848954 -23.44581021369365 -1.85167342604485 
1.2440454865352155 -18.00771883827217 -115.32607668853507 -54.70517060390495 -4.295436989626872 
1.954675933076268 -29.795263529187388 -66.49967290590835 -38.08528850187772 -3.3539870886054826 
-4.039482877189029 -16.806283332153008 -226.8058852336669 -78.97758730850259 -5.476321728720166 
3.6948507040395393 -0.5189568381508574 -10.091304303340433 0.48118279128441027 0.6877035052659017 
6.3749776285046185 23.02742666368181 114.08699652303478 41.714120743464086 3.519522444329393 
-18.851745564702426 -19.497819361174916 -1.0504218223345063 -6.76878859154765 -0.42649806673936086 
-39.752788957654936 -36.4990365623496 -4.832513977023751 0.6682881207806795 0.3950941712606155 
-35.8014621799435 -32.64390251232063 -0.6632370237146218 1.7080598559118105 0.6489181321569818 
-31.212543689254534 -14.614847824356453 96.79875586283593 43.99761704024346 4.1252218279277715 
-33.32172159694491 -23.127585956460216 -0.20845526824642813 -3.338141536362127 0.04601786943694118 
-29.919558578541555 -9.885020628887872 62.2615439999083 12.465889586972976 1.2116834108270356 
-55.9258439190012 -11.678632526218834 -1.2352933745199166 -9.022365867513283 -0.544256925276725 
-2.4059044241632894 6.940127217069097 23.609565535959565 4.021720315620291 0.7936899854627066 
-1.8625732749812833 17.73518870678364 48.360356649711484 44.07631200784678 5.141152004082891 
-6.446225349919029 18.148388108788875 121.29350144284915 91.28630282416388 10.195984325627489 
-3.337624043344726 97.62299764778597 -2.320582996882982 -21.04309280295326 -2.0028163279969435 
-2.863243876424852 134.72174956210924 -14.06073366478446 -19.527852316313698 2.024148563426209 
-103.30654643057221 -5.7834855421994344 -33.42877369134283 -50.54381268881501 -4.34013064471536 
-50.17541616025442 -11.806783441491556 -15.584383960552811 -22.605542160389415 -0.6216377627412849 
-220.01448543640558 -104.35612711250255 108.09918803256359 26.15946995525783 4.13151907439832 
-92.9690311303037 -9.5790762183068 105.65673542775451 39.01217480138109 7.128089247240272 
80.8956523882935 57.892766469277845 -28.905705670237637 -17.791327811204212 2.2078965294040227 
-80.04024366627131 -25.980494381193783 64.91911174424885 19.30274505798872 2.0696380530523073 
-75.77067722549471 -20.707423747209926 82.46524390257159 35.095328728885136 -0.005867005920696096 
-50.7989597615148 -11.866798291865045 89.86879773442331 66.9434371411974 3.133627950803521 
-122.46448182289625 -31.990118102606264 154.21701807947844 88.12648625179473 -23.307449550080534 
-50.24088182051507 -23.837615945303483 79.31060990141488 101.09277562800412 -62.0517192761218 
-123.77041754873723 -53.249231552478236 98.83717596908458 43.91602052973429 -64.52425296844517 
12.959142550278266 4.6425319012427035 -30.527689936035063 -8.978872402971554 -44.70372576247784 
-55.35999635413982 -34.968179689960934 -6.243607974348055 14.543314581330508 3.2338801084218667 
2.388227856313919 -11.098148811322414 -104.56126693292995 -121.95298147880794 -56.05520710239344 
-125.52141161353 -63.15916424423955 149.56120983680088 106.21097566595678 12.724156841058662 
9.317438575007055 -8.810391137342675 -238.82544276432824 -159.22218967425013 -175.76537888852107 
-51.839969966167224 -11.873044721577662 -108.82396109935615 -15.61495889849757 -228.71524403405814 
-27.432524346218127 -7.476027505657611 -40.919720662408 -11.917899006042378 -88.45503992255252 
-43.94739557075191 -39.74733253903179 -18.21992634573174 20.747011962051754 -17.438546536915005 
-8.398611022423019 -11.133999421780741 3.2825115911388414 -24.378767023495374 -2.8668312015135773 
188.7530231387802 69.59613673735839 -30.540139911410886 -9.096473935934924 0.14291305993614878 
145.00815046685426 88.9102675608278 -45.2045283667893 -14.0531668119897 -0.514543907525975 
57.114044731927116 21.137446523665744 -45.90707747243996 -12.889669514529844 -0.5748557979340096 
17.196066569798425 1.485271467241912 -33.19676627766859 -6.4080353745537275 -0.3944005265597704 
23.87524874697401 12.888908125326555 -29.074249001115685 -5.335896062839247 -0.21942057462001963 
18.395330156182023 17.66264404054113 -6.635346425032782 0.023573111192724018 0.31054114787535125 
16.82753159521862 7.295095875923546 -10.159853789014804 11.874570655028544 1.6824444367802012 
66.82597251821495 44.82334495871782 -13.67506393844619 2.209135053062496 0.7261224962696092 
23.29749044792819 3.082436458000831 -2.8973062131965244 26.808580982924262 4.71091902549576 
4.076946489946863 -11.2825338160298 -32.41725527689545 86.5740307994169 0.8605203346885749 
-84.25838865293548 -56.34930937741471 -37.14578500234703 183.01183378811058 -1.7431447348096059 
-27.764955293344347 -15.612864235223752 -4.554353397171612 14.756336751305334 -2.70874867227107 
2.9320060553351213 -18.159062467980885 -39.998983622539704 30.303561310404096 -5.285235812460329 
-0.6094959949703176 -29.288647386441507 -119.86604612042416 111.74834388029207 -20.075689839630492 
-3.9262859870127578 -32.870856202479864 -125.72782447076801 131.862062920556 -24.378187624121882 
-2.3736724817817394 -14.463370669463227 -46.66764843732819 38.90712558673761 -3.3118259857245382 
-2.9956008666103546 -8.011686878100441 -26.16169547709614 -54.18881414592422 -5.579989739612732 
0.7755641225682497 -8.858466430484428 -7.685669618394152 -4.342427400416288 -0.3819712648865059 
-0.7316599866364242 -2.1297678289396798 7.583261922825183 3.831381208391177 0.18061123406297638 
-67.83194578241057 -43.70790395601501 59.82619940952561 18.529081943942916 1.601625999581718 
-75.75354460952228 -41.16928845069359 75.7389996485499 33.62032382003883 2.946775608254403 
-58.30289943674184 -25.974807150126274 65.49945889802736 32.8666777636031 3.0751488892262926 
-40.2806299053684 -12.450343185735226 41.4829397975248 19.82294519792283 1.8331014156153334 
-8.515237119638057 1.734951895361252 20.26941363268866 16.659800912992377 1.9231920201155719 
-5.633895310454593 21.62111837130889 9.744235315502978 9.723300752088065 1.3858872692256237 
-1.3517517799497643 65.07730807896763 25.832646452707586 19.866596692547603 3.3880117065472595 
-24.833518753238202 -17.262495383543076 125.89797865363693 173.53995961248074 44.316292558683756 
-102.48588939118652 -66.93801280862905 112.86052826055082 158.21428125346742 -29.657401658129785 
-110.53028161968503 -73.37576933695821 186.04049322388857 221.19897518240225 -3.3106308876518944 
-1.6732973187062248 -12.157067511878832 -0.5328701650335345 -2.0239059338346794 -65.32763133621172 
-11.041784696900791 -18.17588774623365 0.6496484336909539 9.579275197518962 -34.47820349571183 
-22.33597350606276 -3.5235973920778263 38.123437699630294 63.62720440982386 -32.72251858708066 
129.51863412172855 12.365882353503666 -307.47751296527747 -162.85469876667455 -134.99949650073924 
25.91404934019456 26.044314442295157 -3.774510718343111 -3.050360646453782 -13.073546198673698 
100.67449323261324 44.1178028638427 -108.05145112372743 -32.7207363245897 -16.299594042895563 
-103.12032007852821 -41.43710799762995 89.56583274249212 54.644372154309146 -32.132006220386664 
170.08572919239577 72.15601591356294 -189.61892491007816 -78.90750637018692 -47.51957534325242 
-55.03863504077459 -44.20981421190954 35.489241625205665 28.274783676568983 -68.85858759944631 
-67.63870948310044 -40.20759935189447 59.95626225744937 48.909024994675356 -65.38102328639545 
-62.27255017995364 -21.534468262507676 73.03822353103563 60.18491273311409 -60.6841807361689 
-86.67467263264392 -34.06705695939921 93.78925642561234 74.89600884483731 -57.25240606454785 
-17.66155779196919 -12.426852689046132 36.055431877207255 51.75167574810271 -61.29803745558325 
6.695903216190032 5.084154348144079 3.520788603424573 10.836702156207101 -46.78942134127768 
44.95053229654463 12.53745317113183 -67.09037838744571 -32.200652697908474 -70.36103870135112 
57.90832935030181 14.368858592852533 -89.58467905035867 -45.113504495113 -53.37883755389609 
93.24594091462976 32.85723401361102 -112.99870832284422 -46.991553306066 -52.41285058958468 
105.14064473496069 40.20156482562836 -120.88694938604752 -46.72037152898019 -69.36806001775467 
61.006223938237085 16.78670904130856 -88.07844235782783 -26.026234262315842 -76.5752806166622 
23.799564653268995 4.461659624927592 -46.35484527304824 -12.684602562094584 -40.543178265415335 
11.372863981804475 5.235188148327913 11.433033637037141 6.206199754990529 -6.3581430402801855 
-10.225906816324388 1.6740260058455578 41.60105007331022 41.48215718076612 5.562710985862116 
-14.442167662558857 -2.737133846873109 23.328986178189826 15.559449381884821 0.23410700155875735 
58.84385530873288 78.35428327199257 -38.900705042850646 -20.057785496906668 -10.153612633214413 
-96.31595625984785 -35.01364135460702 65.07981886914345 26.026442708335008 -1.184004334583509 
-50.37868413412246 -4.715962200981263 39.23721515585801 26.800480506310866 -1.4221803729238534 
11.403303795252057 49.52708363008084 9.494840943486858 11.438148899983874 -2.094708643102672 
0.39406237580174863 32.1073300499712 11.451330669958157 5.544474976082017 -1.1024629948430178 
3.589747766568189 11.55643468991521 -0.5535877195955606 1.5917309334288257 -1.452907017454939 
20.324927127387273 16.447724865742938 -8.540250836378192 3.9127078838454907 -0.777112856233076 
46.85705687918281 22.43144529850167 -41.815994510810825 -8.15429929054539 -76.4335049599807 
42.42848815389139 7.052495315581818 -41.07732793972933 -3.3961297211897055 -89.88226967588382 
35.30729729493523 4.387283689841129 -56.644884150009666 -22.719037669674968 -68.96844592869985 
1.6342525975286364 -1.2472886627250015 2.731358999205051 -2.0258107968386607 -24.021894269483987 
1.4309833375407617 1.3068693967082705 5.2186325716949185 -1.3133512486743775 -42.793627625715644 
75.55622189234886 24.00852373871673 -76.43992987260856 -29.87913114650904 -105.64635818349299 
68.29454117395224 31.098028300283204 -38.62112710009084 2.4134047563694647 -67.90494045474328 
69.12602144131773 28.02223301480027 -35.70803676262879 1.3162630009493976 -72.85604134598398 
25.573663745387265 -1.0547170385526952 -23.619756535774822 -13.690502943492232 -58.419865204950725 
-125.95778334162335 -50.7884536945935 177.95103404615222 109.14494744274535 5.3122740033380875 
-102.75771856317213 -42.37376535825619 117.82603748700897 58.95666614151286 5.151354253210387 
-60.741018123621835 -23.113893802069526 64.08160827651878 29.66636380894514 6.737064734072737 
-11.23454879628802 -3.8100143991271236 12.909871184727074 11.351288604429042 0.3091192526567902 
2.451620480640446 2.597475730922176 5.770541637632354 8.956388706537119 -2.0835648139030356 
13.64996010585551 6.6104523227235905 8.45310814044493 22.552170324869344 -1.742154993587496 
17.700664297435207 0.44369154174246694 10.831581408922753 31.73085677457745 0.5716562331971341 
7.772366283442694 -0.10237346232246555 8.385477673916249 27.62899667450723 1.4614856903325575 
4.873738224206616 0.40949248402411675 2.1145222116123956 8.860813870322223 -2.1633939810387943 
4.527490850529601 -0.0726489530055865 3.3833469283055178 18.120158476302077 -0.3256944035650243 
-6.114104329626108 -1.5716189515450547 18.989677725678295 28.416285024088864 3.0896604675283053 
9.640550459142192 0.8414354905254942 -9.630197022840887 9.359106847299582 -5.783931751201017 
11.272534679284549 4.123162554326409 -31.366696943577473 7.88576363977143 -18.41475459219962 
-53.96782001153014 -22.685910549907636 110.815475005348 140.7412204690477 2.6158169675624547 
-18.749109737204307 -10.203528400101437 -3.3417695556040528 6.752194424799762 -11.067416517491651 
-97.6126899938699 -37.780093136106885 129.31654957396245 108.90314713396126 1.936077820143934 
-136.66762481882392 -77.13971268232717 141.3581549576941 124.80763187162012 4.078832636302028 
-50.17313698160185 -47.17220057925372 26.92434832753306 24.327176622479584 4.381596365149401 
-107.3422257643349 -80.32677125510308 48.267413606091786 -1.3004086675350908 -1.3984089877598704 
-167.47907268305133 -53.537284118875526 86.09554892442775 28.585962759911407 3.943007027112025 
-77.10301539543592 87.46905887574785 12.599149530719282 -4.13640271163934 0.4145166080229504 
-112.33701090874214 -2.016154448134325 149.84243623546664 22.413092404704045 2.5603200564125452 
-437.9089093612144 -250.15428069878018 293.2923391916463 130.42959086577395 16.248954227267816 
-457.5971891388707 -258.4552354464532 441.51166465065023 263.51660539841106 42.37558475891194 
-331.52561131496975 -173.91786018160022 323.89747629370396 346.6038893417008 69.69679442734513 
-1.9869662947536382 -7.672007412352646 -18.929564369844137 -47.77984092969815 -5.404644203173354 
0.7413715751546424 -10.248230040338443 -23.726687845197503 -40.13700975021214 -4.370751330359201 
4.923219943834113 -10.293569078187259 -26.15421504999513 -28.535843470020403 -3.0141632087213317 
-0.3934382306586701 -12.12880828719354 -10.308225668471094 -19.285456022389063 -2.1113542514690744 
23.933680431240887 -5.3601866586129505 -62.83013700532992 -11.797443871338091 0.8455522392494664 
52.3709003854641 30.027926882763733 -47.042826800664415 -7.144417770909447 0.598019933906017 
33.028114009180726 14.361777652595144 -15.58486563092637 -15.604717188450602 -1.4210322160315756 
5.943871055130024 0.45007437350140117 -6.892335740804188 -5.142627090977807 -0.5973100971634296 
8.350673309633681 1.2260532415847099 -15.470774984383159 -0.6768632552223651 0.2826839013142818 
171.48526061213207 80.44133450714342 -9.318921495286906 -1.412753947798464 0.20083221934554776 
65.15102133056145 19.658873754793035 -8.574497491462388 1.014947908525329 0.4003286518754283 
22.361484337066166 11.936213945321592 -3.916944523654229 6.2904275228100355 0.8386444414443315 
19.429844623901626 15.320690575758663 -5.9643548139338245 14.09271589784894 1.8447418074763489 
58.18276824190307 63.13574223200881 -7.50596559202285 29.89472464021069 4.018205238268254 
7.936359865003648 1.064164450217006 -14.278980650227174 -11.546410907794964 -0.09529213167256946 
3.850765862847678 -11.521610146566143 -23.56111371726086 -22.550705542336594 -3.0627334650605915 
12.984102219620649 -6.85421982979385 -31.268373250678717 -16.112538117660385 0.011810482357609068 
1.330155817293549 -0.1868430639709482 -60.262928228438554 12.38840609891745 -6.558798775301021 
68.05552264317895 17.343214061124225 -116.48294599249566 2.578255090159588 -3.930637825423213 
50.024822954558964 1.9380015723961395 -192.97109038971175 39.69445343206261 -21.720931632631196 
27.28853994431387 -1.2337059395661525 -157.90964186096573 41.73958450512266 -28.433157442292853 
-44.111195988382036 -24.604123852680694 8.839426808835475 223.74940845155314 -8.825169453036597 
123.69737891900553 52.191095816040004 -191.22796213655434 -22.69974009428886 -70.51071015611919 
227.20045528636618 112.4564361970179 -229.73832657226893 -63.38693990496522 -55.93414193974898 
139.27692687191364 78.18325911312081 -145.62618293124092 -54.42852278290493 -50.85580071603793 
101.64976911942524 68.934667442983 -79.45631800295588 -34.78705141474338 -16.455566248485184 
-137.1545398257288 -30.239426362178996 130.13303148189524 31.795156550290177 3.84244731114334 
-125.5671272394344 -48.592022588733656 81.1305398402943 27.310219416835473 3.079079129894898 
-43.21163316783261 -10.460849537079511 25.70837197948521 11.358797505555515 1.6216087839056863 
-46.56307572545069 -16.11272532137391 22.81772170777056 10.343903137202178 2.118588564321526 
-25.97574463223793 -9.675748884240962 2.7532660535173883 -4.767345501006836 0.3084806912512484 
-10.218752604861068 -3.600253718864548 2.390040456301464 -0.05161888847569057 0.9218060822150953 
18.18897526756816 42.56055988295607 0.5984300969051005 -4.033949806857401 0.3127182142076752 
-4.385674489418259 -1.8107691063110185 18.004391218006212 5.078632628597113 1.0425375276667495 
3.8791490017379666 -11.104207721952934 26.591412986667915 12.797846393671392 1.7572668915329552 
-2.507127007535369 -8.613756154967126 13.32917095056117 8.226959404002217 1.1650479545693566 
-21.78884289772136 -8.360234254462998 19.151276214578655 10.82267653997564 1.2450356660546364 
-34.39746186614046 -15.024095480995495 26.319767922267786 11.131930061196691 0.7135721564582521 
-56.5192638238049 -17.865740350087783 44.260183837686114 21.78953116825838 1.7505132686888247 
-66.00733889377963 -26.975263704289116 56.84028929751005 43.73875260674489 0.39522008549346294 
-71.80597265778673 -65.3613878295795 44.59184568181124 33.10206126007153 -0.6202613532766317 
-85.92082195757334 -9.3621000506605 64.4009380271979 33.849254872304634 -0.21299401151121275 
-78.36045291003916 -27.06190161483736 88.57001699140044 52.44225946801445 -1.8641342912940662 
-57.33890595459361 -17.75832817066341 74.27331778278406 38.8221877978851 -2.111203077093206 
-75.0661267743138 -30.70112345431011 85.53736016089258 54.48634742371456 -5.36955930006166 
-36.3205698050787 -14.99473133761718 35.667802606175655 23.598107141854108 -3.6685161390829872 
-50.86012617038205 -9.714745508839188 41.63030459163488 18.740629874992813 -2.538577764128796 
-130.6008447516207 -48.79484017161571 162.7821526763504 65.25097836352151 0.4153834718621915 
-14.053415312575616 1.0053627448720623 9.048826959989153 33.89460076979686 5.950867099189336 
44.07624325299402 41.53221654968708 -94.4941973328946 -6.353911863038073 -5.5355301390263785 
-0.6375952512748455 9.794729369259931 -55.88153137788699 -7.5806509705265315 -5.782461121922854 
27.557377655536563 8.356247015435354 -135.33369092088859 -63.396294513909574 -20.520878935423692 
0.4782181155890945 -18.97134186835646 -120.84336179970778 -68.4747042910134 -64.62892853318486 
-12.928902711763945 4.508395625255221 -113.03501645734687 -90.24621053925523 -89.007512664526 
98.32780330749267 43.27445901620623 -118.3758479998692 -54.60030906521684 -56.72243489115138 
49.011251843970875 18.528228049427074 -127.04214509273552 -92.5522865442625 -65.43053316510881 
104.22841378523661 61.27861382187342 -131.7664334921542 -58.735536164186996 -60.028309151287296 
63.38057026839856 38.791078490736204 -86.22586940560868 -26.25396955142812 -49.60586630841647 
40.474000450973655 25.54173305497247 -66.62366157810446 -26.91332012035154 -47.61145939853648 
59.3563306500521 46.33995751208784 -43.085694647325475 4.194070403821962 -13.027793981936176 
42.04409945069047 39.106985340884194 -17.73198757288463 3.8135307699587924 -18.533986224986233 
34.8350309307056 22.96729182781124 -16.14957569984696 -2.054395276826253 -32.06196975184458 
21.029403342295925 4.652161029477237 0.8329464063336102 0.3106343452688183 -42.62866686401424 
13.596306245832825 3.484841361184818 1.2536220749736569 -0.551031518143886 -27.60664481849411 
-3.0938161324298017 1.8161719746906038 2.205138335168723 -2.24503521920837 -25.141118197807714 
-8.026304599347895 1.4500855118356357 0.8826974114786592 -0.4805460929443738 -10.441954480084407 
-33.51245817800324 1.8551327500219945 -0.9343153734816951 -2.221773653794957 -10.358240130335828 
-36.6228168401595 -10.692948559207899 -7.828913065588815 -3.9952990870943372 -4.056335078227404 
-36.28800619845418 -21.170022135621366 -10.349953605208004 -6.572661289435773 -3.5818876521982856 
-20.11759400576412 24.34923054403097 -13.360282006942938 -8.559650493825826 -4.403404938673633 
19.55394107584514 37.67638024287799 -34.22325690759825 -20.903492115666758 -7.507496096603528 
98.63916260579519 67.30051762815195 -108.10961674108813 -53.41215329423446 -28.975173498307466 
130.3098050916254 78.01471889481525 -120.66138233859662 -57.50253031267941 -32.04418722737379 
-132.04219086776735 -48.2402002145446 117.75251599623967 59.823036592273084 -13.90956484553597 
-83.5244099648917 -35.51461720999467 62.49187192557494 33.338463573502615 -16.094892404364792 
-78.84897482458553 -39.002232798584274 39.18588084487152 24.555733198125758 -30.747115305077717 
228.20552950666772 131.73023978689324 -199.72434808310416 -59.5268226873832 -77.8945586314876 
140.49224913478065 59.13710874761272 -139.7174339764734 -33.136001126538645 -56.187074686529236 
77.90327289118297 33.6057696406284 -49.383761962241515 -14.520352413911068 -17.925073142217563 
-171.7810487161942 -70.4729445386002 136.47662143432828 39.485412536620025 4.188440503518424 
-58.73717515760617 -26.077773494775172 61.116263539843935 27.95824494206582 2.93916718052402 
4.37395657068894 25.621799126048156 31.939279396279204 22.784005778389755 3.174403211086741 
23.28142963399327 24.678464892155063 20.52006004225344 18.960054712451587 2.997075358755334 
-0.055017860177070686 1.1309069031830161 13.773568374014122 17.932417035151705 2.9216456977537546 
1.5162471045881007 1.585585266757299 10.142215697991888 12.4577541594902 2.2885361675183074 
3.985075834942081 1.676202576322288 6.058883802539008 3.898595426804207 1.089797691900183 
0.07360505409850283 2.288564855922986 -4.460035540236431 7.979663414413591 1.6954894784662677 
21.05438394244249 24.06121310770949 31.019625012027625 19.698386985211407 0.1476320608114395 
-58.20615103998997 -16.83406373143403 64.16701600948926 40.04527692190981 5.241796611664754 
-145.92780875633437 -56.40696791715667 151.1452316447298 86.80304250296415 9.651683226671185 
-54.07870201935902 -6.549993483056956 84.91516520010536 64.20256139113211 7.383005963474758 
-176.34823852533742 -77.32049097467356 161.46608751472408 95.15604508849567 10.137082533297024 
-153.67423548945058 -51.113278190730796 179.38031179302098 90.44568643622529 8.619980501824607 
65.47060485444432 52.79510879688527 -38.42185413324935 -17.012169770911473 -1.3666827815054288 
32.96000053198979 25.825424752378012 -2.738880847490294 4.9304665519578625 0.734903281177805 
48.84539478721803 30.93486749469201 -27.280101428034286 -17.512741896034445 -1.4178675664057903 
-6.885569399130959 -7.809893796189363 -0.07821322541395481 1.2009996594884018 0.32598118711364926 
0.19389065230053917 -2.959580426287454 -2.5248869598412584 -1.9397553743100575 0.060946631282029665 
63.673264191252294 49.02076473688839 -55.78742423094415 -31.892202039146774 -9.26144590533281 
70.44624745683879 56.85147072477812 -47.709639719595586 -28.891867898451743 -12.556933651866549 
159.35053227342271 115.15944606883868 -117.06251730944557 -56.38144458905327 -23.505746594733637 
94.04177658413256 88.85684025866072 -53.587314633927235 -29.6801939331317 -10.454544122336738 
-83.70578425218245 -21.063039845582754 85.43720469776325 24.086061058651012 2.942954123050239 
-18.49643898407467 -3.6764305580769685 -5.44086069874927 -4.612302106798595 -0.6049379965169688 
3.601459270037611 8.626289223933556 -13.17122418416463 -6.603048080402428 -0.7898250599812788 
-32.64395442000175 -10.516175405701727 23.52979849517853 6.78105679370605 -0.39989988789204467 
3.232804492279316 13.690525975423279 -8.150285416306803 -10.637199350483508 -1.325302778924043 
-78.79858429305072 -29.54184628604284 88.27298324266523 42.1811303498272 2.7629810561033783 
-128.83026477760072 -77.34641308305969 147.05774179033094 85.26334837431371 9.981080378680387 
-12.37094299433709 -9.665401169664797 24.80963766267613 27.72674022258483 2.540437909085625 
3.9016836472499232 1.0521038499381894 -9.92866674863438 22.104688201165214 -0.0805399011301712 
