1326.4482103270352 1325.3250679999685 1320.2317119426211 1321.5695167087588 1296.5774555641915 
-9.776476886693809 2.238659711383263 22.9376237171088 15.918270376651282 -0.9545014914535436 
-78.2153543390707 -17.076953785030227 105.1181889083404 65.49848079993 5.990113024367408 
35.22880996901472 18.525115093026763 -57.22591053801084 -19.8641671408305 -21.514532882482126 
-0.2125982386135346 4.178712980155507 -11.782836924260762 -0.03857563671016295 -49.38483419547952 
-4.700899820448106 -2.3313312642484076 -9.607217094436956 18.051983785204634 -13.781283024741084 
0.6587307261619453 2.9641309446245034 -7.866507462207681 17.517939360805375 -13.877247124001316 
3.75274693444968 1.2652456023196748 -6.0755799817077945 14.19528328459519 -13.022505300480585 
4.31197881477649 -0.6545070901259198 -2.940139771213419 17.21740888113024 -25.122788228638875 
7.404484039034709 -1.3840263796455055 -4.400804722062089 31.55114663900317 -100.70066808345213 
8.825605353361833 0.5489250902591901 -0.450079655500243 -0.8702927464295243 -55.44395990931249 
11.487832455544222 2.5858733656772874 -4.579482289940711 -0.3453113170820675 -31.915884504316974 
13.353404754884798 7.631170401389167 1.5077910786804554 -12.441194866289575 -3.974230562231759 
13.336817951404418 8.485886866076953 -0.20551831218429284 -0.28618312336930646 -3.098037163036011 
35.39986838464975 20.17139746818775 -26.631116270069754 -9.222355118732048 -3.7680919618917725 
57.41972794751205 31.776661238903415 -47.6428486561524 -12.070841463751819 -4.088860887227301 
-210.20289573278825 -87.19525973987446 241.73544630133648 159.89477858147484 17.498136672218806 
-109.37130263156743 -46.59097782196939 89.4514967724095 117.36919735367178 25.318097396923385 
261.0893938514587 113.69771654752516 -265.42325585247244 -112.2335045292686 -79.92698834977759 
122.04488927824639 95.85119949434322 -130.46336209152668 -63.01732170668365 -37.83629820588581 
-168.7049347468498 -70.13610052273603 178.01763374082415 94.4266483235572 14.570874187187206 
-101.59077635107207 -43.76085242057553 94.02955418357539 56.11082572723913 8.922081076250462 
-65.35260735559287 -16.37129837789131 57.09254604065815 33.578013394833704 5.497227217589986 
-61.4057943999412 -7.135892511628845 52.320091461367745 28.25124810553655 4.4756937853185885 
-95.87622174522386 -26.06083948512413 87.65742279151114 47.97164078714435 6.542318383547054 
-219.37675477081794 -113.12578780679343 202.4740810762809 120.42313056872133 13.845825899647389 
-88.16418590186225 -52.95916690370118 92.55624011922197 73.69457472526683 8.428296365465567 
291.21190906250763 139.9690240636133 -267.6122087715308 -125.07083097105311 -11.164613219512697 
96.88759642890223 80.8830316514216 -80.86167688679912 -33.81897840002477 -35.35293191185942 
-157.35732021235555 -64.0504038269077 149.8236510878592 80.52480153600962 8.26228082870449 
-92.81666595652077 -31.733281069194177 92.09467192476838 51.46949682157858 3.085554096479599 
-66.1278656615523 -14.383860517413225 67.94038218092288 36.795061040773305 0.5793481540991948 
-49.18352338811109 -4.358644343298944 53.62737062666055 27.903453551296 -1.115599367038082 
-32.03548547374005 6.365167519791184 39.49241992574563 19.496346043938413 -2.23303047690066 
-39.78815079860422 3.5487447828519474 48.583871059974676 22.988994315553672 -1.7038948819587538 
-57.18651027388443 -3.5667152226333205 64.91545669166258 29.227508956585897 -2.64521552218914 
-121.5435487684097 -41.15218636836365 108.90163367644048 41.47849021032445 0.7066579254344153 
173.69133889413789 137.18801007014417 -113.2422510695523 -52.066277761553884 -4.420706884012162 
-84.36863414483734 -38.573787160361384 80.6059522528619 39.23130430462194 3.4069341021229462 
121.55426168332767 51.0283972287972 -121.08064938289097 -30.803652262448274 -79.81400552684656 
67.17906375181467 27.621187897687452 -72.59709332125284 -12.559200610110317 -77.3542243231638 
55.861284815903986 24.380948853175703 -58.98397185371749 -6.7421036102101946 -66.06593821862086 
65.8469992964775 34.41102821796731 -66.59035393112514 -14.313280498573878 -60.11506241299899 
136.3092738746582 79.35028210749708 -145.57238204588907 -68.63323503129614 -64.19661071135495 
103.84721415751316 89.57062223251675 -75.26438818474591 -35.624834304285315 -35.215128387213085 
-223.26955734465042 -87.64375228633965 220.56518196612151 108.37964177728509 7.094078166950534 
-116.9161721998364 -39.733291691929004 117.56361507273677 65.86071108640512 1.09742887654677 
-89.51466964455848 -18.467622496860475 89.8655540537531 47.497837365382324 -0.40087281736420094 
-59.90289820310871 4.814233947942785 62.32996600794199 28.85660960702066 -0.8528180633551127 
-54.443262189778025 10.797335856005873 55.915310600370255 19.567110716184125 0.22431284266395027 
-90.17162684004646 -14.027925546068714 81.40622664584636 25.520378608883163 2.149250853346632 
244.45745914855593 172.47595721524056 -184.23121344774228 -80.63700997693248 -9.293659704177434 
200.759935139602 117.0854985895998 -223.0502906939095 -112.48315747840029 -89.66217502830764 
107.08268368654039 64.4839179724819 -122.03177009019508 -52.92953964941557 -82.15532939968966 
61.58006485809613 38.04370975961333 -71.21515549339559 -22.91583534825433 -66.6684266495942 
44.77519609286657 27.73569692862253 -50.70769716153681 -10.934000809001013 -58.18642524910643 
37.98057782399917 22.242862124384054 -42.014121037267344 -4.763973724431332 -55.07470320748858 
50.46165427963007 30.79842618559348 -50.30429456576281 -8.619947592317777 -55.615147017159664 
62.23935025632047 35.44598216632266 -62.02285978028753 -13.853861444718268 -57.559942324357586 
53.37256302781055 26.374366837755566 -53.39265482037405 -6.171806853864572 -57.211925911816245 
76.03225839289381 38.338129041371936 -73.01748528990395 -17.315403435897963 -57.41711596053993 
186.63562600327865 103.86836808028598 -194.57035412142648 -101.1901712048676 -63.91617843732671 
-247.43840695908278 -111.05255828963452 275.3577067390105 142.0526070102258 14.584616344212575 
144.21598804605733 61.4918427926736 -141.1692591902654 -25.97134698356866 -60.07753116274818 
94.69965681926755 46.515626717179835 -93.81323819397869 -11.668110959413427 -80.4524402296481 
101.08794439319853 44.09594875523806 -107.25094909019627 -6.605468617651441 -92.98372819142273 
145.41009459366666 56.433985631039675 -190.5213754293551 -62.068929835604976 -97.62777305137968 
-56.96088263541776 -20.607904734927743 69.45309927581005 37.036158163230596 9.06939851651864 
-251.71213554594163 -107.70286237212686 295.8986272651136 174.71686432733512 27.79485647099408 
92.71586192783407 40.91857178554124 -81.52768043321527 -15.539066013764474 2.263849168731242 
-374.9884323788069 -190.4659119606461 380.9934985750315 238.49635321439433 30.23116557215252 
-217.84422378428513 -111.41951071240922 237.84553467504628 180.74834682200395 19.330461798491744 
219.80162022212252 84.14743584320122 -243.3625151549653 -73.29169817893535 -117.33176021778527 
241.19752195144574 110.62071223306226 -278.9832082845526 -116.28205065269991 -102.86226773986388 
-3.580993745447929 19.628945365493824 41.15459308853833 36.33877415629897 9.028770843295518 
-257.54820839705127 -121.53458594092851 235.9637142750052 125.79138273460306 17.09921860051059 
-289.55370825746695 -145.8959124888457 269.9636091803625 148.46492200438996 17.789124764993158 
345.97534836991827 226.96033576296804 -310.2816021290327 -144.41861853982886 -13.30685635019295 
79.74043274000393 73.90308965977835 -54.1775332417911 -17.05281501849524 -1.5709595096281823 
-205.32451034786806 -99.62266884546229 182.6243933061966 86.27696721545702 8.44253273917697 
-114.63981865030128 -55.15975639821908 111.19064026762763 72.94684239114464 4.866847895706745 
-127.50715653331837 -57.464778189412144 128.3294756832269 82.50485661148267 2.1868977803254332 
-119.65923355245597 -49.28858686801922 124.88382868381224 78.68409495303841 -0.1894409562466337 
-134.391362122563 -56.65054200263769 135.92184311436972 76.77363281918625 0.7566319788221564 
267.4294016228361 173.5046197836523 -232.72121637861335 -104.87789276559509 -34.884476861410036 
-234.97205371528065 -109.50247049985876 222.74356439708316 106.77560663309602 -1.7007805003149186 
-101.56197689956583 -36.95676454521534 107.22682742401454 62.174352274083056 -7.396162582317074 
-122.60282770500437 -41.818855864524295 132.33562967459332 74.73880489972626 -6.911669251140103 
-58.19108463004678 6.818348326010926 67.93953787727907 26.116530889869836 2.9745114657648273 
-170.54126367809027 -67.69811126385498 186.63912807482524 121.6338792678022 33.2281659201688 
311.59135558687984 181.91911045623024 -264.7239325550152 -100.3642294692094 -0.7878950604489128 
155.90385951520602 86.5561059704494 -199.58940922088104 -121.60778489946053 -118.30291541588846 
131.51631551528806 72.8276993581758 -153.23472377882538 -77.78208231591458 -97.36454240315551 
108.48131757076125 64.81153312817892 -121.05078163885327 -60.89808551021781 -72.08050404880805 
117.17414217702081 73.11573117687355 -127.28801036893363 -65.36758434706759 -65.1867259557879 
136.81798028580067 83.9127682042436 -150.8841899075488 -77.32019421864555 -71.7840008411536 
121.18445230349604 67.13304108547734 -153.66774583869582 -76.80464463538507 -82.38174400798452 
-163.2897878775445 -59.474743471052676 194.22433503840375 88.18380182381723 6.526963068144604 
138.26034850498928 65.38392104269317 -152.57649148653314 -49.81424295758419 -61.7895369161972 
14.40033031681447 14.573529286671738 -23.081493739135862 5.935283448091862 -70.09491059024732 
84.37761504527951 52.680251778365 -95.48918955574771 -37.67795486305035 -71.83420165761646 
29.56146037234522 23.190420653247973 -33.11552662750201 -1.2350442106864763 -57.68070551333119 
10.484009584522767 10.136490142704107 -12.093717371129614 11.420118596439591 -51.96096605078609 
22.728772821718724 15.52277293739888 -27.09121986873176 3.500676661448708 -52.92787372255365 
10.506782730831963 10.706953046800416 -12.662341345703512 13.664734588208683 -50.32582501537706 
6.57351160882774 8.168906915529819 -7.094960731942756 18.486697497403302 -49.4342477870917 
5.5790543512921635 5.840313871211597 -4.016444365806159 21.661030459183188 -48.71354432641097 
7.034130743765636 4.227158502746532 -3.3703729555688358 23.338610986585532 -48.09334287350382 
9.066712117643544 2.80810841471641 -3.4224863695480905 24.52890256410391 -47.552302145904676 
10.71248272746113 1.5309989083472022 -3.1370350709986927 25.942696318515047 -46.94531971497658 
15.069518998032596 2.6896413396474776 -5.875864228501591 25.451022515304146 -46.65114727634552 
26.206298125955005 8.168244519720677 -15.728505181845485 20.70472555699452 -46.705574926036405 
27.56527757763028 8.904838396903408 -15.854080658287032 21.386437302427908 -44.27345040494082 
39.86835159572645 16.884118979592134 -27.06202154217038 14.976842883857286 -43.03424612720679 
62.669868546863604 31.320575755147125 -49.62918966050912 2.0160890904139745 -44.49563694174376 
96.76284620934524 50.01770426739003 -83.59518142216156 -16.24378411809711 -49.15968469108094 
114.11526815468761 62.087237193907654 -94.28282895784123 -19.009303795535747 -50.81655234179081 
104.22282379499181 52.4826102753164 -82.1680474003858 -8.895650301601613 -48.69262488592825 
107.83033329171734 31.76902905617654 -117.74114498793938 -35.46577650454344 -51.6047552669411 
-6.080732047134477 26.410517211756762 40.93181970144394 25.067891642019312 8.631773691864609 
-198.24758651097596 -90.25017107484204 175.41972512239076 97.89819028940103 20.30792129897981 
-133.37619584295902 -60.10973117935728 118.59833242407942 77.0857337253334 19.330851863181937 
-79.03029806001399 -28.10689420512992 68.09538859018727 47.140851353817474 12.597555920585247 
-55.91447948417066 -15.249671603211567 48.05290725821801 34.61145276513793 9.394793989667892 
-47.15719422298648 -11.616957093725937 43.260649238877434 32.69221900041084 8.877299962373106 
-39.7325806774615 -7.661987062130531 37.36224672862617 29.747062941934548 8.207106176399542 
-32.607993544730775 -2.5729166628355897 31.328664551593942 25.87802382772101 7.122720463331126 
-39.686201820690535 -4.5199271914987955 38.83893972139292 29.064728103894932 6.973651681914568 
-64.93609509567379 -14.333581327226351 62.29007381726494 39.88282957005129 7.517646257097081 
-130.3926003680052 -55.00930695419074 117.81009330982793 70.10600536390345 9.84344185460264 
-193.77416271959387 -104.95998328105367 194.2207826690573 129.7056134573909 13.636175935237835 
-33.654809596546976 -10.460714798773857 69.53133795369355 80.83744441342952 7.034499296604392 
385.8527183415988 184.3909485083528 -415.4255232441958 -193.7540657814002 -111.4010673766368 
154.57109367357535 96.10655049951778 -139.80011418168635 -71.8316690278512 -8.091285772565318 
-145.7461974754228 -42.915017927052915 167.1470067885097 84.07381123454364 6.354635838183701 
-74.98180736200328 -26.826545381338143 76.42049002754915 40.688398542411306 1.305458911592657 
-48.39237885381386 -7.397262918974556 50.365510774697114 24.60022022778065 0.0479847171164968 
-35.19596716965316 2.620487700407242 39.56596775811499 17.63223113289345 0.422753607840266 
-32.428637632450055 6.069393100854747 38.184542084895305 16.807026645073194 -1.4146363621553444 
-38.98614408510731 3.8960412280724905 46.70805231559178 21.10359241468756 -1.1206438314284441 
-52.35254504154978 -1.7637019121612938 62.133213063248206 30.195185183083147 -2.5263600316678136 
-85.35732832705168 -19.745317244921953 96.35239098191661 50.265130566832724 2.469067755642376 
-145.21031374865387 -60.90230246877754 145.3253918901697 75.91741301245877 1.873491748020284 
-76.5544297570239 -36.09489057072317 96.20613266387423 68.71471302390052 3.010883726650017 
105.0130479141866 40.06264976602254 -109.37353293323312 -18.43176909509761 -80.39960751920093 
85.28835030361381 39.18201446206448 -96.76061040616081 -29.20124000461133 -81.14531689172411 
18.009374384860244 7.718924215130813 -18.795365065452064 14.661263013459951 -59.34808285865111 
19.989378301461162 9.43814548566422 -19.574871929075172 13.283182593388478 -54.766493799585334 
26.895157044835397 13.775760787156152 -26.276820478451672 11.059702667382291 -56.2788171412334 
38.95960763687239 21.67049825899003 -37.421029221006705 7.750835396160158 -61.12835424797887 
82.7677491906484 48.79057671677238 -81.76440301857066 -17.455831918343343 -67.84714724189587 
188.74712370810198 110.00578329946555 -206.66678380041606 -102.74746120812146 -77.32428114348349 
13.77442827432345 59.46191547923471 36.93636031249226 17.605999646014364 3.152959389105107 
-234.64418583457424 -100.83710207623389 215.99974184975207 103.22227791913255 9.238642432162285 
-194.86993839589363 -86.17536062276558 190.40312756772363 107.97525265940156 7.830373260938437 
-133.05863797472662 -54.854528081708956 144.49922280031456 92.66809479363948 5.048440088300472 
36.54434009339139 22.013203109953604 -16.88971782603993 33.159246771244284 -41.403543505121185 
120.99949593756942 59.602224857001794 -131.8980695754829 -48.68336772275609 -79.22862022376836 
95.11211798819458 53.28229873907255 -95.00615822562581 -28.423496415376707 -67.68127633380115 
136.07879393789906 78.36257527611987 -134.36094710253414 -53.22627733935352 -69.15761512728255 
184.64535283517557 98.38545003919006 -201.39763195019236 -101.5667843330426 -71.93672545927504 
22.625346898029136 50.704830292113215 27.452185424310393 13.069565053330233 2.8661295142073153 
-299.0537293065615 -151.20023500046716 284.69985584251486 145.80034691616927 14.587336578414728 
-225.92709448143674 -121.36419412995731 236.89908287645216 151.9461640271249 12.888688534472443 
263.2236664409319 137.37945137198076 -257.33942313168467 -103.83771823286109 -74.80440434206314 
161.58378142097342 92.10795448908043 -158.32875567055535 -67.96825651294158 -66.633686411052 
116.04002318948393 51.62358729621281 -121.33905092526675 -45.56221390401463 -59.19510483895719 
2.063554111422967 3.2296622087563724 33.765463585587355 45.387780104807156 -24.854348295751272 
-275.63631315881685 -142.79414775666942 275.80053050729043 160.12577746258037 24.537783116661874 
-280.70887637978893 -150.97368935215954 293.0414208595582 191.80579347033208 29.886207845816877 
326.98973265519595 163.76811563864752 -336.76995679299023 -147.2547398416986 -83.28457574606999 
119.13487495823232 68.70843164132096 -119.9446363039472 -40.40198489308005 -44.53942116099596 
97.11169325156433 57.01666132330281 -87.79384295275315 -27.694504867903728 -29.23275133068164 
-212.09247931522663 -92.29681199459596 216.77544780730022 132.17182101933608 27.759060201226102 
-148.85013301340192 -72.26096475975643 137.81285953163933 91.15245005433998 20.60643559635214 
-91.95035079998584 -36.14494406077338 82.64604261566518 56.660038660455555 13.336304173297043 
-52.88789043530874 -12.340961444577795 46.04387852618593 34.00675559282419 8.298477711784269 
-47.11348807426577 -7.011676732141447 40.10506624516235 29.36145185904503 6.946230492067026 
-50.86814581396043 -7.78247991089517 46.48479662351835 33.445942587303094 7.773859865555664 
-76.60607814620968 -21.054012784373867 73.24673323264996 48.00587375435127 10.378937013962004 
-190.00400190308687 -88.99378780902371 183.62420724760474 108.38372461529374 19.598893323762535 
-196.78681643029185 -104.06933262160906 197.89028739202323 118.66011755852762 19.662909650741312 
-123.21097339286362 -81.80497498959929 151.10989967149817 107.54142052008314 15.076265075431479 
367.34657526209827 179.24001548584675 -390.1539277232319 -188.13243689110965 -21.73503355622472 
181.1609605481285 116.49563322525538 -165.88814795363191 -84.14674723404592 -11.313207671085863 
-185.49080954901413 -65.2562881994127 199.31038126858547 103.64576284129207 10.512761896686968 
-116.62583090605226 -48.95291818604935 118.50534584630502 66.25124236621937 4.353916249004436 
-81.66730885889503 -25.097461730367126 85.38638276387977 46.5352775282567 1.9771148033044534 
-63.608433313744015 -12.935569158140822 68.35244921117831 35.24142346428614 -0.13702522665995812 
-53.10747772665306 -6.310589448866837 59.526651992432846 29.50632599559235 -1.1809221140879433 
-48.44014033428322 -3.0826581194643032 55.911084811725864 26.90015601589875 -1.5817517724377925 
-44.70025879492972 1.076010901842376 53.5633045165291 24.948872810851917 -1.6688195108764405 
-39.351775317723224 8.83748771209261 49.98803314852896 21.389264599385786 -1.5365816853299374 
-30.92681643575612 19.6531415172504 45.798562953069556 17.74010942940399 -1.456902969724258 
-33.53108273415152 19.26365473283438 50.95941019938035 20.523294360206453 -1.6651405444316212 
-64.3356461320148 -6.791645573704519 79.0221023222885 41.786331263153755 -2.8969003696351816 
-83.57622993809838 -33.525389721929535 85.11946790482247 40.939724890920175 -2.2041379722725556 
240.63229887043724 120.90000307653817 -250.3724300714774 -101.86533050987728 -95.84440322180686 
113.1508388673798 61.786528316985105 -133.2511074735436 -58.45439989739884 -86.97180028223775 
64.52031905159104 35.09829838519944 -80.46754237240945 -29.39211664046082 -68.50486993106246 
45.09673259815532 25.569650756535154 -57.7724309104589 -17.23301328032517 -60.05293081236339 
39.125943612800526 24.66731660897184 -48.57267186267531 -11.495136894323004 -57.788980938880236 
37.3331017433083 24.67291672454181 -45.25310931020185 -8.267724261317724 -58.13438716555785 
31.02863682045038 20.707690967130326 -38.63164897172272 -2.9441125340206056 -58.14354068327546 
28.712308569099424 21.486467419781725 -33.436993433102884 0.9628947162360182 -57.336410752012576 
118.32730741229143 73.84677774330731 -125.2438614621246 -54.14517811982382 -68.70001754151106 
-5.810526669939282 4.20922942134758 7.6265236568536 27.02602501306523 -50.4220460430023 
37.78628875618247 20.426910818068066 -46.37844302374077 -3.6000331269660135 -59.8757969422857 
-15.189105797459444 -4.548491999487713 17.928921609012033 36.68292546634207 -50.1830505592698 
17.446590408329754 8.940963358182712 -22.22742354941595 13.637534676422257 -56.32453112870922 
-8.032679924135389 -1.3728135625918638 10.762855890662255 33.43631428645873 -49.33250663707269 
3.026712265865973 3.5892555545243106 -2.572300542966217 24.492558624011856 -49.361606170796506 
7.103768441624327 6.449621123099925 -6.399705826390793 21.42170892825209 -46.7024455321049 
8.597144585071314 7.008553650686874 -4.304691673637604 23.088556781585165 -45.07508217909027 
23.262484257003734 14.455493517733984 -13.848882874313807 22.450637068282113 -53.4324784393863 
26.067957461565808 13.021867893099166 -10.682691823813359 37.51091555817185 -70.62316039819478 
50.8194902036011 20.018747723841475 -34.47799147553705 38.25126670384081 -89.0227881450056 
252.17552622335478 98.7799939451572 -326.0758737834048 -152.74076795838465 -126.45880376893665 
-243.39369297011112 -96.66698748811757 281.9319609206615 144.18935983813952 19.56919872398767 
-83.18030935642517 -36.73062105599499 105.55374317785596 67.27538869028271 6.357884899526732 
-42.96005629067041 -20.01657320175412 83.58089479440277 88.450422286996 3.697259325344493 
-12.14675803739327 -16.982816234395294 7.120590318067682 65.39311459825967 -78.72177471206419 
-10.332177417483383 -11.64457766642553 -17.93123008059663 -2.2077612689264554 1.8008482269432453 
23.917682765844866 -8.18004060520915 -41.45958742277115 42.5277092849111 -89.40608697036139 
10.544029248866838 15.590891047012294 4.767718830666298 6.175922844540563 3.2433322532154345 
6.1056082121844275 -12.486222818514761 -10.482357978526775 48.05105241029729 -67.13570967065604 
203.44507145547263 77.06189705201261 -234.6138517290067 -88.32083565621943 -94.95486741316923 
22.470281152487264 -4.862757308249125 -24.349220624413356 28.22985146132117 -43.001026340819365 
-51.68210292248124 -35.89710568838556 67.21080823979162 80.1434687233284 -20.111521192844073 
131.45372590780798 46.15110621204894 -157.60885187931223 -56.35610633426865 -55.39954154427143 
113.88066021097411 54.50225064003316 -133.3275451772835 -62.561966042032225 -35.205655319000016 
192.64635845867352 111.69315683144701 -147.042005196472 -71.47258550939246 -8.9118527931559 
-129.3354253332028 -52.04147176188815 121.79598844659655 38.6215646251211 2.854575199925948 
-98.38110915231397 -41.261545318489596 93.58139260805176 35.324999195317275 3.5206572662959483 
-79.10653892176853 -35.12049941493276 87.75293660223767 40.850742725626326 5.8493108497918715 
-77.56968611753872 -39.20916898060965 93.86615958624002 56.29512119724734 14.19108165329613 
-142.79093564289417 -81.90943220879782 165.95090033385407 107.4787521095087 22.27496619048777 
133.82902517582963 64.35084149548226 -99.51334406348101 -24.460432348274825 -80.44775463011361 
40.265597908432184 18.53903855895223 -16.390266426756845 -5.01769983096559 -31.855445159242382 
-51.508510367445695 -22.70874476192342 72.10034531433851 32.776697916611596 -4.214451491442771 
-15.499324842376105 0.028322885400386383 37.34734134451442 21.61198249221708 -22.061166814568654 
-175.50119992420522 -91.37953371969384 189.39806270175893 111.84162660064838 -14.965304937432395 
-108.46363141967265 -53.79466740966013 143.0564176757625 90.69701469500468 -6.265395603128859 
-123.8176188462213 -60.63415372803732 152.48306413506245 88.08129588386845 9.61890006169402 
-131.3615879722259 -67.04755701483644 168.21190762644713 106.00083124030549 5.120653846058254 
115.44862506442996 45.58029982610036 -97.41671450482777 -26.091221257740266 -25.883767273790824 
230.06209989712144 111.71969731935793 -237.10233661041647 -116.47990334658034 -52.399912348243554 
-92.07972843027966 -35.238600940451406 127.57238707039458 106.61582285932084 -11.824969459391726 
53.601420609674314 18.976138613042693 -56.994466276898336 -3.7005180875088683 -39.76415182522455 
123.38345206240834 62.87438634816528 -118.58923324165278 -43.40215691435946 -40.88760337970715 
58.41631606191805 42.035062748163135 -24.897221732489083 12.738370551074235 -22.631991528425168 
