2.0322029659971683 -0.3221863671370762 -11.033737419399406 -8.21475036795793 -61.55349692363403 
-0.6125673401808497 3.838875147477464 -9.160228550271865 -14.477403286254734 -2.8436239397097487 
-1.1226012537655745 3.428189267748289 -6.878287655971015 -2.6109266583178097 -0.22175045331544707 
-4.212618917001285 4.250826397630551 0.8769292472523768 -0.3099869721780148 -60.62437790526758 
-8.845397478634968 -0.21532571929275787 2.1488444495460137 5.557151441600672 -74.40677317415337 
-17.71925888994369 3.958402347735237 0.9364498330034491 5.600865605032531 -86.61826624258119 
-48.83623320548397 17.443254843595685 2.2810525197156433 -15.235293761829347 -109.40924524813549 
-15.627429384459452 -38.76074683079529 4.5235809659055235 -7.48463927625942 -182.28355491217275 
-20.960359203607585 -10.79374443102198 0.47551461522889193 3.400155926941473 2.8995029150003395 
-12.639623864109916 -11.277964509931037 -0.30600459685278875 -6.518924681215979 -1.5981967863482305 
-7.135890352449898 -8.268821390307004 -0.6156235833463939 -7.843633918931401 -0.9879439871010083 
-1.2386479842631042 -6.294115293057646 3.813620931746078 -2.626018629941867 -0.23028630787781754 
2.197452721803732 -5.364042868488659 6.3469736651203235 -3.901712302166399 -0.39261006462057296 
3.143526864826628 -6.724263328846407 5.39934755457968 -4.210887788146375 -0.1902680212503084 
0.6371002757734241 -9.776390586154395 1.2399706946534337 -5.051933227884914 -0.09453471188238184 
-4.321131048597059 -13.96021068634353 -2.8401899883208537 -5.207734269757321 0.02097237518791471 
-8.168341445220047 -18.321909858122034 -2.8980828348329597 -2.871056029030068 0.37500220428760217 
-11.179712901349147 -23.22058807004015 -0.36948413172024375 0.8548535073779119 0.7196593944876261 
-12.252612876765124 -27.574838464263348 2.5031993439658127 3.16987906615194 0.8227366568643654 
-12.947451230302692 -29.66111566544025 5.034449903004332 4.136084737489015 0.8001465390937862 
-13.24774732117781 -28.29591711602172 8.274983496519749 4.523378960636957 0.8010171687957757 
-15.783815883489288 -26.454323238498656 10.517818155640484 3.909465976373992 0.7515856710064744 
-17.81846533510314 -24.769557881401493 12.41452199297712 3.3579287163719176 0.7166133179532695 
-18.47851948488697 -23.03056576198648 13.048672713351712 2.8845267511932717 0.6914234564992109 
-17.79107371223361 -21.534334686855523 12.691461088667419 2.401670796923715 0.6707132341798159 
-17.032748018919733 -20.62298709478503 10.988752042556591 1.3601439535257336 0.5907623832412492 
-16.135874591189623 -19.895479623442117 8.136192229464848 0.3671430393646843 0.508914959219349 
-15.09109454948182 -19.231734843614067 4.091940711132814 -0.9451610276889726 0.3965687312261777 
-12.812178656329904 -18.86698630723078 -0.07400868941484716 -3.5978998598837553 0.13938867196820967 
-10.277872654338791 -15.070087504511418 -2.208302983082915 -3.795430069087822 0.1582520907706835 
-2.343611394553322 -15.110632525603867 -0.03418472390884713 -5.3936054529829605 -0.06789835723185877 
-1.9789365761413582 -11.366548353529387 -3.753538070194297 -8.432490703824735 -0.5084126478538945 
0.5325960323133705 -7.716397080868888 -8.922044399404195 -7.133434412027975 -0.34656659935909206 
11.192004304038704 -3.880845651535587 -3.9475713098784815 -11.243407520831719 -1.171159276465502 
15.40901308349643 8.061263623908268 -5.047701448484986 -3.535784722957142 -0.09453208111912911 
26.833779065371125 15.371700523317784 1.4285657086474972 -2.7983114023516986 -0.4384183117811172 
25.339636796888605 23.670809302771275 -8.827899993650119 -2.06216927080292 -0.7669278167692306 
27.717164434008712 33.42948007297769 -15.51691644222572 -13.161282524207332 -5.955512490982482 
22.742092537429276 40.10993623189234 -22.028556367380602 -27.595888114741392 -33.43361503429619 
12.110631818731791 -21.40838379774647 -29.295702744348024 -28.452865615595975 -76.28669309829735 
2.267786431068302 1.7700306992003554 -24.130621571424093 -29.90136751498028 -66.82252807736941 
4.38691735617207 3.356414076963737 -19.692509990914914 -27.855202107955307 -61.7853408690744 
4.862755190674025 2.185804196479228 -18.66589856292297 -28.660613046172006 -60.32283983747745 
3.736424148352203 3.0269980791555104 -20.4118193335008 -32.91394050348576 -62.10190123332766 
2.7940515498688514 3.970899050187303 -22.479277588576313 -36.41933947510334 -65.06123934894282 
2.60936361937901 4.0332767413024095 -23.988633837787297 -36.87921876724036 -67.87736540774593 
5.401840617383462 3.568329433734137 -26.50464916065251 -36.35693669823675 -70.87347770495403 
10.739114026542216 3.628633011371729 -26.916423088878457 -37.35071073150615 -84.4239009646734 
18.491924942925593 8.719432454667885 -18.83282869843389 0.8429622195301362 0.5137220300442015 
20.370226196752853 6.247094251310943 -30.774599513025677 -35.53594021278301 -68.04922669673313 
25.591740222775986 7.402477825037544 -33.271097453095464 -24.69104956620798 -77.81366308279631 
27.128561880046057 8.034950588127161 -25.91752597192669 -18.93622777661004 -80.08750790172458 
17.22558503289618 3.6335935846700465 -18.045285048239478 -14.599898674873323 -77.82434567975403 
-7.1546116429422995 5.932234121683257 -9.532270007853642 -12.72758029274201 -84.38193569269663 
-12.769242842293325 -2.17545474630097 4.074506318370116 6.9394389217976435 2.2602654278922563 
-9.597721214089008 -6.744001536096539 1.0126615544610098 -4.161854684188947 -1.7901729670779256 
-3.32797825558088 -10.498908223286422 10.245845722764635 12.270895211236871 -178.22178848507224 
0.5562513045691855 0.3689362113240802 18.480370331533276 14.595194526673385 2.808410452903755 
-13.26366853341988 -2.668884400970262 15.333086269752858 24.830366969199133 -225.27579119992447 
-37.66598667386797 -15.133432466244125 25.781179782669835 11.777645378213665 4.38804582714931 
-48.21363655011316 -22.81197782329692 5.4868109692004206 -2.665769239919493 -1.3307389849170326 
-58.29437651072791 -22.408734962600903 -10.170184701964125 -13.12723438837694 -1.0303129512037017 
-54.92276881043592 -18.016399059625392 -9.579977898159962 -19.4186791673729 -1.3381275215378041 
-21.57940334716591 -27.367989346942927 2.4521814571170113 -9.085460787995213 -0.4578741843416889 
21.28858713766432 -17.50681511081926 13.46495345578406 10.886166471909226 1.0233912808525187 
0.8555919335593803 0.1580145731389804 8.699291022172979 -3.8379640938876354 -0.02771441276582153 
-4.055866846017726 -8.182489303584523 1.9606159099157208 -5.46659315544097 -0.06026685819451764 
-7.548410708133705 -17.305811502508103 -2.05845079400859 -3.0053175577960847 0.25832620724099337 
-14.523060161133442 -24.132638740665442 -1.4489004912755088 0.34462305459227416 0.7124198540364667 
-21.427758591603563 -29.67015030636387 0.9265132569850846 3.0685626827110446 1.006344218989971 
-24.280064412952395 -31.921420008642713 3.145778709747093 4.184578936726276 0.9852425102817863 
-25.274716398958063 -31.329989984413782 4.906302612686999 4.182969248943802 0.8139595485193548 
-25.790436672565377 -29.272569170710035 6.913155061128117 3.2545408288955464 0.6403310655778991 
-24.33922995717153 -25.81835519287624 9.312680790746727 2.490781159842936 0.5861386583759325 
-20.208371418281505 -20.783372910016823 11.404441095686195 2.5415529813165794 0.6445315997923049 
-14.427158148316813 -16.198609262227237 11.729993684151562 2.044489501631579 0.6534686737421995 
-10.284521589424033 -13.71586309366636 9.02411076769677 0.8516917209696523 0.5531831238360368 
-7.03861333526081 -12.232672179685817 5.754183284099986 -0.04451962044770677 0.48670714806547505 
-4.312527248919602 -10.954869512434577 2.930979387429878 -1.2821992945372211 0.3909959826240859 
-2.112595482536439 -9.94831979531051 -0.5086843226583462 -2.9948036428091678 0.2652663905476252 
-0.8560395508735991 -9.777552294861488 -4.504471105064113 -5.5987688830165965 0.050551535789899814 
0.4975401375953176 -9.643303915475641 -7.309450530079711 -7.887272821789992 -0.1986027589351753 
2.6610885325677036 -8.832449680694346 -8.99237529762945 -9.236092911407171 -0.43544979512343157 
5.316170641885055 -7.130825122455239 -11.760084377197234 -10.824435779582268 -0.742856974341458 
7.782934297427717 -4.189538470446162 -15.925197689605048 -12.391836751284192 -1.0056256841556424 
11.391597760836204 1.1348664913844946 -16.52874008629866 -12.225656988302584 -0.9966475981107218 
17.44983336570041 10.813087429220015 -12.216807512616192 -10.154789995692278 -1.1623808634775015 
26.500055166582758 24.65642912745829 -6.778048646771456 -6.220933925240664 -0.9997080247050492 
38.499877392057186 39.63631709259339 -4.204278407276128 -5.277471201633088 -2.1549992713037844 
42.36999037689464 51.102409793859884 -8.072690344134184 -11.491800744366401 -6.507080103838399 
20.197049259517875 43.449073560114854 -19.38809573907788 -23.199488538084907 -36.428452180230046 
12.838220002953868 -19.36351310273709 -25.828429981747544 -22.90300434590977 -69.95974753185503 
4.227879874175492 -0.048059462535812815 -21.321465504315825 -25.67708779425011 -65.80688033327823 
-0.13506936126225766 5.370687537702541 -17.47563155054907 -26.83824275244927 -64.31563362294942 
-2.9233261050438712 2.7246551764154017 -16.05213693127504 -28.7070342791005 -64.14766296448315 
-3.6994789611401497 2.7837887755584814 -17.201931788994322 -31.161929035297764 -64.32311828187807 
-1.500500639374951 2.880293698064801 -19.51518885413683 -32.71178803156034 -65.16143411864957 
2.073229159933264 2.287713878109832 -22.409827087584002 -33.28116421182214 -66.66730665680527 
6.060858940823208 1.6735102595110112 -25.265470620076496 -33.9415348803379 -69.23598289524145 
11.021241088159787 2.861160894132465 -22.06862510959593 -37.22776813304969 -85.90097539214781 
17.55341939650778 7.809890705827438 -9.124665158230975 7.714297471467952 1.328985805333479 
14.82584434275881 3.758735898173538 -26.114766671417843 -43.08128359672157 -80.92676049030985 
14.892044595248507 1.0474808283576154 -29.58751125686917 -34.21272142345164 -91.0209452400432 
7.7270483913336125 0.3092456184015221 -28.287551513740823 -35.398241225639914 -93.42437315127799 
-2.1799740207968963 6.193231407465146 -21.76658488643941 -39.84732306694859 -123.71303423070087 
3.5062533246373375 -2.2750405192814966 6.2824058334837485 17.280394318632943 3.8437891395871686 
-6.250264649690613 -6.178497390262839 -14.301981210412666 -13.50114257656507 -2.5367754964488514 
-8.165377848525983 -10.928751307571302 -14.299304670473552 -32.682989340226015 -151.71569467686138 
-3.601958103477754 -4.887835112589533 5.190327248150531 14.920951009928828 4.1043029571146645 
-3.5627915920167528 -3.961800372663569 -1.273531338657465 -1.0656206921609195 -2.980751228542987 
0.693361802651565 -4.249093859933771 -0.6192949296185704 -5.427101726473231 -119.8654132532441 
4.2091279593475 0.16791159764029265 4.1695560579302 4.45826331886473 -107.80342309217663 
1.6521649827376943 -0.4202668583776754 8.69428601555496 8.071254294234649 -92.77291048545186 
-8.668533846909478 -1.1887238635014408 10.676664255140755 10.793945180968997 -75.06070483271611 
-20.673008266309274 -16.13916134943016 12.651643655944996 13.97566538682856 -56.29590297040491 
-24.762357708281314 -22.26058553003636 17.20411908457325 18.300305861548143 -41.15178439288483 
-25.59273527513251 -27.76404938786203 19.445317124320812 25.273295289011593 -34.83486484737141 
-26.327524774826035 -29.147010409530104 16.740754404789723 22.156638019461496 -15.50588712989252 
-22.98501952632911 -22.891608024722867 7.396747266220824 -17.813164388079436 -0.4487804705427109 
-11.875167290842107 -23.223807121002423 4.357483996465933 -3.504475555354358 -0.6063454304716969 
-6.36934162744343 -23.18067424665668 2.355705407564552 5.043168796113222 1.0609065485302225 
-4.719160613006987 -24.93908360784171 1.425431033313606 4.078317425521924 1.0759322376934002 
-5.418960377635704 -26.67123386639607 -0.5854997707463877 4.46845973770037 1.0875783833182553 
-5.688409363059572 -26.171581996300453 -1.2790038796694747 4.039989130886043 0.9351231614320578 
-6.5756041985592235 -24.228805761989587 0.5457992356201369 2.948343993607444 0.7298699844409214 
-8.511721342109384 -22.22344162841733 4.422322957337104 1.9109397319074393 0.5993291680700253 
-8.785473446709121 -19.38067712687163 8.04411568817865 1.337867812230982 0.555153351496512 
-6.539583648376794 -15.880403938265129 9.873770176528044 1.0728098899818137 0.561580783701066 
-3.3059575781815176 -12.472264396319712 9.79868974212329 0.5150633885435859 0.5212518954786378 
-1.6690896962248283 -10.743892947537393 8.107004827293784 -0.20112653038004458 0.45325056178415657 
0.5251179009702898 -9.336808428421156 5.062900687253983 -0.6695021234474295 0.3959083556133464 
2.78820181460324 -8.111775139311383 0.8127982116764906 -1.6827528680644261 0.28576653908034566 
3.5120462438881206 -8.199049805904432 -4.028550429620726 -3.604353090035733 0.11543952992147956 
1.8005588445555272 -9.979407280338682 -8.522047635231434 -6.243027260894452 -0.09318299609303039 
0.3587506700308937 -11.335351376270042 -11.413567070669885 -8.73238241674039 -0.339227330309129 
0.9449667716566574 -10.306586094443652 -11.725808430489337 -9.791087415374495 -0.5511599867285667 
4.1388485162265 -6.797174573602776 -11.24682959074461 -10.157082337092668 -0.7445972320951793 
12.613435522466611 -2.0770817164329576 -8.106262557534095 -10.280304258659546 -0.9775353495753833 
9.143008296487404 2.460746641113128 -15.741054103963668 -11.722897190004467 -1.0036499618128445 
12.854356736641833 9.47887077841896 -15.872715411520964 -12.794176750876217 -2.0146794981502993 
21.61174796605666 19.19712906120405 -12.25865522428901 -16.200983656819076 -18.101195460254942 
23.634415770017526 30.70452858625282 -14.073331581501781 -14.063024886842042 -28.822835389245096 
16.729119575526735 37.94806993686557 -9.388860318802198 -23.96996018162063 -53.62738032863341 
7.2662804789245135 -15.79323857449144 -3.634066618750223 11.766714045296096 1.7551483168421544 
-1.4408938292442723 -0.1962689918737575 -14.826000001840479 -26.34286079974594 -63.73371732798781 
4.765842538240389 1.4109236162784724 -16.221028403448877 -19.482137574995626 -68.29336215893012 
7.463204095099847 1.9291855342955098 -16.377020631006822 -22.84818168560798 -67.98771123923248 
7.621804299015996 3.971039953009784 -19.50811082277996 -27.478549901396363 -66.58632663918188 
7.223847514926202 4.682304886669994 -24.029514769656668 -31.503427300233156 -66.92446665939484 
7.0076246492583305 4.7564569019867164 -27.4124790088613 -34.16001122137867 -69.56964728286108 
8.12866801413999 3.727611642563677 -29.90457105059194 -35.38200971375138 -74.70456904749369 
11.088764695421082 2.6043551038138717 -33.31773635370338 -35.925936105866825 -82.77120709784664 
14.902866175651534 2.158696119048451 -35.331788912032756 -34.42657765268018 -92.62202704592346 
18.143158472453482 2.11063626152214 -33.62131527362668 -31.496431417504233 -101.65539420086618 
20.082237083001377 3.8755082751562457 -22.855037189057885 -28.410889517364307 -131.13482758638085 
23.215047932166705 13.83938679179949 10.063354312380723 20.015225588542393 4.395807450563093 
12.256901950674258 8.384473142029709 -5.012451726848693 -6.518784152022492 -2.021935787063512 
-6.467364509020551 4.926496681409628 -17.55202382719669 -16.091716536864723 -43.46412919719822 
-10.928640950800748 -1.5145463060546944 -17.5344838420289 -8.818700477284857 -48.9638059277571 
0.22024277794835254 -7.14228055244285 -8.659143811703869 -10.22171685597585 -78.68111767911155 
2.131384520883712 -5.149793185990619 -3.0429289228739638 -9.848291277252638 -106.00202710439501 
0.7410487335848215 -4.390439206907103 8.159816466467523 13.751093394099966 1.8944134620209336 
-2.544058216137591 -7.507912716183128 -3.761617071066143 -10.374076344646486 -94.33847238267658 
-1.410689963970266 -5.0693638015231555 -6.369360777703902 0.7549151373256447 -88.25275574768567 
2.970042421666123 -3.0775755791868513 -0.6524577460114793 6.691146701787874 -83.50185971663242 
10.144888104153509 5.463041100420512 9.51681668185303 17.706566486774193 -79.4444087735068 
7.908304939205443 6.714298977264193 19.79044101313245 30.807773162740087 -73.04907181823903 
-10.142479853835983 -1.4299520991613732 23.26866516181049 42.48219749648438 -62.32529240143043 
-23.08303992923577 -24.653979958843436 18.990726964401368 41.115652735900746 -33.95225843901107 
-29.673629259000382 -18.001525841551462 17.469097874994162 -12.626753003972981 0.07340566149949246 
-19.103411818939993 -23.412986233123018 8.591499852290749 -2.3204502203155877 -0.4588781332162815 
-14.156725136809499 -21.579017239771094 2.0435598790977068 -0.7165602829265332 0.5659464773948295 
-8.500706975512463 -21.81257288312133 -0.23495585375046463 -3.508992666983206 0.4244190178591038 
0.8690713263062673 -24.474651272803506 -6.240551538025356 4.806247704936134 1.214279400389607 
12.612118228878282 -20.726239811254853 -11.058282792812683 14.030772667074382 1.9669772359869289 
0.8588234623389082 -14.040293731153577 -5.794481164278361 -1.2023612806251576 0.26523660774285246 
-6.175728543152048 -17.910602791873238 -3.604412268684145 -2.6758572457020615 0.04909370601708371 
-12.09360373545062 -20.24334805431109 0.5853855965292096 -1.2968040287742504 0.22455980889789443 
-15.460889821919501 -19.78720712435322 3.9854040142473925 -1.2799457567669381 0.27914319344053656 
-15.896136421860254 -17.987569552602753 5.226890992234187 -1.6037710637564258 0.28092134438031524 
-14.450016232167966 -15.94838044749006 6.440418935388507 -1.1180971638156822 0.3373944883627716 
-12.41682297097311 -14.993218025509208 6.704088486713077 -0.3508454566081907 0.41816908619442855 
-9.560594351932483 -14.602372526643814 3.325180701416635 -1.2710199542097507 0.289119013970706 
-6.727912288975175 -14.32963073138023 -2.2127534129876065 -3.1551365982827098 0.06443382344253895 
-5.460585958765407 -14.452517470685635 -5.026878197357673 -4.214734781657329 0.0008291951220745959 
-5.7071893743738284 -15.297823675909909 -5.13691595106236 -5.434597084923869 -0.0394719405329162 
-7.048121647930354 -15.812637194628994 -4.414659740203246 -6.668893202018596 -0.16146404336903733 
-8.710494967613574 -15.521728441527278 -3.347205771713672 -6.958477801781476 -0.28037792369318815 
-9.226292506142157 -14.067432976678527 -1.7831164696045885 -7.5296644258511485 -0.5041485713580077 
-8.066036656219298 -10.634013220981016 -2.1207465477886838 -6.5980666874826595 -0.45974415929462564 
-4.77556151518467 -4.959276533945949 -0.364290570329133 -5.542434025712229 -0.45513688519095274 
0.2049709897294852 3.3013154951674006 2.6282800231537258 -1.5108172810353975 -0.043211355692970896 
8.350330966020328 13.502752502409818 6.579410248931954 1.053050370195926 0.17464927480021514 
19.59646323700857 26.97109755353963 5.239029803376595 2.1325702208114574 0.1250442843026113 
31.419125597373817 41.1978712491965 -1.293132660921295 -0.1599163497232334 -1.0471689923497773 
24.65138193086986 45.89398556188221 -9.585654691246207 -12.178714014438883 -12.504517275944396 
11.023506895447095 -23.65545873149695 -17.515905531632917 -16.04730884674823 -57.51371245425567 
4.815085895853002 3.3474592105202534 -14.091818717555443 -21.155141129140283 -61.62438291311197 
7.780318488816964 4.11996276821491 -11.641019347095686 -21.891810215442028 -63.01630347902978 
7.2381360133665655 3.1127196949398326 -12.980776627825554 -24.584602886435583 -63.371054492306804 
4.4821224100809856 3.8783380589169565 -18.81539292562224 -30.21603310957839 -64.31244847678008 
2.9814064773537634 4.255580132483212 -24.583349208541826 -35.11240431919044 -67.41408917552569 
3.4704253050111067 3.5737022184041116 -28.888754238729693 -38.00452145342087 -73.8215717412235 
6.228835406372827 1.498893049671236 -32.23979168622734 -39.14325120472177 -83.31066510300687 
8.385537982575073 -0.5662339628985711 -32.06829573961949 -38.53825566622155 -94.43672773949841 
11.586143900268116 -0.6219554542336139 -22.646134930624417 -36.587371654087605 -133.01607169528117 
20.70769333597487 10.301559468488476 9.634211544926622 20.739581247687997 4.463138378635998 
21.008985125177603 11.478950472222884 -11.852648345651877 -9.705600189600627 -2.1694906473436935 
24.177350768921595 13.181742981764712 -23.972920091700882 -10.809151944722517 -1.135203590948954 
21.063292257810545 6.958356213105987 -17.443387119901182 -16.391539846306028 -79.28709244794766 
-3.1970309620182094 1.6468428877018533 -13.885514071345888 -12.529058642248964 -79.55352214472141 
-22.842928152667934 -6.749288004643924 -10.957484957682581 -16.76690288482722 -78.78968182427111 
-13.407828414420212 -12.359634867087001 -4.697284234593916 -15.441365165659136 -99.1591757644657 
-3.1965996825023533 -9.39488354350258 -0.19522766360224664 -12.339202990976428 -123.90711936293435 
-4.428051707088008 -8.471765316666747 5.276946355342634 -6.909387044932626 -159.27223899903944 
-9.058964084639506 -8.1539350067065 28.4628141829031 20.43896517198087 3.834962233984983 
-15.665170286102933 -3.207807156124488 20.701139091469933 3.1223953540793237 -1.6082121245572913 
-22.778871000376594 -15.953368427889526 13.926556157613327 23.517157603395106 -116.7899001016798 
-21.468068680816096 -17.546090084957434 14.997365893929944 34.553897596511554 -83.08993328105723 
-18.939266137087387 -19.054461498202624 15.451866914146553 33.33530547247929 -50.99111698252294 
-19.949093625188922 -16.798618008327207 14.592057896069072 -7.184046494248328 0.811106467824026 
-16.628067121162353 -22.8958330584735 8.20454087914817 -1.3556454231936397 -0.5823390084551353 
-14.532269181144958 -27.99708627783409 2.348439738374106 3.8183541320949383 0.8383298664324055 
-15.20297865718442 -32.21776621828908 0.10240442548016467 0.9279852000555757 0.7211215844156464 
-17.4417404012889 -36.60333050186833 0.695893285393267 -3.2045715760910176 0.34566289738053146 
-13.673839513705621 -39.62323363020711 -1.2617395767023518 0.4967554216771651 0.6273293387725133 
-5.691563492262392 -34.4220464184177 -5.991906467715104 9.047280554746408 1.3502029746035746 
-4.67352924711311 -27.132354191506153 -0.018338599676656023 2.575825107732099 0.6776492372194919 
-8.574858033694559 -25.02682592153685 7.322114058039862 -1.2195865032430104 0.3046135940137035 
-11.751054612484554 -24.97345283499309 9.373213597207037 0.29104212760715625 0.4758124956024721 
-12.05443530881944 -23.64220181620241 8.184148865270942 0.47681625692070917 0.5031925850761174 
-10.306909394400355 -21.413370463066656 6.865062479505892 -0.21786485457811494 0.43237077952059866 
-7.475333044413996 -19.032915561566586 6.016823618573668 -0.763388968937023 0.3745554558030375 
-5.119081668781771 -17.598714387082516 3.1730097797375314 -1.4704293124785008 0.29388197945493383 
-2.3774488313732447 -16.28664783801487 -0.5859862307534709 -2.3679812744254423 0.21491987333058818 
0.9316443573633908 -14.406749536815985 -3.2520702091668214 -3.6842355599201704 0.12902158570635058 
2.4549901801053404 -13.03907524008331 -6.2513775947589005 -5.691369883735884 -0.021062557273445106 
2.2326719455602335 -12.725032662871067 -8.445876656674695 -7.662790728256314 -0.23774980334124923 
1.021595422263841 -12.895228229651806 -9.532356129209951 -9.090012317793127 -0.4932304332300489 
-0.9330488960312403 -13.53554395749951 -9.63974020963131 -9.94109248580617 -0.7098106280046335 
-2.374991794239732 -14.038553830184053 -9.049474139657564 -9.752801053500868 -0.7690803860963508 
-4.015541855868903 -14.298389996183454 -7.800606079355097 -9.010935856467261 -0.7544022787350642 
-5.095430597118694 -13.61137968352392 -4.3696938754546055 -7.292073870426939 -0.8852537930686247 
-4.666652426984035 -10.363108152477816 1.3941455085325194 -3.4404992461656865 -0.5476602943277157 
-1.4893561473332724 -3.1008865816428206 9.310421762268568 0.2820983009105395 -0.48406889061504865 
6.877136638815019 7.533218839029407 19.355450758209713 7.5617254575220505 0.9730925466149987 
11.01549384081854 19.32331617988227 15.081056247995752 5.322585579709285 0.5977019600542878 
16.050391916022676 23.39730822169485 7.667236241126793 2.643596791616243 0.3396714642980802 
9.414348763689235 19.723646156601895 -5.786650305787057 -1.5983551608174875 -0.2127645711353019 
9.380953441341996 -3.0859276269104177 -12.077768054456337 -9.260948518465067 -28.100984521701122 
11.406369245951442 5.093271150125813 -10.35911969160311 -7.934256174161123 -44.08176754165888 
