4.851417433359995 2.500131197866805 -8.19724496831181 -5.381997442764099 -58.648871617019616 
-0.7306301108814863 -3.0456445296679244 -9.428833557820381 -14.374337366164168 -2.8135472138621713 
-10.033932360485087 -2.306666485871892 -10.878232090743671 -4.283574720012706 -0.25545951055961924 
-9.991568077509967 -0.3723720692184614 -4.931458433363305 0.08633809600046755 0.5631427327839782 
-4.97672531614265 -2.507272454330665 -1.2980485139884617 6.983631894115636 -59.869815263460474 
-0.8687706927446931 -7.376835337823841 1.0644436390952063 15.589966472963447 -76.88319278203006 
-7.651522799542242 -5.489996797471881 10.05234588720089 4.710740053514173 -86.23886359480571 
-31.06525270195667 5.098024949049607 16.531148553788107 -6.799734227801786 -90.51403151847212 
-24.8804334649917 -4.819956228753834 12.295781587680137 3.8472286481836533 -72.4723061921118 
-19.968004393386018 -10.215863473988021 9.369670331643627 8.572976848924299 -48.16662505549479 
-20.244541751346215 -5.885156770343811 1.1888598707753348 -11.615873622717181 -2.5211246047965123 
-16.065631336147458 -3.259004465417287 7.513955061819095 -2.5049992703993764 -2.6888699309456685 
-12.92101382978324 0.9405285166834592 13.80480944585219 -2.184410207883883 -1.4565127942617522 
-10.078289724953114 2.2309849902012178 14.161340271917883 -2.3480918433229934 -0.2708475527348331 
-8.460439324564671 0.7244415119400595 9.279590266533983 -4.071669371436939 -0.004622052584183671 
-7.475425100058507 -4.160991894683175 2.1900609080437072 -3.600771913560453 0.2568291893790282 
-5.27907164585199 -11.44422404378786 -2.701584419437946 0.07467071461249898 0.6266306760544444 
-3.684666902178465 -18.019403116237623 -3.4865003254909976 4.560966921733223 1.0472818499692602 
-8.311372702191514 -20.957332720685645 1.6092166866581759 2.2035067340852827 0.7154345378816566 
-11.855962358435349 -26.97414287771552 5.562860927996835 2.071526535540585 0.6102944813557789 
-13.027551662345207 -30.77174937146267 7.60709488869636 4.020667562665934 0.7768044914750503 
-16.913770454217293 -30.22116378971735 9.332772862207841 3.7986455829338097 0.768257650210296 
-20.08417005572087 -28.992058077339976 11.9754874167709 2.9520244493960393 0.7084299257597254 
-19.78072688919901 -26.56305309197571 11.895872507986418 2.145602287290772 0.650682846743088 
-20.160356599961784 -25.28351769181863 13.092646320969227 2.2514938324497416 0.6896273524530863 
-19.02860366223724 -23.859322223947974 11.892238528709866 1.5986732410516156 0.646903951888109 
-16.96330562637182 -22.298144460506226 9.154271546041263 0.6723378598006041 0.5690591969054165 
-15.065631470166597 -21.120013253047485 5.6654146269580785 -0.7105627714433015 0.45302718610505266 
-12.560665696076486 -19.890521038734725 1.3880070849004682 -2.8444015550207684 0.27841291465621254 
-9.423002360578815 -18.090321645610043 -2.3132605488754043 -5.308408332707848 0.05875882628567262 
-6.689650109519105 -16.39296728478547 -4.127824024890213 -6.754828211370841 -0.12917162730391307 
-4.6974500579219365 -14.379538339702616 -6.271490859261003 -8.83051195545806 -0.4937074869168188 
-2.521321724871989 -11.55695453015091 -9.67989925390439 -10.53616558331499 -0.8604096256344582 
1.5185728961517533 -7.00887920537127 -10.52987145237594 -11.206582420947141 -1.0832859189814497 
6.642461941019577 0.33064970429445395 -7.415053199239532 -8.040820833669255 -0.6701501752963036 
12.980521426178553 8.098995710094021 -2.370492990635515 -3.978370841898443 -0.09224625652588901 
18.735876636328467 17.495980006239524 1.996755720459283 -0.0561982973611383 0.364233396735774 
26.62362424954611 28.969767047368013 7.315283700743791 3.420432468719675 0.6158372669457184 
33.26222307125191 41.083527665507425 12.173499350700308 6.300558557797256 0.8314801266149835 
30.925140885536226 45.289135341592484 10.283469092295663 8.011686463954222 1.5136516616096236 
9.674231539316196 -14.31843682060634 -15.287783002731857 15.941126765627615 10.829758637530643 
4.707611013473093 -2.1268129939226963 -16.816923267097565 15.033264924685819 14.29241545859409 
7.948593054007484 2.349622883605792 -17.651638512664643 8.814414392473514 15.576814636088448 
10.325570530551358 3.1575410218923565 -23.718910494504918 -0.5737119287124514 12.046529388240613 
8.835907451353167 3.4334767794898693 -27.822012411895717 -8.452055932403116 5.792568130105971 
5.48373371349457 5.295743014284121 -25.27393671433382 -20.66714800669009 -18.33660357977072 
4.469162679710915 7.944905323569023 -14.945408258893387 -35.77276539534847 -72.21415897658666 
10.263748226155709 2.503837620866435 -26.832145796354382 -31.85519381790928 -71.44859762806897 
16.016015087816232 3.569050409228425 -32.49388568745178 -31.429842293899018 -67.7882956774158 
21.473472105522404 6.624288064883508 -34.269536406049404 -30.117026738557563 -66.40584123131435 
24.270914103508343 8.30882582187293 -33.97818306701587 -27.695205258593596 -67.90896471322739 
20.132203364033888 6.105003705710042 -31.809532874265464 -24.651864705811573 -69.23751014466282 
7.396789044146855 1.5487898573865835 -29.121512926730492 -22.92958985782433 -66.7435112575694 
-7.04254898574558 2.6947194422524197 -19.133524592576713 -26.494845290577434 -87.3590677711453 
-4.722804085206743 0.3455261288274442 19.236079373361466 21.319864978775534 3.642877918976216 
-2.6911608875607147 -3.1620478246685804 1.3190600282694644 -3.302794807442833 -1.5119373635758941 
3.5735075429718473 -4.381062541392746 -11.89887704043713 -4.2230907851512685 -94.5738992591515 
9.937427877268767 -1.322167394789113 -7.052018528262341 5.75311082348546 -109.41751287984948 
6.615691192020206 2.666025476363855 -0.6130547772267247 6.413569121544819 -110.3013337427052 
-6.321156427151017 -0.6003354758805979 3.5478663966277653 7.065415482757246 -99.60249612425477 
-12.676782598582601 -3.971021103921728 7.6878509083127105 10.684121164623166 -92.85005376157604 
-18.496568469283517 -11.932478955740981 9.033810297235952 15.355225218974944 -82.76725637908125 
-16.36729617146512 -7.542071494295963 15.34938616344961 24.06945968712047 -90.55172242797067 
-14.503828363798263 -8.798754365600054 45.52773144005028 18.439677138079947 3.245478128147125 
-11.21761863562214 -10.051636173349385 13.723996818918069 50.37146023320111 -33.65711519541667 
-19.59870623493841 1.7742684463574718 3.247739950336755 -25.324958111706916 -1.1401320902985292 
-14.940940980575151 -3.1967940551172656 4.747512063100491 -6.043002729757068 -0.5815525946218278 
-10.285543937311445 -3.766859081451413 3.7426812582356246 5.402220066801782 1.1260055122927706 
-9.428482242593692 -10.156531160154586 5.485249564305355 5.5361485277268825 1.2579583883358287 
-10.272916750729204 -18.93992071770094 3.35846665224293 7.178537782343099 1.4347355567597653 
-12.216276357795767 -23.927005188356265 1.6380643658221339 6.011029705940517 1.1775067077665602 
-16.79968176397216 -24.28783765440895 1.9238040192286174 1.6710378386607123 0.5871263184037477 
-18.866155128616597 -26.53465120203689 2.3036227314308726 0.6777892469267521 0.4153163674592018 
-20.171630674869593 -25.84725347380956 4.7021340765202995 0.48613788056090473 0.4111750141693638 
-19.170562251594436 -22.7786871612163 8.526681717916608 1.2808129063352152 0.5457943520200743 
-16.320015784210703 -19.96611046199111 10.31336464559315 1.4176126193333942 0.6034210126416426 
-14.861558924788092 -19.044934904963295 9.356937317709912 0.882699519728519 0.5570431233835481 
-12.7588525210905 -18.351212676089112 6.197621356215776 0.0676834017213021 0.5024931981818541 
-11.736368671329046 -18.057046111271745 4.499653192218086 -0.7163632320535394 0.42906672409684155 
-10.22625162882961 -17.4873976203844 1.4436154857586814 -2.397206779446733 0.30421198438001856 
-9.038967809580816 -17.45988036578549 -2.1863467837313304 -4.945189525721621 0.12544777343561817 
-7.504733493309564 -16.97600063295366 -4.539219492822959 -6.9457376375301365 -0.10917355724567843 
-4.803600153111995 -15.258579018927655 -6.182315815167542 -8.328972925772915 -0.3714169665430104 
-2.659796339664818 -13.434685862499313 -8.332092416094017 -9.668998321762212 -0.6787797493474664 
-2.3208000183827373 -10.979622241301428 -11.882381532543073 -11.126688262763393 -0.9855804400861601 
-2.3028465594569574 -7.69332231913197 -11.79771568078449 -9.901332758213691 -0.9062953542417667 
-0.5884225515971107 -1.3189134475358781 -5.057123422613534 -7.7806967825313516 -0.719266507646136 
4.177202971897939 8.275829019992527 11.205847759998276 3.8138633410283904 0.6289049792075805 
9.147515454410762 19.319762724050218 16.77442419682087 5.066381101411837 0.7096609256740106 
13.05896903110241 30.05427061627734 21.652910322289667 8.239568895739081 1.0366622227079079 
8.673245141689627 34.349054651088466 20.52154227853615 8.518741368167387 1.0578455492980303 
7.919422493669537 16.69621172130026 12.586972274713151 9.222428031542956 1.5402522452581235 
15.971632363043927 -10.568775571247786 -15.753121680228832 18.16066193198507 16.134560832237582 
7.735866339501165 2.892864702907646 -19.810643457224 20.67977424343156 9.261976299590083 
0.28455596180864845 -1.4418967854532256 -19.15395564975161 7.729979422938163 3.000340619312154 
-5.327066411376274 0.07563332638096165 -16.91974014413668 -9.685838652774226 -13.125669875235197 
-5.41559518934337 9.084638322749027 1.8795846438975776 -39.04128144285501 -83.98726153531487 
4.991696496666721 6.307176253541001 17.91956918159761 28.996805187531688 5.286331743409833 
9.25709012295685 -1.6560685174988108 -36.56974487600908 -14.84271662432337 -1.7273122862213282 
9.14040065763708 1.7895765002751207 -30.68441432960723 -27.5951647534631 -38.6911341286522 
7.6166189620712315 4.652374345350193 -9.094571309349865 -45.40207066914036 -118.52431434303242 
14.608867592522943 -0.16293224592671623 -18.448654598199496 -27.73101658311485 -94.02785401562393 
13.597777713521394 4.540138942670713 -19.370753179745666 -26.179468536447665 -69.62866416336867 
7.736614594689247 7.823057204573957 -21.154925535330456 -24.49628612133737 -51.02383854503531 
2.4837625639598464 6.3255572849519535 -24.57635185288581 -24.616892890176814 -43.989259721112894 
0.8296189775942516 -0.8628378534495774 -26.2514666772461 -25.339639467785382 -52.72242748038215 
-0.07623816148374893 -7.31029127312281 -24.02731519592648 -25.467061032795442 -72.11521382699641 
-2.7596088211087895 -6.943495443752122 -15.401001649691857 -27.48575956045954 -103.49163054379385 
0.5338808662583749 -3.528013956089291 8.909582628524802 18.885697777155183 2.7112217898276953 
-3.1191863103980215 -5.107248869260499 -8.788623464007225 -20.030027923502594 -78.9322545185707 
-0.8864999832122066 -4.7257192967303245 -11.251873185671396 -9.330559725292675 -90.39609110339465 
-1.1992265436622351 -2.3283574085288605 -4.172454497065583 -4.351414421966552 -88.75757755560039 
-6.127012835063062 -3.0161013234046274 0.29248882959948186 1.1853341363182843 -85.88577664897088 
-3.827259672349885 -15.809270970415827 0.34782947271229114 9.121565562080102 -82.38761935709769 
22.829921851939886 23.066443003516607 11.917472188906963 17.943125192805635 -69.95487698756801 
3.964530078156337 -2.44598667065789 16.27614728620125 27.49981041035953 -55.579379184660326 
-15.141666796368266 -9.89784448483021 23.391886082884206 34.0117184123895 -42.616607859180306 
-16.244450235737656 -6.660317304973408 27.91343996621599 25.376646750358734 -10.889193288986522 
-16.97808694520739 -7.5016037652802074 19.987614177088577 -6.874105706357312 -0.07267689587292177 
-18.220886913505485 -9.77974401194226 10.383271765967809 5.554465979540194 0.7856625622973087 
-24.2776927337188 -4.377473137963467 12.870497236264203 -3.368717115663327 0.322660930148192 
-22.169620684746278 -12.353142850993896 12.18117765097578 -11.273343960216105 -0.4610823236941895 
-2.4596599185730588 -28.616034876087355 -7.425160481518967 1.0905658262300457 0.7618473723264831 
18.542550547932944 -23.895550343225775 -22.010395594784704 22.53511589507083 2.8701253426367423 
9.297427235625676 -10.431982600878994 -3.5342582899955457 -3.499354655736604 0.08953690956746208 
2.3402944162376884 -13.510698876984947 1.8066216385414129 -3.3691573500687384 0.06515106336711061 
-3.866962341782226 -17.33859592377449 5.548876160610332 -0.319074707968034 0.3918172618478823 
-7.063618359277002 -18.22015533575803 8.424942723033153 0.9003468916023076 0.5335255832368918 
-8.74119899825077 -17.99242347071884 10.137531205948397 0.950365300264803 0.5417568602074684 
-11.09820868849194 -18.692511249928735 10.24659129521919 0.5875891317120179 0.505559684868655 
-11.875529451024983 -19.129061372989927 8.568263044414662 0.4947815543446848 0.48379763165418904 
-11.380794458432275 -19.159235274205415 5.01320967429329 -0.21318685266617096 0.41121959453030144 
-11.209977044631152 -19.69033417455902 0.3785484633050409 -2.078507300074036 0.256011275859728 
-12.555259120183553 -21.084432854513818 -3.9779121006875284 -4.8314609994335385 0.035041454115702 
-12.117739835247399 -20.75501360321164 -7.219049436221513 -7.496647420562984 -0.23337104147896856 
-9.767170357298845 -17.697339374793188 -7.224987127711784 -8.072511873058922 -0.3984128310621305 
-4.471162923215802 -12.658491114575488 -4.493196157084185 -7.9387332343481125 -0.6103642858218318 
2.969042292033958 -6.818941603632461 -2.2812569218446317 -8.23377422394123 -0.8727433204015755 
-1.4540210207747917 -1.8909047962468584 -7.834677571533186 -9.1729933315993 -0.886786714878819 
2.0080176130640544 4.192178792548706 -3.5063865830794954 -5.600053524877331 -0.3526442236596348 
10.109305348899937 12.876954253595681 2.7400967647238277 -0.849153350113393 0.25137152443705263 
16.306299503226025 23.210224374433118 7.275729252845873 2.750329314513283 0.6274879289272446 
21.352954639973404 30.30869075691039 10.11752192271865 4.429687820578892 0.6801818132620542 
22.718683490608942 32.42130900107202 7.850768976481295 5.44983683790914 0.7609243164691817 
14.912571601143783 24.71425169815259 -3.6543171770290717 1.2905641108954096 0.7615670418283439 
4.055838204256496 -10.09582256498011 -13.15523452509696 11.49290212554914 -25.22714298899545 
6.452535567861951 -0.5203417723423147 -16.621025027815904 6.215914847284278 -28.22777119772782 
7.307790144118542 1.3338106825208447 -19.308942486923296 -4.75123271614417 -30.509721832308784 
5.722642619090922 2.8550743563386645 -20.78706995747315 -17.891980841947642 -40.882528464294644 
4.170089124446365 5.846540443161616 -18.195872522307006 -30.708948413280833 -64.187939466585 
6.471055666090596 4.049818410166741 -23.44737544057822 -29.115190773808926 -66.61454329251 
10.4168553410752 3.6822955024115434 -27.027957020594503 -29.82927432728834 -70.07076140044673 
15.568064686476498 4.569620527760179 -28.505425621347175 -28.73828811835265 -76.12910016766497 
20.77234437470602 6.120709518258764 -26.377288842806905 -25.319831316198567 -81.59121760995728 
22.748897758287065 5.93205966510446 -22.289032362046505 -20.52095946237465 -81.20222677005951 
17.220860990604155 6.520386264545296 -18.86317861401192 -15.994904093427843 -69.88188127614069 
4.3573778211493766 7.794147173471901 -17.65905533291622 -14.55952437716853 -49.09945267874334 
-6.508409825855409 7.532428448211628 -11.614929289743763 -20.14937532146941 -53.64070796278513 
-0.5022134279258784 0.20822674370881597 6.926639150426782 14.51078881483261 2.4916623575062533 
0.9180227376432 -4.789891765300298 -12.59261942752947 -20.166965417079044 -59.7376635453212 
3.091425127600353 -4.74348975516786 -14.899770381853514 -9.225511852706996 -74.97280368694092 
1.9786028540820066 -6.038570039505317 -11.95841682846161 -9.980791847787671 -83.08559783776441 
-0.031062460190617466 -6.844614399103767 -11.380552212317486 -8.77456447903856 -84.48294925682288 
-0.395349700187501 -5.148784290895149 -11.044794941816754 -6.095057254853357 -82.53211872760203 
1.8939598298139315 -3.271005668388121 -7.453833007466514 0.11751629317495778 -78.66626138744004 
7.442648239775318 3.3121067387370933 1.3680878274605817 10.864194923861218 -73.60867253693542 
10.442230535862661 6.435017548312366 12.52407653919848 24.505930668672168 -65.98077984441868 
5.872834745573172 4.112066293131439 22.626778874792983 39.41451794807217 -56.46598091617123 
-5.921145811643687 2.1293148937560895 23.86268349140092 44.77739363399334 -31.461974485490476 
-20.603083778418746 -0.07114969011286885 14.500081725288457 -14.971391200081078 -0.6384618407872545 
-11.834488325047872 0.6200041446352573 4.320764373245084 -5.218240643080974 -0.25394962471483196 
-1.1259044917144605 -0.8286793763845319 2.3646237670518766 -1.6232463000042758 0.5078454941271526 
6.70605478084778 -4.719416294034512 2.2926432449052343 6.465046464992672 1.415606847446133 
9.156617575339585 -10.152012863173493 -6.39685588601352 8.096670871416318 1.49254205353479 
-5.263117950097091 -18.633089963757026 -3.316776344636686 3.625401229083283 0.855094915856336 
-17.57318241041884 -25.798532258585688 -2.158545925303864 0.11758809263147396 0.3472921808656862 
-21.931823243384464 -31.722610850334185 -0.05285376779883949 1.1642770591881872 0.4219150667396672 
-25.710888698510225 -30.579983821545593 5.566774556992899 1.350875776461464 0.49734629496225546 
-26.063329981388254 -27.658134625293407 9.234854210178868 0.5236010354785632 0.48647831827404864 
-23.665690141464868 -23.940525053008628 9.661529142504648 -0.06277815932478074 0.47550646392945234 
-19.88346635487476 -20.278210665144982 9.784929655749817 -0.037553725809065894 0.4875023286112337 
-15.976908050070254 -18.05157004397845 8.91515613492189 0.3074911959661424 0.521346935398552 
-11.608864558028909 -16.63410139698156 4.510463317531232 -0.8829227600864986 0.35008748321767535 
-7.453321502861136 -15.464590890498148 -1.7287838156999353 -3.1573068003867 0.07747973577862137 
-4.949550759783781 -14.72790699608511 -4.858892112218279 -4.705749772940323 -0.016724603547004748 
-4.30245212976351 -14.613236172942228 -4.996426951689318 -5.785430328313863 -0.01316385134079099 
-4.393800457216263 -13.757835293643913 -4.758928139382783 -6.915930184419693 -0.12364971307262082 
-5.69785193997268 -12.416555742687935 -3.6131293040423444 -7.529281575269112 -0.3220695353214922 
-6.589839387317724 -10.343793737642317 -2.3385730954657507 -7.62687287678314 -0.5153501621157116 
-6.114656881505685 -7.029769385139586 -3.042384972898364 -7.460049163612542 -0.613019565352493 
-4.306550229428206 -2.467613130212239 -2.0342931004480302 -5.850419274183306 -0.5322354236702787 
-1.17190687764186 3.464968340723225 1.4204349224909738 -2.627746922954776 -0.20627947167916144 
4.270893082997081 10.513347786574716 6.7789101799007225 1.1993515823082295 0.27622540598813067 
12.08988837779341 19.873017050155944 9.017771812203518 3.356110192190649 0.622183332184056 
22.33347075150413 28.578406793929226 8.489645567655705 3.814700678003782 0.6805848263154194 
30.617896895226853 35.07679777999281 6.43462122496871 4.204337929429735 0.7178462963954834 
31.282836319474768 37.900823828352706 -3.764935815739807 4.7156295638422465 1.9428005364608323 
17.698623119304244 1.7718633524426626 -24.73355511051756 9.658894929799756 5.7990889127470515 
18.962021807917857 -7.206188880773947 -21.300138706991536 13.954689463716075 3.137888766228141 
21.47927010659209 7.017063399023075 -13.510963937256848 10.590532986761227 6.459426501208458 
25.197640218367926 15.686171790629908 -11.079092147054006 7.899889122312834 10.22609673580744 
21.753111724940833 26.639982755980675 -8.314088311276803 3.359796621144837 6.226084257587657 
-2.6048435728408217 51.91182159554411 -11.050952976473818 -1.8328568426009544 1.2833834808775346 
17.18328524104915 -68.37163547796024 -32.99620047170986 3.323389297268048 -0.5881003160193654 
2.43818937034428 24.427356956770048 -27.173477715148945 -15.68770605195956 -21.980315346780582 
16.891032966662532 21.046913330481722 -15.242170240834122 -35.85127358138057 -83.74360403816155 
30.259722049722292 10.653348351316343 -26.29474794463229 -24.048442264424057 -83.53025012915663 
31.361780782399016 10.485013857603581 -29.99964410182714 -24.50504837417763 -79.87722508661587 
23.66369087146424 7.564466127388881 -31.98642496829903 -26.77189792287854 -78.25936313277545 
9.94046416766886 6.1747699880234 -25.82783243608244 -33.91803402822751 -97.3885329892862 
1.729192417353025 5.847044365339572 9.200226441858213 18.40841817434231 3.390918477754115 
-8.258218669122215 -1.0236336487679751 -10.53773402982306 -9.832685423965534 -2.071523421544784 
-4.9251414145795955 -6.601676199300066 -22.301226284308772 -26.094114439853914 -72.41884450621058 
4.469992980236827 -4.433712787333369 -17.540200094994308 -16.642174561154015 -92.1508884627953 
4.087111591916753 -1.9162017854199245 -9.633093437276013 -14.253356526076013 -103.60241839415518 
-0.41451850579348737 -4.474098585471755 -3.7683367351120807 -7.987592686149572 -105.46073704379808 
-4.154622460108324 -2.4044036462236167 3.3288180522384794 1.9423136095700737 -98.30448504849394 
-6.2495017920810865 -1.9051354709006456 11.89417333413535 14.714579324892885 -87.11000200534389 
-6.909827336037347 -3.3494817688770575 18.391174313213604 28.49995256767964 -73.04846625914206 
-6.938886553678195 -3.4095772107401934 18.950950307532494 36.16612179366504 -53.2785608416555 
-11.767116446893938 -6.221090601324192 19.254199653570137 20.58599082386985 -14.214787755766563 
-18.519970025194812 -8.595811788750288 14.836754335610753 -6.792823517839298 0.44470984253601864 
-20.364597642106837 -15.877458731608327 7.853929767586248 4.8677195640091755 0.45802497050465374 
-28.107509879072143 -21.08591550145718 6.761827648616807 3.5249303611720464 1.0083238397710734 
-32.173814880845384 -28.96974140478125 11.234392332333153 -7.358666224269794 -0.09637119666228952 
-21.74725596592643 -39.70268606915583 7.019880923565212 -4.638208204596635 0.14915801805103093 
-1.0037168429397625 -29.994427769671894 -12.44142963527034 17.567926732860318 2.1257844127241587 
21.811305292635414 -14.127805481947677 -15.25680272457465 8.469152670465148 1.2884969828804027 
9.541067616960586 -11.41771964593066 3.163316220785281 -7.276623781857398 -0.2646063303423028 
1.1677706102107612 -15.102354182154368 5.62597609557217 -4.194350432038421 0.030895370097140776 
-4.22162957490913 -18.031047410088142 4.51963671243467 -1.3663524880280875 0.30133123406125184 
-6.804092807344076 -18.90044801425117 4.250747021450775 -0.7170872805502151 0.3595866742653509 
-7.568732449865677 -18.811554770300692 4.989199671608809 -0.7545861350761 0.3501926426089224 
-8.298098742651545 -19.372613204866568 3.697354444021561 -1.2222153675344503 0.2931817587972251 
-8.212329462827325 -19.96370401552122 1.3233296541040793 -1.712867631925889 0.2587737293655973 
-5.6916206594776915 -19.049879227977023 -0.9245864647225818 -2.816726951076173 0.2007783982027841 
-4.591298093417279 -18.299794160581758 -3.698954283743241 -4.781183439394103 0.05520860313914101 
-3.1768416895470812 -17.16359885392799 -6.378600692842099 -7.0237836490995695 -0.18975424585677447 
-2.5416291447747565 -16.003296541355866 -7.705788028770604 -8.516309462129025 -0.44982440975372623 
-2.2457970432093894 -14.757142997867737 -8.238690356056525 -9.43728702044442 -0.6721316631883407 
-1.072448766675703 -12.962637527323693 -8.782355507887198 -9.5451246230068 -0.7696336176475539 
-0.733135762366015 -11.35562301066026 -9.550101568124688 -9.543772789658803 -0.8352216946356075 
-0.5209419266426634 -9.960205702942273 -10.095587232922254 -9.265642367411655 -1.032959672314586 
-1.8487960831729735 -8.58885455451706 -12.11930480700947 -8.473467250998755 -0.9532623930267866 
-1.7571926810298346 -4.869102441441881 -13.189570941363918 -10.224082799420046 -1.6176251053249373 
0.6284994190417071 4.8772891281988455 -3.145678299788946 -30.00647435125531 -65.63486302332122 
14.370471577866068 14.041161401100746 8.29897778705253 12.660441895932829 3.046726490276317 
18.70992995467751 20.838054677670286 -1.0425096249692452 -3.273589992421022 -0.8863472208668416 
20.667983079477253 18.910424353735362 -8.742814454776587 -2.9151781904056397 -0.43880019475747944 
14.896907391037473 11.997107099360749 -12.660601024482846 -10.531833101499993 -41.31006384875066 
10.325768435953457 3.208223889514933 -11.618661090055383 -8.301756225245933 -48.77950550327681 
