234.32070395082985 232.27867948440124 222.99534564102458 225.4373392554966 179.36791474755603 
49.01192971788211 91.91791141224523 4.962934030683268 13.555117394217621 1.4593943887968406 
39.30577713117695 47.35897229271444 -12.551544840240908 4.670372383326551 0.873629030764163 
-8.956418152347327 24.040123963327844 27.185739468932265 13.903691539410058 1.8768532861628973 
70.11990086390473 40.3218728285996 -73.29447348127071 -31.512304036891837 -2.701732769298474 
12.86376935895502 9.173997961582467 -5.3873299443285925 4.967115300707434 0.5211767448173157 
40.41891701346559 33.60313648449968 -37.34857771561239 -12.78466186702649 -12.256422573955449 
-1.4153100736324653 -3.462905547145842 -8.784263479642485 6.340256537060625 -28.92897770390319 
-77.37885105895404 -47.57940049806673 53.835851484026456 36.65522863730782 -35.299212017419016 
-45.25521955698178 -29.67521161215359 31.605901627978277 12.601344295639093 -1.504347642004377 
-79.26824989606078 -47.723681890271216 42.95582919783739 15.376949170801307 6.974095367443935 
-55.71152687531155 -29.930802791544064 27.778937642144854 2.3046588925782254 -12.775229863382798 
-44.05812894686456 -29.78841208443255 21.867835161741475 3.6705629291637334 -5.157973406806073 
-59.34028177026418 -32.27121792362679 43.04856483448156 14.836514904178994 1.210066974759509 
-113.79674104891268 -52.84767373479003 86.76187816440323 45.60851717711815 5.682928525773306 
275.5456957348976 145.91153157787988 -195.83277002535445 -81.90535621731529 -12.551986324228048 
-72.86343005515182 -32.861043114417406 60.80517733361487 16.737500626738534 1.6253179631729617 
-59.18177487386229 -31.186940634234297 37.10694185180225 8.973100722766501 1.055145234963211 
-38.27916907162796 -18.558862973928786 28.45010742755319 7.479775903686075 1.1919192089059827 
-22.432403584919605 -9.067589337569842 12.481766167623876 3.186197464458658 0.5335074282285424 
-8.073503072793585 -2.060378765023842 3.932607178675708 0.26986378090900787 0.7264146995749692 
-3.318242800860714 3.4919085729516923 3.412831847870698 0.0942611838779875 0.5885879508795286 
0.3513561711228751 1.9716727110277048 3.5256190930181273 -1.892760355994643 0.04998609128825664 
-2.120528106207046 4.572245300702231 4.952207448621966 -3.306697284795281 -0.0862092909724711 
-1.5679870186516331 5.709232746492514 3.4353003942588107 -2.115132115457565 0.060465658454821186 
2.1663107455093815 1.8577742930969392 3.333621323499873 -1.7753680967653767 0.12952198799536527 
2.9993004249889745 3.1473597492299312 4.843083453160259 1.3837137976447043 0.4816624556111314 
2.380709794294378 2.2241215828374945 4.769041937827549 0.7629340092468399 0.42591644319027006 
-5.252068224441313 5.557827708002411 4.8263347743568605 0.5764565919064196 0.40419112798183654 
-13.053807619645012 12.193624442518027 6.023478569068143 -0.7885704444005263 0.21174430333574706 
-23.379615702598333 23.077263569175937 6.389059621157755 -0.4544631135624475 0.182256129139682 
-34.94188265200887 35.49809958737161 7.240925220215148 -1.7418760106534534 0.00951503905363747 
-43.953989380252715 34.68940583354308 11.051595195765788 -1.6341143165551901 0.09072561788713994 
-49.243787182824796 -5.834080807065101 26.14337048789016 6.277071478384038 0.8966439724830515 
-80.12405653885912 -38.30480354054754 67.99177478341397 37.23109380543926 5.029072488632703 
82.56170434815444 27.2908208567271 -94.95056420731812 -43.7267365688607 -23.005135088367197 
90.86057001108134 24.746324513853054 -100.51256368290097 -48.30872093688631 -14.900942173137546 
45.93461442620715 4.169029475484615 -59.16709884705412 -25.115693910324406 -14.660255921899866 
25.808721327325785 -6.68706252614495 -45.26315355869887 -19.174968546601562 -13.250220064006994 
13.862021862404896 -14.00841275982773 -37.431557308096025 -17.649535678341856 -13.18076383119461 
7.853778600098165 5.886357912442836 -34.8901501538429 -19.02348963933711 -13.319656089326191 
15.2567955124112 11.330501046948461 -47.976880182102775 -27.142161404347434 -18.765328363698572 
57.888560809438985 25.986184761964253 -89.44171153404716 -50.311731279452545 -40.69550471087008 
117.91403721940713 47.42157226176864 -130.43217487928646 -76.37797674102464 -62.558244326079745 
-77.27234182905569 -20.26357976273389 119.08024697668058 71.02224840367947 -5.044723179791204 
-45.05101008357225 2.8090812263049267 97.44961810111934 44.34048924199123 4.292435759837693 
-36.66174014644672 -14.026441371901347 76.98845032635566 35.12240323289234 5.48716615071666 
-22.366914436785475 2.8434665794246294 61.0162142453251 40.91375371715022 9.382371627825156 
-29.929400017348055 27.44897388242561 38.5030862689128 22.049853193851273 3.783199508553012 
-29.29311906313623 11.740543046716429 15.938331344356449 -1.2037953805002786 0.5397211421693442 
-16.798499932183482 -12.572107436908341 -20.91678530703958 -16.251975351786953 -1.6198509884577472 
162.08089781839692 47.938532653775056 -122.96286804064623 -49.37807621957885 -4.381223230233039 
87.11709545335796 41.53837672789284 -69.79513913050835 -29.736936499123573 -6.575567610189678 
44.64002529876494 34.63430650524279 -38.99626335034559 -21.951002782482664 -9.009992809683547 
12.96399758895945 32.65380754814816 -22.319184915279457 -15.96920068886819 -11.905752957000885 
-9.2334259765568 35.49638145428685 -15.241994362258245 -13.184086465024615 -10.543423272654 
-7.94681943082931 30.161653559407576 -8.106274961330294 -10.666244304867181 -6.9729868058788 
-6.801773824810853 11.040902369264389 -4.241143584888644 -6.761840302519114 -1.382656831602223 
4.598729973217688 3.451283740482341 -3.710486656973205 -5.620476215313313 0.41969552361682644 
33.4574338676796 11.304249630171277 -3.555634701122482 -0.9890548245885405 0.6322280635640299 
34.35164595291895 12.227248309027445 -9.324021153511064 -0.9617600326874185 -9.88529979922192 
23.51301837398957 10.843695628549959 -20.129193210064713 -6.76561403697554 -11.490782816220696 
36.373593831978816 20.408493237574657 -27.912165963526764 -8.85101625636792 -9.796800559007398 
42.917375672323544 20.211837847139503 -38.912177172331305 7.559261175577781 -9.604171147285406 
85.06634613632212 31.61779413099266 -73.5571381754027 -15.559616790634486 -3.5168247652755844 
-81.73892073137273 -36.516847775816146 134.81175343829 67.64594410260429 9.843926228149805 
-153.1348130073416 -83.38399679982246 224.175266708008 154.42070934018747 25.727312693611 
196.37897608028635 90.23183420621817 -142.51220878143664 8.683798806537961 -109.92695749098863 
23.693433571410143 17.549838807843017 -45.421505128986304 14.5127447281563 -75.79717695546837 
53.62212602726133 36.32569414435281 -53.76922675096166 -27.792614973353402 -4.395117936695057 
-86.99590132303608 -47.37791196600131 65.75499650816589 18.766901789334 2.114986841365179 
-13.594987356154283 -19.159825456175394 -7.094248636958663 1.4786526462976524 0.45674232506044116 
-95.91885116518945 -49.621668319944575 70.93302700681369 26.799305238587475 2.7601920595788902 
-62.45989185300794 -26.73481705245213 42.156528826835014 20.709079504062398 2.3061148185862437 
-62.84654199438808 -25.74945863421479 37.319107502599316 19.54780223437496 3.4063648735319494 
-93.59757550627218 -42.762929923275735 73.86976927012803 34.3254085751222 4.283816074788845 
-159.42360492790618 -80.49489062991051 144.43544364662452 94.61683591731904 8.671683186496448 
-80.8274140068318 -37.87676639596462 97.6305122083812 41.67398531082515 4.013220342662073 
143.32109654674605 79.15813272291089 -94.15141880452902 -39.497965075984276 -3.677356891631587 
96.88246471571622 63.431260005688216 -79.21664687654582 -34.73568514115986 -3.103789881486975 
61.03593230701866 37.797295651393824 -43.6480662542169 -22.025080131092484 -2.1802137034866695 
51.690631560870585 25.707754518127654 -52.96968433148664 -27.297105676854734 -13.769632565552861 
58.90265195586154 24.00334912977905 -70.88869983257058 -35.40193151217832 -24.145083233786032 
41.7849302960643 19.00016571263149 -58.72825322383264 -35.939534398793455 -21.46951019649887 
33.744507115174706 11.16986610048599 -54.18736352710592 -27.583943809989364 -9.358902887185259 
58.02122991304991 19.591871963688394 -81.19816832186812 -44.246753598756314 -24.55254188112266 
48.67058647683137 20.844817989492842 -71.30668745662504 -43.50003261584154 -10.234297215609184 
39.26576248763922 19.82173962652417 -61.24751418534568 -39.375857372268186 -38.40080878725241 
43.98579794214109 26.970354946032618 -65.00603390593311 -41.62286152625117 -42.7076811165753 
-67.88866088367637 -17.122384251695852 82.2466067798121 41.24394490371974 -38.66117164286498 
-63.45279091190923 -10.624752783646349 105.1771182743021 61.01938046048435 7.552503161721952 
-70.91639010836845 -16.4748344831838 63.465757269349666 21.22634090550172 1.564974531971081 
-62.51957756286836 -4.225762662900817 44.13192765064489 16.00423947807553 -1.1629444768885102 
-70.51190250824013 4.173267639062985 67.74123827173167 34.397957958952794 -3.1784290655283676 
-23.76856286864863 40.07772585221138 22.828120989335222 12.646246861072356 2.7455311469672092 
-12.929261485931791 18.025695652122444 24.011981068794388 46.943353487580914 18.027797887815762 
40.14459021825877 2.55939100069298 -10.035793581539588 43.16415944387342 6.530790121661213 
16.3786831186205 -1.037702653602007 13.057078064942182 50.3189828604874 -3.6278257610628057 
24.194858795720876 15.105787700962043 6.358925182311934 37.7286516231675 -1.94238050633551 
26.57519361324047 8.963800299461813 3.032053764611398 8.975249687616897 -6.9744329915348215 
-3.021582824090575 6.86590828242567 17.064803243011823 -24.99014844371459 -28.936963710082438 
-6.905128277954912 4.79371909785113 13.81071548630629 -20.692750290299983 -44.453887875663796 
-10.29279818285459 27.296296206022067 14.755616062933353 -5.652555663242729 -40.91284689730092 
-9.189743643492994 23.0982725617524 13.634254998626623 1.0955683252078552 -24.83812874318852 
-7.775426269365596 18.99237718612727 7.464629714571544 -2.2519653539723405 -33.62183346766946 
-10.47449240866033 11.757123861286402 6.562260350494483 -4.833506892686731 -21.70379144348367 
-14.477217653965623 6.323070568486583 12.179540744261875 8.134664614671873 -1.2623027153471071 
-18.312436205835674 -3.9389923926082733 20.143661876893596 9.349244654843679 1.164184435870278 
-27.736807409729938 -4.2045539633249165 24.799359877116046 8.103399792558555 0.5909938862273799 
-41.03358065499573 -4.5814733005219646 28.215320952079747 9.582089392434884 0.5214628735578882 
-56.96034020552143 -11.752943202933528 31.432384730064285 12.952475438341102 -0.3186284546145121 
-79.0709791904053 -38.23977141620184 40.508109522760456 19.145848372244 -0.28014405962554234 
-91.66700784757404 -41.67457244810388 75.1145418873186 51.430580910434124 -6.465206813216817 
98.90370545251149 49.06647424407994 -129.26544621123938 -53.767845523727104 -159.86315244564142 
97.07084649659255 42.018429598911645 -121.40220708841336 -41.76554951702609 -106.28772221727849 
55.27247237982972 26.14727445589596 -69.7341529834826 -18.52611183552368 -64.70614909273493 
30.390792391297225 17.153151294934034 -40.31285634340398 -7.478173720800994 -44.45132399320317 
25.144609573491543 12.963320632527758 -38.49065938511371 -7.428407525806512 -40.72988825661298 
65.58047248980995 27.297689834199797 -61.14812094091997 -21.219905705465134 -4.135315874989744 
-108.35595357175671 -32.43166304338467 183.42964079086192 84.38210058383294 8.31313325040547 
86.38986159549825 37.40256035526162 -57.09509809370818 34.41106022018643 -40.04116198546423 
54.673911034274965 35.73126552778545 -33.52365588664657 59.196655502322216 -67.27642305668066 
54.019320005532784 20.66923747261688 -41.159214902011655 77.35664113367534 -73.66639130473166 
90.79272465319079 38.04874251942884 -99.19789211149323 14.340801386351929 -69.75164271001496 
-110.99474572056815 -34.46746093476833 152.91841521948862 54.46503542282352 6.94453410367195 
-21.599909575324123 1.0612566437477424 103.51278055195554 65.27714685179231 6.882154934509888 
123.10964646153472 55.22570232145202 -83.43482263455057 47.51868500849008 -42.003198156339 
62.01037665569927 26.865428206434743 -41.725921459669586 29.97040698492277 -57.73885215569595 
51.82598395984804 28.327878202014585 -39.46799511221082 23.533734272914863 -48.81331014554369 
46.42576644344754 18.847933931049095 -43.75669796982958 20.02796827077827 -47.53719946079137 
29.560354499780967 12.83373559005481 -50.97494802327455 32.396025601475316 -52.97696601049409 
23.339550455676513 8.009020059011162 -61.3135218682089 39.657343943529504 -69.99121567045096 
67.4048002804295 27.67435306776576 -129.6721584433586 -32.61082838525124 -72.16789397580611 
-84.68892723055333 -22.259073416642817 131.40783530017453 62.70713353943486 8.561683610153262 
-42.493028280094215 -13.054611271385738 77.5291448637705 37.779923459460946 3.94793821469725 
-80.89950645191755 -29.399341324965707 123.9209407176309 70.55201131987361 5.92882306026201 
-59.16048177010146 -23.19510725393417 87.66003922418305 54.199907361362335 2.8552662232948625 
-62.83214880624784 -36.42217285708067 34.4494122708766 12.285754890394626 0.7280820006899494 
-47.710446669978026 -64.18310328886143 -12.466698332621336 -5.213613836988373 -1.64455463617992 
-35.227331905998646 -16.603428951610088 -3.6483186563307375 -10.156223529629791 -1.1227626337897298 
-17.76756583769344 -1.219815692160623 4.395500459397761 -3.3198907930455688 -0.34689064997079877 
-7.490956752748909 12.687206281069047 5.279427388963981 0.3049135260925898 0.6173313332680468 
-3.060486032428891 11.52271439667343 -1.324894206425714 -1.3129296580340957 -0.16655448287051497 
2.337018071313641 -2.229078832992017 -13.926765492689615 -3.171104426493544 -0.17033092368335712 
43.71003505893511 27.48153903998269 -26.237785440336694 -0.21778361943683863 -22.981099754831448 
36.67178413412027 23.78666930372195 -22.63455279185151 6.95408430458042 -41.10372323252923 
27.930020454377363 10.109467987513547 -32.586390615464396 20.668050228748957 -4.598375430002045 
23.479742661903373 6.664404497067262 -23.327889555431792 16.7561041962749 -10.343295328157188 
20.35582212309355 9.298534172921006 -1.8728473438557731 8.196072144307418 -15.324087398797843 
14.504275377297 7.910081712485021 6.405219927105373 14.374307808589784 -14.705304306087513 
6.511540069357174 -22.956042318839582 2.195907531538565 11.298917532127943 -21.476855514932453 
-6.964055141360306 -36.80570772292773 14.503528310064038 -5.112209160673493 -29.414378825120483 
-13.547176177005099 7.390607073528821 30.51327342803375 -16.184374013313054 -49.23071767590564 
-15.572549739001907 12.361631560644438 40.4835312470858 13.225219324907279 -13.290249469365149 
-40.113494494340436 43.62947037485594 41.19860199167159 13.162217626879231 -14.882182595062217 
-53.36998484485933 27.035378492295145 49.738760662901846 15.116312172984042 -8.859882501128098 
-88.16909491692745 -5.431748055387225 58.77196856647418 20.118987738219328 -7.897199380652345 
-87.74024685693006 -49.614364124807 76.62070923427699 51.174264886488594 -59.590067612421706 
144.56139183734768 55.69218298382639 -156.89711293714197 -81.91388162071793 -123.49902567211116 
91.34780045405294 49.28613275099244 -90.54041128678884 -44.969875996069135 -76.6306503415049 
58.746444558678654 40.190068785255086 -57.60239536208153 -30.15326615407233 -48.138519284042744 
44.43348735290278 30.514065308797964 -46.44660652586194 -19.618316878150075 -18.07719645648236 
39.96438221144107 15.040521038788725 -46.13087910838409 -25.69544291008704 -32.76545237505634 
38.947868992203674 25.69119982675883 -58.795572250016285 -25.643016684709714 -17.073662553321878 
73.58006437821885 24.269892145958526 -106.83270724921547 -59.93272694101386 -90.39098311702219 
-94.78920576259323 -38.37622494638218 133.11705911484455 75.50833888511562 6.504726101940039 
103.84920344356847 47.36723143058783 -119.55168809361011 -27.360270259384055 -111.88631795676761 
107.79057000477145 39.85006612195058 -129.12541148705324 -17.444299225367253 -114.8136208731807 
-53.81787479001984 -10.540124240107067 84.17902703528975 90.69996329571069 -37.422256723367056 
-167.92478428313453 -70.0746813973052 209.89722089848158 107.49720440206443 14.079162351893771 
13.088522976550182 2.4015370368461455 20.69021716379072 40.80271942277401 5.224190088308089 
157.95893238172485 67.73013094504465 -114.198351489814 -20.652694175115784 -73.33655845294932 
79.22564787867526 33.720566737433806 -56.16804875343007 14.419966694163378 -61.169649242198844 
69.36797776125927 34.779802215833996 -38.274614641805954 26.398997970242846 -53.31276161126598 
46.104389842184894 28.365080395837904 -27.656325410057025 26.6954910176388 -46.53816023540046 
41.6239614855636 1.7989290435943341 -53.6479582743243 22.10603846984356 -47.785687291155426 
-126.13577200634018 -71.34766865618862 75.43469943556104 11.271616224140981 2.0222003932902934 
-89.89614293443036 -53.915770781924614 42.83358235177558 14.726481390367484 1.9085484590141786 
-49.63855253091131 -28.49170224666731 15.161343126314295 7.219549552844064 0.896581407839147 
-23.87796977355613 -12.283113113388286 -3.6596607588268704 -6.157532801509005 -0.4464773358074057 
-5.960500404429577 -4.228616337980201 -2.6962164832827282 3.2979433913911658 0.5774572496256246 
5.787164542905288 6.952153116062856 -4.052828656832792 2.046917815633426 0.43110765049985633 
7.46150540187312 2.0672456813190148 -2.7322401065672524 3.925281686696987 0.4798335736125942 
11.21887777581346 3.475174780587065 -4.147889770098082 2.9021549053904936 0.4402521772023074 
14.431550084325357 90.79489292751967 22.837094066183266 4.395471924844444 0.7045925447263919 
1.9285313702748248 -4.74064067194745 5.231503345641999 2.52277043495864 0.8375409691910368 
0.26844607991506564 -4.382553265676704 4.923206903076466 2.862453324028632 0.6932808411470284 
-0.3242474452159615 -3.143358967795776 -1.867905682301011 -5.106140645585776 -0.3106426992803131 
-1.8537867278619473 4.604739324579221 -4.371946902561847 -5.020145255930039 -0.40459142249017555 
-4.442176115972075 2.987896190610436 -2.0092569037533936 -4.847390694108419 -0.34001430575465635 
-12.265374667532921 4.3433872569973655 8.809633985699367 -2.6726968196771295 -0.9032142997286083 
-32.36269308781721 -5.833095966004593 29.763064392414208 9.290573058446293 -0.46421019787076545 
-75.5841521727988 -38.46610180603233 73.05977449820016 44.73928273880955 2.202734941199063 
94.29549652940005 41.30847470206187 -118.41927903571518 -70.56368942591205 -29.740548502592013 
42.45225804446556 4.504580014486987 -78.49719351713134 -46.72251567411866 -46.59835649410716 
58.25729348454698 15.19405334360497 -97.68659054034877 -61.94582105519026 -36.927347422654584 
-106.12438843589192 -44.01967209963161 128.00595257216372 70.33984850524132 -2.2903179755722176 
46.52097252906034 17.387713086440225 -85.35483704266618 -56.257792622990095 -22.044683963889025 
77.12764304201673 29.99558592594453 -123.6921382960107 -76.6412079629959 -74.58698192436242 
-90.0102788734878 -37.26032717789652 123.31776355097125 68.13528256150367 1.8769150224421793 
-6.419918165856231 0.10223444168862766 12.091464879925173 14.224609827645034 -5.484432590280409 
53.959342802176906 15.86957998877081 -73.21121857609748 -47.14598409149178 -82.07593655055342 
28.11144127244277 9.035698605595579 -45.414069834964074 -37.056322801002956 -106.43039274020401 
64.59559715575205 23.909171164644235 -95.99146263541991 -61.87744398781662 -105.76726660720217 
-110.67982403450894 -38.69518343547007 143.91880088167102 74.68700695441665 0.8634685367882939 
69.98487676640895 30.172895993340322 -81.86208524955707 -35.14024183938753 -74.586236764836 
26.878628480114784 14.435949961378514 -35.77027676885904 -20.201309261704672 -72.54077575107253 
19.529286705330176 9.499756498975186 -29.28715254326051 -5.419545676960068 -71.64833079630682 
15.153237275923027 12.749572630465037 -24.47216518550046 -2.5302923355913176 -67.78891262465214 
10.547333502465051 18.455931998527024 -19.87062740308797 -2.4630245833009425 -59.820323615355484 
7.619602180162114 16.850162033490186 -21.202321295566495 -3.9473640818732108 -54.11646848911648 
15.199234191574657 14.551390518042375 -22.329143686259233 -10.860953099743286 -13.438652700116991 
33.257032062005784 21.761597622884494 -32.858920740152264 -15.380519289871659 -24.619360111707174 
37.60714518046243 7.640914116271865 -39.8022193930016 -18.037770344199373 -95.34287385640525 
69.90576038553881 23.513215526640376 -93.61849105728402 -47.28384545297887 -116.36749453706064 
-105.32325669876825 -35.124078697749326 114.66276741827069 60.393994727664 -2.599767791498387 
-46.028060720628226 -18.991503707352525 61.80771519885404 43.170003289870735 -10.050123636039755 
95.61491752569582 34.395534848533636 -97.93700082413862 -22.219742359412358 -110.47197116365375 
48.1217530000489 15.483815937189013 -34.68397523400111 22.41014470114677 -100.48112080286079 
46.90883531415928 9.07765374799142 -28.27549648802015 35.17057266725947 -84.19891743743952 
42.60912295062395 6.070360224144254 -23.825352134931357 -69.56211220246406 -32.9226549075755 
-108.55206856987883 -29.52777998088019 146.94237439180662 86.5996345137959 11.515429470779656 
-142.99596337298365 -59.319485535448756 178.3984956808895 103.74141857366023 17.493815013763797 
226.47281718082183 117.0691864968866 -149.58627084674697 -62.89628592832095 -6.665465194159094 
-123.3199798565979 -58.84918864110037 90.41051415954355 34.33399738486469 3.8588215202710323 
-77.25871136430958 -44.68651165247034 58.27406087914051 25.007909495426528 3.17691933130759 
-41.121737106872594 -28.401431273190422 31.782934090110263 16.732307580587943 3.032679045989293 
-15.36622526857135 -12.95486942008363 3.4224029355340644 8.427700096215444 2.9950363333480836 
-1.635119553309388 -5.599748149114508 -3.362742339389069 4.023773368294622 1.8730873078664387 
-2.7063305173974466 -4.442525929440657 -2.5435931661577746 10.025148890090893 2.780182039031941 
-5.563336417860831 -5.535953092862982 6.28398128015618 15.154896465770314 -6.354813613845068 
-6.979631556564765 -5.314339934599509 4.0273970554099465 23.55247576415371 -26.866874914602352 
-7.95971446200448 -1.3955109746840162 -2.478129903496856 25.918807683927426 -25.364945849143812 
-8.965977997003113 2.8818709437115397 -0.3931769060898721 22.42300121486633 -26.71063993852404 
1.2151941098682186 -11.626381718328275 10.060564663201825 -1.4741971326639238 -10.907634084389931 
-1.6170341106651658 -6.071447053745451 8.911787455398066 0.9044325090709122 -2.6045756534933773 
-1.7234281664606899 -3.6385317942415822 7.565030983225922 0.9013072089774058 1.2144818830383048 
0.6519459919545361 1.3441781211065131 3.2261340950774833 -0.41264598546287745 0.3951297876971963 
1.0678518307424134 3.14482297808557 2.2034989319251923 2.5061198457758875 0.6990890683933034 
3.4762576484891277 4.9402190398884684 -1.7019913214545768 -1.3659293668142876 0.2621808949450515 
6.528983511840575 6.6215432849741065 -2.381458498613015 -2.5641895730897213 0.11990933359340118 
10.607678586930124 8.230323511210923 -4.190855615838307 -1.7857172419087148 0.33885996265208973 
12.079614108165922 2.1010400698778073 2.9118203928063093 -2.8320747776847406 0.03156598800874426 
1.6001686591548359 15.964982591045313 1.5464419748954925 1.864064457469301 0.5716365583766977 
-16.59869562305685 4.595101049480818 16.975492159031674 4.4081627831047765 -3.964380163983798 
-45.65471713351382 -17.795681534568804 39.24089582831793 13.869084470134169 -3.1311779216690705 
-75.33332052991356 -28.659139195511187 84.75299927757786 45.4717603853438 1.8025499304028267 
-11.54278618934838 26.67268060118866 16.948563793897453 17.09603501801374 -9.047759945026035 
3.2312247004629886 22.000689029485137 -12.141605853158232 -1.3378864472320993 1.686574720948181 
-13.04302903012554 15.2894392182174 21.24412031655865 15.337357262651361 -4.628467879816997 
-13.355218360831408 19.673484305060775 30.0406892703799 35.52851962993064 -13.885810137869983 
