2.0628534300792234 -0.2914946414216411 -11.002856806271156 -8.183919650644624 -61.52169892583857 
-12.785928591553077 1.4614424385314917 -13.195847635550157 -3.691757172535837 -65.52277156798 
-28.795583914092056 25.874508048058168 -7.11226790545963 -12.856628747053549 -38.822864545790345 
-20.07230293809199 -3.3954875977752623 -11.228833196928445 -3.79378110930623 -0.4583358443597252 
-14.831363945498067 -9.30656476309392 -1.5368676816300735 -16.17281689113389 -37.418251106228965 
-7.36283596468818 -5.50140570793044 11.745117376907299 12.122328130525707 2.5796297027848887 
-6.037854148168585 -4.667793369086389 7.51124102596563 0.8702314492013729 -0.894423196603903 
-9.588211549181866 -8.418046425813213 4.0736957556544064 -1.5672701982485882 -72.23103896524192 
-17.695065320703133 -0.010047376089448163 6.680001797040528 1.2828837551219832 -73.97555065372103 
-38.22089930420249 -1.8247629704210837 5.5348324862934275 -1.4508365984249807 -55.17065493801468 
-24.227213531301548 -12.613543127940538 9.156908726149583 9.973946703060275 -62.610091470925155 
-4.975314658957195 -19.72224986685932 10.574819880871914 31.266805466107463 -70.91423028481289 
-7.021477852547652 -6.609642608186356 18.93168119103544 9.820998809440976 1.9083778998258507 
-6.027576298898432 -8.211499112366202 4.880308938888325 -14.673819875372029 -1.0406022230953658 
-4.2576206260434 -13.005283837602226 2.4745683564539 1.3083252100257334 -0.01836405631538025 
-7.9861715286793284 -16.006385588983893 1.8837611643004655 0.10150972686206632 0.49458056714394966 
-11.52874144450509 -20.058979807204388 1.5913465530750706 0.13495637021969817 0.6547727073837095 
-14.172115101334 -25.253192514028175 2.1771842630918803 2.5778106262328837 0.8845873588241642 
-14.695777912332133 -29.96414913286753 3.396166922596967 3.917871203618736 0.8981927768597276 
-14.83576893676803 -32.21460366391422 4.8911731958375775 4.208019762145499 0.8160353819928673 
-14.664736128575953 -30.79936012291077 7.599604543481726 4.221413210839446 0.7848185133404577 
-16.71432662434079 -28.75871600966572 9.654148758538936 3.39417166909444 0.7204764841194294 
-18.235858249645457 -26.989558066254226 11.502962914648775 2.7838671177283962 0.6869296826633612 
-18.510780090332524 -24.95929130809196 12.230995012010943 2.316404389269907 0.6660406039877556 
-17.407256615641145 -23.199887599995556 12.087619072146317 1.9185401923268435 0.6563098654856147 
-16.247349765096473 -21.895883657669113 10.716848913986327 1.0715807730656255 0.5973088662680546 
-14.95237581477285 -20.795801724578833 8.341350489631877 0.28177140573927456 0.5340916507718373 
-13.599708819107104 -20.0203642627693 4.929232179596143 -0.9942710576150187 0.4274945955492879 
-11.806011202703681 -19.304883045241148 0.8936312375874214 -3.011007391202089 0.2592959017112626 
-9.72753954622435 -18.217198626120176 -2.1954685127692275 -5.309731296326891 0.04862322753064095 
-7.455340849594249 -16.957215663338488 -3.9534784956935196 -6.637156323507058 -0.12214466575581463 
-6.072140389430092 -15.521496088371142 -5.70299740352866 -8.64142601671355 -0.4761887854609217 
-4.446067806332989 -13.257936956909086 -8.662995568419085 -10.137584401963897 -0.813333741834084 
-0.7299107684702816 -8.81567492704795 -9.213893902416846 -10.699958515830243 -1.0186091601309892 
4.6642609975942175 -1.175048136746844 -4.864580584204648 -6.929498219175612 -0.5484766644274708 
11.710036337678659 6.921463443504597 1.8047763318100922 -2.5536361604887134 0.018860514803362812 
15.627983093013725 16.89618321993108 4.802404565108402 1.0375153240149309 0.4614076864486252 
22.91795665565779 27.738158585822653 9.37473348148985 4.073375706016936 0.681938783459901 
31.218290697782848 37.561729994793424 13.432496190006283 6.3458500174859775 0.811687118414073 
27.616360475254115 40.69710852677323 7.532637348089525 6.649858110191086 1.3800232784838362 
11.407975013758906 -13.297344541748895 -14.931266305058871 14.04174426825854 11.480231870317263 
8.545827229600645 0.01697830060337598 -20.0447700686208 15.670194916995422 17.040714814032103 
12.072768425177518 3.364274223115369 -21.756683210072932 9.251077822513555 18.783499603599743 
12.120825042853065 3.045302664190622 -27.092956345306813 -0.06254183410798962 14.714373671324179 
9.222905303060033 1.8195651471006908 -32.31001019640491 -9.444137503340198 7.728695435958624 
2.835881055317174 3.671235707701237 -28.573417804572895 -25.427074899631112 -22.15561223012209 
1.0388200739872324 7.689577131461779 -8.785383413554518 -49.431221159184034 -115.19565793235802 
10.097360249884673 4.219271050585333 -13.636273655489969 7.392443303085008 1.57364375615617 
11.029976249338832 0.9804089089143218 -30.99112131984947 -42.226825263105496 -81.50046270086375 
16.984661860844508 3.599026881776285 -35.88504590799367 -30.72862452919063 -79.98983282012013 
21.992534257972828 7.553561088940981 -27.82836960253655 -30.67804008789902 -92.31561218079295 
24.575821598334674 12.509702971417465 -4.100557625670591 12.288893793455582 2.6569138542148325 
10.758085953513188 4.019620860241759 -20.81055148773342 -25.34786490227911 -56.21080456258728 
-4.019503531879552 2.9878231963194133 -19.382070958868095 -12.04741167575203 -50.62598037837757 
-8.769748207775105 -1.399979827340368 -12.2593191953234 -10.338264722487196 -54.5489532500756 
-1.5521392789956194 -5.337949256525858 -7.079203873068894 -5.327685713779447 -70.34600977776944 
7.053350872679364 -2.8426553009161095 -3.2738120432716085 0.8609842020831785 -86.79591111455377 
12.587599096478176 0.84979821877575 -0.7651093808025822 5.008337233409097 -94.1343433520689 
8.328855649447904 4.445147353456758 1.9981695195670046 6.544586901845532 -91.33156826345468 
-5.383249480819047 2.621789447505667 6.05396413008678 7.405659206985243 -86.58573082160892 
-14.831904250164397 -4.969400601939077 10.949894973755315 11.761592420385943 -94.19482227878346 
-25.756988839890965 -4.692680039602814 13.653580752081423 23.661328439712012 -126.4532841704499 
-58.77312058070896 -44.29827974969046 7.018530662373188 32.73348709220401 -124.73685120071191 
-56.814534459052204 -40.008306372017735 58.08511792501648 8.143071383214158 3.8536539133574492 
-28.036066987226707 -19.81021244934728 43.88333025119144 15.169366006564573 -0.3039069993135491 
-3.8541994349125934 -10.266422322599567 31.476178088509126 25.26374763900641 2.7834812642852755 
8.377514508585296 -8.713295588526233 5.649269272641534 57.26261200660528 16.251172345305005 
0.15111998460239334 -2.3725316033278134 -18.350996461603803 -53.95688164811561 -4.227403283086877 
-0.8102786383002304 -14.272435519241581 -10.386595556399588 -12.71367311690647 -0.9888085430175181 
-7.817297099198214 -21.945516435172213 -1.064652687567732 17.30180751910164 2.4287214401458663 
-14.798792257130719 -25.818751548134767 8.753973228058605 15.64700156122158 2.165591611386109 
-20.978725339366896 -27.923943898232988 11.52261432827005 8.883801693938292 1.3150914232381108 
-25.58360083656111 -28.861885936062762 11.074137324560352 4.9413611438199325 0.8269284458010522 
-26.839005543552954 -27.771514673189046 11.401241028322367 3.174855239676097 0.6625435601872071 
-24.51061876266096 -24.41523232688258 12.771035477364824 2.924910828227616 0.685795542841557 
-20.215311427319534 -21.039406817995406 13.276440010919334 2.5468934855391065 0.7022143523482214 
-17.423302862055586 -19.613937663831845 11.21537363365196 1.6099987350100595 0.6255139739330619 
-15.377808431296637 -19.072164829894223 8.630344243888333 0.9682850821788983 0.579249678933987 
-13.615740220400543 -18.613562808230636 6.249359128264956 -0.030958588927818605 0.49262090831417354 
-12.051064817793637 -18.18425701556685 3.031971637965131 -1.7212543808676675 0.35754438095840063 
-11.016250370055324 -18.255540891942548 -0.9229283409331569 -4.37899207152667 0.14542076711497223 
-9.50135781706987 -17.946109256005265 -3.704004651765739 -6.72311639011775 -0.09970683340896436 
-6.899407833231043 -16.454818225377462 -5.1162160541380155 -7.858216997620171 -0.30928130500476025 
-3.3741163077581957 -13.868571114246016 -6.678180463654109 -9.027499307486961 -0.5965345154433742 
-1.5654567662718493 -10.413751988773747 -10.51173535174642 -10.280555535065803 -0.8517161787289469 
1.7265802906863914 -4.758945331827795 -9.04384592019949 -9.053817193487122 -0.7824878135327819 
8.022883157189542 4.267273439898263 -1.5917367615186722 -4.814340244290219 -0.31638548722510285 
15.200369028391806 16.52958608644355 4.37718292735285 0.2593386860924662 0.30072849145030783 
24.663690651031427 29.213940610231532 7.084086175630164 2.627861993133836 0.5989530263152283 
26.29452564638658 40.42245610067713 0.2338755028011124 -3.126069320674669 -0.5229690730578505 
16.302281828890646 44.66244489555156 -11.279520825257151 -12.9506926218515 -8.782789910286375 
11.35433190443886 -21.078198621463407 -17.561682034628443 -16.667940559918698 -65.51874423578757 
1.768984269997447 -0.08933473502777362 -14.272243002359806 -22.428465865163627 -74.12997404995912 
0.1471165140688017 7.856181104852082 -11.663338858144131 -25.882444757314133 -74.87497030673615 
-3.849136481862112 2.0896468712620795 -12.289255345916027 -28.616997897755127 -72.14851555549052 
-6.611303402795634 0.36605465707769236 -14.763499415446455 -30.94995971984212 -68.15880636156551 
-4.527364409247066 1.1828064665817044 -17.567198213579104 -31.647842050304167 -64.44494235814304 
0.6192717560738984 2.3337063061887475 -20.444682701110548 -31.25993128256442 -61.850005657750046 
6.888446450020698 2.950745328016941 -23.46221289990683 -30.70987872144967 -61.22818347189473 
13.413873965765845 4.091971901218889 -25.18741574105418 -30.121039127496637 -62.33602966042463 
18.13559149755974 5.323872161042787 -26.023122560313936 -30.31093293029266 -65.86947122606246 
19.48595478518385 5.360536655611647 -26.435147436702213 -31.64782640756086 -71.95947714943125 
16.277376047692233 2.394026005640026 -26.61133329129942 -32.80604458966398 -77.4933775725996 
6.463817643410618 2.293766846356158 -28.346948463553787 -33.393091579959425 -78.69841168579748 
-2.574451967434734 3.2636381551017153 -31.32444148538286 -35.84733291627878 -81.81950279757058 
-1.2020932970459557 -3.8442861675772435 -22.674735764452638 -38.87500152448433 -136.73606969322205 
3.7351181706540504 -3.9986253353749968 14.795866033688187 22.829591962548637 4.791477185650745 
-4.866630164023645 -5.025742058327661 -3.114599001907947 -7.221943855608263 -2.2107294279352026 
-6.875518158329744 -6.530402902516342 -16.490531229742235 -8.9746005964418 -1.288529407294559 
-4.092341848709639 -8.515539955721707 -10.574358949342752 -18.119120281010805 -153.4115028201272 
-0.03898166083064698 -2.276708937894228 -1.368757926260345 10.298626332837129 1.7719201493445895 
2.3072686704868954 -1.8807706058116218 -1.1475990140403434 -8.413007090175878 -129.6382554222594 
4.208423878214072 -1.4623203417456925 -2.6319365485001596 4.931767744272376 -111.19722710212345 
2.0243018113790106 1.6888658697607049 6.173924718722694 7.65639200764994 -106.2898779655791 
-6.842768502772319 1.8670836278221166 32.73584879874341 24.662342394197132 3.312752043822005 
-18.00694288925817 -14.026737849320456 19.702464024509894 21.17588059549145 -57.855574080255714 
-15.906482144826729 -15.776042562321974 21.077491829672223 36.458922985184294 -44.94141228701305 
-12.172019631343566 -20.023575517466377 14.530155103169946 49.492581844213106 -47.11895714986269 
-8.417496802166198 -19.40418073165604 3.328753871563027 39.73400302701631 -16.82327110546691 
-9.969009139042056 -11.951494537056732 3.977854656931037 -24.985618856081434 -1.1193623399962518 
-1.8746591887153519 -16.900563702534882 -0.06081995186674034 -8.668823806005642 -0.95545784775903 
1.738068261379542 -19.80680086012527 -3.2679418210732964 11.965570319677461 1.842023950097631 
1.3372526004490046 -20.988473313574723 -0.6040089631818567 9.274854378555622 1.5844720713962048 
0.02353513255556121 -20.76907236209582 -0.2626862287756235 5.590258359929597 1.0849820659074771 
-2.216587576730079 -20.024704086520632 0.5269958082308912 3.3927101976168443 0.7627107243410742 
-5.63145436420889 -19.565100566678986 3.424812935643317 1.9465314046460271 0.5872121766906221 
-7.610144612891835 -18.344532263708622 6.793763620467229 1.1807574136085126 0.5170254944921592 
-7.379448148339751 -16.562445873882357 9.001489445612188 0.9453504292911269 0.5205992942229773 
-6.455020287801749 -15.020312049415624 9.685031620143139 0.5535512585689536 0.4924910377334766 
-7.283586290377316 -15.195997480333936 8.918494221611544 0.005835933389384311 0.4420172064005358 
-7.451635208792895 -15.586290435753673 6.703292671009711 -0.24350210542010084 0.4154131109899164 
-7.15937187204644 -15.916893193714241 3.035112592842726 -1.0508897973262423 0.3375957254752192 
-7.760191522446236 -17.00327496325726 -1.4131960158425876 -2.7861121123061907 0.18492569282137605 
-9.93582196139591 -19.05018642774773 -5.382319122992366 -5.257271178523777 -0.016751507823011744 
-11.037697358065948 -19.770454571002528 -7.25060773749071 -7.459053845330737 -0.2470050912885271 
-9.45916711027378 -17.05202047713315 -5.763519151655345 -7.315219338388537 -0.328252084379138 
-3.0126391710801146 -12.561958686695533 -0.9421912568725246 -6.785286983990021 -0.5179980178110937 
2.2677525640610408 -7.0183530598029735 0.270588776779992 -6.825187720545265 -0.7220873069167706 
-1.5225909933305486 -1.87446228678008 -4.866660429674949 -7.468336012060582 -0.7155878644056799 
3.231218476662239 5.07818520238147 -0.7697226504254929 -4.8037102710460955 -0.2916660643583008 
12.846983909952266 14.73302882701664 2.125339815758284 -1.3225167194157217 0.18667465381232523 
18.397732338091338 23.37955238443194 -0.30989575980177836 0.8295523298542127 0.47922540921554635 
18.575075747447404 31.896850381436888 -4.4468939788803485 -3.0400866692637067 -0.17012987529646822 
11.003539066789463 28.78122623214494 -5.737639248487978 -13.34606151595809 -41.457704274468966 
2.878042877728472 -19.624308140097476 -14.41874658720092 -14.964667739105142 -72.56831336087512 
4.441086830254363 6.1931114644128415 -14.99706867995427 -22.677791725240535 -75.93433123205082 
9.400587373885674 5.912889181524422 -19.747707233707438 -28.15363478626266 -74.81266066889931 
8.495533585213758 3.610816496981435 -25.95671684464837 -34.357757622954985 -75.10162123935487 
5.872537814554091 1.9455829334308443 -31.52473338614755 -39.65079614187072 -79.30722855935313 
4.14683059876836 1.052353748962907 -34.93995799907288 -42.21053536403146 -85.39085052975818 
3.678048068559275 -0.03815579811851341 -36.642519775771596 -42.88910764783058 -91.25339690816531 
5.569943195265682 0.7892745722062111 -29.52757226135589 -47.060671002049666 -127.60786897014103 
17.894673880715523 9.172152550261663 9.945175325385147 22.89621507187603 4.175490438358659 
17.96528853874406 10.932503457478134 -14.23737911925165 -11.437363982076345 -2.076799022113021 
22.92084556769095 6.559536129137928 -24.63690306787435 -26.372909922772337 -93.8221225629219 
21.31188231743798 4.234635114651512 -18.139716369950765 -9.855872709254841 -84.02915387149811 
4.326797097546415 7.556921905752554 -10.099232855864857 -9.513370892625465 -60.86065125812233 
-9.150862741562904 9.170304150833246 -10.402749307811767 -11.292931526260025 -41.07442943151643 
-1.0980468340820055 -0.9849275970908143 -11.789099217449401 -12.19103053614811 -45.75616374148942 
5.359228133662542 -3.7614806309794178 -10.514597043245265 -11.749523349354144 -67.58609127955131 
3.4822631186690973 -5.263600600912406 -11.290556061160936 -11.007844264288423 -80.79020108313917 
-2.2525886071213015 -8.027484768743042 -11.98897606349143 -11.015493780448397 -86.42001079704087 
-6.723352270561838 -9.181450319419673 -8.063636264762392 -13.549571552678632 -102.37978550241044 
-3.0623077419770204 -5.240135978802774 11.884873188787056 19.76704294370086 2.672828491540678 
-0.6199681157800845 -2.8327609847679867 -0.6695976341773545 -4.729689842475394 -88.94801894064588 
6.12139928221796 4.709336763649417 5.618939177813259 18.776013353303707 -88.05916856867833 
3.749151029417533 3.5566069248561676 18.453442573307075 35.740315028611654 -89.89686581291915 
-4.832341576422099 -8.540354748017956 22.006972221529832 58.2557460556339 -88.64900401980499 
-9.133869560348575 -14.471318475959341 15.808790643569957 64.49995994485131 -46.7997928914903 
-13.948550523060133 -4.221972530114983 9.061326042203305 -19.61968066611983 -0.30077726160182255 
-1.9365147665227083 -8.401417024313062 4.103696669344243 -6.34088805153169 -1.1903843578626836 
5.751956339130946 -8.878704639395712 1.1373703767945362 -0.00034092088019977655 0.5280210422249311 
9.9113816728245 -11.77236771335269 -1.6806178594155803 8.430456463172739 1.5500693075103356 
6.9663930735502415 -16.684795788585042 -3.421952689752384 7.600396684067312 1.47380598997224 
-1.9089155881761855 -22.362425911375126 -4.979022508546393 4.404212039836734 0.9744161549730381 
-10.812132214511216 -25.903358367933013 -5.071470055025148 2.571029602054291 0.613460113753572 
-18.006623371299018 -26.97881300255318 -0.2576848909024447 0.5062374508354187 0.3549166007177357 
-22.662325055692744 -26.877155362945842 6.164469072914118 0.8988000777543874 0.44574826857583544 
-24.2504063587998 -24.977481164477155 9.780270749121353 0.7649842850115993 0.49465597917325704 
-22.89513123965839 -22.339315288927722 10.31297462946463 0.15510704511814785 0.480310256110164 
-19.947563946243818 -19.419735211686646 10.648838401455478 0.1918958516168752 0.5033353042685177 
-16.495241325079647 -18.039184998988258 9.893172531323263 0.6848807798079216 0.5585441619337163 
-12.419914309645401 -17.035987087641857 5.476196559250124 -0.433805729248247 0.3887380479368684 
-8.363276437932004 -16.333443453272427 -1.1761242071908489 -2.824432807233976 0.06571370543483296 
-5.802598355119974 -15.734513865670527 -5.128192576178126 -4.186629524280487 -0.05643881589324756 
-4.50583213481917 -15.342373917513337 -5.661318060182806 -6.087822250029313 -0.131943674776307 
-3.730207791534826 -13.917539171575218 -4.716988157294345 -6.868128872559764 -0.14015008477818255 
-2.9485247703910886 -11.030478842871483 -2.9036476321391365 -6.4052347839506 -0.14217375375618116 
0.4624692344736522 -8.230321668127646 0.4044594767671762 -6.838173592121406 -0.3906539311302373 
0.7472233906038116 -2.8469560552968334 -3.4555716889557995 -6.539713343578522 -0.35786949486253317 
4.582681908795133 2.2325736731951467 -4.894680998288377 -6.703664504354527 -0.47501539096507955 
9.984535106372132 8.705250168074409 -5.647390198880251 -4.896931810861149 -0.30274831469235486 
16.471610668654126 17.435767412318143 -7.291289960805406 -4.948415587376113 -0.5810052753364345 
27.71822037473313 29.119272370946252 -9.618919408933907 -6.394714395683144 -3.0828118982885466 
39.14410447069874 42.49623969334036 -15.2142742589099 -12.94741713600816 -13.667863979447908 
37.707564327464446 50.99511306347179 -20.1221909324582 -23.872054820112318 -40.914909715213696 
11.32515081818286 -22.58791421801828 -30.91544793499742 -27.941848064471078 -70.27021931735369 
6.748968734887767 1.1159759368229494 -26.939218357280744 -30.07319087178851 -64.23843982403481 
11.677581798213806 5.102984543841414 -22.252736125877203 -28.451581553373344 -61.25017033671785 
11.139054558416218 4.966674947956847 -21.330864105247443 -29.462763499504568 -61.296420619360454 
6.945341734336364 4.765813511502932 -24.885180523230463 -34.193605032211 -64.58643370830517 
3.617052113654979 3.8780225742215113 -28.51246048684651 -38.505728818176934 -71.03939964900839 
2.00505118814484 1.9129214055617576 -31.30802915447149 -40.64827173544792 -79.7428007972492 
2.0425610216784444 -0.8826665699715833 -32.847051004314274 -42.09024560684936 -90.72672571777571 
3.4111168760426995 -2.2966301647867553 -22.530985803800885 -43.45164789221071 -134.66012150286417 
14.206269368620303 7.338458328329084 16.554470693204788 25.660991801035962 4.844600048067155 
15.8734698614428 10.126042144357834 -6.89721905340741 -8.419716145373375 -1.9851649169087326 
22.697868354819196 12.401841184236119 -23.008494742655344 -10.546445735249934 -1.0157057202042594 
26.780689328748437 9.943017031494056 -19.725670877088113 -17.80296828266601 -84.72703375138158 
16.597072955802645 3.537734704886533 -13.403911338325408 -10.256166205765604 -89.94449814361232 
-8.369141067558576 1.9149273299773821 -9.537704256317058 -13.628706745036673 -77.15367735643395 
-17.671357919213715 -4.761468608289234 -8.467396851126159 -14.623008868165334 -66.84834187367422 
-6.890854742994316 -8.083246097499574 -4.411005370876486 -12.130705963832703 -73.93217123475587 
3.7673316556740755 -3.623741062628262 -0.07281729784049334 -9.193629008640782 -87.28610465482167 
3.4992450233936063 -1.1476122433738756 3.103677017255392 -5.940831948641236 -96.61112790786693 
-5.361013484707043 -2.450675430382978 6.329863377315871 -1.213685104441976 -99.29646231329187 
-15.730945140827977 -7.9568494185092185 9.214851327856001 6.569514625126181 -95.57041883391916 
-15.044299046521626 -10.036750543881404 13.01806557773638 17.428850834719185 -87.88214213564696 
-23.04195932932576 -19.704120324780753 14.827145903960972 29.3247788092991 -82.74935018766776 
-28.04145344920864 -14.83490430557963 32.4265596194469 0.20615456169817242 1.9800508888716712 
-24.21203746241619 -20.804832863991074 14.669813637277592 4.137530865797451 -0.5710563989733988 
-21.97388322438278 -25.28769263833598 6.46270771353777 -0.2818157192166702 0.41407761250029246 
-25.4123785316463 -25.33692227664422 0.9357073604364725 -6.784598137061884 -0.01856169611077283 
-21.00128931064149 -32.27305549493786 -0.02644465662200288 -13.261294162045495 -0.608785920653874 
-6.8373350113217315 -37.044492987430495 -6.240975326445321 -0.37042426919045685 0.6340646698812621 
11.616819476060838 -27.179824637244625 -14.333046297637392 17.818261360721337 2.3315174538216583 
6.557544873534979 -22.283626269404216 -3.398719793758536 -1.259431214651756 0.3590651008205863 
-0.25918548856181345 -22.832705381861484 -0.1306903470470301 -2.6562470144094257 0.1405048190200309 
-6.925658906544981 -23.985378661537755 3.684676274164232 -0.6625211499306485 0.33592416244386947 
-11.558413269196244 -23.93438066090301 7.298912932153174 0.44651630208321885 0.4600297389410535 
-12.591762102941166 -22.431151391460094 7.931633564133293 0.48653682739871956 0.46910490937313587 
-11.445963351932287 -20.439114585953362 7.6493709689176566 0.2441213605377036 0.4443411300571743 
-9.027266714512157 -18.42186614504702 7.479626217015225 -0.021111319275044834 0.420666249343677 
-7.934998422907304 -17.975361251265046 5.079750875675182 -0.7242662867996502 0.350338021853829 
-5.983787010781134 -17.44361490763555 1.583547398543335 -1.6680984630473203 0.28003944358403865 
-3.178897122729284 -16.145328477480778 -0.9559968989415879 -2.9884742690794597 0.1973556039751009 
-1.6579106673495745 -14.950736124857118 -3.8758830523157632 -4.95665780909445 0.04839904580795562 
-1.2343394060203108 -14.253013851561061 -6.063637359760859 -6.901500839762111 -0.16904130245736332 
-1.1382438312999397 -13.40989800990884 -7.3189454518627555 -8.379995551517222 -0.43766877293169215 
-1.2941759426462718 -12.511023398614705 -7.926103622963403 -9.395574596701271 -0.6799550914166045 
-0.7110543182029355 -11.184485061062096 -8.36551796440542 -9.490778236767497 -0.7723787732502715 
-0.47157200881256883 -9.636235090662622 -9.009374276610176 -9.141701562372111 -0.7620091680770733 
0.0004032325290879281 -7.060834273329418 -7.518661208354806 -9.844302879489257 -1.1817497914619322 
0.6864527752752476 -3.760090737376397 0.21284274737708897 -2.1645886658944287 -0.16555266765042254 
3.6974914542533805 2.6114021525567357 6.367749901271875 -0.5622926746337575 -0.22130486793439158 
12.691451083762203 11.157903154306432 14.928506903033686 6.516730719346095 1.0023698510538992 
16.88593885387327 19.154743320969853 4.019156505578565 1.4494911586228791 0.34388559292036275 
23.497280922922794 23.259507962121425 -6.216984683969026 -2.147541396544665 -0.41838537824873007 
21.971333474210336 20.530808982572484 -11.97195452361646 -14.304180415998966 -42.100199265681304 
15.017095311332271 12.319990465237732 -16.25943440901395 -12.215864047041068 -45.01047810811251 
8.529102857186693 2.086268952802005 -17.34892900646562 -5.709573779423681 -40.06287405277063 
