151.11226081391155
93.76076892891136
114.61609959418213
84.3978227885856
-9.472921526658569
-14.7491815104374
82.95900965574786
-82.84425872616642
-69.91462557260603
36.063798428436606
5.609794446429585
45.3300186782492
68.23518405743064
4.02511461445031
-12.951676417095536
-217.7870008082958
-370.5729308369945
-180.93001412435447
25.065554694590553
184.2881082404266
118.15474612703038
-152.440780465383
-169.74984013774625
-223.42813472656286
-231.51824024251408
-268.8800804265259
-314.96420695411797
-408.2637084314266
-494.830331529283
-433.5692457273136
-225.51877809344194
-134.07335868808792
-12.90527949132248
59.797133692067426
116.47623403785475
129.07031686353525
23.856421438855794
-64.45132159540837
-56.29524567821527
-201.75808170982268
-286.7256442028231
-228.66747438869277
-45.77810321325704
72.87003598291399
73.71986012959756
58.784691437501365
67.8204446754848
88.31885684757744
-34.25874026579889
1.7479671798194205
