-18.939054625822628
-19.564798416882816
-18.972177308266822
-18.388371131586137
-19.50195214111821
-24.16179061647069
-31.054047918707592
-38.56719312537453
-45.62167416978085
-51.706354412157324
-55.63641594214778
-56.76474704708218
-56.01101709845007
-54.456136661731264
-52.832918875199454
-51.560128060759084
-50.77999344386367
-50.344412528406366
-50.10099486003606
-49.969849481014876
-49.921636949507295
-50.01509704655121
-50.416621868857014
-51.38388538611699
-53.12196157055156
-55.63922158912749
-58.604557022482815
-61.210462012460425
-62.12726553303866
-59.84059214150361
-57.7972395890753
-56.83980297311322
-59.23619697941005
-62.19625587904669
-62.84181025084711
-60.79609003474375
-56.77558391626436
-51.581779508108724
-45.79947204291678
-39.613223250036924
-32.95808110405636
-25.92973800860005
-19.33910654173638
-14.47167536684567
-11.380704319536013
-9.45837031996878
-8.772351950942184
-8.485968860596454
-9.071502050600866
-10.08572017806111
