-9.323507906614735
-9.549329062422245
-7.8737245847091195
-6.626727820846163
-5.706066945833601
-5.950248025420405
-9.497708109897115
-14.668327812604396
-21.685474796098745
-30.79579936614863
-41.739497103323366
-52.9749208020284
-60.52969295670881
-63.54273328838588
-63.98873869427779
-63.333579732241525
-62.48807487044267
-61.85764043101768
-61.648691779934516
-61.86003597009172
-62.340272134345824
-62.88189845071303
-63.274120156455744
-63.33915401901027
-62.92725748023016
-61.90877861510708
-60.12483321587843
-57.33955811449171
-53.289670764444956
-47.81471821490337
-40.95931131847552
-33.23486510781791
-28.33092046811978
-26.513403639938105
-25.67659506813206
-24.115515839870543
-21.752096447786833
-19.076415369919836
-16.303522692091065
-13.556007576639695
-10.534202521102879
-7.524006997357163
-5.295353556621114
-3.923147690802754
-2.943207893256339
-2.4873526192482847
-3.2666074766653375
-3.5941314156001507
-4.075952546812317
-4.882435611161564
