-10.168093485480561
-10.298838789474978
-11.823500263057236
-15.057685939139384
-21.611616857066085
-30.00356683027704
-38.61429323129463
-47.46813971323572
-56.0716656294517
-61.456811328554195
-63.41371565758615
-62.92919377784569
-61.455914652463534
-59.92230261619707
-58.83477134516532
-58.357236373517246
-58.4291235946899
-58.87380894988532
-59.46293933768635
-60.026773518432044
-60.47871531590544
-60.7926002439723
-60.955440901603524
-60.97465882935422
-60.847101458193485
-60.41724902199343
-59.38898560040423
-57.14769694959189
-52.7362834495351
-45.063913285926226
-34.827406775347235
-32.48078001122209
-32.925412105929794
-33.6411367274351
-34.03321905831759
-32.90487670380607
-30.622151852823364
-27.657079379705568
-24.447105978017287
-21.29791749235461
-17.879807394985654
-13.79392473758966
-9.5043320327073
-6.599822164265312
-5.872514734765097
-5.245734832050017
-4.67140939945638
-4.29037023977076
-4.44417660946974
-5.175382025645703
