210.29973257176482
215.85623600981805
211.56503093980982
173.96562619106118
164.18484921410365
177.59329026895196
116.52147471117753
121.17108914671721
95.27557369614811
84.23084458940428
35.62079604605032
57.11235075900179
11.855983691904134
-8.103689474334494
-14.991970469296346
-19.432688546934298
-71.91243984786855
-56.292985675590266
-87.90093143029709
-100.1474136540102
-115.78853831494379
-132.92843356658122
-156.6621572080661
-170.82620354866472
-190.23298769777304
-204.33618354137207
-220.26703309710118
-236.5629009379701
-245.61931619855858
-254.05622908377316
-266.1722164997666
-249.53515469250496
-266.35367122869644
-249.94644868303737
-248.9113983061433
-237.77643446632774
-225.27239599555188
-215.72087136676987
-205.22400998265553
-185.54240361645287
-176.16410317885683
-166.03272176495042
-150.40025255666492
-138.0380396042565
-137.52448138497095
-126.92557909103817
-115.41120678554398
-123.58738813585283
-112.41079716428091
-115.91597890268424
