918.1066697226736
960.0921275297636
1052.2939699461408
953.431135770328
507.79156677618346
208.9743865325195
-207.66305129646335
-222.49659450859667
218.635694885517
-272.574939644612
33.259947167709456
-180.41663269235724
-187.314149448415
692.948365854911
-303.34775750304215
-19.01719148790865
200.23796836230605
-217.72537728010337
210.40631353084785
-36.84779220145383
-191.19558507200026
-6.2692669243454855
-71.2451531267521
-175.76985536340706
-286.2672361465913
82.12743596741007
-289.3419020567685
-165.18974730209908
-19.06122946585237
-369.3537446440579
-2060.5696567768246
-443.55686645112434
1853.0454080076681
-2324.388356390366
-214.07744873708427
-1588.7447726576556
-1923.2615108126204
-2291.6077769897256
-551.6515882849804
-1944.3688002963438
-2949.195275034074
405.9931826185623
792.1695702897565
1005.0813852699484
1212.0161757147682
1352.6099557108091
1371.2485588228367
1030.4319560012552
1076.4714433135346
891.237433486854
