73.26421225028814
63.66457328208551
73.75397096178446
53.37554883862802
28.011953588989144
23.207720764912963
37.27313972401246
18.13767886391133
-10.285203948413988
-27.75807320798783
12.861218880923266
67.49361614744298
69.8587849673095
81.40849781685333
73.94889770336361
38.08413107085165
39.70750505854869
24.948886495463505
24.298881542153715
42.807098158476435
-12.094748210661429
-47.055018423474415
-69.02283585490062
-205.9553020470127
-466.96010088836164
-719.9045087934393
-425.072286596522
-329.0241637426035
-286.18629846760746
-259.6887924423174
-210.57794932451102
-104.83901223772679
-72.25590653186624
-43.61404470042083
-18.866646221986166
43.29508307425628
73.60674998047627
94.23050967860846
103.83750811368807
124.03451295309023
135.45138115256822
156.46019469719502
161.2376123385764
160.00743346768422
198.69422747740106
241.31544208790797
263.43344670952007
315.02397853044255
337.04712548293423
314.93051773719685
