13.737620373557107
50.53291895454745
6.412269555352529
-66.34556725978463
-53.45543156314778
51.208923514099666
-86.05918629799615
-150.64986469916408
-126.10534249212812
41.184341571559386
17.056462573062987
88.47703929969725
-126.74118687704691
-25.338278153505822
-198.08582774557416
-94.74856341397721
-44.088380696400286
-188.58267257208954
-130.3253639577711
-231.77323910443278
-229.39269111703692
-217.58036742526184
-155.2744021583873
-106.92104370833191
-48.918750945955445
-49.35135337745804
4.463348336421394
13.037815021086418
39.606377570676486
65.24335978927962
30.723525100044814
-56.53821268343939
-45.09577311944528
-5.835981963332378
65.8596580603269
43.59561000724175
89.50573861769753
94.77272056987408
114.77785091550854
147.74909522447717
143.53956254640158
127.86294451447759
113.50211498683001
92.85976508973287
70.35522577607652
27.036138897451007
8.05211917076761
-3.405146822600182
8.73300921406848
2.2624045285760763
