1.9984014443252818e-15
4.773959005888173e-15
-1.4432899320127035e-15
1.021405182655144e-14
-3.4416913763379853e-15
0.0
-9.325873406851315e-15
-8.881784197001252e-16
-2.220446049250313e-16
22.146748195557148
-42.637921264351235
14.764663157202182
7.335385987203551
3.6560092045270234
-1.6043114294054686
7.1796433674129005
5.049526848986645
-0.6907630788447321
4.884981308350689e-15
4.440892098500626e-16
-8.881784197001252e-16
4.996003610813204e-16
5.329070518200751e-15
8.881784197001252e-16
6.217248937900877e-15
-2.6645352591003757e-15
-6.661338147750939e-16
14.852482349291247
-30.11699228229861
7.69469671160501
8.327885610299958
6.434070160494631
-8.374283235996067
-0.7497308483277543
-0.03954324567394041
-0.25651060829502437
-5.10702591327572e-15
1.4838824613505608e-14
-7.993605777301127e-15
-3.1807889655510735e-14
2.7533531010703882e-14
3.9968028886505635e-15
-4.440892098500626e-16
-2.930988785010413e-14
-9.547918011776346e-15
-1.3472014853987402
-7.293440694763717
-2.539410031531631
-1.0737953907426778
0.36461502347586183
-3.145281302394939
-1.4982469740852569
-0.6027963744306177
-0.28781772770417435
5.773159728050814e-15
-5.6066262743570405e-15
-3.3306690738754696e-16
-1.6209256159527285e-14
-2.3092638912203256e-14
1.5543122344752192e-15
-5.329070518200751e-15
1.865174681370263e-14
-4.440892098500626e-16
4.499157418198166
-26.580914095483706
1.033170102501117
2.780107624896189
2.811710128767885
-3.1327656964957087
-1.7125955060051157
0.3873687118482749
-2.1526202867321786
-3.1086244689504383e-15
1.6653345369377348e-15
7.771561172376096e-16
-4.440892098500626e-16
3.552713678800501e-15
3.1086244689504383e-15
-8.881784197001252e-16
-5.329070518200751e-15
5.551115123125783e-16
2.008795172234431
-32.66795145428341
-1.2257830159671474
5.7342434273329275
5.27756308101722
-2.740792409981996
-6.731051749326298
-2.5925549424137913
-1.643752915330439
1.176836406102666e-14
-6.994405055138486e-15
-2.220446049250313e-16
8.881784197001252e-16
1.7763568394002505e-15
-1.7763568394002505e-15
7.549516567451064e-15
-2.220446049250313e-16
-5.551115123125783e-17
112.37395802019314
-134.25797640494108
85.9311236869016
94.48213535861015
67.35831362372538
4.791994145895941
-9.262921319008996
-3.708300375807695
-2.0246192749967626
-1.9539925233402755e-14
-6.988298828503048e-13
-3.681499549657019e-13
1.4366285938649526e-13
2.55351295663786e-13
-3.952393967665557e-14
9.736655925962623e-14
-1.7674750552032492e-13
2.112754415861673e-13
186.7966888437652
-242.03260824219126
131.2344496118054
144.66428318888222
96.85074865537133
0.015074284731880994
-14.50099085151497
-5.917457995397335
-3.2772326918413093
4.6629367034256575e-15
4.996003610813204e-16
-2.1094237467877974e-15
1.7763568394002505e-15
-2.4424906541753444e-15
-8.881784197001252e-16
-3.1086244689504383e-15
6.217248937900877e-15
-5.551115123125783e-17
162.05774944634376
-252.79525092487742
104.96664931081202
137.77618432490095
88.41358623121975
-1.23511230459442
-32.6214427363109
-11.193997934275693
-11.67953563918585
1.199040866595169e-14
-4.440892098500626e-15
9.020562075079397e-16
-2.220446049250313e-15
3.1086244689504383e-15
8.881784197001252e-16
1.9984014443252818e-15
-1.3322676295501878e-15
-2.220446049250313e-16
71.63077279189056
-346.4569602090972
11.346378630489994
108.25751556768907
69.00323476885421
-9.224617788209114
-96.91355715695911
-44.21004939902043
-26.119494568150717
9.769962616701378e-15
1.4109269308448802e-12
1.9298451725546784e-13
4.979350265443827e-12
1.1470824290427117e-12
5.25135490647699e-13
4.409805853811122e-13
-5.613287612504791e-13
-3.079758670310184e-13
7.649752578915923
-196.14684181373946
-25.325386057637104
57.88162636652556
37.225634758084254
-4.320515662326857
-83.0126343153214
-36.95776793258688
-21.577598776098444
-9.992007221626409e-16
-7.849831895612169e-13
5.596634267135414e-13
-3.2839286845387505e-12
3.161915174132446e-13
-1.0623724122638123e-12
3.9968028886505635e-15
2.2648549702353193e-14
-1.176836406102666e-14
26.628128571838374
-199.8587661898689
-15.165420290296026
40.4468899483856
23.165258608763622
-10.816498208915805
-55.38936216291532
-20.517850107769043
-17.024708213891586
-1.1102230246251565e-15
3.219646771412954e-15
7.771561172376096e-16
-3.3306690738754696e-15
1.7763568394002505e-15
-2.220446049250313e-16
7.105427357601002e-15
-1.7763568394002505e-15
1.7763568394002505e-15
-75.92163941144125
-336.2911947184005
-80.17257787768546
-7.741372850702135
-4.594467797949804
-0.8353685422754822
-71.51720477817587
1.3403650843744295
-40.813257182694805
2.55351295663786e-15
-2.3869795029440866e-15
-3.3306690738754696e-16
4.440892098500626e-16
-8.881784197001252e-16
-1.1102230246251565e-16
1.7763568394002505e-15
3.552713678800501e-15
-1.7763568394002505e-15
-18.38904462617694
-76.50639553708811
-18.938196854099203
7.550904090122047
5.147518498912859
2.3451969454847443
-26.364999699547937
-5.159104763740459
-10.261670121458948
-3.375077994860476e-14
-1.5276668818842154e-13
1.2989609388114332e-14
-7.700506898800086e-13
-1.3180567748349858e-12
-4.0190073491430667e-13
-4.636291350834654e-13
1.5210055437364645e-13
-1.1324274851176597e-13
-878.9060189603275
8.566509948565823
-622.5170697402875
-412.27926346107034
-241.5460224003232
-2.2196099150985873
-210.40944289807385
-89.32348801945821
-58.66224734214117
1.0658141036401503e-14
5.689893001203927e-16
3.3306690738754696e-16
1.3322676295501878e-15
-3.552713678800501e-15
-1.1102230246251565e-16
-2.6645352591003757e-15
8.326672684688674e-15
8.881784197001252e-16
58.98703039062286
-294.59100978989454
6.220762766471896
80.63009656276745
54.645575145742825
4.196126019474178
-76.10202104403238
-30.78039807511961
-22.82758954399291
-1.1102230246251565e-16
9.43689570931383e-16
-2.220446049250313e-16
-1.1102230246251565e-15
-4.440892098500626e-16
0.0
2.6645352591003757e-15
1.1102230246251565e-15
-3.3306690738754696e-15
-80.58095616167661
-180.87779440256747
-99.82431117600265
-108.21236745437399
-55.69945749374793
-16.037126707270524
8.04686383380374
5.130646100791012
1.1188199310904379
-5.1958437552457326e-14
7.271960811294775e-15
-1.541822225448186e-14
-6.714628852932947e-13
-9.143241719300477e-13
-4.689582056016661e-13
2.475797344914099e-14
2.531308496145357e-14
-2.9976021664879227e-14
-46.460225264534216
-54.310028822320305
-39.262575525496516
-41.88583530004195
-18.669676814243118
1.5502558689825872
2.6804834874805863
2.1647475650190486
0.28550482120160003
5.551115123125783e-15
-1.4432899320127035e-15
2.2537527399890678e-14
3.8491432263754177e-13
2.6645352591003757e-15
-1.5765166949677223e-14
2.220446049250313e-15
-3.1086244689504383e-15
6.217248937900877e-15
-128.54534718437702
-72.05725825586222
-120.38368407883127
-144.8314790901645
-83.47197425898275
-20.985269328798108
24.573051492855683
18.302621022589378
1.8544830685661262
-1.1213252548714081e-14
2.525757381022231e-15
-1.1102230246251565e-16
1.7208456881689926e-15
-1.27675647831893e-15
-1.6653345369377348e-16
-3.1086244689504383e-15
-6.8833827526759706e-15
-8.881784197001252e-16
455.05711084329437
-91.14006748893249
369.39662287464614
3.5020122376521523
2.1200196040874815
-0.3849933920602686
365.8180140943218
223.41769234642777
59.699584199109395
-2.7755575615628914e-15
-3.608224830031759e-15
-1.1102230246251565e-16
-7.771561172376096e-16
1.7763568394002505e-15
-1.6653345369377348e-16
4.440892098500626e-16
4.6629367034256575e-15
2.220446049250313e-16
200.9409780497897
-96.64338624964981
156.27701967116414
-28.685390994935965
-15.8427780728603
-7.38631599827875
185.00190482547623
113.73630093417151
27.50711533014349
4.884981308350689e-15
9.020562075079397e-15
-9.880984919163893e-15
5.329070518200751e-15
1.9895196601282805e-13
1.6717183193293295e-13
1.8474111129762605e-13
-1.3633538742396922e-13
1.418642980866025e-12
-82.09362215118608
-74.65613446729611
-74.60040412478581
-47.83756128978612
-26.957105140122316
-7.553007961164143
-26.68931765183782
-10.199282155434105
-9.524957681848882
-1.4432899320127035e-14
-1.0547118733938987e-15
-1.3322676295501878e-15
-4.0245584642661925e-16
5.329070518200751e-15
-2.3037127760972e-15
-3.552713678800501e-15
-3.3306690738754696e-15
-2.220446049250313e-15
-16.491241881549527
-47.843582597272075
-14.850410093063505
-4.916339759622652
-2.6854441465723298
-0.44821044590823433
-9.923587973887948
-1.374987562766833
-5.47175944170791
4.773959005888173e-15
-2.275957200481571e-15
3.219646771412954e-15
-3.3029134982598407e-15
1.3322676295501878e-15
6.281607178859616e-14
1.7763568394002505e-15
7.105427357601002e-15
-8.881784197001252e-16
13.252115077808543
-17.58871473374808
10.227554324211415
-1.3808152691892275
-0.5134902112832105
-0.13025131361372289
11.603045252429794
7.868789387832294
0.6157989936444039
1.3766765505351941e-14
1.6930901125533637e-15
8.326672684688674e-17
0.0
-3.9968028886505635e-15
5.995204332975845e-15
-2.220446049250313e-16
-5.773159728050814e-15
-2.220446049250313e-16
-0.488415607923919
-44.49249890196597
-2.113736658696041
-7.193483598694147
-3.8362795740034414
-1.6122635469638356
5.0838870316498905
5.7116061110414975
-2.5458972342172714
-6.5503158452884236e-15
2.3314683517128287e-15
-6.938893903907228e-18
1.8318679906315083e-15
2.220446049250313e-15
1.942890293094024e-16
-1.1102230246251565e-15
8.881784197001252e-16
4.440892098500626e-16
-4.815339699185678
-36.938987499188144
-4.893220096646392
-8.615232271723347
-4.5211456757671975
-2.0309551394444663
3.7241831308528255
4.198036855201899
-1.9498412115203794
4.218847493575595e-15
-1.1102230246251565e-15
-2.7755575615628914e-17
-2.220446049250313e-15
1.7763568394002505e-15
1.3877787807814457e-16
-4.440892098500626e-16
1.4988010832439613e-15
-2.220446049250313e-16
-2.596337111750394
-30.961545143216
-2.0662713803107096
-6.4172117399378275
-3.2434801116970533
-1.5534851091354698
4.352035195785003
4.306333346048497
-1.3691139919054507
-1.3322676295501878e-15
9.575673587391975e-16
1.1102230246251565e-16
-1.5543122344752192e-15
-4.884981308350689e-15
-2.7755575615628914e-17
1.4432899320127035e-15
-3.1086244689504383e-15
4.440892098500626e-16
-4.3322538381692866
-27.51140739795858
-2.907397767342381
-5.950152822703977
-2.847673570061737
-1.503405668669254
3.0411469631279715
3.58194922983904
-1.09024393214386
-2.220446049250313e-15
-2.4303475898435067e-14
1.1310397063368782e-15
-8.881784197001252e-16
-7.771561172376096e-15
6.744604874597826e-15
1.5509815654013437e-13
5.639932965095795e-14
-3.552713678800501e-15
-32.54096968762775
-28.503083435306223
-28.117635193406784
-25.05093202978921
-11.993116214597801
-7.031114924293448
-3.0741143439071124
-2.044913331133934
-0.19214638794500785
7.771561172376096e-15
7.840950111415168e-15
-1.6653345369377348e-16
8.104628079763643e-15
1.1657341758564144e-14
9.103828801926284e-15
2.3314683517128287e-15
1.3322676295501878e-15
0.0
-26.144002688012982
-18.453843008449937
-22.15038289226003
-11.010124303748107
-3.7469732381535263
-4.712025114910482
-11.144478636089389
-7.261220372086253
-0.4353916713381505
-1.3766765505351941e-14
-7.403799795469013e-15
1.452830911130576e-16
-1.0824674490095276e-15
2.55351295663786e-15
-6.938893903907228e-17
-4.440892098500626e-16
-3.0531133177191805e-15
4.440892098500626e-16
4.453833719531872
-43.78809034763677
3.397007279899668
-6.716126754123472
-1.3561272694587778
-3.691372908329733
10.124861568000274
6.712797258577274
0.05728434690334794
1.532107773982716e-14
9.159339953157541e-16
-8.326672684688674e-17
3.2890357104520263e-15
-3.552713678800501e-15
8.326672684688674e-17
-1.1102230246251565e-16
4.343747583845925e-15
-2.7755575615628914e-16
0.1490133079615923
-33.617027015738884
0.5601853410422066
-4.461033815633352
-0.494365629218251
-2.669369345335152
5.025387608513456
3.59167166830742
-0.3942812201961772
-1.2101430968414206e-14
4.822531263215524e-15
9.797718192317006e-15
-2.8033131371785203e-14
-1.0436096431476471e-14
-2.636085794094356e-14
7.105427357601002e-14
-4.996003610813204e-16
1.1102230246251565e-16
8.87728494282509
-12.604730534019716
7.969003260143892
3.344004605713197
2.1884712894144194
0.3802611837119113
4.6269344482487185
3.259881964058076
-0.2622997855396463
1.4432899320127035e-15
3.9968028886505635e-15
4.579669976578771e-16
6.106226635438361e-16
6.772360450213455e-15
9.020562075079397e-16
-8.881784197001252e-16
2.220446049250313e-16
0.0
4.678581846435975
-9.360032540968746
4.294126343917016
0.6780675728189323
0.4453271717643119
0.06794310618807042
3.62189914830131
2.615428842671735
-0.30877631577520503
2.4424906541753444e-15
2.0261570199409107e-15
1.6653345369377348e-16
-4.232725281383409e-15
-4.884981308350689e-15
9.71445146547012e-17
6.661338147750939e-16
-6.328271240363392e-15
3.3306690738754696e-16
3.9023972386682075
-9.53861160675666
3.6868937752658155
1.313422489409966
0.9054501625114426
0.13267190447743094
2.3795725573265685
1.8709193732861884
-0.4542982078805977
1.887379141862766e-15
-5.412337245047638e-15
8.326672684688674e-17
2.4424906541753444e-15
1.9984014443252818e-15
2.914335439641036e-16
-8.881784197001252e-16
8.770761894538737e-15
-5.551115123125783e-16
4.66778007815568
-11.558392519746207
4.474844119186205
3.328054575833768
2.3506831100329286
0.33378594730915356
1.1548225441044266
1.160038054678182
-0.6190022482139099
2.886579864025407e-15
-1.915134717478395e-15
-1.0380585280245214e-14
1.865174681370263e-14
1.1102230246251565e-14
-1.2601031329495527e-14
-2.6900703886667543e-13
2.1621593404574924e-13
-2.5673907444456745e-15
2.5643584036217817
-10.413975296351293
2.7361240227373926
2.438166689249499
1.7509576605166508
0.24024527047853986
0.30859158480282645
0.6800209896292234
-0.7346788522395542
-4.440892098500626e-16
6.356026815979021e-15
-2.498001805406602e-16
3.3306690738754696e-15
-8.326672684688674e-15
-6.38378239159465e-16
3.3306690738754696e-16
7.965850201685498e-15
2.7977620220553945e-14
-0.16288232385920765
-8.670134382098837
0.5073503861608586
1.008857224809546
0.73289309578632
0.09313216829258053
-0.4895883540929376
0.23710485052399657
-0.8479803990852304
-7.993605777301127e-15
6.38378239159465e-15
-2.220446049250313e-16
-6.661338147750939e-16
-2.886579864025407e-15
2.498001805406602e-16
1.1102230246251565e-16
-6.994405055138486e-15
-4.440892098500626e-16
-2.5701527967818265
-7.662217312592703
-1.410906046484115
0.21399576495151962
0.15259944715225515
0.7291926815143395
-1.610495908618418
-0.3899934828250693
-0.9996421997605155
6.661338147750939e-15
-3.774758283725532e-15
5.551115123125783e-17
2.6645352591003757e-15
1.1102230246251565e-15
-1.3877787807814457e-16
-3.3306690738754696e-16
-3.1086244689504383e-15
0.0
1.5727147909470602
-8.242077759013341
2.3374610178831574
0.020377720577158698
0.017770299522275934
0.48763091670389747
2.3329188700629047
1.9259102431954531
-0.2641342505871904
-8.104628079763643e-15
-3.6637359812630166e-15
-3.164135620181696e-15
3.774758283725532e-15
-6.661338147750939e-15
3.0531133177191805e-15
3.752553823233029e-14
-8.770761894538737e-14
-1.199040866595169e-14
2.5770464590650306
-4.656145065562669
2.7750526927168906
0.006278281313534251
0.03227091515674374
0.29345945384239336
2.770002705187638
1.8940375904027145
0.1682273662189111
-9.103828801926284e-15
-5.88418203051333e-15
1.6653345369377348e-16
4.440892098500626e-16
3.4416913763379853e-15
1.3877787807814457e-16
9.769962616701378e-15
3.552713678800501e-15
1.7763568394002505e-15
-16.238976457647084
-11.039493898959392
-12.361091088877961
0.024709316410046256
0.013693142889341203
0.18220838784588778
-12.37663505129794
-6.383448247720445
-3.235004647071449
1.0769163338864018e-14
5.9674487573602164e-15
-3.0531133177191805e-16
-1.9984014443252818e-15
8.881784197001252e-15
1.1102230246251565e-16
-8.088668623784656e-14
8.548717289613705e-15
0.0
-1.1884725936300615
1.053267476459041
-1.3216459786963544
0.012739959428543557
0.012569982061915397
0.03972593302640659
-1.3343769573641566
-0.8606892594697122
-0.18395899129702453
-2.55351295663786e-15
1.5959455978986625e-15
5.828670879282072e-16
-1.1657341758564144e-15
-9.769962616701378e-15
-1.582067810090848e-15
-3.3306690738754696e-16
-1.1379786002407855e-14
0.0
0.06166600137703426
-0.020671245629387158
0.004841147814929059
-0.006580889218113839
-0.0193677828677572
-0.007667656071328467
0.008748811204085882
0.000680686297599209
-0.0019491411721954677
1.9984014443252818e-15
-5.467848396278896e-15
1.3877787807814457e-16
-1.3877787807814457e-15
6.8833827526759706e-15
-4.163336342344337e-16
3.3306690738754696e-16
1.3322676295501878e-15
-4.440892098500626e-16
-0.12154743472886409
-0.06703637190196332
-0.06612288630812202
-0.0198404682115978
-0.043110394705863087
-0.0011795498830733386
-0.04967393008476506
-0.01939278314399928
-0.012702775722831738
-8.881784197001252e-16
2.609024107869118e-15
-2.914335439641036e-16
1.7763568394002505e-15
2.7533531010703882e-14
8.326672684688674e-17
-5.551115123125783e-17
2.220446049250313e-15
0.0
10.105807948745309
-12.243248627399964
9.222829054197518
-0.014391767681445344
-0.05250061149887486
0.06088184731085322
9.23246431350411
5.722430328500579
0.23586891080436656
1.2101430968414206e-14
2.4980018054066022e-15
1.1102230246251565e-16
2.4424906541753444e-15
-2.2426505097428162e-14
2.4147350785597155e-15
-2.7755575615628914e-17
4.440892098500626e-15
1.1102230246251565e-15
58.23119536186933
-42.03165610868879
51.2385720834221
-0.027023490447486864
-0.06564201603513098
0.1332703269302269
51.21669615443248
30.724631624033634
4.132724186214034
-1.0769163338864018e-14
-3.9968028886505635e-15
-2.498001805406602e-16
-2.6645352591003757e-15
-3.9968028886505635e-15
-5.551115123125783e-17
2.220446049250313e-16
-3.635980405647388e-15
0.0
-1.553147811015009
-10.961031788189644
-0.5490507422966289
0.46271678351715906
0.257399143558219
0.24359136980626406
-1.0300155262445543
-0.05644460362905335
-1.3253820929903313
2.220446049250313e-16
4.08006961549745e-15
2.7755575615628914e-17
-2.220446049250313e-16
2.3869795029440866e-15
-5.551115123125783e-17
0.0
2.4424906541753444e-15
-8.881784197001252e-16
-7.350010457002327
-5.477584096802389
-5.828691660057935
0.537834984895337
0.3302614509481563
0.21539894112893632
-6.365677193777491
-3.391458941029292
-1.5722628324882635
4.218847493575595e-15
-7.972789095589405e-15
3.0531133177191805e-16
2.9976021664879227e-15
-1.4155343563970746e-15
2.7755575615628914e-17
-3.0531133177191805e-16
1.1102230246251565e-15
-3.3306690738754696e-16
-5.847385021503584
-1.8673035459539165
-3.9600424053865773
-2.036977214882093
-1.3248014090298774
-0.05362556005210117
-1.9148896614221298
-0.916355145104836
-0.7868208347230592
-1.2434497875801753e-14
3.5214886562329184e-15
3.469446951953614e-18
1.0547118733938987e-15
8.604228440844963e-16
-2.7755575615628914e-17
-1.3877787807814457e-16
-5.551115123125783e-15
3.3306690738754696e-16
-4.921088943759656
-0.32282367869959216
-2.9240153123687627
-1.9154071745488608
-1.3097979014012502
0.3882443123945285
-1.0001948095458388
-0.396387870192318
-0.572304491816638
5.551115123125783e-15
4.698498534683182e-15
-5.377642775528102e-17
2.7755575615628914e-16
1.0769163338864018e-14
2.7755575615628914e-17
4.440892098500626e-16
-4.618527782440651e-14
-8.548717289613705e-14
-1.4981493783760698
-2.91278604514606
-0.675062436235244
-0.27707564262667006
-0.1948631594785546
-0.3581239576614541
-0.38776537449555093
-0.032508884092574686
-0.45414290563167015
-9.547918011776346e-15
-3.851086116668512e-15
1.734723475976807e-16
-5.384581669432009e-15
-5.773159728050814e-15
1.8041124150158794e-16
-8.326672684688674e-16
5.995204332975845e-15
2.90878432451791e-14
-0.9728328849211749
-3.5223564374451826
-0.26060713831682136
-0.025566815012616928
-0.0262616580246835
-0.09975432436003295
-0.22694448012168067
0.09352090888963316
-0.44039139304598507
4.418687638008123e-14
4.08006961549745e-15
1.0477729794899915e-15
2.55351295663786e-15
3.552713678800501e-15
-4.85722573273506e-17
-1.1657341758564144e-15
8.881784197001252e-16
-2.220446049250313e-16
-0.953866629294339
-3.9097590011988363
-0.12732472307776987
-0.004899139983621126
-0.014292056721892266
-0.08702051888443973
-0.11663258958225951
0.20685763730877582
-0.4468004827501346
-7.549516567451064e-15
2.5396351688300456e-15
-6.245004513516506e-16
9.992007221626409e-16
-2.6645352591003757e-15
7.632783294297951e-17
2.220446049250313e-16
-2.55351295663786e-15
-2.220446049250313e-16
-0.7822320473932365
-4.375672101798372
0.19598547337420236
-0.02145556233766044
-0.02656932356785724
-0.07927775130518366
0.22137098808840872
0.46282242374401505
-0.41289051393970055
-6.439293542825908e-15
-3.219646771412954e-15
1.6930901125533637e-15
-3.892219879730874e-12
-5.10436137801662e-12
-1.4387276092708845e-13
2.220446049250313e-16
3.164135620181696e-15
0.0
-0.5680782033461611
-5.072388498862789
0.6320164432495474
-0.04485382302275909
-0.04146341393141384
-0.06895330405227718
0.6792077834511829
0.8097519658718539
-0.36291600685540715
1.2212453270876722e-14
8.743006318923108e-16
5.551115123125783e-17
1.7263968032921184e-14
-4.440892098500626e-16
-5.4643789493269423e-17
-2.220446049250313e-16
-2.1163626406917047e-16
4.440892098500626e-16
-0.4379504556801095
-5.998932861252945
1.0769527244905817
-0.06698417222271402
-0.0521582564387959
-0.03122649359920393
1.1448912329083072
1.1856872688449442
-0.3124761503781386
6.217248937900877e-15
2.6173507805538065e-14
5.601075159233915e-14
2.2689627954264324e-12
3.2389646520414317e-12
-9.029582637154476e-14
-2.7755575615628914e-17
-2.1094237467877974e-15
-6.821210263296962e-13
-0.40151404466326923
-6.21058781928042
1.4789218205866348
-0.3556476064537435
-0.24760880516739903
-0.08426575083331667
1.8345658338618733
1.6753107809558117
-0.16822884359991974
4.440892098500626e-15
-1.2212453270876722e-15
1.1102230246251565e-16
-2.9531932455029164e-14
-3.1086244689504383e-15
1.4432899320127035e-15
6.661338147750939e-16
-8.881784197001252e-16
-4.440892098500626e-16
6.226950368855086
-7.027443723475443
5.110289762582752
1.5974443675385004
1.3579715320478485
0.44430524445240493
3.5238269235854465
2.255876059781528
0.47161807518521215
-8.659739592076221e-15
4.288236432614667e-15
-2.7755575615628914e-16
-2.353672812205332e-14
6.319944567678704e-14
-2.7755575615628914e-17
1.1102230246251565e-16
1.3322676295501878e-15
0.0
-3.415898474739997
-5.879805138542736
-2.1593283383192414
-6.084091321454025
-3.3878272837149552
-0.6274918913751222
3.9201769595195657
2.4863437713030265
0.5063409648520611
3.042011087472929e-14
-4.621303340002214e-15
5.551115123125783e-17
2.1094237467877974e-15
1.8318679906315083e-15
1.734723475976807e-17
-7.771561172376096e-16
4.850286838831153e-15
-3.3306690738754696e-16
5.9214963016427475
-7.0258801156383015
5.514616728703956
1.0221434686344253
0.8458310616091147
0.2145515107537399
4.494905830668813
2.854217336997948
0.5591842584262405
-4.107825191113079e-14
-7.771561172376096e-16
5.551115123125783e-17
-2.220446049250313e-15
-2.4702462297909733e-15
1.734723475976807e-17
0.0
1.6861512186494565e-15
2.220446049250313e-16
6.939659916332147
-8.134214793466555
6.0771032191401595
2.289706073081362
1.8383971013473612
0.5254899632056613
3.7994897951936935
2.42537467207886
0.4569217110820283
7.327471962526033e-15
5.440092820663267e-15
0.0
-6.661338147750939e-16
1.27675647831893e-15
-3.469446951953614e-17
4.440892098500626e-16
-8.631984016460592e-15
0.0
11.885972909726199
5.172316230586414
13.636347176022937
10.977739700483639
6.730762398537632
3.063237212803768
2.6436745442302794
1.694584920024326
0.30471897561541716
1.3988810110276972e-14
-3.0808688933348094e-15
2.7755575615628914e-17
3.1086244689504383e-15
-2.220446049250313e-15
-5.551115123125783e-17
0.0
2.498001805406602e-16
-2.220446049250313e-16
-2.404369986358674
-8.144832176340309
-3.135166206336663
-4.906002834735119
-2.9845080485391193
-1.3791389815941528
1.7495288698825247
1.1326905680601556
0.19024203219757663
1.4432899320127035e-14
6.966649479522857e-15
-4.454769886308441e-15
-9.880984919163893e-15
-8.881784197001252e-16
-4.440892098500626e-15
-1.1102230246251565e-16
-3.219646771412954e-15
-4.6074255521944e-15
-2.6121893327461123
-5.561155899869689
-2.869860980302313
-4.167813577135057
-2.3801590275720343
-0.9798641344711571
1.298562952348739
0.853088988803318
0.1379202977109122
1.3322676295501878e-15
-1.3322676295501878e-15
5.551115123125783e-17
-2.220446049250313e-16
1.7763568394002505e-15
-8.326672684688674e-17
1.1102230246251565e-16
5.2735593669694936e-15
1.1102230246251565e-16
-0.0670569795306335
-4.404743177754611
-0.6056241160016178
-1.5881252969444546
-0.7854429977419706
-0.5389518970127085
0.9824441530684248
0.6553636649482009
0.10346256481290705
-1.1102230246251565e-14
-3.3306690738754696e-16
-5.984795992119984e-17
1.3600232051658168e-15
2.6645352591003757e-15
1.249000902703301e-16
-5.551115123125783e-16
2.0539125955565396e-15
0.0
1.004401095268193
-4.525818979562452
0.30437672026926776
-0.6284627587417617
-0.19406144677269666
-0.4215134576230497
0.9244942528255287
0.6360487582246659
0.09657975157620813
-5.773159728050814e-15
4.496403249731884e-15
-5.988265439071938e-15
5.2735593669694936e-15
4.1300296516055823e-14
-2.48620568576996e-14
-8.881784197001252e-16
-4.043987367197133e-14
-2.1216362000586741e-13
0.8726443856842039
-4.189206893798115
0.12880689202933127
-0.3036743989948789
0.013771129920574943
-0.4063231849009128
0.4208181794686627
0.2968231039644236
0.042873837963196104
4.884981308350689e-15
-1.970645868709653e-15
-4.163336342344337e-17
-1.4597698050344832e-15
7.993605777301127e-15
7.0637939941775585e-15
3.219646771412954e-15
1.1712852909795402e-14
-2.220446049250313e-16
0.7805734094013772
-3.8062388408449834
0.05058157455070855
-0.11506567131310419
0.14584560157420756
-0.410491651712654
0.15909490936425463
0.08224047266400447
0.013686770891733866
1.887379141862766e-14
-8.118505867571457e-16
-6.356026815979021e-15
-3.0253577421035516e-15
-6.661338147750939e-15
-1.6653345369377348e-16
-7.771561172376096e-16
-7.0360384185619296e-15
-2.220446049250313e-16
0.4245970975368287
-3.528691948861038
-0.15858770673196432
-0.22605097154431775
0.10901154060504306
-0.4438257856936261
0.07064205047488059
-0.01200268109142133
0.001941863543147626
-1.6431300764452317e-14
3.0635216585750413e-15
0.0
4.440892098500626e-15
-6.661338147750939e-15
1.1102230246251565e-16
-1.1102230246251565e-16
-2.8449465006019636e-15
1.1102230246251565e-16
-0.6943057091502958
-3.4082705144796392
-0.9207504988823166
-0.8436429394264309
-0.2351049945505843
-0.5115000776456498
-0.06666714697263032
-0.0781708871984419
-0.009616125399545927
-2.220446049250313e-16
7.424616477180734e-16
5.551115123125783e-17
-1.7208456881689926e-15
3.1086244689504383e-15
-5.551115123125783e-17
1.9984014443252818e-15
4.85722573273506e-15
-2.020605904817785e-14
-4.587136536979239
-0.233465503589386
-3.9072388677411567
-1.4934497651458045
-0.636387537985077
-0.5372050704346591
-2.4039655344275275
-1.722286883981626
-0.1918535885564996
-2.6645352591003757e-15
-3.774758283725532e-15
1.6653345369377348e-16
-3.0322966360074588e-15
4.884981308350689e-15
2.7755575615628914e-17
-1.7763568394002505e-15
-1.817990202823694e-15
6.661338147750939e-16
-25.167819626921705
21.20402610372534
-18.529727805310728
-1.3035783662965592
-0.5718157478463501
-0.42153068870645427
-17.223040019098814
-12.64365042446603
-1.0296923846162576
4.218847493575595e-15
-2.248201624865942e-15
-2.7755575615628914e-16
3.3029134982598407e-15
-1.3322676295501878e-15
0.0
2.9976021664879227e-15
4.593547764386585e-15
1.3322676295501878e-15
7.779047685498146
-11.380660128148321
6.18797475481899
-0.7405240918159848
-0.26917947433772227
-0.27053658516375734
6.934299031194087
4.701606032675034
0.1952265919233418
1.7763568394002505e-15
7.466249840604178e-15
-3.58046925441613e-15
4.213296378452469e-14
5.284661597215745e-14
6.222800053024002e-14
5.218048215738236e-15
-5.551115123125783e-15
1.4210854715202004e-14
4.433312955665361
-7.045071240242735
3.2256852562377993
-0.5840265524057173
-0.16272073275802512
-0.2464395055679134
3.8053495352088618
2.696151549210221
0.09707121374464278
-1.199040866595169e-14
-1.734723475976807e-15
-7.086345399365257e-16
3.552713678800501e-15
5.88418203051333e-15
1.6653345369377348e-16
-2.220446049250313e-16
-1.3322676295501878e-15
-3.219646771412954e-15
-2.029896778656912
-1.9087919697385871
-1.6856212618246393
-1.3459842680150906
-0.5694913221125404
-0.40925690800659703
-0.32906456987242194
-0.3261997376165713
-0.08314166589457472
9.769962616701378e-15
-4.107825191113079e-15
-1.3877787807814457e-16
4.440892098500626e-16
-2.220446049250313e-15
0.0
-1.9984014443252818e-15
-4.440892098500626e-15
2.9976021664879227e-15
-3.4171600168777427
-1.4803637104090512
-2.754482831922246
-2.6131958393473136
-1.2585589269688313
-0.6868680484758869
-0.13738956265812874
-0.18512821657172474
-0.02980824957720818
9.769962616701378e-15
-5.551115123125783e-16
8.326672684688674e-17
0.0
-2.6645352591003757e-15
2.7755575615628914e-17
-4.440892098500626e-16
4.551914400963142e-15
-1.1102230246251565e-15
-4.165060996116107
-2.063966468585477
-3.224811911774765
-3.1629754969293447
-1.539658317587083
-0.8469989907837601
-0.062145250126548035
-0.12476431738619098
-0.0056933427880353485
-1.2878587085651816e-14
-2.831068712794149e-15
5.6690763194922056e-15
-5.417888360170764e-14
4.929390229335695e-14
-4.6629367034256575e-14
4.884981308350689e-15
-1.2212453270876722e-15
1.2045919817182948e-14
-3.165897428247426
-2.6868620945910635
-2.390798616969252
-2.3037350453781507
-1.0896252377721751
-0.6948056848800803
-0.0858776957373877
-0.07719781464070508
-0.00724690930938654
7.105427357601002e-15
8.493206138382448e-15
-2.5413698923060224e-16
-4.440892098500626e-16
2.220446049250313e-15
-1.6653345369377348e-16
-1.3877787807814457e-15
-1.2212453270876722e-15
-2.3314683517128287e-15
0.3663100562715762
0.14012406605240812
0.243214539935245
0.3735006918455781
0.1816342981462178
0.10226105283445763
-0.1299779204920668
-0.07254027353000936
-0.011505418986811566
3.552713678800501e-15
-6.0645932720149176e-15
1.8041124150158794e-16
-2.220446049250313e-16
-4.884981308350689e-15
2.7755575615628914e-16
2.220446049250313e-15
1.1102230246251565e-15
1.7763568394002505e-15
-0.9565416510070719
0.7886906032435945
-0.7544795607143655
-0.31409959554422073
-0.2147746323023796
-0.034143465363591474
-0.4394162869132856
-0.30369184044786124
-0.04566099812161717
-1.0880185641326534e-14
2.220446049250313e-16
-2.7755575615628914e-17
0.0
8.881784197001252e-16
-1.942890293094024e-16
-5.329070518200751e-15
4.440892098500626e-16
-2.6645352591003757e-15
2.370200480821147
2.18085968623933
2.0231237411251257
-0.02336398640886728
0.004983982157881428
-0.012807713374147767
2.044046023667022
0.974507981915032
0.520335190479889
1.021405182655144e-14
-4.884981308350689e-15
-1.2836953722228372e-14
-5.773159728050814e-15
-6.217248937900877e-15
-1.124100812432971e-15
-2.9753977059954195e-14
3.858025010572419e-14
1.199040866595169e-14
-13.76197947838454
25.083345697368998
-8.958979376992033
1.693756897047848
1.1869721013655763
0.17891188895240617
-10.68786087225402
-7.548023904561859
1.618091508103788
6.8833827526759706e-15
-9.71445146547012e-16
1.0810796702287462e-14
-1.5543122344752192e-15
1.5543122344752192e-15
3.2439329000766293e-16
-5.1736392947532295e-14
3.134992265785286e-14
2.220446049250313e-16
6.602245453746669
-24.625243994418497
3.5613800334601606
0.9114454368567806
0.658748995782517
0.09817215616749309
2.6330020722127756
2.8216818379272546
-2.313742188960788
-5.329070518200751e-15
8.81239525796218e-16
-4.85722573273506e-17
1.5543122344752192e-15
3.3306690738754696e-16
-3.5388358909926865e-16
8.881784197001252e-16
6.8833827526759706e-15
-1.5404344466674047e-15
12.083326269821935
-24.157771050252904
8.942084694053943
1.0796676409392205
0.8059445234265752
0.11004277847231414
7.869182644818849
5.837336601294741
-1.486640199123059
1.5543122344752192e-15
-2.3175905639050143e-15
2.498001805406602e-16
2.220446049250313e-16
-1.0547118733938987e-15
1.3877787807814457e-16
9.853229343548264e-16
2.220446049250313e-15
3.3306690738754696e-16
35.77848854643378
-20.656494721543655
29.14826367396512
28.042732019703696
16.24248497106221
5.3958930882184575
1.1416349655082172
2.0329557403525182
-2.1168996965628395
1.3988810110276972e-14
2.8033131371785203e-15
-1.3197776205231548e-14
-2.6645352591003757e-15
9.325873406851315e-15
-2.4202861936828413e-14
8.881784197001252e-15
-1.156852391659413e-13
-6.927791673660977e-14
-0.06194740601125437
0.0313580199703587
0.0034023120982134003
0.618413332704852
0.4680220966186823
0.03197140373436724
-0.5934853275774117
-0.39874671225409486
0.04644214222183374
-6.217248937900877e-15
-1.061650767297806e-15
1.27675647831893e-15
-2.220446049250313e-16
4.6629367034256575e-15
3.3306690738754696e-16
1.0942635686461699e-14
8.326672684688674e-15
-1.3322676295501878e-15
0.04864657895056723
-0.7655860270230974
0.0895838459491145
0.2024714665572347
0.2190381956047034
-0.04044606312852039
-0.1021849967733246
-0.0705748630711085
0.010118159603527355
-3.9968028886505635e-15
2.6575963651964685e-15
-2.0816681711721685e-16
1.3322676295501878e-15
-5.551115123125783e-16
-2.7755575615628914e-16
-5.551115123125783e-16
-5.551115123125783e-15
-9.992007221626409e-16
0.313814840258388
-0.9828568394377369
0.3045874107074056
0.11908595605525107
0.14500148980500427
1.4513903797277834
0.19065893734181572
0.12659976056784927
-0.008542857192764597
1.1102230246251565e-15
5.717648576819556e-15
-9.71445146547012e-17
-1.7763568394002505e-15
6.661338147750939e-16
-5.551115123125783e-17
1.2212453270876722e-15
4.884981308350689e-15
1.27675647831893e-15
1.1308422295924458
-1.4498231343836636
0.9090193459942455
0.30495544279752096
0.22637252518235584
0.8083717550437726
0.6091536037935157
0.3886339162750758
-0.041259705346700426
-1.84297022087776e-14
-4.8433479449272454e-15
-1.3322676295501878e-15
-5.773159728050814e-15
1.3433698597964394e-14
2.761679773755077e-14
7.438494264988549e-15
-1.7319479184152442e-14
3.969047313034935e-15
0.4485076990521719
-0.5974232926870329
0.37242303553054157
0.3631895905056126
0.24522247024190588
0.4725384468678229
0.013480093365416224
0.0029657640995068846
-0.0487109539711118
2.6645352591003757e-15
-2.615963001773025e-15
1.6653345369377348e-16
1.9984014443252818e-15
-8.881784197001252e-15
5.551115123125783e-17
6.661338147750939e-16
5.773159728050814e-15
2.761679773755077e-15
1.9994751661216554
-2.1280389581446713
1.7752917510577113
0.3835564890769163
0.25008822288686616
0.33714803867734844
1.3981031854801103
0.995053935359863
0.24431071343482455
1.3322676295501878e-15
-7.077671781985373e-16
-1.1102230246251565e-16
1.7763568394002505e-15
5.329070518200751e-15
0.0
0.0
-3.774758283725532e-15
6.661338147750939e-16
2.8697655505803468
-3.397327802489883
2.5602576672628174
0.021934492411794793
0.06469642694990085
0.13483903772639394
2.541911270629612
1.797152163097941
0.4799915380968791
-1.0436096431476471e-14
3.479855292809475e-15
1.1102230246251565e-16
-4.440892098500626e-16
-3.1086244689504383e-15
1.4988010832439613e-15
-1.9984014443252818e-15
2.220446049250313e-16
-4.440892098500626e-16
0.9846567402214674
-3.243136282551438
0.989400076977951
-0.8669767108425078
-0.3823553472098009
-0.35329188217848895
1.8637376171850588
1.3174785589965055
0.32398130125390345
-7.327471962526033e-15
-5.065392549852277e-15
-2.7755575615628914e-17
-1.5543122344752192e-15
6.994405055138486e-15
2.7755575615628914e-17
2.4424906541753444e-15
-4.218847493575595e-15
1.1102230246251565e-15
3.1709427828018453
-5.372241013409905
2.2034390907532924
-0.6651574965512763
-0.2496554256959218
-0.9255364243255428
2.872629242933854
1.8249000038634762
-0.1037368233395346
1.2434497875801753e-14
3.4208746946262636e-15
0.0
-2.7755575615628914e-16
-3.6637359812630166e-15
-1.0547118733938987e-15
-1.7763568394002505e-15
2.220446049250313e-16
2.220446049250313e-16
1.433794290813239
-5.861815466751067
0.2450903835551781
0.0003756039022206892
0.004997357656559842
-0.7563877537359673
0.23081961550850852
0.31474673611453685
-0.706872612973541
1.1102230246251565e-14
-1.609823385706477e-15
-2.7755575615628914e-17
8.326672684688674e-17
-2.9976021664879227e-15
-2.7755575615628914e-17
-3.4416913763379853e-15
2.4424906541753444e-15
3.2751579226442118e-15
1.1057682471971404
-4.8658711895660645
0.23871741865592355
0.006610395710865191
0.007186930972073569
-0.37345151537735255
0.2271540040570272
0.29548287427922304
-0.5550864745353152
-1.6653345369377348e-14
-1.7208456881689926e-15
8.673617379884035e-18
2.7755575615628914e-16
1.2212453270876722e-15
5.551115123125783e-17
-3.3306690738754696e-16
1.3322676295501878e-15
1.4432899320127035e-15
1.2607868189710043
-4.182292592605947
0.5409975564357268
0.01159432451756004
0.006118570339454621
-0.19516871391074966
0.5261009834210881
0.47378541156293963
-0.4247208958277753
-8.43769498715119e-15
1.9845236565174673e-15
-2.7755575615628914e-17
-1.1102230246251565e-16
6.328271240363392e-15
-5.551115123125783e-17
-1.7763568394002505e-15
-5.551115123125783e-16
-4.440892098500626e-16
1.1882215454664191
-0.8468670512742165
0.9275483564985707
-0.005672364924482309
-0.005337473271818993
0.36435545639163935
0.9155215981946653
0.5387337341847553
0.012498421450862551
2.5979218776228663e-14
-7.494005416219807e-16
-2.636779683484747e-16
-1.1102230246251565e-16
-4.551914400963142e-15
4.683753385137379e-17
3.9745984281580604e-14
-2.2926105458509483e-14
-1.3322676295501878e-15
1.6879354370139374
-5.319850266946858
0.9171327391654245
-0.16360575994053406
-0.11171416380162036
-0.27944823744088376
1.0798143510018647
0.8673372086316276
-0.5170714018070299
-2.1316282072803006e-14
1.5543122344752192e-15
-1.1102230246251565e-16
0.0
-1.4432899320127035e-15
-6.938893903907228e-17
-1.1102230246251565e-16
-1.6653345369377348e-15
4.440892098500626e-16
2.3468192372368684
-5.11598029566855
1.673766044214787
0.09254383243279918
0.0547723862303755
-0.055807076184374076
1.5808229771651627
1.1601165738396526
-0.3482393780867028
1.7763568394002505e-14
3.3306690738754696e-15
0.0
-4.440892098500626e-16
1.6653345369377348e-15
-3.469446951953614e-17
1.1102230246251565e-16
-2.6645352591003757e-15
-4.440892098500626e-16
3.3374943538531596
-5.120158047055156
2.6652264872001297
0.27480547579256864
0.17148628264994814
-0.02788653819837772
2.38982635888469
1.6592235727921432
-0.14890364890143815
-1.5765166949677223e-14
-3.497202527569243e-15
0.0
2.220446049250313e-16
-1.1102230246251565e-16
1.0755285551056204e-16
-1.1657341758564144e-15
-2.6645352591003757e-15
8.881784197001252e-16
3.727141562409003
-5.081080089146283
3.092201084391597
0.0443858343480823
0.026472479720288433
-0.0407432798033906
3.0448266597154383
2.1436753583487373
0.03429604741657499
2.4424906541753444e-14
-2.1649348980190553e-15
-8.326672684688674e-17
0.0
2.7755575615628914e-16
-1.3877787807814457e-17
4.996003610813204e-16
-3.5041414214731503e-15
-8.881784197001252e-16
-0.4725455918962602
0.49312741213668687
-0.36367872952893343
-0.04480849402992959
-0.0317073539582724
-0.026558368874355143
-0.3238786461140535
-0.21516335203308756
-0.00952053391756369
-7.105427357601002e-15
7.216449660063518e-16
1.5612511283791264e-16
-1.1102230246251565e-16
4.579669976578771e-16
3.122502256758253e-17
8.881784197001252e-16
1.1324274851176597e-14
4.440892098500626e-16
-6.0487262571932945
6.013214495446391
-4.975280215685974
-0.7976878441551438
-0.5218433891324139
-0.06051602929684308
-4.181040403085852
-2.764236956863545
-0.14728033140764496
-1.2212453270876722e-14
-5.134781488891349e-16
-3.885780586188048e-16
2.220446049250313e-16
-5.551115123125783e-15
-2.949029909160572e-17
-1.3766765505351941e-14
1.3322676295501878e-15
4.440892098500626e-16
4.351521466893701
-2.440993139844551
3.704661724193258
0.29500029845865683
0.1911210616110246
0.0249579669762916
3.407133886892069
2.1248907428402575
0.3713113107483679
-2.4424906541753444e-15
7.216449660063518e-16
1.5265566588595902e-15
-9.992007221626409e-16
4.274358644806853e-15
3.469446951953614e-17
8.104628079763643e-15
1.3211653993039363e-14
1.5987211554602254e-14
2.7194847442341157
-2.622375709112191
2.3665218348767283
0.2702633650378985
0.175244731995285
0.024952576208198796
2.0961338443417574
1.3877390788893216
0.15521127447077276
3.6637359812630166e-14
2.6922908347160046e-15
-2.7755575615628914e-17
-1.3322676295501878e-15
-4.440892098500626e-15
3.122502256758253e-17
-7.549516567451064e-15
7.716050021144838e-15
-2.1760371282653068e-14
2.0952905014576686
-2.960980034886177
1.8925491702862158
-0.00801187410539228
-0.0042606401582503395
-0.037291936731482345
1.903880285684906
1.3396383285855364
0.10173566607419104
-3.352873534367973e-14
3.941291737419306e-15
-3.885780586188048e-16
1.9984014443252818e-15
4.3298697960381105e-15
-9.020562075079397e-17
1.3100631690576847e-14
-2.3314683517128287e-15
3.197442310920451e-14
-0.04829531535436615
-3.5929777700142154
0.1426235894566119
-0.00875403960372978
-0.002252216171093835
0.020495966404211696
0.15153750196061821
0.4182846685896173
-0.2141375329799331
-4.218847493575595e-15
-9.43689570931383e-16
1.960237527853792e-16
-1.1102230246251565e-15
-2.220446049250313e-16
4.163336342344337e-17
2.4424906541753444e-15
-1.1119577481011333e-15
-4.440892098500626e-16
1.1294091663616541
-1.1698381333228554
1.0462470242259485
-0.01997504232202374
-0.013834096446418087
0.0185626523676643
1.0685602709746291
0.7123777708818153
0.11039376505814502
-1.021405182655144e-14
-7.799316747991725e-15
0.0
-1.1102230246251565e-15
8.881784197001252e-16
5.204170427930421e-17
-8.881784197001252e-16
4.440892098500626e-16
8.881784197001252e-16
-2.0621028136487354
-3.898583524331343
-1.4658968762433577
-0.0021703333399014646
0.004124073740664258
0.021567113178480368
-1.4697571326451966
-0.5129235941599859
-0.5215281739849047
1.7319479184152442e-14
5.111362721965662e-15
-3.191891195797325e-16
1.1102230246251565e-16
-6.439293542825908e-15
-5.551115123125783e-17
1.304512053934559e-15
-1.3322676295501878e-15
-1.3322676295501878e-15
0.1121902564561239
-0.11299522092667758
0.10394842879061628
-0.0006455528331130722
-0.00073173049648112
0.014433070501228995
0.10208557533432838
0.06824903656010939
0.012431891476680335
3.397282455352979e-14
-1.0824674490095276e-15
3.400058012914542e-16
-6.661338147750939e-16
4.440892098500626e-15
-6.938893903907228e-18
-8.881784197001252e-16
3.9968028886505635e-15
-4.440892098500626e-16
0.1565127857419064
-0.17105181027932304
0.14172389596997448
0.006022131661524099
0.004956674039814146
0.007919197531261357
0.13567409357525406
0.09014573209427823
0.014961058512308778
-4.3520742565306136e-14
3.774758283725532e-15
-1.6653345369377348e-16
7.216449660063518e-16
3.1086244689504383e-15
-2.7755575615628914e-17
6.106226635438361e-16
-5.10702591327572e-15
8.881784197001252e-16
1.344741022758683
-1.347770619419748
1.2484658343627757
0.10001973550846445
0.061251901285052986
0.0021018491078688695
1.1512921764929729
0.7540280433117061
0.1079972130900071
-1.0880185641326534e-14
-2.1371793224034263e-15
1.1102230246251565e-16
-1.7763568394002505e-15
-2.3314683517128287e-15
5.551115123125783e-17
0.0
-2.220446049250313e-15
8.881784197001252e-16
-3.0949198337250436
-1.9334077183680165
-2.499654811909977
0.1338126149095764
0.08433443902969162
0.0016635004215013738
-2.6309075035159015
-1.371589872920751
-0.6450222242268921
5.329070518200751e-15
-1.4849232954361469e-15
1.1102230246251565e-16
3.2751579226442118e-15
6.994405055138486e-15
-9.769962616701378e-15
-3.3306690738754696e-16
3.164135620181696e-14
-1.554312234475219e-14
0.8421720199452238
-2.665049879546416
1.0592475624441384
0.03895670916241745
0.021369049759582204
-0.001612280903773855
1.0260596653103136
0.7989330835076771
0.010884585042688855
3.042011087472929e-14
-2.1649348980190553e-15
8.326672684688674e-17
3.774758283725532e-15
-3.608224830031759e-16
0.0
-5.467848396278896e-15
5.329070518200751e-15
1.3322676295501878e-15
3.151998163255058
-3.0979085565127775
2.4635879932476286
1.9586417159098062
1.2346623307377438
-0.0011382593562263565
0.5047228722426453
0.3309590645450555
0.06379195530694037
-2.6645352591003757e-14
4.288236432614667e-15
-1.6653345369377348e-16
-4.6629367034256575e-15
3.0808688933348094e-15
-6.938893903907228e-18
-4.996003610813204e-16
9.992007221626409e-16
6.661338147750939e-16
-1.3083085828613044
-3.3416328498178767
-1.423590985912135
-1.4502844018756917
-0.7069785870618297
-0.5598504182673736
0.03196289417012821
0.022230791812152262
0.004219537068366197
-1.1546319456101628e-14
-1.915134717478395e-15
4.163336342344337e-17
1.3655743202889425e-14
5.10702591327572e-15
1.4689638394571602e-14
3.3306690738754696e-16
-1.0408340855860843e-15
6.661338147750939e-16
-1.4023002609200077
-2.70323307179018
-1.390389938140217
-1.419138146571072
-0.7069056585275746
-0.49414781648133044
0.03188584661440075
0.0233757005001749
0.004425037790960928
3.397282455352979e-14
-2.0539125955565396e-15
5.551115123125783e-17
-7.216449660063518e-15
4.773959005888173e-15
2.1524448889920222e-14
3.3306690738754696e-16
-5.10702591327572e-15
-4.440892098500626e-16
-1.1390730750739806
-2.2020403110568627
-1.0820138499376384
-1.1250982003520988
-0.5487844684159473
-0.4013985490243499
0.04333679907507104
0.031776718126415915
0.00647954767838721
1.2656542480726785e-14
-5.176414852314792e-15
-8.326672684688674e-17
1.887379141862766e-15
6.439293542825908e-15
8.326672684688674e-17
-3.552713678800501e-15
-1.4432899320127035e-15
2.0872192862952943e-14
-0.8917372585381855
-1.75874562587806
-0.809417505729165
-0.8524833693240409
-0.40349981069712904
-0.3188492226561479
0.04086681865136654
0.029084804042193827
0.007900327605925739
-3.352873534367973e-14
1.0248746296070976e-14
2.42861286636753e-17
1.7763568394002505e-15
-4.551914400963142e-15
-8.326672684688674e-17
-2.220446049250313e-16
5.551115123125783e-15
4.440892098500626e-16
-0.7522317144055073
-1.3177113625020667
-0.6472692358101391
-0.6348044408190532
-0.2908642347434087
-0.2509056521782327
-0.016165463797662483
-0.010209326265149699
0.00575941255873369
4.218847493575595e-15
-8.03382967790034e-15
1.4224732503009818e-16
-1.9984014443252818e-15
-1.2212453270876722e-15
2.220446049250313e-16
2.4424906541753444e-15
-2.6645352591003757e-15
-3.1086244689504383e-15
-0.6860897736226867
-0.9444702422984078
-0.5563082133237067
-0.4646917889960882
-0.20466972136698836
-0.1974576028632029
-0.09551301963725223
-0.06162538226406511
0.001773095932074975
9.325873406851315e-15
5.0584536559483695e-15
3.2612801348363973e-16
1.9984014443252818e-15
-2.220446049250313e-15
0.0
8.881784197001252e-16
-3.1086244689504383e-15
-1.1102230246251565e-16
-0.5550190782811928
-0.7697843137896143
-0.42285888198421107
-0.33884352731256584
-0.14263942725177614
-0.15592181264310767
-0.08709138969502206
-0.053330668372081995
0.0007831753758476001
-1.9984014443252818e-14
-3.2057689836051395e-15
-4.163336342344337e-17
2.220446049250313e-16
2.7755575615628914e-15
0.0
-1.5543122344752192e-15
6.661338147750939e-16
1.1102230246251565e-16
-0.36181292129067083
-0.6137075416345823
-0.2615733967289877
-0.2553799471956726
-0.1111455206636478
-0.10994478145215679
-0.008744096230454801
-0.0024977627886233478
0.0005394524130973855
1.4876988529977098e-14
1.8596235662471372e-15
4.163336342344337e-17
-7.771561172376096e-16
3.3306690738754696e-15
-1.8596235662471372e-15
1.6653345369377348e-15
-8.881784197001252e-16
8.326672684688674e-17
-0.2461810529812922
-0.41549802527609364
-0.17414672593223912
-0.21175438560171678
-0.10540968666971295
-0.06259208979084008
0.03574204362509281
0.02474801774855173
-0.004016222137110503
-1.021405182655144e-14
-7.979727989493313e-15
1.5439038936193583e-16
4.718447854656915e-16
-6.661338147750939e-15
4.163336342344337e-16
-1.7208456881689926e-15
1.9984014443252818e-15
-5.551115123125783e-16
-0.30013924048796525
0.059411147384878404
-0.31111698053862824
-0.016159299889942247
-0.03639726450286318
0.027297621457539223
-0.2984542469639635
-0.16020542383928316
-0.07387171772657553
5.995204332975845e-15
9.655470867286908e-15
-5.342948306008566e-16
3.885780586188048e-16
3.4416913763379853e-15
8.493206138382448e-15
-6.661338147750939e-16
6.661338147750939e-16
3.885780586188048e-16
-0.3176971564699169
-0.13057721792716848
-0.3019553378523909
-0.17512639510845673
-0.10955604859143975
-0.018199817818446373
-0.1263141280301312
-0.062147651023027876
-0.048224359482802015
9.103828801926284e-15
-3.5318969970887792e-15
-3.469446951953614e-17
0.0
5.551115123125783e-16
-1.096345236817342e-15
3.3306690738754696e-16
3.6637359812630166e-15
-4.440892098500626e-16
-0.7277359143504044
0.44221709001126897
-0.7139960411041244
-0.7606169664333606
-0.49534518161358676
-0.07562486404330349
0.048444842104146346
0.04129587148834979
-0.024053874469274206
-1.4654943925052066e-14
7.653599976009673e-15
-4.163336342344337e-17
-2.220446049250313e-16
-6.938893903907228e-16
-5.065392549852277e-16
6.661338147750939e-16
-3.552713678800501e-15
5.551115123125783e-17
-6.444456192682046
6.304600805235552
-6.092037718387403
-6.315590294661455
-4.170806052023778
-0.5966123983914899
0.22539474097804654
0.14984962277237024
-0.005022269660756251
2.19824158875781e-14
-8.951173136040325e-15
4.163336342344337e-17
8.881784197001252e-16
9.96425164601078e-15
9.71445146547012e-17
-1.5543122344752192e-15
1.7763568394002505e-15
1.3322676295501878e-15
-6.8137667667784
6.6085011914389895
-6.272097508930138
-6.570014387909559
-4.366813137935367
-0.5791347605374861
0.299240285875257
0.20325964118138717
-0.007790879872558776
-2.3092638912203256e-14
5.828670879282072e-16
8.326672684688674e-17
4.440892098500626e-16
-1.0769163338864018e-14
9.71445146547012e-17
2.220446049250313e-16
-4.551914400963142e-15
0.0
-1.0493859461337252
0.2284006987141538
-0.9260167107874365
-0.9321195893476714
-0.6186414342866318
-0.07439023339069806
0.00695621532072721
0.050004273110166864
-0.07244782328491794
-2.886579864025407e-15
-1.1657341758564144e-15
-2.498001805406602e-16
-2.220446049250313e-16
8.659739592076221e-15
-2.7755575615628914e-17
3.885780586188048e-16
8.881784197001252e-16
0.0
-0.6700723776770303
-0.9544878854461629
-0.5444556066407245
-0.019200564487368288
-0.007417780666346907
-0.0013701260301522966
-0.5236326968094573
-0.2362160333951806
-0.17335420326296003
1.7985612998927536e-14
3.443426099813962e-15
2.5326962749261384e-16
-1.1102230246251565e-15
-4.440892098500626e-15
-1.1102230246251565e-16
3.3306690738754696e-16
3.3306690738754696e-16
-8.881784197001252e-16
-0.15250328697483795
0.06534190032044762
-0.11360550260306823
0.04315330055624145
0.0389734543091409
0.8424216739820845
-0.1562583986736854
-0.10032530125126726
-0.008678090066473132
4.6629367034256575e-15
3.552713678800501e-15
-1.5265566588595902e-16
-1.1102230246251565e-15
-3.969047313034935e-15
2.220446049250313e-16
-1.1102230246251565e-16
4.440892098500626e-16
8.881784197001252e-16
2.356377788596646
-2.478509971770336
2.0524908617901616
2.3164486607457846
1.5771738210210873
0.7027626866877981
-0.2614462498467276
-0.16810927709210688
-0.009808155710374411
1.7985612998927536e-14
-8.326672684688674e-16
1.3877787807814457e-17
1.5543122344752192e-15
3.4416913763379853e-15
-5.551115123125783e-17
6.661338147750939e-16
-2.6645352591003757e-15
-2.220446049250313e-16
-0.1541218848570729
-6.984701302252859
0.05306430050577049
0.3696404056375684
0.7636077892786854
0.6396981349511107
-0.31287158354390954
-0.19757153876349065
-0.004457953090772904
-1.554312234475219e-14
1.1102230246251565e-15
-1.0408340855860843e-16
-6.661338147750939e-16
-1.0824674490095276e-15
5.551115123125783e-17
1.9984014443252818e-15
2.220446049250313e-15
3.95516952522712e-15
0.5830049441271825
-7.056743289446999
0.8055202715423988
0.8388501273065216
0.970941878803675
0.8284313370987775
-0.02988669593447923
-0.0196981700879153
-0.0013587119806048875
6.661338147750939e-15
-6.938893903907228e-16
1.1102230246251565e-16
-6.661338147750939e-16
1.3322676295501878e-15
1.3877787807814457e-17
0.0
6.661338147750939e-16
4.440892098500626e-16
-4.216147291898579
-4.713979967314458
-3.3458734388837854
-0.9898351792349765
-0.2432256856868893
-0.885241169907367
-2.3561171230548013
-1.3493103710422751
-0.4008745635208868
-1.1102230246251565e-15
-1.2212453270876722e-15
1.3877787807814457e-16
5.828670879282072e-16
1.5543122344752192e-15
0.0
0.0
5.773159728050814e-15
-4.440892098500626e-16
-0.9065679740383672
-0.4849206545244442
-0.7972115239798114
0.02800177584195751
0.01371444196456828
-0.6982539219752693
-0.8267457559382265
-0.45900737586493445
-0.18567714576990113
-1.5543122344752192e-15
7.355227538141662e-16
-1.249000902703301e-16
-8.049116928532385e-16
2.525757381022231e-15
0.0
8.326672684688674e-16
-4.6629367034256575e-15
-8.881784197001252e-16
-0.23172323080546775
0.2327894003333313
-0.16944442897414547
0.030645657789321493
0.017205138895711514
-0.2441682060176289
-0.20073235533249
-0.12759409521869003
-0.005365829745239914
-3.3084646133829665e-14
-8.31279489688086e-15
-1.1102230246251565e-16
-7.771561172376096e-16
-3.169686735304822e-14
0.0
1.7541523789077473e-14
-1.4432899320127035e-13
-2.375877272697835e-14
-1.1836236050885311
1.1724457149061323
-0.9170289356703307
0.13687611251063458
0.0890598809767944
-0.013736345024829786
-1.0549324325139473
-0.6563843848316944
-0.015611451522081541
2.6645352591003757e-15
2.8033131371785203e-15
2.42861286636753e-16
-1.2212453270876722e-15
9.43689570931383e-16
-1.1102230246251565e-16
-8.881784197001252e-16
-4.6629367034256575e-15
-6.217248937900877e-15
-1.7154248749377228
-1.0500553014383627
-1.4677052615272714
0.3102384825898383
0.20398397553922187
0.009985029795348543
-1.7796065918870172
-1.0062390788796627
-0.35655619938948746
-1.2434497875801753e-14
-5.828670879282072e-16
2.3592239273284576e-16
9.992007221626409e-16
7.66053886991358e-15
3.0253577421035516e-15
6.661338147750939e-16
-5.88418203051333e-15
0.0
-1.0470875081868343
-0.7244602048336901
-0.886050524131683
0.11776987344553903
0.0827321534915999
0.3785476284204705
-1.0052612300217802
-0.5615912436885653
-0.22318230817812432
3.4861002973229915e-14
-2.9004576518332215e-15
2.7755575615628914e-16
-1.1102230246251565e-16
-4.218847493575595e-15
3.469446951953614e-17
-8.465450562766819e-16
3.9968028886505635e-15
4.440892098500626e-16
-0.6189059014967739
-0.5946237079950691
-0.5249939604678033
0.05969571499310433
0.04362564843806338
-0.25220439465573297
-0.5863750965557912
-0.3163238943823572
-0.1465326657174444
8.881784197001252e-16
1.8388068845354155e-15
-1.3791051634015616e-16
-7.771561172376096e-16
1.4432899320127035e-15
4.85722573273506e-17
1.1102230246251565e-16
2.310651670001107e-15
0.0
0.0547176267386682
-0.0757004270675452
0.03255505423504346
0.11380130405832568
0.07395957650816642
-0.08582373610020355
-0.08201632787332613
-0.05237664016516774
-0.005110170286500626
-1.687538997430238e-14
8.743006318923108e-16
1.3183898417423734e-16
2.3314683517128287e-15
-4.3021142204224816e-15
5.967448757360216e-16
9.992007221626409e-16
-9.769962616701378e-15
1.3322676295501878e-15
-0.003987012573325899
-0.7667733810545769
-0.004080237899941608
0.2588303811767201
0.17129875624461732
-0.06340100002918603
-0.26322548004455193
-0.12534540665873095
-0.0914731464156091
2.1538326677728037e-14
4.288236432614667e-15
1.0408340855860843e-17
-1.3322676295501878e-15
-5.551115123125783e-17
3.3341385208274232e-15
-2.220446049250313e-16
-2.55351295663786e-15
0.0
0.057978139130810284
-0.9879691114127951
0.05385912774133317
0.4828185355357455
0.3199488559980366
-0.03734044981564666
-0.42758063937153956
-0.21393554856695118
-0.12161012734152621
-1.2878587085651816e-14
-8.271161533457416e-15
1.8041124150158794e-16
9.992007221626409e-16
5.662137425588298e-15
8.673617379884035e-18
1.1102230246251565e-16
1.0880185641326534e-14
-4.440892098500626e-16
0.5549039260500948
-1.2080163102713328
0.4910146137947624
0.48746765363988587
0.32259808914505506
-0.025381252592195258
0.005315949816065313
0.04675557405220587
-0.05835955042767438
-1.7763568394002505e-15
9.783840404509192e-16
6.938893903907228e-17
6.661338147750939e-16
-2.220446049250313e-15
8.36136715420821e-16
2.220446049250313e-16
-3.608224830031759e-15
-8.881784197001252e-16
0.7990817032828232
-1.2080741848609193
0.7908989411222533
0.10301255957858757
0.05938026639766747
-0.011695510388662901
0.6892261072732495
0.4714304922938197
0.03467725552226142
2.3092638912203256e-14
3.677613769070831e-15
4.371503159461554e-16
-5.329070518200751e-15
1.9984014443252818e-15
-1.373467312104637e-15
0.0
3.164135620181696e-15
8.881784197001252e-16
2.1213384606439405
-2.3631689382035574
2.1238094115581347
0.016643919864215206
0.008879931790856332
-0.01097061567871127
2.1079997045531975
1.3718037159068999
0.2247429064687978
6.661338147750939e-15
2.581268532253489e-15
-2.42861286636753e-16
-1.2212453270876722e-15
-2.886579864025407e-15
-1.6150275561344074e-15
1.1102230246251565e-16
-2.1094237467877974e-15
8.881784197001252e-16
0.9125505108709717
-4.917202511607144
1.5307143592384733
-0.0012551037607373416
0.002983503562068446
-0.013615028647777194
1.5304300209232686
1.2332325227272776
-0.04899872465897204
-4.04121180963557e-14
3.4416913763379853e-15
8.326672684688674e-17
4.440892098500626e-15
-3.9968028886505635e-15
-3.3306690738754696e-16
1.3877787807814457e-17
2.6645352591003757e-15
-1.3322676295501878e-15
-0.008829989181114328
-0.1439672651509909
-0.008452761992597146
-0.001978333431534196
0.0037953918268756053
-0.036700854733658
-0.0069297758926083475
0.001786158773557034
-0.0028854596061291815
3.086420008457935e-14
-8.770761894538737e-15
5.551115123125783e-17
-3.774758283725532e-15
2.6645352591003757e-15
1.3877787807814457e-17
-5.551115123125783e-17
-7.993605777301127e-15
8.881784197001252e-16
2.3985550147006336
-2.6149407888778455
1.7269755640257358
1.7089785665972208
1.0841810115382664
-0.08295835221087078
0.017425346324728253
0.025275692067872058
0.005010909664192376
-2.1538326677728037e-14
-1.8207657603852567e-14
3.181205299185308e-13
2.9176661087149114e-13
-1.170175067954915e-13
8.511524818288763e-13
-1.8368639942423215e-13
2.8754776337791554e-14
2.1094237467877974e-14
-0.39782184308046453
-2.462532920770741
-0.5611211544833417
-0.5750987850160172
-0.24199356308926487
-0.305864021086677
0.014805993687669883
0.0187807933907731
0.004286727143258062
5.10702591327572e-15
-1.863093013199091e-15
6.591949208711867e-17
-2.886579864025407e-15
-4.884981308350689e-15
-5.551115123125783e-17
0.0
-6.050715484207103e-15
-2.220446049250313e-16
-0.2089331956445335
-2.0719816949895744
-0.3565953167038174
-0.3791328248939294
-0.1347108915706281
-0.24312431101417076
0.023551164681595793
0.010868087015564853
0.0034683493999660975
1.1102230246251565e-15
-6.7584826624056404e-15
-1.249000902703301e-16
9.992007221626409e-16
8.659739592076221e-15
2.7755575615628914e-17
0.0
6.772360450213455e-15
-4.440892098500626e-16
-0.06408275407675479
-1.831151197772584
-0.20054606122987198
-0.22772601138984783
-0.04425427991100772
-0.21558191207894595
0.02794350130801959
0.001415610984681237
0.0025083377130210582
-3.9968028886505635e-15
5.551115123125783e-15
5.551115123125783e-17
9.992007221626409e-16
0.0
2.0816681711721685e-16
-2.220446049250313e-16
7.771561172376096e-16
0.0
-0.18068893730631785
-1.7016660691204386
-0.25602265404680935
-0.27329337247582686
-0.0643013632372269
-0.22510792255317824
0.017455737713373054
-0.012148377440068359
0.0006346606361620211
-2.886579864025407e-15
4.941880238362728e-14
-4.657385588302532e-14
8.215650382226158e-14
-1.9828583219805296e-13
-2.8588589828792976e-13
8.149037000748649e-14
3.305133944309091e-13
8.104628079763643e-14
-0.4264737946579764
-1.6343177879506072
-0.40622947591759134
-0.3754406253901266
-0.11682666843696611
-0.24955659518677467
-0.031131707989452195
-0.04426763932253586
-0.004681270847215702
-2.0650148258027912e-14
-3.5388358909926865e-15
-1.3877787807814457e-17
6.661338147750939e-16
2.6645352591003757e-15
1.3877787807814457e-16
-2.220446049250313e-16
2.220446049250313e-15
0.0
-0.8253432679766668
-1.5131087051921384
-0.7112491939952115
-0.4567659417292802
-0.1605613422564176
-0.26755464823726527
-0.25515625958910704
-0.18858212595975132
-0.03939687485125809
-3.9968028886505635e-15
4.5449755070592346e-15
-2.7755575615628914e-17
2.220446049250313e-16
-7.216449660063518e-15
-2.789435349370706e-15
4.440892098500626e-16
-2.4424906541753444e-15
2.220446049250313e-16
0.23832510138068397
-2.721299787890672
0.26171021293591945
-0.4538768307859158
-0.15615764287285394
-0.2669967380092473
0.7148278454026027
0.4291384893464425
-0.003753656862482524
3.6193270602780103e-14
-5.440092820663267e-15
-2.706168622523819e-16
8.881784197001252e-16
4.773959005888173e-15
1.1102230246251565e-16
-4.440892098500626e-16
2.220446049250313e-15
2.220446049250313e-16
0.2699805469931231
-2.6407856721772447
0.3328248502946405
-0.44219123314470815
-0.15019201902504875
-0.262626856503843
0.7743748810321591
0.47108941765593215
0.010153121659340458
4.929390229335695e-14
7.424616477180734e-15
1.5959455978986625e-16
-2.220446049250313e-16
-7.93809462606987e-15
-2.220446049250313e-16
1.3322676295501878e-15
-2.6645352591003757e-15
-3.3306690738754696e-16
-0.48433147023203377
-1.8865460060188184
-0.262939972670555
-0.4351288355161245
-0.1467968849034058
-0.2537361984790607
0.17158917430113974
0.09417001660743551
-0.007189113844073058
-5.750955267558311e-14
-5.440092820663267e-15
-2.009677146919131e-15
1.5543122344752192e-15
2.914335439641036e-15
-6.38378239159465e-16
9.992007221626409e-15
0.0
1.942890293094024e-15
-0.8596668685224315
-1.543921190449474
-0.5370735127795353
-0.4626112461711145
-0.16157792305463303
-0.2503956670669112
-0.07525928088513467
-0.06178225381172453
-0.009466521580040799
2.19824158875781e-14
1.5265566588595902e-15
4.371503159461554e-16
4.218847493575595e-15
-4.6074255521944e-15
6.106226635438361e-16
-4.218847493575595e-15
4.440892098500626e-15
3.9968028886505635e-15
-0.8412040951865123
-1.5797570413104438
-0.5074809483619376
-0.5079791468879655
-0.187288705544276
-0.25252795979100995
0.0003756557516823023
-0.0020440817105544795
-0.0014429892336873529
-2.353672812205332e-14
3.774758283725532e-15
4.579669976578771e-16
0.0
-8.021361352916756e-15
0.0
1.5543122344752192e-15
0.0
-1.887379141862766e-15
-0.8631706963595747
-1.5076151904672628
-0.50804830409405
-0.49579263363107273
-0.18386454919780704
-0.24429682999754476
-0.012075627439173786
-0.006905886274736872
-0.002163317899676498
2.020605904817785e-14
-5.495603971894525e-15
-2.220446049250313e-16
0.0
5.1660065114589315e-15
2.7755575615628914e-17
2.220446049250313e-16
1.3322676295501878e-15
1.9984014443252818e-15
-0.5666506159485464
-1.1872771163840525
-0.2632286257132517
-0.23390268877819723
-0.058381245919701286
-0.1694870342235646
-0.03028951866079055
-0.01966861951317611
-0.00601491578099389
-3.042011087472929e-14
5.134781488891349e-15
8.326672684688674e-17
1.2989609388114332e-14
-1.5543122344752192e-15
4.3298697960381105e-15
2.0511370379949767e-14
4.1522341120980855e-14
-8.970602038971265e-14
0.8499338436552932
-1.8820376978343347
0.7759263546727482
-0.09650101871290674
-0.013895524120448144
-0.09283460027803159
0.8714306156159157
0.6089987859649781
0.1663240187751214
3.6193270602780103e-14
5.051514762044462e-15
1.3877787807814457e-16
-3.4416913763379853e-15
-1.9984014443252818e-15
2.55351295663786e-15
7.993605777301127e-15
1.9984014443252818e-15
-3.164135620181696e-15
0.6035797245913272
-1.0337876088916573
0.5425714825410637
0.21623276510201347
0.13671511953459614
0.01455469458563119
0.3284018657169625
0.2579272643676873
0.08475873176806203
-2.531308496145357e-14
-2.949029909160572e-15
4.163336342344337e-17
-2.7755575615628914e-16
-4.440892098500626e-16
-1.1102230246251565e-16
2.886579864025407e-15
1.1102230246251565e-16
-3.3306690738754696e-16
0.9658390538371079
-0.8256570365036282
0.8223930086368938
0.1017436628277295
0.06363952377215298
-0.00033412232149210297
0.7250910094914786
0.4822203943511027
0.12224560893027814
4.884981308350689e-15
2.4841240175987878e-15
8.326672684688674e-17
1.1102230246251565e-16
-5.412337245047638e-15
1.6653345369377348e-16
-8.881784197001252e-16
-3.4416913763379853e-15
0.0
0.6833186077188955
-1.050081775119537
0.6605305435782896
0.42793530060653495
0.2733075063364794
0.04117143495660969
0.23487008103249707
0.19384400431582804
0.06268766106297008
9.992007221626409e-15
-1.1261824806041432e-14
-5.204170427930421e-15
-5.218048215738236e-15
6.661338147750939e-16
-3.635980405647388e-15
2.9753977059954195e-14
8.271161533457416e-15
5.310335504660202e-14
0.40028511745214246
-1.5336040622262743
0.46939068679822243
0.7573991492595269
0.4846553691391762
0.09015659717608493
-0.2856712845145921
-0.10650993385276308
-0.023703917840698807
1.709743457922741e-14
2.498001805406602e-16
-2.0816681711721685e-17
-3.3306690738754696e-16
-3.219646771412954e-15
-4.440892098500626e-16
-7.771561172376096e-16
-2.1094237467877974e-15
2.220446049250313e-16
1.00475675063886
-2.6197259461539915
1.0219602459054835
1.384928948158631
0.8863542705797016
0.1586810126762579
-0.362877819253697
-0.1509595342837713
-0.10175628828340422
9.547918011776346e-15
-1.887379141862766e-15
-6.245004513516506e-17
5.551115123125783e-17
6.800116025829084e-16
-2.914335439641036e-16
1.0547118733938987e-15
-1.9984014443252818e-15
2.0539125955565396e-15
1.9060566228027298
-2.861885425763404
1.945796425403394
2.279179671211537
1.4565128427998673
0.2607651185502551
-0.33541626986774986
-0.18317178671922818
-0.11715510968967635
-4.8627768478581856e-14
6.2727600891321345e-15
-4.9595744178176915e-15
-6.5503158452884236e-15
-5.342948306008566e-15
1.1449174941446927e-15
-1.1268763699945339e-14
-2.930988785010413e-14
2.858824288409778e-15
2.438900387270447
-3.2810500763170722
2.5032298118910745
2.804303557334578
1.7907169497667326
0.31699047248737067
-0.30119032357563924
-0.16131102638381378
-0.10076830784770152
8.215650382226158e-15
-2.6367796834847468e-15
-9.71445146547012e-17
-6.994405055138486e-15
2.4064084058750268e-14
-2.220446049250313e-16
8.881784197001252e-16
-3.552713678800501e-15
1.8984813721090177e-14
1.9913254605145234
-2.680022251140784
2.0268054232622816
2.264154064669995
1.4446726537415415
0.2502101166987458
-0.23647223411990123
-0.12275210104400712
-0.0852753525666543
3.8191672047105385e-14
-2.3869795029440866e-15
-5.828670879282072e-16
-2.220446049250313e-16
-3.164135620181696e-15
-1.1102230246251565e-16
-1.3322676295501878e-15
4.440892098500626e-15
-2.220446049250313e-16
1.2317203052972294
-1.8597417783958716
1.2375009984074694
1.4393415893633943
0.9167821520593975
0.1539170095626501
-0.200632293048983
-0.098747008220748
-0.08180760755709571
-6.905587213168474e-14
-2.6922908347160046e-15
-5.551115123125783e-17
5.551115123125783e-16
1.6653345369377348e-16
2.498001805406602e-16
3.434752482434078e-16
-2.6645352591003757e-15
-6.661338147750939e-16
1.0358564886315094
-1.3946319919995602
0.9854981922334219
0.9019787784613058
0.5734620394461629
0.09292764725468274
0.08343391329547956
0.06996903537256571
-0.04898776854764719
4.6629367034256575e-14
1.0574874309554616e-14
-2.7755575615628914e-17
-4.440892098500626e-16
3.4416913763379853e-15
-1.1102230246251565e-15
1.2434497875801753e-14
2.220446049250313e-16
-8.881784197001252e-16
-2.1174149107463336
2.0636720417455763
-1.5363580385531677
0.82744212953288
0.5313297535939352
0.08485093813698974
-2.3648202485901075
-1.4622574504463621
-0.013733543078881636
-9.769962616701378e-15
-4.385380947269368e-15
1.6653345369377348e-16
-2.220446049250313e-16
-5.329070518200751e-15
-1.3877787807814457e-16
3.3306690738754696e-16
-3.4763858458575214e-15
4.440892098500626e-16
-2.888828165215706
-1.1808586321713506
-2.486971233711645
0.13525284910394086
0.09133505195731617
1.045786750199067
-2.622504768692089
-1.4590567114859336
-0.5187893153516256
3.6637359812630166e-14
-1.1379786002407855e-15
-2.220446049250313e-16
-7.771561172376096e-16
5.218048215738236e-15
0.0
-7.077671781985373e-16
6.217248937900877e-15
0.0
0.06991289914579113
-0.9566546669497598
0.06896379028761856
0.030930588507162682
0.021290335171027408
0.6672480683588005
0.03826484175737921
0.07377789731860318
-0.08787415813416999
-4.4853010194856324e-14
-3.802513859341161e-15
1.3183898417423734e-16
-2.6867397195928788e-14
-3.0531133177191805e-15
1.3877787807814457e-16
-3.941291737419306e-15
-1.0880185641326534e-14
3.552713678800501e-15
-1.025720798984974
0.9628457792165364
-0.8356801665556723
0.03193271160227695
0.022492957397122204
0.38920935123742717
-0.8676177894526447
-0.539927480955356
-0.030097621460076773
-5.329070518200751e-15
-1.0547118733938987e-15
1.249000902703301e-16
1.7486012637846216e-15
-1.3600232051658168e-15
-5.551115123125783e-17
4.440892098500626e-16
-5.773159728050814e-15
-4.440892098500626e-16
-1.9641785698841865
1.8832702738353646
-1.5768904881193109
0.05248099328538914
0.03664675957278529
0.19048675743349752
-1.6297451117713635
-0.995469881887665
-0.030114274049445444
5.1514348342607263e-14
1.1449174941446927e-15
-2.3245294578089215e-16
-1.3877787807814457e-15
3.247402347028583e-15
-8.326672684688674e-17
5.551115123125783e-16
8.673617379884035e-16
8.881784197001252e-16
-3.982272548764513
-2.9458576820415487
-3.4231397508138883
-0.03827516940779141
-0.027551750328676627
0.08732145731793328
-3.385677806035016
-1.8382500304957148
-0.8721891027356321
-1.0880185641326534e-14
2.192690473634684e-15
-1.3877787807814457e-16
2.4591439995447217e-14
-3.7192471324942744e-15
1.6653345369377348e-16
-7.216449660063518e-15
-4.0023540037736893e-14
1.4654943925052066e-14
0.7269026757170325
-2.4678947695494173
0.6521665284437681
-0.2057263872356856
-0.1476378975574244
0.10364160558551472
0.8573552558355573
0.5925116249198439
-0.17862370192901267
-2.0872192862952943e-14
-1.790234627208065e-15
-2.2898349882893854e-16
6.661338147750939e-16
4.829470157119431e-15
0.0
0.0
-4.440892098500626e-15
-1.7763568394002505e-15
0.9843755417219953
-2.466539741419283
0.9270458787194187
-0.2224380487452109
-0.1592659734590578
0.19511059705483635
1.1493187071372262
0.7688799516074472
-0.1275753792556884
-1.9095836023552692e-14
4.822531263215524e-15
1.1102230246251565e-16
-1.2212453270876722e-15
-1.2212453270876722e-15
-8.326672684688674e-17
-5.551115123125783e-16
3.1086244689504383e-15
-1.1102230246251565e-16
0.6440697657239483
-2.763318461106426
0.695028948860358
-0.09815276079058675
-0.07043753547719689
0.26903993572829954
0.7929117428074264
0.5757134290707864
-0.19113884728268715
6.439293542825908e-15
-5.530298441414061e-15
-1.3530843112619095e-16
1.6653345369377348e-15
-2.220446049250313e-16
1.1102230246251565e-16
8.881784197001252e-16
8.881784197001252e-16
-1.1102230246251565e-16
0.28025136883709223
-3.311441261177933
0.4306344450801163
0.21687922091579992
0.1478990658885877
0.23399793147545123
0.21390360292694763
0.2581796786309667
-0.29122002284903914
4.3298697960381105e-14
1.1501216645726231e-15
1.457167719820518e-16
-1.9984014443252818e-15
1.1102230246251565e-15
0.0
-2.220446049250313e-16
-5.551115123125783e-15
0.0
0.010095490450069633
-3.9294150802987535
0.20626925429999154
0.6535274346541939
0.44434681353701144
0.10844825132766099
-0.4455047598331383
-0.10433797537667468
-0.3924250700222274
-8.881784197001252e-15
3.639449852599341e-15
-4.85722573273506e-17
4.884981308350689e-15
-3.774758283725532e-15
0.0
-3.3306690738754696e-16
-4.218847493575595e-15
0.0
-0.7587442364309211
-3.73102261380123
-0.44598426514799194
0.5708831974471877
0.38490243046289235
0.41912847592121016
-1.0137667562902628
-0.4178007342504042
-0.46571104022790877
-1.6431300764452317e-14
2.2898349882893854e-16
8.326672684688674e-17
-3.1086244689504383e-15
-1.7763568394002505e-15
0.0
1.1102230246251565e-16
6.217248937900877e-15
-4.440892098500626e-16
-1.7275321860777026
-2.877825989207107
-1.2310348663279527
0.1997488966908847
0.13576662743384382
-0.3001279784488933
-1.4267326621669438
-0.6564310923080079
-0.49741684528541436
-5.773159728050814e-15
-5.9119376061289586e-15
-2.0816681711721685e-16
1.0130785099704553e-15
6.217248937900877e-15
-3.8163916471489756e-17
-1.1102230246251565e-16
-2.220446049250313e-15
8.881784197001252e-16
-2.7857211865119673
-2.2479892490454034
-2.093621659106418
-0.6803615453318086
-0.3532805861707562
-0.14825739311412311
-1.4106990203744996
-0.6688458261529568
-0.4300534903688664
4.0190073491430667e-14
2.8449465006019636e-15
4.935288289154016e-16
-6.661338147750939e-16
-9.992007221626409e-16
2.7755575615628914e-17
2.636779683484747e-16
-1.3322676295501878e-15
3.3306690738754696e-15
0.9620187961310763
-2.8490590658479746
0.7345540579171086
0.7142480087550922
0.47225320061341586
-0.21272524415294214
0.021692775361785266
0.09656672477541406
-0.05421703922702914
-4.3076653355456074e-14
-6.730727086790012e-16
6.938893903907228e-18
1.5543122344752192e-15
-4.9404924595819466e-15
-2.7755575615628914e-17
2.220446049250313e-16
1.3322676295501878e-15
-1.3322676295501878e-15
-1.0202970343723194
-1.7657734058868186
-1.0359829322351999
-0.7804749424084179
-0.3643906813597866
-0.37771814489497046
-0.2615101011041787
-0.16587833835003707
-0.030085819906288332
-2.5979218776228663e-14
7.771561172376096e-16
-1.700029006457271e-15
8.548717289613705e-15
8.881784197001252e-15
1.4238610290817633e-14
6.661338147750939e-16
-8.021361352916756e-15
1.3322676295501878e-15
-1.2087007866712867
-1.3496312986866883
-1.174241581658407
-0.6847714753414778
-0.3074260287106796
-0.32691218059072474
-0.4935415326027197
-0.3181604999771537
-0.05010493765559154
6.217248937900877e-15
-3.5457747848965937e-15
-3.608224830031759e-16
3.3306690738754696e-16
-1.099120794378905e-14
5.648259637780484e-15
-4.440892098500626e-16
4.440892098500626e-16
4.440892098500626e-16
-1.688804932099785
-0.6742928896939198
-1.5903459447642803
-0.5292796923885987
-0.21162407810583517
-0.2611937342790611
-1.0631177062277146
-0.681772887829105
-0.08698057960471406
1.3766765505351941e-14
4.392536681607773e-15
4.163336342344337e-16
1.1102230246251565e-15
4.218847493575595e-15
1.3877787807814457e-16
2.220446049250313e-16
-2.220446049250313e-16
4.440892098500626e-16
0.2681173517453672
-2.5866727635631013
0.20845725427761863
-0.39309848480969833
-0.1177275638627222
-0.24450987982698533
0.6021311283359978
0.3929620871853672
0.030109742385916682
1.6209256159527285e-14
-2.6020852139652106e-15
-3.3306690738754696e-16
-2.7755575615628914e-16
-1.3322676295501878e-15
-7.632783294297951e-17
0.0
-3.1086244689504383e-15
-2.220446049250313e-16
2.3405040171835587
-4.6664178424566245
1.9295932208766136
-0.24753074098667582
-0.012039547595218636
-0.24841569223692517
2.1810836167677223
1.4181845854682962
0.07286473702333796
-4.04121180963557e-14
3.7192471324942744e-15
4.996003610813204e-16
-5.9396931817445875e-15
7.549516567451064e-15
7.4593109467002705e-16
-1.201747035217693e-13
1.9828583219805296e-13
-3.552713678800501e-14
3.458508833315733
-6.6912107357418815
2.9781841730382723
-0.4893592704835213
-0.20308728161288947
-0.20552229987843962
3.475078670427427
2.4222337583914566
0.027102296639409218
2.6201263381153694e-14
2.3592239273284576e-16
2.0816681711721685e-16
1.4432899320127035e-15
3.2751579226442118e-15
9.020562075079397e-17
-1.942890293094024e-15
-8.326672684688674e-16
0.0
1.0517351039959237
-6.5825878379968685
1.0921921923828828
0.08021972177427017
0.049951083208206626
-0.08836587918506034
1.0137816456604298
1.097762581124087
-0.384344439747224
4.6629367034256575e-15
-3.3306690738754696e-15
-3.885780586188048e-16
-4.440892098500626e-16
-8.548717289613705e-15
0.0
1.7763568394002505e-15
4.218847493575595e-15
8.881784197001252e-16
-3.6601093039006685
-7.162731043886082
-2.747193636742921
0.011334475177832815
-0.008422417061940024
-0.09939414447918837
-2.7533603757562237
-1.026572557782238
-1.0885356994499347
2.4202861936828413e-14
-9.992007221626409e-16
-1.9984014443252818e-15
-7.771561172376096e-15
4.440892098500626e-16
-4.909267437014364e-16
1.6053824936079764e-13
-1.31117339208231e-13
0.0
0.8797218883636901
-9.711404555051331
1.446113229853097
-0.002948581013733076
-0.005802446201792045
-0.09120645957241957
1.4483907378996435
1.6183341924227541
-0.4081860366696475
-4.3298697960381105e-14
4.3021142204224816e-15
2.8449465006019636e-16
-2.220446049250313e-16
7.549516567451064e-15
-3.2959746043559335e-17
3.3306690738754696e-16
2.220446049250313e-15
1.1102230246251565e-15
-0.022541507385444248
-0.08182316524516864
-0.08657533754927103
-0.007880647800415197
0.004071296097739818
-0.08775020282246437
-0.08348401481016053
-0.049782951915538165
-0.00823637586417525
1.9317880628477724e-14
-1.970645868709653e-15
-3.434752482434078e-16
8.881784197001252e-16
-4.440892098500626e-15
-1.700029006457271e-16
1.5265566588595902e-16
-2.4424906541753444e-15
-1.5543122344752192e-15
0.003492624431404856
-0.0936715911899455
-0.002072755219097555
-0.008055006439843027
0.0014681672075207428
-0.07376651758486963
0.006741302116633818
0.0026763143005261725
0.00038026271504243425
-5.906386491005833e-14
2.9698465908722937e-15
1.1102230246251565e-16
-5.273559366969494e-16
-7.549516567451064e-15
1.0408340855860843e-16
-4.440892098500626e-16
-2.6645352591003757e-15
-8.881784197001252e-16
-0.11144352681601256
0.0515028630584311
-0.04159258633265139
-0.019708031825768302
-0.006482680361628468
-0.06010261394370442
-0.017076320433524472
-0.01988446816577749
-0.0027279482113797826
1.1857181902996672e-13
-2.55351295663786e-15
-1.1921019726912618e-14
2.892130979148533e-13
-4.569677969357144e-13
2.400857290751901e-13
8.398837181289309e-14
-7.192857420790233e-13
5.155875726359227e-13
-0.979803448348342
0.6644429811090617
-0.742242718890644
-0.1650155317164277
-0.09125273532933065
0.01121468262448988
-0.5709726063605629
-0.36176704529773573
-0.05738061366984626
-8.104628079763643e-14
-4.6074255521944e-15
2.7755575615628914e-17
-2.220446049250313e-16
-3.708144902248023e-14
3.191891195797325e-16
1.1102230246251565e-16
-1.7763568394002505e-15
0.0
-71.14667471478276
70.33276487997702
-53.708833755418425
-43.88627493030178
-26.137071488186358
0.8380908699001779
-9.83513567994163
-6.6183039327119815
-0.9698431494763167
-1.3100631690576847e-14
7.66053886991358e-15
-1.3877787807814457e-16
1.7763568394002505e-15
4.2549297418759124e-14
-7.771561172376096e-16
-9.942047185518277e-14
-1.0158540675320182e-13
3.042011087472929e-14
-38.77151169889831
7.437343451234483
-34.565558149720076
-18.968354844439467
-10.528622538763182
-3.738361151956184
-15.802158025554156
-10.589043272216557
-1.4651899886154136
1.7985612998927536e-14
7.615436059538183e-16
-1.6653345369377348e-16
-1.4432899320127035e-15
-2.1094237467877974e-15
1.6653345369377348e-16
-2.7755575615628914e-17
5.662137425588298e-15
1.1102230246251565e-16
-10.154725466838073
4.560875496522385
-9.91490808396565
-1.0792606673395397
-0.45130237714319943
-0.6929260782668223
-8.849799571467095
-5.8414852470060925
-0.8491858049964994
9.370282327836321e-14
-5.7592819402429996e-15
-1.8041124150158794e-16
5.551115123125783e-16
4.107825191113079e-15
-6.245004513516506e-17
3.608224830031759e-16
-5.051514762044462e-15
-1.1102230246251565e-16
-0.4044179690553982
-1.6167465152403793
-0.6952727774079079
-0.022167475984694818
0.1389833798315987
-0.23522914401011974
-0.6306183732294954
-0.3970037755147118
-0.05551719035458835
-3.1530333899354446e-14
-2.6645352591003757e-15
-1.5265566588595902e-16
1.1102230246251565e-16
-6.439293542825908e-15
-8.326672684688674e-17
-5.551115123125783e-17
-1.6653345369377348e-15
-5.551115123125783e-17
-0.4406579613605359
-2.556566556723382
-0.6899078357812272
-0.5099667243162784
-0.09371362478262002
-0.3449117877314052
-0.13630338503386952
-0.07269924671726356
-0.00889850580420326
-1.2434497875801753e-14
6.4254157550180935e-15
3.0184188481996443e-16
-2.220446049250313e-16
9.769962616701378e-15
8.326672684688674e-17
-5.551115123125783e-16
3.9968028886505635e-15
1.1102230246251565e-16
-0.9330263933922325
-3.580037183229237
-1.0196255092709734
-0.9379431982386565
-0.31413010864423807
-0.5153576024350741
-0.053727065895095905
-0.02682916358300602
-0.0034253429174231353
2.020605904817785e-14
-1.2490009027033011e-15
-1.9081958235744878e-16
2.220446049250313e-16
-5.10702591327572e-15
0.0
6.661338147750939e-16
-1.3322676295501878e-15
1.1102230246251565e-16
-1.2522358756993057
-3.921462244805298
-1.1313159614397215
-1.0788186508911295
-0.4088159357927692
-0.5832782442331562
-0.04181944815720584
-0.026618399308715013
-0.0037127265322036695
1.3988810110276972e-14
4.11823353196894e-15
1.465841337200402e-16
0.0
1.1657341758564144e-15
5.551115123125783e-17
-4.440892098500626e-16
-2.4424906541753444e-15
0.0
-1.5934037804146968
-3.80682852440205
-1.2580666362570234
-1.1326370170386326
-0.4592401875505705
-0.5994149294357669
-0.12779757837440187
-0.08552235525490914
-0.009088907028153237
-2.220446049250313e-14
-2.1094237467877974e-15
3.0678584672649833e-15
-3.552713678800501e-15
-3.191891195797325e-14
1.5432100042289676e-14
1.9984014443252818e-15
3.9968028886505635e-15
-4.440892098500626e-16
-1.8284411948673664
-3.7450118739732403
-1.313645798374377
-1.0740842470521805
-0.42352570481154306
-0.6000509056232771
-0.2478455377567883
-0.16086444113912712
-0.012363931764968195
7.549516567451064e-15
9.575673587391975e-16
-9.367506770274758e-17
-8.881784197001252e-16
-1.6792123247455493e-15
5.551115123125783e-17
-1.5543122344752192e-15
-4.218847493575595e-15
2.220446049250313e-16
-1.2314448850762751
-4.740474285910395
-0.7238718917245788
-0.9704401948105215
-0.33479471440052144
-0.6181100385086253
0.2393708481911645
0.1579833451564454
0.004964586414730521
3.8413716652030416e-14
5.800915303666443e-15
6.245004513516506e-17
-2.220446049250313e-16
2.1649348980190553e-15
-1.6653345369377348e-16
4.440892098500626e-16
3.1086244689504383e-15
-6.29704621779581e-16
-1.6428599075861001
-5.438361982645013
-0.9564624498133634
-1.0654779342444165
-0.3214039440307026
-0.7136697007824537
0.10622252227104667
0.07030558348958849
-0.0008967390493886951
-7.593925488436071e-14
-7.0915495697931874e-15
3.469446951953614e-17
0.0
4.135580766728708e-15
2.7755575615628914e-16
1.3322676295501878e-15
-1.3322676295501878e-15
0.0
-2.716731469848341
-6.953626435972943
-1.5963098994671174
-1.526402577618878
-0.4354327611188378
-0.9474233375040768
-0.06800827909764706
-0.03964541796753451
-0.0004673558525061239
8.659739592076221e-15
1.4988010832439613e-15
-1.790234627208065e-15
-4.218847493575595e-15
9.769962616701378e-15
2.1094237467877974e-15
-4.440892098500626e-16
3.9968028886505635e-15
-8.215650382226158e-15
-1.6212551413369454
-8.742970986560948
-0.6329645834083877
-1.3364377711490896
-0.17909229638160173
-0.9555502495256079
0.7102488340373441
0.45257120388759375
-0.0203507300681931
7.882583474838611e-14
-2.9559688030644793e-15
1.249000902703301e-16
2.4702462297909733e-15
5.329070518200751e-15
2.525757381022231e-15
5.10702591327572e-15
-2.886579864025407e-15
-4.440892098500626e-16
0.33159489686482857
-0.8618999230731106
0.09226352835666773
0.1043484352251891
0.04105640101254071
0.02200866844531829
-0.01820943600930036
0.03297916386915034
-0.11571482296905346
-4.3298697960381105e-14
-7.216449660063518e-16
1.5959455978986625e-16
4.413136522884997e-15
-1.7541523789077473e-14
1.096345236817342e-15
-3.846228890935777e-14
-2.1760371282653068e-14
-1.609823385706477e-14
-0.2365435144008643
-0.6895521565795093
-0.293083320070302
0.0034529734470414297
-0.009430514914440913
0.008445579732740516
-0.29872786406817653
-0.13561246259348358
-0.12667043004205425
-2.5868196473766147e-14
1.889113865338743e-15
1.1102230246251565e-16
0.0
6.716849298982197e-15
3.0531133177191805e-16
4.3298697960381105e-15
-1.0935696792557792e-14
-7.105427357601002e-15
-0.011267225178425377
-0.05677470093314696
0.018745084409630408
-0.009043002412528978
-0.004796969214170943
-0.002800214270533008
0.02700570640054245
0.01594802282857799
-0.000693619956515068
-1.2656542480726785e-14
-2.6471880243406076e-15
0.0
-2.7755575615628914e-17
-1.04638520070921e-14
-2.1163626406917047e-16
-3.552713678800501e-15
8.715250743307479e-15
-2.3314683517128287e-15
0.24049879532799426
-0.6538316673733675
0.16620860764854048
-0.03965342440538144
-0.016238317557656146
-0.004883823325546821
0.20492365163971374
0.14394359860457895
-0.03957431930755462
3.064215547965432e-14
-6.938893903907228e-18
2.5326962749261384e-16
1.1102230246251565e-16
5.032432803808717e-15
5.648259637780484e-15
-8.881784197001252e-16
2.886579864025407e-15
-1.6653345369377348e-16
0.5863704228673576
-0.6064575473175893
0.46823200168218904
-0.07292808317585298
-0.03670062459870538
-0.007801943686239099
0.5416003737255792
0.33757201230398043
0.0159651300860304
2.55351295663786e-14
-2.831068712794149e-15
-7.979727989493313e-17
1.6653345369377348e-16
-5.023759186428833e-15
4.3021142204224816e-16
2.220446049250313e-15
-2.7755575615628914e-15
-1.5959455978986625e-16
0.7869345092848414
-0.580217922777905
0.6304934919781573
-0.1258024615066411
-0.07476498978414581
-0.012553995759829406
0.7579251420554058
0.465326744935549
0.04709865762345089
-3.730349362740526e-14
-2.123301534595612e-15
-6.938893903907228e-18
-3.3306690738754696e-16
3.774758283725532e-15
-5.523359547510154e-15
7.771561172376096e-16
-7.771561172376096e-16
6.245004513516506e-17
0.7973828666342722
-0.5146993233401673
0.6166145069837121
-0.25310633192430565
-0.16341531444459934
-0.024118556682133585
0.8716997778282582
0.5359662982606466
0.056472332314640994
1.099120794378905e-14
6.2450045135165055e-15
1.3877787807814457e-17
3.3306690738754696e-16
7.382983113757291e-15
8.465450562766819e-15
-2.220446049250313e-16
1.1102230246251565e-15
-2.7755575615628914e-17
0.29754412120194873
-0.06770415646652772
0.1279888279036001
-0.7823070015333151
-0.5098345872794208
-0.07081501505992738
0.9120171409180831
0.565981692374498
0.049265038377903636
2.3203661214665772e-14
-6.522560269672795e-16
-5.967448757360216e-16
-5.551115123125783e-16
-5.440092820663267e-15
2.0816681711721685e-16
-3.3306690738754696e-16
-2.858824288409778e-15
5.551115123125783e-17
-5.346924192231459
5.408957594829879
-5.229612258368647
-6.131151289894035
-3.941473230509277
-0.5252656943081626
0.9027092939949117
0.5685966030640159
0.030928221534999523
-2.2537527399890678e-14
1.6237011735142914e-15
1.6653345369377348e-16
0.0
4.3298697960381105e-15
-2.498001805406602e-16
8.881784197001252e-16
-1.3322676295501878e-15
-1.1102230246251565e-16
-15.516500540300129
15.426277595809314
-14.583390353833467
-15.548740968255661
-9.98439067151671
-0.5210217428954773
0.9659193796264738
0.6157822226317329
0.018993533443037336
-3.3306690738754696e-14
-8.729128531115293e-15
-6.245004513516506e-17
-6.661338147750939e-16
-1.1299988722512921e-14
-8.326672684688674e-17
-1.2212453270876722e-15
8.673617379884035e-15
0.0
-22.700904521437938
22.47901359044517
-20.734053599146257
-21.910876761491803
-14.049372693912753
-1.112152622202355
1.1762084090591944
0.7512420867261369
0.025172566849057887
4.107825191113079e-14
5.349887199912473e-15
-2.0816681711721685e-16
1.5543122344752192e-15
1.0824674490095276e-15
1.5265566588595902e-16
0.0
-6.938893903907228e-15
1.1102230246251565e-16
-25.06672909319903
24.594522680198125
-22.242118663708005
-23.591211609100448
-15.161690539900409
-1.2359684437164806
1.3483196161934998
0.874650910919513
0.017849875140548477
2.7200464103316335e-14
-6.931955010003321e-15
-1.096345236817342e-15
6.661338147750939e-16
1.8318679906315083e-15
-2.7478019859472624e-15
-9.325873406851315e-15
-3.147482274812319e-14
-1.2878587085651816e-14
-8.483339610641181
7.064433947007744
-7.218447508138224
-8.520551045013733
-5.5462258900536305
-0.3258854983455178
1.3019653093734078
0.8829341560404682
-0.034280356702595334
-6.816769371198461e-14
3.462508058049707e-15
6.938893903907228e-17
-2.4424906541753444e-15
-1.1102230246251565e-16
9.992007221626409e-16
-5.551115123125783e-16
3.3861802251067274e-15
1.3322676295501878e-15
0.863137693372444
-3.8832516044108703
1.0419658360950876
0.39834530099770404
0.3021960864504507
0.2415771335406447
0.6463399504861584
0.5424386339470604
-0.1879760315795167
-3.9968028886505635e-15
6.800116025829084e-16
-6.938893903907228e-18
8.881784197001252e-16
4.551914400963142e-15
-2.7755575615628914e-17
1.1102230246251565e-16
-3.219646771412954e-15
6.661338147750939e-16
-0.15969204818127736
-3.8628722419268016
0.21552319755166938
0.23309760447867234
0.15843941969830413
0.2970297079796156
-0.01299467654532549
0.19204335503853365
-0.33770864165907
1.0480505352461478e-13
-2.4641746976250545e-15
-1.1796119636642288e-16
1.4432899320127035e-15
-1.7763568394002505e-15
2.7755575615628914e-17
0.0
1.7486012637846216e-15
-8.881784197001252e-16
-0.4195545740552724
-4.479830930977151
0.04875187528969782
0.5790747489857893
0.38329938512586637
0.37294850627059306
-0.5263762933971066
-0.08732126155039488
-0.45049471474904834
-7.704947790898586e-14
4.1598668953923834e-15
1.8735013540549517e-16
-1.3322676295501878e-15
-2.220446049250313e-16
-2.7755575615628914e-17
-1.1102230246251565e-16
4.3576253716537394e-15
-6.661338147750939e-16
-0.982059470002639
-4.639103967653639
-0.36261604363211575
0.5299773729309862
0.3471014354845394
0.31427626733878045
-0.8901189003989103
-0.28021643799976914
-0.5342529418124187
5.184741524999481e-14
-3.760880495917718e-15
-1.249000902703301e-16
-6.661338147750939e-16
-3.1086244689504383e-15
0.0
-1.1102230246251565e-16
-1.887379141862766e-15
1.7763568394002505e-15
-1.694156493138685
-4.500386766171715
-0.8702254087859876
0.26830884304670377
0.17377032597912034
0.15484052010183236
-1.137328175872085
-0.40038233829717207
-0.593190645174495
-3.7969627442180354e-14
6.106226635438361e-15
1.249000902703301e-16
2.4980018054066022e-15
5.10702591327572e-15
-2.7755575615628914e-17
8.326672684688674e-17
-7.327471962526033e-15
-4.440892098500626e-16
-1.8197652451070638
-4.704548345195576
-0.9446241133165216
0.3839473433867653
0.23940482956172104
0.5260954146652437
-1.3281706787405234
-0.46473391660717933
-0.607823574593116
4.6407322429331543e-14
-1.0408340855860843e-15
6.938893903907228e-17
-7.771561172376096e-16
-3.885780586188048e-16
5.551115123125783e-17
0.0
3.9968028886505635e-15
2.220446049250313e-16
1.3877730597140214
-0.4027444971695857
1.0537960284401606
0.21172025414245046
0.14305548478006358
0.7171286051817205
0.8371035847103068
0.44624325944600496
0.1865943187607073
-7.771561172376096e-14
1.2895934320411584e-14
1.522393322517246e-14
8.504308368628699e-14
1.147137940193943e-13
4.288236432614667e-14
4.4075854077618715e-14
9.403589018575076e-14
2.3314683517128287e-15
-0.19765214795690156
-0.6114109178841147
-0.2553343130512076
-0.18095191692149015
-0.06984955631703828
-0.17672169125394532
-0.07203073081199296
-0.051978586836606944
-0.011463471304364758
-2.886579864025407e-15
2.033095913844818e-15
9.71445146547012e-17
1.2212453270876722e-15
9.992007221626409e-16
-6.938893903907228e-17
-3.469446951953614e-16
-5.551115123125783e-15
1.5543122344752192e-15
-0.09677664512335582
-0.6828528034430974
-0.15790911961152432
-0.11649111125744582
-0.027364969383022242
-0.16313405183646523
-0.03837050927576513
-0.030689961025125945
-0.006454022937507409
4.6629367034256575e-14
-3.9968028886505635e-15
-7.632783294297951e-17
4.440892098500626e-16
6.5503158452884236e-15
1.2628786905111156e-15
5.967448757360216e-16
6.5503158452884236e-15
3.3306690738754696e-16
-0.1690675965202253
-0.8035024268866238
-0.20421901560955646
-0.1720296572990705
-0.05681849745927537
-0.18659189238199758
-0.029935049738501807
-0.021570758612688312
-0.004813803905602321
-4.618527782440651e-14
4.1772141301521515e-15
-2.0816681711721685e-17
-1.3322676295501878e-15
-2.1649348980190553e-15
-1.1268763699945339e-14
-2.931682674400804e-16
8.326672684688674e-16
-3.3306690738754696e-16
-0.24302600354277007
-0.9430336735478999
-0.24611850689824163
-0.21867884657701175
-0.08259792090243323
-0.20807607261831151
-0.02653062372186632
-0.013037123997817535
-0.0038478208237396334
4.796163466380676e-14
7.271960811294775e-15
4.85722573273506e-17
-1.3322676295501878e-15
2.7755575615628914e-16
3.878841692284141e-15
9.71445146547012e-17
2.498001805406602e-16
1.1102230246251565e-16
-0.23350478494092997
-1.0943101462835614
-0.2149612542330619
-0.19155145701580523
-0.06583317745813844
-0.18366762272873416
-0.02394807169309554
-0.004434645066094145
-0.002973250392766469
-2.7533531010703882e-14
-7.282369152150636e-15
6.938893903907228e-17
1.1102230246251565e-15
-2.886579864025407e-15
9.020562075079397e-17
6.331740687315346e-16
-2.498001805406602e-16
-4.996003610813204e-16
-0.24957612707125065
-1.2387703940704853
-0.20700811676947084
-0.186364628936174
-0.0593735537424891
-0.18741075198467172
-0.021905426031694653
0.002307905677112476
-0.002109023127123801
-2.1094237467877974e-15
-1.9801868478275253e-15
-5.551115123125783e-17
-8.881784197001252e-16
-3.3306690738754696e-16
-2.7755575615628914e-17
-7.4593109467002705e-16
-3.788636071533347e-15
2.220446049250313e-16
-0.30497848080545964
-1.35016552345288
-0.23594553009350694
-0.21594918520786077
-0.07067534023651234
-0.20825201358318424
-0.021227855894325742
0.004882854945158499
-0.001404972898949343
4.8627768478581856e-14
-3.5561831257524545e-15
-2.7755575615628914e-17
2.220446049250313e-16
9.603429163007604e-15
5.551115123125783e-17
2.6020852139652106e-17
5.1486592766991635e-15
-3.885780586188048e-16
-0.3665853194176911
-1.410878851347313
-0.27561848338075823
-0.2552767695618732
-0.08711739416892783
-0.21748939108111645
-0.021204549133239325
0.0025568263036586103
-0.0009729413778081421
-7.249756350802272e-14
-8.187894806610529e-16
1.3877787807814457e-17
2.220446049250313e-16
-1.1324274851176597e-14
8.326672684688674e-17
-1.1796119636642288e-16
1.1449174941446927e-15
3.3306690738754696e-16
-0.46503202303602453
-1.4107831786956382
-0.3529019066982839
-0.3338340475600474
-0.1269045036905183
-0.2698325004541857
-0.01945983323396422
-0.0032191796037914777
-0.0007448470401627549
4.9404924595819466e-14
6.931955010003321e-15
-2.3314683517128287e-15
1.865174681370263e-14
2.220446049250313e-15
-1.9290125052862095e-15
1.6653345369377348e-16
-5.204170427930421e-16
1.454392162258955e-14
-0.46992884702606125
-1.376535760255159
-0.35622407401754863
-0.3426764994683964
-0.12884053095629255
-0.2904117284878467
-0.013821586196624658
-0.009903116429441972
-0.0005390069802459485
3.042011087472929e-14
-4.7878367936959876e-15
-1.942890293094024e-16
8.881784197001252e-16
2.4980018054066022e-15
6.938893903907228e-17
0.0
-9.43689570931383e-16
-4.996003610813204e-16
-0.3576892957902231
-1.3813481269349737
-0.2601124745442789
-0.25568787261284953
-0.07415285683330097
-0.27678410585055957
-0.004983024123777824
-0.01591119155996168
-0.0002717584334198664
-5.007105841059456e-14
7.466249840604178e-15
-1.3877787807814457e-17
0.0
-1.5543122344752192e-15
1.734723475976807e-16
0.0
9.992007221626409e-16
2.636779683484747e-16
-0.26310626848592733
-1.5695222773051398
-0.16741371794933002
-0.1532360317267205
0.003971876447007361
-0.2845011676783926
-0.01536063978005231
-0.03308086321530723
-0.0016041412433094315
-1.2323475573339238e-14
1.4155343563970746e-15
-6.938893903907228e-18
-7.771561172376096e-16
-2.220446049250313e-15
-2.7755575615628914e-16
-1.1102230246251565e-16
-5.329070518200751e-15
-6.938893903907228e-17
-1.1758082498980968
-1.354161865324599
-1.0264257771518608
-0.10375555521609671
0.09664834152760893
-0.3347023733108685
-0.9259580768675094
-0.6147821467646555
-0.08986746697438841
