-1.4432899320127035e-15
-2.3631270551494055e-15
2.0816681711721685e-16
-3.885780586188048e-16
-6.300515664747763e-15
-8.326672684688674e-17
5.551115123125783e-17
2.55351295663786e-15
5.551115123125783e-17
0.0699850956203818
-0.09898793495835889
0.05984547621093838
0.07242040151169249
0.04752203146799161
-0.00695524072531839
-0.012578613243832137
-0.006422568575690235
-0.003632740184862371
1.7763568394002505e-15
4.586608870482678e-15
-8.326672684688674e-17
-1.0269562977782698e-15
1.5543122344752192e-15
5.551115123125783e-17
-5.551115123125783e-17
-6.994405055138486e-15
2.7755575615628914e-17
0.06853474191374076
-0.11206951049873481
0.05777836416622684
0.07911459607339565
0.051823347106363826
0.00363116773880634
-0.021333918276980057
-0.011210768586892073
-0.005313579689307346
2.220446049250313e-16
-2.8102520310824275e-16
8.326672684688674e-17
4.718447854656915e-16
1.2212453270876722e-15
5.551115123125783e-17
-8.326672684688674e-16
3.3306690738754696e-15
-6.938893903907228e-17
0.0948817504981214
-0.14446157841380725
0.07969722954411029
0.1027036949324156
0.06689565270147568
0.06512489323326065
-0.023008997355077554
-0.011828509644928431
-0.005928901772541906
-3.9968028886505635e-15
7.979727989493313e-16
-9.71445146547012e-17
4.440892098500626e-16
-1.887379141862766e-15
-5.551115123125783e-17
1.7763568394002505e-15
-9.992007221626409e-16
0.0
-0.0551329265317797
-0.12930812603595143
-0.0462190044370665
-0.06489614878131533
-0.03028923045050647
-0.06655359449389664
0.018660071422004876
0.012224315543932107
0.0007233811030733506
4.107825191113079e-15
2.7755575615628914e-16
9.71445146547012e-17
6.661338147750939e-16
8.881784197001252e-16
0.0
-2.7755575615628914e-16
7.771561172376096e-16
5.551115123125783e-17
-0.03265544330703207
-0.12505511954683657
-0.025704081765010045
-0.04789335428387176
-0.020772927291730525
-0.06070423245322588
0.022179519453146668
0.014468192167484519
0.0006063032346066421
-1.887379141862766e-15
-4.440892098500626e-16
-9.367506770274758e-17
-8.326672684688674e-16
1.6653345369377348e-15
2.220446049250313e-16
-5.551115123125783e-16
-2.4424906541753444e-15
-1.249000902703301e-16
0.003073095015150074
-0.1337051938848326
0.0030633068321037626
-0.025771376212759378
-0.008137929740300365
-0.10445987128678526
0.028831213925570864
0.018722096573000613
0.0004223842517201426
-3.3306690738754696e-16
-6.05245020768308e-15
9.71445146547012e-17
4.475586568020162e-16
-3.219646771412954e-15
-1.1102230246251565e-16
-1.1102230246251565e-16
3.3306690738754696e-16
1.1102230246251565e-16
0.13554813973397017
-0.18613540271167042
0.11900436712788574
0.11971418012248591
0.07818789486199762
-0.027034224612265234
-0.0007160026056283186
0.002462697022323823
-0.005330510620510154
-2.6645352591003757e-15
7.244205235679146e-15
-1.5959455978986625e-16
8.326672684688674e-16
1.1657341758564144e-15
0.0
-5.551115123125783e-16
1.6653345369377348e-15
0.0
0.03265551657912624
-0.08709742973158185
0.025763925156049083
0.021867525339374083
0.014189440879121662
0.2138891360737567
0.003887452313293238
0.005866792126834497
-0.005552479922997122
9.103828801926284e-15
-5.571931804837504e-15
1.249000902703301e-16
-9.992007221626409e-16
-1.2212453270876722e-15
-1.1102230246251565e-16
9.992007221626409e-16
-1.2212453270876722e-15
5.551115123125783e-17
-0.11024531982406316
0.020365263719845927
-0.10077299083485602
-0.08486775261351198
-0.05575356844633461
-0.11853669873704843
-0.01590201115349288
-0.0046203821318604454
-0.009854997805483379
-1.0547118733938987e-14
2.546574062733953e-15
-1.734723475976807e-16
6.661338147750939e-16
-1.8041124150158794e-15
0.0
-5.551115123125783e-16
4.218847493575595e-15
1.1102230246251565e-16
-0.21115436776596175
0.018854494946424438
-0.1847315545171766
-0.09238013704253945
-0.060881594721720944
-0.22533181727906815
-0.09234984281084734
-0.04768580775488829
-0.023745307215733646
4.9960036108132044e-15
1.7486012637846216e-15
2.7755575615628914e-17
-1.4432899320127035e-15
3.552713678800501e-15
2.220446049250313e-16
7.771561172376096e-16
-8.881784197001252e-16
-1.1102230246251565e-16
-0.26703858976580364
-0.23366631148098982
-0.2201820499747953
0.10825184933406719
0.07296517395371893
0.1576137304942371
-0.3285218356700171
-0.18165199657116204
-0.06764925077729345
-9.992007221626409e-16
-5.422745585903499e-15
2.7755575615628914e-17
8.881784197001252e-16
1.1102230246251565e-16
2.220446049250313e-16
-4.7271214720367993e-17
2.55351295663786e-15
0.0
-1.1393575716750775
0.34585787552754255
-0.9900487633430544
-1.0414270151778169
-0.6297470645895586
-0.2393642348170566
0.051407904100159385
0.03383506923766788
0.0026462599373928697
1.4432899320127035e-15
4.6351811278100286e-15
2.42861286636753e-17
5.551115123125783e-16
1.2212453270876722e-15
2.220446049250313e-16
-4.440892098500626e-16
-5.88418203051333e-15
0.0
-0.09244898736315577
0.00047743254350507414
-0.07955855329421269
-0.11558334621457787
-0.07713941315794415
0.12843246453058654
0.03602134815028535
0.0296184719146364
-0.005654684800049381
-4.773959005888173e-15
-1.5265566588595902e-15
0.0
-6.661338147750939e-16
4.440892098500626e-16
0.0
-1.1102230246251565e-16
4.23792945181134e-15
0.0
0.002804109119210807
-0.15370105452899452
0.00949418923585199
-0.0007312683122222552
-0.0005874780969747917
0.42056708046235963
0.010217739180063745
0.016859288133005634
-0.010758667645291098
3.9968028886505635e-15
4.08006961549745e-15
5.551115123125783e-17
-2.7755575615628914e-16
2.609024107869118e-15
0.0
2.220446049250313e-16
-5.218048215738236e-15
-4.440892098500626e-16
0.0780331459529009
-0.07707743450993121
0.07137473177195375
-0.00042240968025453185
-0.0002577299054351556
0.3190649571313777
0.07179212291907788
0.04695980384484244
0.006283867691433187
1.2212453270876722e-15
-3.497202527569243e-15
-1.700029006457271e-16
-6.938893903907228e-17
-2.1649348980190553e-15
-4.440892098500626e-16
-1.1102230246251565e-16
1.2212453270876722e-15
4.440892098500626e-16
0.055711935414564095
-0.055335966759798794
0.05005526653811642
-0.0004232244205795155
-0.00025734224639961667
-0.21452653423969492
0.050463320478257856
0.03292545300232064
0.0038137984333843633
1.5543122344752192e-15
-1.0547118733938987e-15
0.0
6.661338147750939e-16
-1.1102230246251565e-15
3.0531133177191805e-16
2.220446049250313e-16
7.077671781985373e-16
-2.220446049250313e-16
0.06882251954760932
-0.0696109779594849
0.06326081896168034
-0.010072338614932619
-0.0065632854799204665
-0.1310598421004503
0.07329231784261481
0.04752615387785397
0.00518346593863761
1.9984014443252818e-15
3.927413949611491e-15
-5.551115123125783e-17
-3.3306690738754696e-16
2.220446049250313e-15
2.0816681711721685e-17
-1.1102230246251565e-16
-4.690692279041286e-15
0.0
-0.04596505506847848
-0.14276310528725844
-0.031113211443539512
0.0059030297764479656
0.004013685255742416
-0.09232770581536887
-0.037097620263807585
-0.011726076928518125
-0.01880272196410715
-6.772360450213455e-15
-2.3887142264200634e-15
1.5558301175166989e-16
-4.440892098500626e-16
2.55351295663786e-15
-2.220446049250313e-16
-2.220446049250313e-16
1.7763568394002505e-15
4.440892098500626e-16
-0.014003509423972105
-0.1506845079586583
0.00026796004022955344
-0.0007301087148547936
-0.0004079326582271392
0.03907926280598062
0.000997917751277555
0.011719677193973155
-0.012693497750163374
-1.1102230246251565e-15
-2.7269853042355408e-15
-5.637851296924623e-18
3.3306690738754696e-16
-5.995204332975845e-15
1.491862189340054e-16
-2.220446049250313e-16
1.3877787807814457e-15
-2.220446049250313e-16
0.05092202473743157
-0.19233249507743722
0.06207692918914809
0.0006436399862366216
0.00046586226037526046
-0.03491826175645674
0.06147565957702205
0.04991997543122296
-0.0038748890384923134
7.327471962526033e-15
2.8171909249863347e-15
-2.3592239273284576e-16
2.220446049250313e-16
1.5543122344752192e-15
-3.0531133177191805e-16
-3.3306690738754696e-16
5.10702591327572e-15
-8.881784197001252e-16
0.05060127487413979
-0.2589586575030305
0.07353720644709938
1.1251346592189293e-06
3.480897007790418e-05
-0.06958189377488244
0.07355647504044782
0.06334337490680397
-0.005647526577007511
-6.8833827526759706e-15
-1.1934897514720433e-15
1.3877787807814457e-16
6.730727086790012e-16
-5.440092820663267e-15
0.0
3.3306690738754696e-16
-4.884981308350689e-15
8.881784197001252e-16
0.15218574434663878
-0.16016120368072964
0.14418317940186398
0.012652573106777254
0.00881395784333705
-0.22631314349723478
0.13149458212288323
0.08616064379998534
0.015755935382255615
1.0880185641326534e-14
-3.469446951953614e-17
2.2898349882893854e-16
-4.440892098500626e-16
6.217248937900877e-15
0.0
0.0
2.8033131371785203e-15
-1.1102230246251565e-16
-0.2867187890646221
-0.29737415845150394
-0.24542093509312757
-0.36508202649054056
-0.20328852564099975
-0.12921367092341995
0.11973970671255076
0.07845498146264163
0.013358933724468613
-7.549516567451064e-15
1.9220736113823023e-15
-8.673617379884035e-17
-1.4432899320127035e-15
-8.881784197001252e-16
0.0
-4.440892098500626e-16
6.938893903907228e-16
1.1102230246251565e-16
-0.028108031436753222
-0.20912464092086225
-0.020052157886148336
-0.10588272568287493
-0.05426228711917247
-0.08108940497918127
0.08600900527193289
0.05627094585082659
0.009006480981256004
-3.552713678800501e-15
2.7755575615628914e-17
-1.3704315460216776e-16
7.771561172376096e-16
-1.3322676295501878e-15
1.1102230246251565e-16
0.0
-9.43689570931383e-16
-3.3306690738754696e-16
0.05868078957559497
-0.15250697973675642
0.052884740309639966
-0.010490886216302897
-0.000652161738443624
-0.08297462424006596
0.06346871776852936
0.041564030826464204
0.006215220186666315
2.4424906541753444e-15
-3.552713678800501e-15
4.85722573273506e-17
-1.6653345369377348e-16
3.774758283725532e-15
-1.1102230246251565e-16
3.3306690738754696e-16
-4.6629367034256575e-15
1.1102230246251565e-16
0.08692309507753482
-0.10584413441407925
0.07458406077444835
0.03878553636477022
0.027085360395050273
-0.1146674231472744
0.035802480715716456
0.023487061868159742
0.003245601138511134
-1.1102230246251565e-15
4.288236432614667e-15
6.245004513516506e-17
2.220446049250313e-16
-2.55351295663786e-15
0.0
1.1102230246251565e-16
4.274358644806853e-15
-2.220446049250313e-16
0.05986489447457988
-0.0651171066554781
0.049912352406625615
0.04247669822111533
0.0288839199503812
-0.10134168611966743
0.007371478352734329
0.004866401992392966
0.0006174417753073147
-3.3306690738754696e-15
-2.3800406090401793e-15
6.938893903907228e-18
4.440892098500626e-16
5.551115123125783e-16
1.1102230246251565e-16
-1.2212453270876722e-15
3.4416913763379853e-15
0.0
0.033027557104860605
-0.05364562316724175
0.027741632533896162
0.026179856113071054
0.01932830261225149
-0.07758837757518933
0.0014718903715120746
0.000999072442440685
0.00011794618509264333
5.329070518200751e-15
1.6887533038634217e-15
-4.163336342344337e-17
2.220446049250313e-16
-5.828670879282072e-15
-1.3877787807814457e-16
5.551115123125783e-16
-8.326672684688674e-16
1.1102230246251565e-16
-0.030841003235815734
-0.035349806732085653
-0.026075384146865943
-0.026997194639562846
-0.01243951495563067
0.062070247458933636
0.0008236341733791619
0.0005756068309468176
5.634288603595383e-05
2.220446049250313e-16
1.4085954624931674e-15
-6.917209860457518e-17
-1.1102230246251565e-15
4.191091917959966e-15
1.1102230246251565e-16
7.771561172376096e-16
-3.552713678800501e-15
1.1102230246251565e-16
-0.030631906696482414
-0.028180385329250157
-0.02527036516134018
-0.026630778706548952
-0.012968052895924842
-0.005125074659034112
0.001282953694573763
0.0008666426193846277
6.560619049378325e-05
1.9984014443252818e-15
-6.189493362285248e-15
1.214306433183765e-16
0.0
8.118505867571457e-16
-2.7755575615628914e-16
-4.440892098500626e-16
1.1102230246251565e-16
-1.1102230246251565e-16
-0.02650294532300279
-0.02669616051623791
-0.0214525547573354
-0.024301823331114747
-0.012055624813331889
-0.005203274038919403
0.002784150588659884
0.0018386656390489975
0.00010106746463156568
-5.773159728050814e-15
4.912736883966318e-15
-1.5612511283791264e-16
0.0
2.7755575615628914e-17
4.163336342344337e-16
0.0
-1.2212453270876722e-15
1.1102230246251565e-16
-0.02336038105173799
-0.03320099904852469
-0.018634675162720885
-0.0256325748349866
-0.012795250972349237
-0.005744894522898392
0.006945180137883255
0.004546055871916366
0.0001635015677619034
6.8833827526759706e-15
-3.2335245592207684e-15
9.020562075079397e-17
-4.440892098500626e-16
4.0245584642661925e-15
-2.498001805406602e-16
-4.440892098500626e-16
4.884981308350689e-15
1.1102230246251565e-16
-0.011663031989662898
-0.05050634520202735
-0.008908952818172944
-0.023734994795383102
-0.01124438108329251
-0.006097960207171127
0.014798919323112614
0.009635626869602731
0.00014800776714252173
-1.354472090042691e-14
9.298117831235686e-16
1.3877787807814457e-17
4.440892098500626e-16
-5.051514762044462e-15
1.1102230246251565e-16
1.4432899320127035e-15
-6.661338147750939e-16
-1.9081958235744878e-16
-0.004362763762358668
-0.0726828171974887
-0.0020591010504151797
-0.020466631367199284
-0.008131268510005896
-0.007531281064977691
0.018423997275426984
0.011928685062599698
-6.18036527962329e-05
1.3766765505351941e-14
8.465450562766819e-16
-2.7755575615628914e-17
0.0
1.9984014443252818e-15
2.220446049250313e-16
-2.6645352591003757e-15
0.0
0.0
-0.009253669496601447
-0.08842207558971893
-0.0015290097353013454
-0.010799502641253511
-0.0004415279399552219
-0.008220773423111893
0.009304299211734701
0.0059910055905501025
-0.0002167688409812074
-1.0436096431476471e-14
7.355227538141662e-16
1.2836953722228372e-16
1.1102230246251565e-16
-4.551914400963142e-15
-4.978656376053436e-16
3.3306690738754696e-15
-1.9984014443252818e-15
-1.1102230246251565e-16
-0.04967770903313351
-0.0937920553779179
-0.026658344789820102
-0.02146016704714704
-0.004311127617580013
-0.012070067842024912
-0.005251245573280272
-0.003315407042366658
-0.00010130650036144218
0.0
-2.2065682614424986e-15
-1.0408340855860843e-16
0.0
6.716849298982197e-15
6.661338147750939e-16
-3.3306690738754696e-16
0.0
2.220446049250313e-16
-0.034693956098692524
-0.22295602789091618
-0.024580457845033266
0.11966159687273148
0.07682099943411913
0.01378181893806385
-0.14412221803479497
-0.07908557945577854
-0.03163266181665847
1.021405182655144e-14
4.433953204596719e-15
-2.42861286636753e-17
5.551115123125783e-17
-1.6375789613221059e-15
-2.220446049250313e-16
-3.3306690738754696e-16
4.218847493575595e-15
-8.326672684688674e-17
0.09671412712143024
-0.19543315586338394
0.0925716059621422
0.1251244327029326
0.08068777464546883
0.017911211079361777
-0.03248371357639712
-0.015413406976321651
-0.012152397341353094
0.0
-3.5388358909926865e-15
6.765421556309548e-17
-2.220446049250313e-16
-9.020562075079397e-16
-4.440892098500626e-16
-8.881784197001252e-16
-1.9984014443252818e-15
0.0
0.0997136860861616
-0.17811489142736292
0.09586013905069457
0.1206172059600874
0.0780293867900923
0.016397077214854505
-0.024711231875187423
-0.011417912031149058
-0.009526838530575787
-9.992007221626409e-15
-9.020562075079397e-16
-1.9949319973733282e-17
1.1102230246251565e-16
2.7521387946372045e-15
2.220446049250313e-16
0.0
-2.55351295663786e-15
-1.3877787807814457e-17
0.08089366089236094
-0.16060606695407387
0.07802478407240976
0.10646201432031432
0.06902190862397362
0.01562141586421717
-0.028407346962865176
-0.013638177647756322
-0.009622511310674042
1.176836406102666e-14
5.065392549852277e-15
3.122502256758253e-17
1.1102230246251565e-16
-8.014422459012849e-16
-3.3306690738754696e-16
-1.1102230246251565e-15
4.884981308350689e-15
-5.551115123125783e-17
0.04732337219266469
-0.13318512551366268
0.04572093673408517
0.07778453503334504
0.050515303266088545
0.013540151611741713
-0.03204813375202065
-0.015525787086506426
-0.010315824035231458
2.4424906541753444e-15
-4.0592529337857286e-15
-3.8163916471489756e-17
3.3306690738754696e-16
-1.3183898417423734e-15
1.1102230246251565e-16
9.992007221626409e-16
-1.4432899320127035e-15
1.1102230246251565e-16
0.004568062247862769
-0.09930871691318544
0.005113427679209082
0.0394437323017911
0.025650583489326806
0.008670886152969182
-0.0343276439480249
-0.016346605868548636
-0.011259421655900326
-5.773159728050814e-15
5.384581669432009e-15
9.020562075079397e-17
2.220446049250313e-16
-2.095545958979983e-15
-1.1102230246251565e-16
6.661338147750939e-16
-3.164135620181696e-15
5.551115123125783e-17
-0.01978443178536082
-0.08719475538109123
-0.01736721461635682
0.018269246164781094
0.011892109966881392
0.0025146480411235572
-0.03564402995046123
-0.01631666579371327
-0.01246832638354789
3.1086244689504383e-15
-9.652001420334955e-15
-1.3877787807814457e-16
-7.771561172376096e-16
2.67841304690819e-15
1.1102230246251565e-16
-2.220446049250313e-16
1.5543122344752192e-15
-5.551115123125783e-17
-0.03017689508907429
-0.0912857572282686
-0.026546043579250167
0.007463123508639313
0.0048871159560981425
0.0036178840459402117
-0.0340240115409145
-0.014223348274281733
-0.013667380168783438
-2.886579864025407e-15
5.2388648974499574e-15
-6.938893903907228e-17
0.0
-2.366162821232365e-15
0.0
2.220446049250313e-16
5.551115123125783e-16
1.1102230246251565e-16
-0.029691034188170207
-0.11044039883756263
-0.025123838500356044
0.00558985728116923
0.003687151398476196
0.0016053697783151577
-0.03073699532272478
-0.010745682366380294
-0.015076102424359306
-1.5543122344752192e-15
-2.9282132274488504e-15
-2.7755575615628914e-17
9.992007221626409e-16
1.474514954580286e-17
-5.551115123125783e-17
-3.3306690738754696e-16
2.609024107869118e-15
-5.551115123125783e-17
-0.026956926242473145
-0.13928157458724577
-0.020810864263743234
0.006869678691430181
0.004555268561056813
0.0006092111469291339
-0.027712860793075222
-0.006925911374217719
-0.017045277888620092
6.217248937900877e-15
2.598615767013257e-15
1.1796119636642288e-16
-1.6653345369377348e-15
3.3306690738754696e-15
2.0816681711721685e-17
6.661338147750939e-16
-4.85722573273506e-15
-2.220446049250313e-16
-0.028696537482778336
-0.17283253192670503
-0.01937805120357461
0.005764159185034146
0.0038844316990278576
0.003133120168729686
-0.02518201805392195
-0.0028099379401105296
-0.019645379611930025
-1.3988810110276972e-14
-1.4589024432964948e-15
-5.551115123125783e-17
1.3322676295501878e-15
-2.220446049250313e-15
0.0
-6.661338147750939e-16
1.942890293094024e-15
-1.1102230246251565e-16
-0.041796532928675134
-0.20418902787459103
-0.026410230493118633
-0.004856166180879029
-0.0031116145927949646
0.007026425314551332
-0.021597279364058863
0.002620039145867281
-0.022673978338325185
1.2878587085651816e-14
1.1882855810441129e-16
4.85722573273506e-17
-8.881784197001252e-16
3.3306690738754696e-16
0.0
1.1102230246251565e-16
1.1934897514720433e-15
0.0
-0.04033935430829416
-0.26212742389623145
-0.01851689392282196
0.0004920070496972073
0.00043135106680480817
-0.0006669984601432866
-0.019055323014811165
0.008255025499835256
-0.026501532837301056
-9.103828801926284e-15
-2.8102520310824275e-16
6.938893903907228e-17
-2.220446049250313e-16
1.0547118733938987e-15
2.7755575615628914e-17
-1.1102230246251565e-16
-8.049116928532385e-16
1.1102230246251565e-16
-0.03652985956155419
-0.3705053252831547
-0.0077937889791257495
0.04297114112602429
0.0286871034220475
-0.01660893499080096
-0.05083287294792882
-0.005094304169976027
-0.037068296303665704
8.215650382226158e-15
-1.2073675392798577e-15
1.734723475976807e-16
4.440892098500626e-16
1.1102230246251565e-15
0.0
2.220446049250313e-16
-1.4432899320127035e-15
3.3306690738754696e-16
-0.03564383593939624
-0.48048260139945853
0.002800034280939223
0.0743433840369363
0.04978263430076879
-0.0031843987671633656
-0.07160756942682411
-0.010805057831140275
-0.04660685679794341
4.440892098500626e-16
3.4416913763379853e-15
-3.712308238590367e-16
-6.661338147750939e-16
3.3306690738754696e-16
-5.551115123125783e-17
-1.1102230246251565e-16
-1.942890293094024e-16
0.0
-0.05414908721548528
-0.5856846242785991
0.0020813431631920842
0.07999431393670875
0.0534240272627855
0.06403191858633672
-0.07797483424757701
-0.005996297257568672
-0.05518583647903341
-4.6629367034256575e-15
-1.5890067039947553e-15
-5.0306980803327406e-17
0.0
-4.440892098500626e-16
1.1102230246251565e-16
-1.1102230246251565e-16
-1.3877787807814457e-16
-2.220446049250313e-16
-0.02024501513797361
-0.7908012840168368
0.04503076565298869
0.13881564137255964
0.09285564725465888
-0.06456087543665312
-0.09382365734153097
-0.004477978958717321
-0.06671948900791591
-4.440892098500626e-16
-2.0816681711721685e-16
6.938893903907228e-17
1.2212453270876722e-15
1.7763568394002505e-15
-1.1102230246251565e-16
-2.220446049250313e-16
2.55351295663786e-15
-8.881784197001252e-16
0.03352138729715648
-0.8883323252147193
0.12885868984687043
0.07552069732552269
0.051026249013624174
-0.06091612325313722
0.053352635901934065
0.09342682290618853
-0.04783330171287758
-1.1102230246251565e-15
-3.400058012914542e-16
1.249000902703301e-16
-5.551115123125783e-15
-3.552713678800501e-15
0.0
1.1102230246251565e-16
-3.3861802251067274e-15
1.7763568394002505e-15
-0.3392741065695759
-0.9935801855266391
-0.12861731968513368
-0.00154957242745013
-0.0007605551135441146
-0.09986419844762562
-0.12706631878228336
0.01113374013299051
-0.09356941924015416
8.881784197001252e-16
4.4825254619240695e-15
-1.1796119636642288e-16
-2.220446049250313e-16
4.6629367034256575e-15
0.0
2.7755575615628914e-17
3.774758283725532e-15
-2.220446049250313e-15
0.509321702445618
-0.509556568037226
0.5289029935521228
-0.005575235965807224
-0.003167919871046365
0.013886731989587453
0.5344722709477026
0.3483263583884195
0.07194974269725662
-4.440892098500626e-15
1.7208456881689926e-15
0.0
2.6645352591003757e-15
-6.661338147750939e-15
1.9984014443252818e-15
2.5153490401663703e-17
-3.219646771412954e-15
1.9984014443252818e-15
0.3765192906961233
-0.38873366965509604
0.40550990520341657
-0.0332713528351718
-0.020869261780827486
0.190590689931605
0.4387738611128498
0.2858912424358664
0.05746260331794417
1.554312234475219e-14
-3.927413949611491e-15
-5.551115123125783e-17
1.2212453270876722e-15
2.220446049250313e-15
0.0
0.0
1.8318679906315083e-15
1.7763568394002505e-15
-1.8812295896328948
-2.118912363277502
-1.8182545156824759
-2.3616868025209783
-1.3211480048231863
-0.5964711207015512
0.543859309032996
0.3553244776904876
0.06788316784022896
-1.4210854715202004e-14
8.187894806610529e-16
5.551115123125783e-17
-1.887379141862766e-15
-4.440892098500626e-16
-1.1102230246251565e-16
0.0
-4.107825191113079e-15
-1.1102230246251565e-15
-0.7395050840979494
-1.4788309755766704
-0.665139884565292
-1.1332413715639973
-0.6099489270866911
-0.3546683556196939
0.46731484288920905
0.3036060051693994
0.0549569247803916
2.886579864025407e-15
-5.134781488891349e-15
1.6479873021779667e-16
2.55351295663786e-15
1.7763568394002505e-15
2.220446049250313e-16
2.220446049250313e-16
1.3877787807814457e-16
4.440892098500626e-16
0.06174908188941686
-1.1002127687276584
0.04097770956344249
-0.31286918615933246
-0.13983327421854597
-0.017975238637333746
0.3530905661101542
0.22939782330728065
0.03908193718959119
3.1086244689504383e-15
4.440892098500626e-15
-1.249000902703301e-16
-2.220446049250313e-15
1.5543122344752192e-15
0.0
-1.1102230246251565e-16
2.275957200481571e-15
-4.440892098500626e-16
0.14565411451707178
-0.8139906023449299
0.057627141907666164
0.04161500183312228
0.07090531752653106
-0.11225388729965857
0.01569395019852493
0.009840271264950573
0.0014348246118478514
-1.3766765505351941e-14
-4.260480856999038e-15
-3.469446951953614e-17
3.3306690738754696e-16
-3.1086244689504383e-15
0.0
-1.1102230246251565e-16
-3.3306690738754696e-15
0.0
0.0331418717436236
-0.6770779295710128
-0.030830626937158323
-0.02334531816713792
0.02776011159096825
0.07544298264077298
-0.007433080632861078
-0.004869663367649046
-0.0008465345204462515
9.992007221626409e-15
5.551115123125783e-15
6.591949208711867e-17
0.0
6.661338147750939e-16
0.0
6.661338147750939e-16
4.163336342344337e-15
2.220446049250313e-16
0.16574039556357434
-0.5470179057390396
0.10178177217520101
0.08478411260130514
0.08127038215316151
0.38531403748131865
0.017154782752911046
0.011568606606616072
0.0012892461955260615
9.325873406851315e-15
-3.4833247397614286e-15
-1.6653345369377348e-16
-2.220446049250313e-16
-6.106226635438361e-16
2.220446049250313e-16
-3.3306690738754696e-16
-1.4155343563970746e-15
2.220446049250313e-16
0.16181974282245193
-1.1984806628862543
0.13824501128116906
-0.34671168862415414
-0.15982015043273634
0.01309244420050959
0.4851444032199339
0.3171053195138427
0.03958514711538008
-4.6629367034256575e-15
4.496403249731884e-15
5.551115123125783e-17
2.220446049250313e-16
-1.0547118733938987e-15
-3.885780586188048e-16
-2.220446049250313e-16
7.719519468096792e-17
0.0
0.13761852123086804
-1.2794021193345344
0.12905546127116807
-0.407924603021911
-0.19203711450954586
-0.2510656516130325
0.5371296668921133
0.35078975656732325
0.03973714253005234
-1.7763568394002505e-14
-4.4998726966838376e-15
2.0816681711721685e-17
1.1102230246251565e-16
-2.1094237467877974e-15
4.85722573273506e-17
2.220446049250313e-16
3.469446951953614e-15
-2.220446049250313e-16
0.22586384878536236
-1.2190308725605234
0.20673631090922842
-0.31112280675348813
-0.13823243349726866
-0.22734525228413816
0.5179222608491614
0.338241463188524
0.03318361270324299
2.375877272697835e-14
1.9532986339498848e-15
-1.3877787807814457e-16
1.1102230246251565e-16
6.8833827526759706e-15
5.551115123125783e-17
-1.2212453270876722e-15
1.1102230246251565e-15
6.661338147750939e-16
0.28077432953851655
-1.255267440219587
0.25620904382889975
-0.2906040587994312
-0.1256869788383277
-0.107260426597648
0.5469744906928753
0.35694560822652477
0.029103218494887173
-2.6645352591003757e-15
-5.3013149425851225e-15
1.5265566588595902e-16
5.551115123125783e-16
-2.886579864025407e-15
-1.97758476261356e-16
6.661338147750939e-16
-5.218048215738236e-15
-4.440892098500626e-16
0.3602046622607986
-1.416636181671592
0.323166495974359
-0.31732781763386697
-0.13697600314970515
-0.15458763870809378
0.6407341277553655
0.4174301359009931
0.026247120777636468
-1.865174681370263e-14
7.91033905045424e-15
1.6653345369377348e-16
0.0
-2.886579864025407e-15
4.440892098500626e-16
-7.771561172376096e-16
3.219646771412954e-15
-2.220446049250313e-16
0.5699465349132655
-1.666799783107166
0.49074960980823296
-0.3284129422974047
-0.14055683502406424
-0.11575603722143057
0.8194250442396935
0.53248580441565
0.022671664526678015
1.2434497875801753e-14
-6.1201044232461754e-15
-1.942890293094024e-16
-6.661338147750939e-16
4.440892098500626e-16
-1.1102230246251565e-16
0.0
1.7763568394002505e-15
7.771561172376096e-16
0.6154110482496193
-1.8747317732047364
0.5152467355166053
-0.3554086183889922
-0.1457858850546785
-0.3456669564655215
0.8709238951330889
0.5637363380752305
0.010864253668755097
-4.6629367034256575e-15
6.63358257213531e-15
3.191891195797325e-16
4.440892098500626e-16
2.3314683517128287e-15
1.1102230246251565e-16
1.1102230246251565e-15
-1.3322676295501878e-15
-9.71445146547012e-16
0.6554115389297053
-1.9482150814268753
0.53476913940936
-0.32341534019468554
-0.12069314581128943
-0.3006762051980374
0.8586191354902724
0.5529344483911913
-0.003334421485775174
-1.1102230246251565e-15
-5.009881398621019e-15
-1.6653345369377348e-16
-1.1102230246251565e-16
-2.3314683517128287e-15
-2.220446049250313e-16
0.0
0.0
-1.6653345369377348e-16
0.5358377772023175
-1.9945960464740224
0.4268150802623918
-0.37430599984473645
-0.14060641632322302
-0.28380102864523593
0.8018314504850679
0.513609141453859
-0.017409574061396982
6.661338147750939e-16
2.4702462297909733e-15
-7.589415207398531e-17
2.220446049250313e-16
8.881784197001252e-16
2.220446049250313e-16
-2.220446049250313e-16
-6.661338147750939e-16
2.7755575615628914e-16
-1.2176782499196008
-0.6748036827920316
-0.8394332538933338
-0.5898111699074882
-0.2503482498438636
-0.2943335597322019
-0.24837578588287104
-0.15625105734628342
0.005386045724101507
8.43769498715119e-15
-3.0808688933348094e-15
-1.734723475976807e-16
0.0
1.582067810090848e-15
-1.1102230246251565e-16
-1.1102230246251565e-15
-2.6645352591003757e-15
3.885780586188048e-16
-1.6204431338587568
-1.0763363987893584
-1.149151182673038
-1.0998599371750704
-0.5154853965133839
-0.4214836691540782
-0.0484668158507624
-0.032028156983184175
0.001250432454448669
-1.0880185641326534e-14
3.4139358007223564e-15
8.326672684688674e-17
2.220446049250313e-16
4.85722573273506e-16
0.0
1.3322676295501878e-15
8.881784197001252e-16
0.0
-2.4107804142171005
-1.4061380803234513
-1.722718612770437
-1.7085551227585536
-0.8200090570067999
-0.5848867571900911
-0.014565799919267873
-0.012879745739397208
-0.001615881314384948
-1.9984014443252818e-15
-4.385380947269368e-15
2.5673907444456745e-16
-2.220446049250313e-16
-1.3877787807814457e-15
2.220446049250313e-16
0.0
4.440892098500626e-16
1.6653345369377348e-16
-0.9021385146349843
-2.4737677939110085
-0.5198854342030295
-1.158150474282209
-0.49883139871837834
-0.44200895292368614
0.6372523424780283
0.4565071500228939
0.12516148405671323
4.440892098500626e-15
1.6375789613221059e-15
-1.249000902703301e-16
-2.220446049250313e-16
8.049116928532385e-16
-5.551115123125783e-16
-6.661338147750939e-16
0.0
-6.661338147750939e-16
-85.88770499166912
-12.740222411081959
-72.78252013099814
-82.58381434140074
-45.779511742118984
-17.129410706633657
9.824448320240549
7.060480335055331
2.011964572022876
-6.439293542825908e-15
1.8596235662471372e-15
2.220446049250313e-16
3.0531133177191805e-16
9.992007221626409e-16
1.3877787807814457e-16
-5.551115123125783e-16
0.0
9.992007221626409e-16
17.133692727681535
-14.849279307993754
13.298093912996164
2.4907596849882054
1.5709459823551555
0.5167531996328361
10.80139123966393
7.478759219955677
2.014646406507225
1.554312234475219e-14
-5.185738990998168e-15
-2.914335439641036e-16
-3.885780586188048e-16
4.996003610813204e-16
1.6653345369377348e-16
6.661338147750939e-16
-1.1102230246251565e-15
-4.440892098500626e-16
11.222150114450784
-17.143345306538208
9.644623041913952
6.373792421576013
4.031893344345036
0.9699434174651334
3.270647015107812
3.006034194590981
1.0537866688326432
-1.9317880628477724e-14
5.554584570077736e-15
0.0
2.220446049250313e-16
8.743006318923108e-16
-4.718447854656915e-16
0.0
-4.440892098500626e-16
4.440892098500626e-16
2.949948876217441
-20.098006676932073
4.002534545832972
9.974858947965714
6.327184418555703
1.2678258632378565
-5.9724191288577515
-2.3621495048501657
-0.013129935118679992
2.1316282072803006e-14
-2.7269853042355408e-15
-6.938893903907228e-18
5.551115123125783e-17
-1.582067810090848e-15
4.85722573273506e-16
-1.6653345369377348e-16
2.220446049250313e-16
-4.440892098500626e-16
-4.421420776173466
-29.508182796714365
-5.068817996396039
12.70493808538339
8.07202560248993
1.6049725684884777
-17.77699738214983
-9.88223567727559
-4.034285770138965
-3.9968028886505635e-15
4.0245584642661925e-16
3.469446951953614e-17
1.6653345369377348e-16
3.4382219293860317e-15
-4.996003610813204e-16
-1.7763568394002505e-15
2.220446049250313e-16
1.1102230246251565e-16
10.226270281070157
-26.447268065183437
8.704309567587671
14.422629094780405
9.183537313814554
1.8250937574459059
-5.7201265295309724
-2.9553401481531836
-2.1990127966935944
8.43769498715119e-15
-6.938893903907228e-16
1.1102230246251565e-16
-3.885780586188048e-16
-5.342948306008566e-15
8.881784197001252e-16
5.551115123125783e-17
4.440892098500626e-16
4.440892098500626e-16
13.778691261462782
-26.803160330197265
12.674341491488475
16.42161305696405
10.50161159056448
2.1328842201818645
-3.748354098965308
-1.7870275195472232
-1.791343164121713
-2.55351295663786e-14
-8.604228440844963e-16
-3.469446951953614e-18
2.7755575615628914e-16
-3.622102617839573e-15
-3.3306690738754696e-16
7.771561172376096e-16
2.6645352591003757e-15
-6.661338147750939e-16
15.724867520095577
-28.71977988599345
15.012018338686982
18.63045098120739
11.94330006578997
2.426820758184782
-3.619511649134779
-1.6619324010406018
-1.7546467886986647
3.1308289294429414e-14
3.1086244689504383e-15
-5.941427905220564e-17
-1.1102230246251565e-16
4.496403249731884e-15
0.0
1.6653345369377348e-15
-2.886579864025407e-15
-1.1102230246251565e-16
18.543153489312196
-31.414208706305363
17.956351880898524
21.086582465346368
13.520843534762548
2.676901448446504
-3.131407964499914
-1.316566002283139
-1.720248453054367
-6.661338147750939e-16
2.220446049250313e-16
-1.214306433183765e-16
0.0
1.9290125052862095e-15
-1.1102230246251565e-16
1.2212453270876722e-15
2.220446049250313e-15
2.7755575615628914e-16
22.096308887056075
-34.385096226388704
21.48601481576472
23.670516643680287
15.178966640391565
2.9192232074332605
-2.1857353170298666
-0.7046801895474246
-1.6314324706756125
-2.708944180085382e-14
-3.608224830031759e-15
1.1796119636642288e-16
1.1102230246251565e-16
-3.608224830031759e-16
5.551115123125783e-17
-1.7763568394002505e-15
-5.10702591327572e-15
1.3877787807814457e-16
24.58289968991579
-36.30972304270033
23.888939695948622
25.105082136724747
16.106921076596848
3.024526243079311
-1.2174897325541565
-0.08060022677562273
-1.5352175203740757
0.0
1.8318679906315083e-15
-8.326672684688674e-17
-1.6653345369377348e-16
-2.789435349370706e-15
5.551115123125783e-16
-1.1102230246251565e-15
5.329070518200751e-15
-6.800116025829084e-16
22.01763912176118
-33.113557928450476
21.019491856697826
21.154318632840273
13.573060140873686
2.483433280040865
-0.1363305247295017
0.6111289739200565
-1.4236990246391414
5.995204332975845e-15
3.164135620181696e-15
1.1102230246251565e-16
1.1102230246251565e-16
1.6930901125533637e-15
-5.551115123125783e-16
1.3322676295501878e-15
-3.1086244689504383e-15
5.724587470723463e-17
14.77509041334795
-25.399104088834623
13.42711371437181
12.517984887099539
8.035681806684167
1.4287015089694828
0.9074592050780409
1.285740555020317
-1.3197797640993727
1.9984014443252818e-15
-4.0314973581701e-15
-9.71445146547012e-17
-2.220446049250313e-16
-2.4424906541753444e-15
-1.1102230246251565e-16
-2.220446049250313e-16
2.4424906541753444e-15
-1.3877787807814457e-16
9.631051100102837
-20.644127763417785
8.252455148430084
6.914262374045956
4.447154083284156
0.7705475839531715
1.336222841825645
1.6098043120037833
-1.3071925859598608
-1.0658141036401503e-14
4.121702978920894e-15
-5.551115123125783e-17
-5.551115123125783e-17
1.9984014443252818e-15
1.6653345369377348e-16
6.661338147750939e-16
-1.6653345369377348e-15
1.1102230246251565e-16
7.241614847143747
-19.516122169231053
6.096361455462742
4.959395070062509
3.1975278567461753
0.5389950089052149
1.134552274037489
1.5769272577845737
-1.3972983699050445
5.329070518200751e-15
-3.101685575046531e-15
2.7755575615628914e-17
-2.220446049250313e-16
-3.3306690738754696e-15
-1.1102230246251565e-16
-1.1102230246251565e-16
2.7755575615628914e-15
3.608224830031759e-16
4.503978050532572
-18.38928976856247
3.6753242155782972
2.886687064595044
1.8666094227792105
0.306056965082492
0.7855324341369201
1.4706757512999467
-1.5270893971959154
1.4654943925052066e-14
2.688821387764051e-15
2.7755575615628914e-17
1.1102230246251565e-16
3.6637359812630166e-15
5.551115123125783e-17
-8.881784197001252e-16
-4.440892098500626e-16
-5.551115123125783e-17
3.029979136410372
-18.840594630643228
2.604348925243433
2.2414103657895144
1.4577142486225423
0.23173254961485126
0.35863846876000416
1.3324452723102347
-1.6838613273871914
-3.3306690738754696e-15
-2.609024107869118e-15
5.551115123125783e-17
0.0
-2.831068712794149e-15
-1.3877787807814457e-17
1.1102230246251565e-15
7.216449660063518e-16
1.6653345369377348e-16
2.3753384383011173
-20.91548197773818
2.48523567409132
3.0144497252731384
1.9720240585004172
0.30406519148261535
-0.5354901343551468
0.9417950282204722
-1.9316042046259907
-8.881784197001252e-16
1.0234868508263162e-15
-1.3877787807814457e-16
1.1102230246251565e-15
5.218048215738236e-15
4.163336342344337e-17
-4.440892098500626e-16
-2.6645352591003757e-15
-6.661338147750939e-16
2.9479651245789
-25.45728008093625
3.7006914301159064
5.876589830975401
3.8756621258273705
0.5816406030915398
-2.185107088394197
0.14225817006152042
-2.3284681534592337
1.509903313490213e-14
-1.0685896612017132e-15
2.7755575615628914e-17
-1.1102230246251565e-15
-3.3306690738754696e-16
-1.6653345369377348e-16
-2.220446049250313e-16
-2.55351295663786e-15
4.440892098500626e-16
1.7683035190235614
-29.958825553153105
3.2466607117177375
8.142538835851262
5.45424858324073
0.7723559152614428
-4.909046014284463
-1.2314526561860308
-2.9496090056253763
-2.353672812205332e-14
-2.3592239273284576e-16
3.3306690738754696e-16
4.440892098500626e-16
-3.774758283725532e-15
0.0
0.0
-1.7763568394002505e-15
0.0
-0.0240893140042715
-37.43977138914369
2.181257890141822
12.216070944232596
8.3743599197166
1.039875881522888
-10.054671598845701
-3.957046896059223
-4.0322838047243295
9.992007221626409e-15
-1.4432899320127035e-15
-4.440892098500626e-16
-1.7763568394002505e-15
1.6653345369377348e-15
-2.7755575615628914e-17
6.661338147750939e-16
-4.440892098500626e-16
0.0
6.598771334440414
-60.045614138188455
7.996134649157312
27.49837998485043
19.166640452561012
1.9954588060145415
-19.53613376610342
-9.169313067186465
-5.94177280324611
3.552713678800501e-15
1.6653345369377348e-16
1.1102230246251565e-16
1.7763568394002505e-15
8.881784197001252e-16
0.0
-4.440892098500626e-16
4.496403249731884e-15
-8.881784197001252e-16
-26.670053375973225
-43.451580356094524
-20.641332830874916
5.493765624422565
4.450464446293864
0.010945836168128942
-26.169114945246434
-12.64916459293044
-7.322890966720649
-1.3322676295501878e-14
9.159339953157541e-16
5.551115123125783e-17
2.220446049250313e-16
-8.881784197001252e-16
0.0
-5.551115123125783e-17
-2.220446049250313e-15
-8.881784197001252e-16
46.1707000738316
-64.91273405193277
41.786072312267265
10.53689922007328
8.435814187991639
-0.0037267276804566767
31.248119575803916
20.20282370227423
2.543856192221156
1.7763568394002505e-14
-7.216449660063518e-16
-8.326672684688674e-17
8.881784197001252e-16
-1.7763568394002505e-15
0.0
4.440892098500626e-16
0.0
8.881784197001252e-16
-107.2597705005387
-61.177147062913036
-91.74397391019619
-0.15245259110503184
-0.4180193091245173
-0.27896669019865605
-91.61865139498272
-48.66752147969058
-22.011871436518504
-1.0658141036401503e-14
3.858025010572419e-15
1.6653345369377348e-16
0.0
1.7763568394002505e-15
0.0
-2.0816681711721685e-16
3.3306690738754696e-15
4.440892098500626e-16
-34.19108023767767
26.83982033426514
-32.07195915714782
-33.31300899057627
-20.67098981403678
-3.382830824987053
1.3487323056784604
0.8461545688203777
0.10657978832616588
-2.1316282072803006e-14
2.5396351688300456e-15
2.7755575615628914e-16
4.440892098500626e-16
-8.881784197001252e-16
-2.220446049250313e-16
0.0
6.661338147750939e-16
-8.881784197001252e-16
-34.221807523348275
-59.98616172732301
-18.506401845721
-70.31432674795587
-38.42018185897513
-13.244899344789278
51.927197576970116
33.29267242208755
4.55703629261307
1.6653345369377348e-14
-2.9698465908722937e-15
-4.0245584642661925e-16
-1.7763568394002505e-15
-1.7763568394002505e-15
1.1102230246251565e-16
2.220446049250313e-16
-3.9968028886505635e-15
0.0
36.000015568047445
-67.36904673910853
36.01474045026555
-24.805633746647402
-13.935769581167335
-2.8076079761935357
60.7894684922789
38.58712126499023
4.265443067920295
8.659739592076221e-15
2.0539125955565396e-15
-3.8163916471489756e-16
0.0
6.661338147750939e-15
-2.7755575615628914e-17
-3.608224830031759e-16
2.275957200481571e-15
0.0
14.364557095735371
-35.57372069025757
13.559127387126518
-1.1266656339686278
1.2749384166957043
-0.008093970864010203
14.700856359959685
9.370037995550874
0.9719045126928716
-1.7319479184152442e-14
-6.661338147750939e-16
-1.1102230246251565e-16
4.884981308350689e-15
-5.329070518200751e-15
-3.1086244689504383e-15
1.1102230246251565e-15
0.0
9.325873406851315e-15
-383.68462018231753
253.04652485686753
-335.78329126908534
0.46851596095936543
1.9961773956983535
-0.6530927127774167
-336.0268729703394
-199.10295799143557
-28.878039991353713
7.105427357601002e-15
-3.941291737419306e-15
1.1102230246251565e-16
-3.3306690738754696e-16
3.3306690738754696e-15
-2.220446049250313e-16
-2.220446049250313e-16
-1.3322676295501878e-15
0.0
484.4089293276278
217.5358219520874
451.6109476136697
401.78743813475234
226.97872690849826
97.19134904735256
49.787627925398596
30.530960170951687
4.862530576052251
-3.1086244689504383e-15
3.1433189384699745e-15
9.280770596475918e-17
6.661338147750939e-16
-4.884981308350689e-15
3.3306690738754696e-16
3.885780586188048e-16
4.440892098500626e-16
-8.881784197001252e-16
67.25817982503527
-499.7137499668163
76.0782033637654
74.34042487779722
84.54327610502068
-33.08664694261283
1.041413649322874
0.9827004225064684
0.324169565098686
1.9539925233402755e-14
-1.863093013199091e-15
-2.7755575615628914e-16
-1.5543122344752192e-15
-1.3322676295501878e-15
0.0
0.0
-1.3322676295501878e-15
1.1102230246251565e-15
-732.7479816962029
-189.95164199519343
-618.9399635241936
-606.0849958489666
-333.5997294013831
-118.9663164964158
-12.913886092737558
-8.09716200727756
-0.8381362670611505
-1.0880185641326534e-14
-1.6375789613221059e-15
1.8388068845354155e-16
1.2212453270876722e-15
2.220446049250313e-15
0.0
-5.273559366969494e-16
1.5543122344752192e-15
-4.440892098500626e-16
3.2085851425528062
-75.99895804531826
15.497648045786988
17.326202215369165
18.29178421893951
1.4795559489317895
-1.8476131926334176
-1.1149156948013825
-0.12411236875258336
5.10702591327572e-15
-3.3306690738754696e-16
5.551115123125783e-17
-6.661338147750939e-16
4.6629367034256575e-15
-1.1102230246251565e-16
1.249000902703301e-16
3.9968028886505635e-15
-6.106226635438361e-16
517.4504314129399
62.24858011653004
447.8216629134495
455.70798726847926
261.4115256750631
84.04932591316839
-7.62902991582056
-4.883989913303434
-0.42391775911583585
-1.2212453270876722e-14
1.0547118733938987e-15
-3.7470027081099033e-16
-4.440892098500626e-16
-3.3306690738754696e-15
0.0
7.771561172376096e-16
-1.5543122344752192e-15
4.440892098500626e-16
-185.66088776150846
-96.42257167999583
-112.01062352419117
-74.98091796062019
-29.488264058562436
-14.168258405458534
-37.03247640355514
-19.17989476579404
-9.589662017017918
1.021405182655144e-14
1.6653345369377348e-15
3.3306690738754696e-16
4.440892098500626e-16
1.5543122344752192e-15
3.3306690738754696e-16
-7.771561172376096e-16
-5.051514762044462e-15
-3.3306690738754696e-16
-91.11435874517063
-69.92484451712245
-84.09359099149863
-100.92575579944241
-49.33490421048651
-25.02112632350517
17.222253895548818
10.739256853951616
0.5720841378653052
-7.771561172376096e-15
-4.85722573273506e-16
-5.898059818321144e-17
-1.1102230246251565e-16
-1.6653345369377348e-16
-2.7755575615628914e-16
7.771561172376096e-16
5.662137425588298e-15
8.881784197001252e-16
37.795503663185414
-80.76583559251907
36.45461647119471
47.26085712153679
31.724866344586392
2.2407198225637295
-10.842886843543226
-5.161626359191899
-3.359798267605001
1.6653345369377348e-14
-1.6653345369377348e-16
-8.326672684688674e-17
-6.661338147750939e-16
-3.6637359812630166e-15
2.7755575615628914e-16
-6.106226635438361e-16
-1.3322676295501878e-15
-4.440892098500626e-16
27.858396577349538
-46.62908285933685
24.4704094583214
29.428684510439698
19.60444245201407
1.320434764101444
-4.976654460206078
-2.222724313604459
-1.7314686885004846
5.329070518200751e-15
9.697104230710352e-16
2.498001805406602e-16
9.992007221626409e-16
1.4155343563970746e-15
-2.3592239273284576e-16
3.885780586188048e-16
-2.6645352591003757e-15
0.0
6.250672209129192
-10.31782978540957
5.468770960863509
7.487566283163544
5.319500532794571
0.4007038344326421
-2.017297576843731
-1.2923125328574514
-0.164771449686004
-1.0658141036401503e-14
-3.157196726277789e-15
-2.5326962749261384e-16
-1.1102230246251565e-15
1.5543122344752192e-15
2.220446049250313e-16
-2.220446049250313e-16
-1.9984014443252818e-15
0.0
13.642416535206422
-8.732873857038783
12.210838541275308
8.72819579633736
5.989078553655929
0.8924068954995263
3.514020966971373
2.2665898091452874
0.18974016811356442
-9.547918011776346e-15
4.246603069191224e-15
1.3183898417423734e-16
-2.220446049250313e-16
-1.6375789613221059e-15
-1.1102230246251565e-16
-6.661338147750939e-16
2.6645352591003757e-15
4.440892098500626e-16
-1.7167463568530295
-21.794309384787198
-0.4874530383377511
-8.833563724711126
-3.8118864077662096
-2.778558291535731
8.382838666033848
5.380087803834442
0.30830749324258866
-3.774758283725532e-15
-3.677613769070831e-15
1.3877787807814457e-16
6.661338147750939e-16
-3.7192471324942744e-15
-1.1102230246251565e-16
1.1102230246251565e-15
1.1102230246251565e-15
-1.1102230246251565e-16
6.598220781950715
-26.70145569004752
5.967583901540518
-6.003239297921581
-2.4057498318592536
-2.2170886376080006
11.992026379260153
7.674512413855901
0.14401964368829856
1.5765166949677223e-14
-5.412337245047638e-16
-6.938893903907228e-17
-4.440892098500626e-16
1.4432899320127035e-15
1.1102230246251565e-16
-1.3322676295501878e-15
1.9984014443252818e-15
-2.7755575615628914e-16
12.24713063590918
-32.923140026933595
9.454308587365327
-6.647719343157945
-2.817012346882663
-2.3280279370787085
16.103504939293188
10.240262172579015
-0.20328049746658328
-2.3092638912203256e-14
6.38378239159465e-16
-2.220446049250313e-16
0.0
-3.3306690738754696e-16
0.0
4.440892098500626e-16
-3.9968028886505635e-15
0.0
4.167484783117118
-28.444850343510524
2.599848053090575
-8.272653772345024
-3.585956756175243
-2.769245249797777
10.876491795239517
6.84860866600264
-0.4682202442272061
2.375877272697835e-14
2.095545958979983e-15
1.7694179454963432e-16
0.0
4.9960036108132044e-15
-6.661338147750939e-16
1.1657341758564144e-15
3.9968028886505635e-15
2.7755575615628914e-17
46.49316336430303
-67.86817560735196
34.347834609204625
12.883560777219145
8.43389355521606
1.3396666612064507
21.429394545907144
14.890191704276731
-3.157977531094417
1.3322676295501878e-14
1.9845236565174673e-15
3.469446951953614e-18
8.673617379884035e-17
-3.552713678800501e-15
3.3306690738754696e-16
-2.7755575615628914e-16
-4.884981308350689e-15
-1.6653345369377348e-16
29.74248256294443
-64.02774787638887
22.070173663810735
13.851495890536938
9.097308671619487
1.6035043877508883
8.204256058890536
7.498705002317628
-4.163808687227956
-3.3084646133829665e-14
-5.176414852314792e-15
-6.938893903907228e-17
-1.1102230246251565e-16
4.440892098500626e-16
-1.6653345369377348e-16
-1.1657341758564144e-15
-6.661338147750939e-16
-1.6653345369377348e-16
38.00802730678759
-70.94989536787017
29.854801653401054
15.265585174005452
10.047638666624223
1.9738721566626882
14.584586918012775
12.068520834198843
-3.3152401232325843
2.220446049250313e-15
5.079270337660091e-15
1.6653345369377348e-16
-2.220446049250313e-16
1.27675647831893e-15
5.551115123125783e-17
6.938893903907228e-16
3.9968028886505635e-15
0.0
-6.018060683193482
-105.47944121297294
-4.018099169493723
39.622076018022824
26.309678507548938
4.524177639905357
-43.64532411248979
-20.318931542323924
-13.100069790850284
2.6201263381153694e-14
2.0816681711721685e-16
-2.498001805406602e-16
0.0
-4.6629367034256575e-15
0.0
4.440892098500626e-16
-3.1086244689504383e-15
4.440892098500626e-16
-0.47209120988992836
-0.20709973030784568
0.3543564067113021
5.113981602784321
3.335483259803098
0.6121017261786612
-4.7130938301829985
-3.04961676253302
-0.10166636885655933
-7.993605777301127e-15
-3.3029134982598407e-15
-2.7755575615628914e-17
-2.220446049250313e-16
6.994405055138486e-15
-1.3877787807814457e-16
-1.6653345369377348e-15
-2.6645352591003757e-15
3.0531133177191805e-16
-57.45593967487123
55.69726862686178
-29.91972240635276
37.916851252740926
24.823842006538957
4.410384546914423
-67.80486505600203
-43.72534817812844
0.2196133820486259
-7.327471962526033e-15
9.43689570931383e-16
1.1102230246251565e-16
4.440892098500626e-16
-1.9984014443252818e-15
5.551115123125783e-16
4.440892098500626e-16
1.7763568394002505e-15
-4.440892098500626e-16
-88.3876700698797
-29.606871656563975
-56.31382182953347
-31.219271643861404
-11.690028727537758
-11.773825545679593
-25.037273104308976
-15.680576613294733
0.7380245750350216
4.440892098500626e-16
-2.3314683517128287e-15
-1.6653345369377348e-16
-4.440892098500626e-16
-1.5543122344752192e-15
0.0
8.881784197001252e-16
3.552713678800501e-15
4.440892098500626e-16
-80.26275494120769
-69.367443048071
-52.75157516392689
-52.031918549572566
-22.484519078583244
-16.253360930037232
-0.6155240864062748
-0.41728198095969304
0.03413905568908748
-4.6629367034256575e-15
-6.106226635438361e-16
1.1102230246251565e-16
-1.6653345369377348e-16
-1.887379141862766e-15
-3.3306690738754696e-16
1.3322676295501878e-15
-2.220446049250313e-15
-8.881784197001252e-16
-1261.8812567555992
946.2089683771679
-772.9002866169965
65.45001077010613
42.318919094082474
8.471584978881523
-838.6484308400095
-505.7804144041541
12.908927800072123
-7.993605777301127e-15
4.794775687599895e-15
2.636779683484747e-16
3.191891195797325e-16
3.552713678800501e-15
-1.1102230246251565e-16
-4.440892098500626e-16
-1.3322676295501878e-15
-4.440892098500626e-16
-992.3026116746181
687.4641752895382
-641.2329966319955
59.56924762401056
38.41835462666346
7.6093150075714
-701.1091831583062
-418.75678160396853
1.4173748418664331
3.3306690738754696e-15
-2.813721478034381e-15
-3.885780586188048e-16
-2.7755575615628914e-17
1.3877787807814457e-16
3.3306690738754696e-16
-4.440892098500626e-16
1.7763568394002505e-15
1.3322676295501878e-15
945.5305098979765
750.0380166281124
964.601435042989
51.74339403844827
33.359578571904876
6.523350564572581
912.6470391005402
519.6763264870809
207.57997627464994
1.9095836023552692e-14
-7.216449660063518e-16
5.551115123125783e-17
2.636779683484747e-16
2.55351295663786e-15
-3.3306690738754696e-16
2.220446049250313e-16
-9.992007221626409e-16
-4.440892098500626e-16
1030.6562875963903
937.6717277382674
1049.1615480662097
40.44821458191653
26.04099872986187
4.980997092360873
1008.4953724125146
570.0459693809922
242.8389704411818
-2.020605904817785e-14
1.7069679003611782e-15
1.942890293094024e-16
-2.498001805406602e-16
-3.101685575046531e-15
4.440892098500626e-16
1.1102230246251565e-15
7.771561172376096e-16
8.881784197001252e-16
-145.51115491828654
791.7855859028331
-5.700569649468839
25.872884094528146
16.638353760989588
3.1058969417406246
-31.58301329603664
-28.568174111757507
87.84049998981507
1.3988810110276972e-14
-5.266620473065586e-15
1.3877787807814457e-16
0.0
1.6653345369377348e-15
1.1102230246251565e-16
-1.3322676295501878e-15
-2.886579864025407e-15
-8.881784197001252e-16
-639.8599408637965
430.2477873292064
-496.4999421308077
6.3138977239877825
4.051069140684255
0.7460638018504167
-502.7999668301692
-288.331106832175
-13.372432267776233
7.549516567451064e-15
2.615963001773025e-15
-2.7755575615628914e-17
-3.3306690738754696e-16
-3.1086244689504383e-15
-3.3306690738754696e-16
-6.661338147750939e-16
5.10702591327572e-15
0.0
-446.5781823253665
153.86766851512976
-369.32495223130604
3.7971223014959747
2.4437880899825917
0.44520462669463656
-373.1993827214005
-205.57035085799612
-26.332434382302118
-1.0880185641326534e-14
2.0816681711721685e-15
-1.3877787807814457e-16
4.440892098500626e-16
-1.6930901125533637e-15
2.220446049250313e-16
4.440892098500626e-16
-4.551914400963142e-15
4.440892098500626e-16
-109.87066659706198
-391.82700431776567
-132.8743900828129
5.149399424741816
3.3181467771406012
0.5906408340085836
-138.1932886433628
-56.266720412428526
-63.1429082895907
-1.5543122344752192e-15
1.6653345369377348e-15
2.7755575615628914e-17
-4.440892098500626e-16
1.3322676295501878e-15
-8.326672684688674e-17
-2.220446049250313e-16
4.6629367034256575e-15
-4.440892098500626e-16
78.34116709685938
-564.7782622707576
12.391078694042406
-1.1937406813810476
-0.8058616597255561
-0.12449265116228325
13.362504857663374
39.95421256671092
-61.31827563415347
-2.6645352591003757e-15
5.551115123125783e-17
-2.220446049250313e-16
4.440892098500626e-16
7.771561172376096e-16
8.673617379884035e-17
-1.7763568394002505e-15
-6.217248937900877e-15
0.0
261.0743747943178
-429.90120398323063
168.91147504670647
-13.345918516603334
-8.889811374443276
-1.2724653964529464
183.33650941833244
153.63527418032976
-5.067171646869625
8.770761894538737e-15
-2.6645352591003757e-15
-1.6653345369377348e-16
0.0
1.7763568394002505e-15
0.0
8.881784197001252e-16
1.7763568394002505e-15
-8.881784197001252e-16
-63.729840650844494
-6.668705356241318
-52.13873133603636
19.860500607413773
12.923575855466595
1.0651358478679782
-72.23735556234772
-40.468091396736725
-11.099211652253555
-1.554312234475219e-14
4.440892098500626e-15
3.3306690738754696e-16
0.0
1.3322676295501878e-15
-5.551115123125783e-17
1.7763568394002505e-15
3.9968028886505635e-15
-1.6653345369377348e-16
-8.143469888016824
-5.706918207017111
-5.016130936996419
-0.23534415703153402
-0.21910688261712608
-0.10185285927350218
-4.792099219592245
-2.119166306832227
-0.575066786700706
7.105427357601002e-15
-5.689893001203927e-16
5.551115123125783e-17
-4.440892098500626e-16
-3.552713678800501e-15
0.0
-1.3322676295501878e-15
-4.385380947269368e-15
-5.551115123125783e-16
1.0979818210249253
-5.85858876894622
2.099947340560379
-0.20653411676715905
-0.20345381776818527
-0.027848761149123824
2.232372455639137
1.495942629756911
0.20941297009268478
-7.549516567451064e-15
-1.2351231148954867e-15
-2.220446049250313e-16
1.3322676295501878e-15
2.886579864025407e-15
-1.1102230246251565e-16
4.440892098500626e-16
-8.881784197001252e-16
1.4988010832439613e-15
2.5818772211666197
-7.786223536707894
2.6728939683627457
-0.05855390825930584
-0.06095586210131643
-0.009901229732637074
2.727733059181851
2.134201714831331
0.35928763179774004
-1.2212453270876722e-15
-3.164135620181696e-15
3.3306690738754696e-16
0.0
-2.220446049250313e-16
0.0
4.440892098500626e-16
2.6645352591003757e-15
-3.3306690738754696e-16
7.285440822598986
-0.38061586170761075
5.282652225341119
-0.090680433671956
-0.03344977215548183
0.0637783980043709
5.425448074296682
3.6211231816246894
1.0488188545859245
2.886579864025407e-15
-1.609823385706477e-15
-1.1102230246251565e-16
-4.440892098500626e-16
-1.1102230246251565e-15
1.1102230246251565e-16
-4.440892098500626e-16
1.7763568394002505e-15
0.0
26.853847725498476
-223.2700457760685
45.158604156256956
-0.3972942412836957
-0.11533721113489205
-0.07068041021462634
45.126271768470104
40.37874884124085
-16.641808423948397
1.1435297153639112e-14
-1.5543122344752192e-15
0.0
3.3306690738754696e-16
6.661338147750939e-16
1.1102230246251565e-16
0.0
-2.6645352591003757e-15
-2.220446049250313e-15
-253.50834770844912
215.23667544355536
-272.21822682455274
2.2450552540977906
1.6437676505293979
-0.44058133999130966
-274.86862423533273
-166.4817726233495
-34.20876344308992
-3.441691376337985e-14
5.856426454897701e-15
5.551115123125783e-17
-1.3322676295501878e-15
0.0
0.0
4.440892098500626e-16
8.881784197001252e-16
1.7763568394002505e-15
-248.6086594938139
-1254.9325976163402
130.8191817567427
-39.94864550220882
-25.379509146565713
1.3358357583052332
171.72947184010656
158.3663104029988
-83.60257996863027
2.531308496145357e-14
-1.8735013540549517e-15
-2.7755575615628914e-17
2.3314683517128287e-15
8.881784197001252e-16
-1.249000902703301e-16
1.1102230246251565e-15
-1.3322676295501878e-15
0.0
-4.282587062499545
-17.932276165658834
-6.164931499436392
0.646453944442996
0.789193464635332
-0.9866867313183683
-6.893133103811763
-3.771283280819553
-1.5006527421415465
-7.216449660063518e-15
-2.886579864025407e-15
0.0
-4.996003610813204e-16
-1.1102230246251565e-16
-2.220446049250313e-16
-1.7763568394002505e-15
2.6645352591003757e-15
6.661338147750939e-16
7.466647819400919
-8.123173811425659
7.760876456685764
10.543872706915806
6.397117013653201
0.3096691851021127
-2.825283529386894
-1.5497751643860624
-0.15689517207594506
2.1649348980190553e-14
4.6629367034256575e-15
-1.6653345369377348e-16
-1.3322676295501878e-15
0.0
5.551115123125783e-16
1.3322676295501878e-15
-1.7763568394002505e-15
-4.440892098500626e-16
66.39764832734136
-104.77942542910216
61.6210257341055
-23.680091886073342
-12.565464650822832
-5.99223616151545
85.53271297720357
52.20635515984338
7.737480529860527
-1.3100631690576847e-14
-6.245004513516506e-16
5.551115123125783e-17
2.220446049250313e-16
-2.4424906541753444e-15
-6.938893903907228e-17
-8.881784197001252e-16
-8.881784197001252e-16
4.440892098500626e-16
-8.561683468043043
4.202563143894508
-11.044564635727511
7.825461042995188
5.192895043395396
-0.23848104354852584
-19.019360732343443
-11.41070177999788
-2.371908531692732
-3.552713678800501e-14
-2.275957200481571e-15
-5.551115123125783e-17
-1.3322676295501878e-15
-1.6375789613221059e-15
5.551115123125783e-17
-1.1102230246251565e-16
1.5543122344752192e-15
-2.220446049250313e-16
-72.85988485584312
70.12851078698782
-90.40410829068372
10.918786831512392
7.502627738071759
-0.3928931268248851
-101.3751156827317
-61.17597800801626
-12.694625948028653
2.220446049250313e-14
-8.049116928532385e-16
-1.5265566588595902e-16
3.1086244689504383e-15
3.3306690738754696e-16
2.2898349882893854e-16
-1.6653345369377348e-16
-8.881784197001252e-16
-2.220446049250313e-15
-162.75488013356505
67.02004044243614
-175.98404134007316
7.240456678192235
5.219165278742196
-0.10421400772335465
-183.2645099398471
-108.92081760902951
-36.07179184294168
5.773159728050814e-15
-5.551115123125783e-16
5.551115123125783e-17
-6.661338147750939e-16
5.10702591327572e-15
2.220446049250313e-16
3.885780586188048e-16
1.1102230246251565e-16
1.7763568394002505e-15
-352.38710843074216
340.7453423826977
-320.51029450264116
-91.19820350549905
-62.416224800418945
2.688601231865018
-229.29366296853337
-139.58462935948347
-28.911034365115455
-1.3766765505351941e-14
-2.0539125955565396e-15
1.1796119636642288e-16
-1.3877787807814457e-15
-4.440892098500626e-15
-4.440892098500626e-16
-4.440892098500626e-16
-2.220446049250313e-15
-8.881784197001252e-16
-50.43499731716423
-438.88654847828855
67.41140747347768
111.54205103440442
66.5750858228762
14.935890897382953
-43.61377929837916
-3.057521254750114
-52.10527277238803
3.552713678800501e-15
4.135580766728708e-15
8.326672684688674e-17
-1.1102230246251565e-15
4.440892098500626e-15
2.220446049250313e-16
2.220446049250313e-16
8.881784197001252e-16
4.440892098500626e-16
207.33949063694016
-266.4323645699271
226.7670340846455
-30.85370850939069
-16.27148090115753
-7.585865186080127
257.65673155531965
155.780837241671
26.77796436689559
1.2434497875801753e-14
-8.881784197001252e-16
1.942890293094024e-16
3.552713678800501e-15
-7.105427357601002e-15
1.942890293094024e-16
2.220446049250313e-16
8.881784197001252e-16
-4.440892098500626e-16
-205.0503666722109
131.5026096618257
-217.35790559934557
-36.838868499676835
-18.552655639400655
-9.239778221738064
-180.59724894061287
-115.26849423615465
-25.77683411045002
1.7319479184152442e-14
1.3600232051658168e-15
-5.551115123125783e-17
-1.7763568394002505e-15
4.052314039881821e-15
-1.6653345369377348e-16
-6.661338147750939e-16
-1.8318679906315083e-15
2.220446049250313e-16
-665.8126149048823
616.484228471555
-685.8083052488853
-23.023275944906004
-11.700931397979957
-6.005333819892023
-662.7775719217508
-412.4054296603016
-70.16514971607259
2.398081733190338e-14
-2.248201624865942e-15
0.0
-4.440892098500626e-16
-2.220446049250313e-15
1.1102230246251565e-16
6.661338147750939e-16
1.4432899320127035e-15
-4.440892098500626e-16
-793.1906598424868
765.8790380162532
-785.6538866859237
-9.598800477291533
-4.244051942862448
-3.1629104206421133
-776.0674579024675
-480.42153678908005
-65.88073090617678
-1.9095836023552692e-14
-1.3877787807814457e-17
-5.551115123125783e-17
4.440892098500626e-16
-1.915134717478395e-15
-6.418476861114186e-17
-8.881784197001252e-16
2.2343238370581275e-15
8.881784197001252e-16
-665.9078127636919
651.2540039443646
-630.2698775393467
-4.4691193036579335
-1.6658480146420267
-1.931830408564764
-625.798655019771
-386.04177642182583
-39.54616186841575
-4.374278717023117e-14
1.9012569296705806e-15
8.326672684688674e-17
8.881784197001252e-16
1.887379141862766e-15
-1.1102230246251565e-16
6.661338147750939e-16
-3.8719027983802334e-15
0.0
-449.5943171026271
442.4732995512004
-404.7113125394658
-1.0276072633177975
0.07627798839261235
-1.1013029284737996
-403.68405103723023
-248.07531475967997
-15.875363517490774
3.6415315207705135e-14
5.620504062164855e-16
2.7755575615628914e-17
-1.3322676295501878e-15
1.9984014443252818e-15
2.220446049250313e-16
-4.440892098500626e-16
3.219646771412954e-15
-4.440892098500626e-16
-242.55696846875372
238.91799329370843
-206.52276836533562
1.172917437679608
1.1858063218070392
-0.5550219028198455
-207.70582616040429
-126.89297145290149
-2.8271942103547927
-2.842170943040401e-14
-2.9173712057239953e-15
0.0
2.220446049250313e-16
-2.0539125955565396e-15
-1.1102230246251565e-16
-2.220446049250313e-16
-5.88418203051333e-15
6.661338147750939e-16
-76.99330562222755
74.52723548249207
-61.651696253231336
1.6830896960781043
1.3573579299578284
-0.23077573068598412
-63.34340669762909
-38.481683434301466
0.6742705524988595
2.4424906541753444e-14
2.6575963651964685e-15
5.551115123125783e-17
0.0
4.829470157119431e-15
0.0
2.220446049250313e-16
5.329070518200751e-15
0.0
-0.1697098398255612
-2.245050936591774
0.4336971759170236
1.588254113327515
1.2386615004894637
-0.12350461195401152
-1.1534743044467426
-0.679344732312865
0.04462230609720674
2.1094237467877974e-14
1.4779844015322396e-15
2.7755575615628914e-17
-4.440892098500626e-16
-3.6914915568786455e-15
0.0
-2.220446049250313e-16
-2.6645352591003757e-15
-1.6653345369377348e-16
1.3159332713541758
-3.9058882675089066
1.4340123378149832
1.3360832636031295
1.0782158582805152
-0.13719552827912196
0.1046914761547093
0.08658529520386082
-0.014571847942438043
-4.440892098500626e-16
-5.898059818321144e-16
-1.5265566588595902e-16
1.5543122344752192e-15
8.465450562766819e-16
2.220446049250313e-16
0.0
2.220446049250313e-16
-7.077671781985373e-16
0.35530536806064106
-3.883198222786437
0.7140535266648893
0.7623650389429439
0.7871579573308622
-0.26166582295856955
-0.037777750352237405
-0.0043262591948600715
0.004714691333667975
-1.2212453270876722e-14
-3.95516952522712e-15
1.1102230246251565e-16
-2.220446049250313e-16
-2.1371793224034263e-15
-2.220446049250313e-16
-2.220446049250313e-16
-8.881784197001252e-16
6.800116025829084e-16
-1.0370245132015015
-4.771280202060282
-0.3486277429212379
-0.5663524866538623
0.11106028100313735
-0.497776390774888
0.23018797556134987
0.16966932227706266
0.04010057057048133
-7.327471962526033e-15
4.468647674116255e-15
1.3877787807814457e-17
-2.220446049250313e-16
4.9960036108132044e-15
4.440892098500626e-16
-8.881784197001252e-16
8.881784197001252e-16
-7.771561172376096e-16
-10.23351466814234
-12.54323198182057
-8.240499908773327
-14.69068823653319
-7.783478489221821
-3.3054543890822643
6.448402082612489
4.40726374439447
1.166443552172062
1.7763568394002505e-15
-8.049116928532385e-16
1.1102230246251565e-16
1.6653345369377348e-16
-4.163336342344337e-15
5.551115123125783e-17
2.220446049250313e-15
2.220446049250313e-15
-2.2898349882893854e-16
15.643535651124239
-10.444086574907804
13.99242869286144
3.3429386704868302
2.2085334728296004
0.5817643015787652
10.575737865896158
6.664490691926357
1.6001124196662886
-9.103828801926284e-15
-2.3592239273284576e-15
-2.7755575615628914e-16
-1.3877787807814457e-16
2.0539125955565396e-15
-6.106226635438361e-16
-1.3322676295501878e-15
3.885780586188048e-16
8.881784197001252e-16
4.585633214907816
-10.297384064175581
4.398644102720013
2.64587829922813
1.7423326824381888
0.4655927793455917
1.7317295853209913
1.6454598573743757
0.5820976303489136
-1.021405182655144e-14
3.854555563620465e-15
3.0531133177191805e-16
1.3183898417423734e-16
1.124100812432971e-15
4.996003610813204e-16
2.220446049250313e-16
-4.440892098500626e-16
5.689893001203927e-16
2.004133710284492
-10.33726162044934
2.3188303464386983
3.247134946414633
2.1368918591782347
0.3964264122990286
-0.925001354969993
0.11599661722350874
0.2623143237511938
4.6629367034256575e-15
-1.8457457784393227e-15
-1.249000902703301e-16
-3.469446951953614e-17
1.942890293094024e-16
-3.434752482434078e-16
-1.1102230246251565e-16
-2.220446049250313e-16
-3.885780586188048e-16
-3.545617030074439
-9.927729141420913
-2.176508263093572
3.2362642351849336
2.129708875721718
0.3939235066185809
-5.4074828277834115
-2.4311915817293226
-0.2496777833959811
1.7319479184152442e-14
-8.604228440844963e-16
6.591949208711867e-17
-7.632783294297951e-17
-2.248201624865942e-15
4.440892098500626e-16
-4.996003610813204e-16
0.0
0.0
-4.015186109530543
-12.113483420013097
-4.179379831514723
2.942873910460605
1.9394560495172755
0.3650700350509837
-7.125551489015265
-3.943955622885142
-2.013942138497498
-1.6653345369377348e-14
2.8449465006019636e-15
-1.1622647289044608e-16
-7.28583859910259e-17
1.1102230246251565e-16
-6.661338147750939e-16
-1.3877787807814457e-16
4.440892098500626e-16
2.7755575615628914e-16
-1.020666837437055
-9.378464880593668
-1.2760550653730365
2.520683521307518
1.6648963238235126
0.32116976883715154
-3.799129393240804
-2.0339656445348027
-1.3330477221402077
1.3322676295501878e-15
-4.440892098500626e-16
-5.724587470723463e-17
1.3877787807814457e-16
6.661338147750939e-16
2.0816681711721685e-17
7.216449660063518e-16
2.220446049250313e-16
-5.134781488891349e-16
-0.17343312216895157
-7.972456246709463
-0.44926994659017083
1.9554795680490997
1.2908522799459448
0.24662653456706352
-2.405610772604973
-1.2144067834036818
-1.054762761346737
8.659739592076221e-15
9.298117831235686e-16
-4.163336342344337e-17
-8.326672684688674e-17
-1.6653345369377348e-15
7.771561172376096e-16
3.3306690738754696e-16
-1.9984014443252818e-15
1.942890293094024e-16
0.08090075235935501
-6.9975243789428205
-0.2385221360777514
1.1638316642819433
0.766456603068459
0.14167951973572546
-1.4024507021322137
-0.6102831475698096
-0.8952506980486348
-2.1538326677728037e-14
-2.9559688030644793e-15
2.5673907444456745e-16
2.220446049250313e-16
1.3322676295501878e-15
-9.43689570931383e-16
-3.3306690738754696e-16
1.5543122344752192e-15
-5.551115123125783e-16
0.3686731201164726
-6.472876442130676
0.04445953477232889
0.666692070318728
0.4384131784880445
0.07876645491820344
-0.6219416266872457
-0.1322280722171092
-0.7735801640812952
1.3988810110276972e-14
-1.096345236817342e-15
-2.3592239273284576e-16
1.3877787807814457e-16
-1.9984014443252818e-15
4.440892098500626e-16
-4.440892098500626e-16
-8.881784197001252e-16
2.220446049250313e-16
0.4472355717600074
-6.0714149746679595
0.17336674959225995
0.28213572911903384
0.18498851989379617
0.03789266693869964
-0.10827423674667003
0.19095380195062714
-0.6829600794357518
5.10702591327572e-15
4.371503159461554e-15
1.5959455978986625e-16
2.7755575615628914e-17
2.525757381022231e-15
-2.220446049250313e-16
9.992007221626409e-16
-1.1102230246251565e-15
1.1102230246251565e-16
0.5406513439186895
-5.915716343589139
0.3492437330445566
0.12788109835297767
0.08351643341858583
0.020562302940071216
0.22199477033067794
0.4069026895327301
-0.6171075714546177
2.708944180085382e-14
-3.2959746043559335e-15
-1.1796119636642288e-16
-3.3306690738754696e-16
-2.0261570199409107e-15
0.0
-7.771561172376096e-16
1.887379141862766e-15
5.551115123125783e-16
0.6015390257485966
-5.924982572382191
0.5113271024422552
0.08352615159104104
0.05449213349135551
0.015700119105625854
0.4285160427198669
0.5520216056264111
-0.5747783800424102
-1.7985612998927536e-14
5.585809592645319e-16
3.469446951953614e-17
-1.6653345369377348e-16
-3.3306690738754696e-15
-2.220446049250313e-16
-1.1102230246251565e-16
-4.9960036108132044e-15
-3.3306690738754696e-16
0.6057809192466639
-6.095642051455832
0.6329815228029743
0.09520999113063411
0.06237011274813753
0.013774764325433342
0.5385264191824852
0.6455018621278406
-0.5577864590880139
-3.019806626980426e-14
2.7547408798511697e-15
-6.938893903907228e-18
4.996003610813204e-16
3.524958103184872e-15
5.551115123125783e-17
-1.1102230246251565e-16
4.218847493575595e-15
2.220446049250313e-16
0.7354800218133234
-6.469539333347388
0.8743264607499777
0.14390905793089104
0.09455531918557725
0.01590471427923079
0.7312698462829843
0.7945226162773391
-0.5386028888575609
2.0650148258027912e-14
-4.0245584642661925e-16
-2.0816681711721685e-17
-2.220446049250313e-16
-7.216449660063518e-16
-1.1102230246251565e-16
2.220446049250313e-16
-1.6930901125533637e-15
-2.220446049250313e-16
1.1332576478528935
-7.015269833916534
1.359261175894808
0.1770105484008866
0.11619153495659162
0.018869624140061436
1.183465874405151
1.1022106587615355
-0.4790713199783881
-1.1102230246251565e-15
-3.3861802251067274e-15
-9.020562075079397e-17
1.1102230246251565e-16
1.2212453270876722e-15
4.163336342344337e-17
-1.1102230246251565e-16
2.7755575615628914e-17
0.0
1.4119036712375532
-7.709839597949184
1.7746556021548512
0.32290211200017893
0.21192247364466965
0.02778739745492409
1.4531679723967699
1.3105099657003514
-0.43253012360075616
-1.709743457922741e-14
3.0808688933348094e-15
1.1102230246251565e-16
0.0
-1.3322676295501878e-15
-9.8879238130678e-17
-2.7755575615628914e-16
3.885780586188048e-15
-4.440892098500626e-16
-7.375772441636343
-8.026813916978284
-5.595682771136609
0.5439963371460408
0.35739556798699823
0.03792159412975593
-6.140445443456031
-2.9739254779719886
-1.7914374527651233
-4.884981308350689e-15
-1.1518563880486e-15
-1.1102230246251565e-16
8.326672684688674e-17
2.831068712794149e-15
1.1102230246251565e-16
4.440892098500626e-16
-5.88418203051333e-15
4.440892098500626e-16
0.5451332006597198
-0.6523942416681621
0.5149197811399233
0.24498646384328993
0.16167565361056546
0.021347626754633975
0.27012064075518083
0.1788344963807873
0.014994922997987992
2.398081733190338e-14
2.6922908347160046e-15
1.1102230246251565e-16
9.992007221626409e-16
2.3314683517128287e-15
0.0
-4.440892098500626e-16
4.3298697960381105e-15
-8.881784197001252e-16
0.15159936674915286
-0.16733075541310427
0.14568634654077073
0.3246540587488198
0.2139051833267871
0.02225539144827504
-0.17892967952748506
-0.11802790637022298
-0.008847374913072414
1.9761969838327786e-14
-4.884981308350689e-15
-2.0816681711721685e-16
-6.661338147750939e-16
-1.9984014443252818e-15
1.3877787807814457e-17
4.440892098500626e-16
1.5543122344752192e-15
0.0
2.1487518952101823
-0.21500783411906355
1.8978432650825285
1.7409552201633505
1.0264347064723651
0.25236003891540904
0.1552574956808357
0.09947727886119863
0.002384430046237007
-2.5979218776228663e-14
4.468647674116255e-15
2.3592239273284576e-16
3.0531133177191805e-16
-2.220446049250313e-16
0.0
0.0
3.3306690738754696e-16
4.440892098500626e-16
-0.36809036011869267
-2.332879300696277
-0.24691541510078707
0.1576273185033017
0.10279745905833693
0.007719503219519197
-0.404648548258308
-0.10681068770684021
-0.2909376925047553
-1.0658141036401503e-14
2.220446049250313e-15
-2.42861286636753e-17
-1.3322676295501878e-15
-8.049116928532385e-16
-5.551115123125783e-17
-3.3306690738754696e-16
0.0
0.0
-0.5707473847275537
-2.063075872479317
-0.39231268026226473
0.12180698027469816
0.07992722005296571
0.06600507961478641
-0.5142194732118242
-0.17668658717009578
-0.27759289351735106
8.215650382226158e-15
-4.6629367034256575e-15
-5.898059818321144e-17
-1.1102230246251565e-16
-4.884981308350689e-15
1.1102230246251565e-16
1.1102230246251565e-16
-4.7704895589362195e-15
-4.440892098500626e-16
-0.23124762518514785
-2.1718594625893957
-0.05908713693211354
0.12645263451406663
0.08358322098770543
-0.06447920222843351
-0.18562073273693613
0.024786574296783215
-0.21829140192565433
1.865174681370263e-14
-2.55351295663786e-15
-8.326672684688674e-17
0.0
4.884981308350689e-15
0.0
-1.1102230246251565e-16
-2.220446049250313e-16
0.0
-1.003819169320309
-2.1261318947437644
-0.654909655158491
-0.09241408911796611
-0.05945902493101585
-0.06950682359736149
-0.5627110545717073
-0.1632493215431623
-0.2888072283606391
1.5543122344752192e-15
2.5118795932144167e-15
9.71445146547012e-17
6.661338147750939e-16
-4.440892098500626e-15
0.0
1.6653345369377348e-16
-6.661338147750939e-16
0.0
1.1555308033116916
-1.1436517386687228
1.1133016132697975
-0.04119781031776881
-0.02631237998133429
-0.09911490252666154
1.1545409539452294
0.7497722925050567
0.11552000414212316
-2.7533531010703882e-14
1.4988010832439613e-15
6.245004513516506e-17
3.3306690738754696e-16
6.661338147750939e-16
3.3306690738754696e-16
-3.0531133177191805e-16
1.9984014443252818e-15
-4.440892098500626e-16
0.549867659735483
-0.5735234243954324
0.4954069240769883
0.07420169025292722
0.051482854471481154
0.010969551756804918
0.4210823284706464
0.27391842927660903
0.0401357015793935
1.021405182655144e-14
-1.582067810090848e-15
-1.1102230246251565e-16
-1.1102230246251565e-16
-1.582067810090848e-15
-2.220446049250313e-16
-1.1102230246251565e-16
4.3298697960381105e-15
0.0
0.9595720650889348
-1.3045352023152361
0.7091723870582598
0.939859239688971
0.6193495006123442
0.20798689703263884
-0.23049899908312452
-0.12846485699007992
-0.044346825715207386
-3.197442310920451e-14
-5.273559366969494e-16
1.734723475976807e-17
-9.992007221626409e-16
2.3314683517128287e-15
0.0
0.0
-4.9682480351975755e-15
0.0
-0.522721612255296
-0.9604345572712418
-0.48012488717208157
-0.5505779304622536
-0.2646336608503361
-0.2635237334372107
0.07080925587496267
0.042714193869230144
0.010398145971974415
5.129230373768223e-14
2.588207426157396e-15
-3.469446951953614e-17
0.0
3.1086244689504383e-15
1.1102230246251565e-16
2.220446049250313e-16
1.7763568394002505e-15
2.220446049250313e-16
0.7372177872391195
-1.1195853355484928
0.6288319335345349
0.23685982640857614
0.1828037912106577
-0.1348212700639806
0.39209294987573173
0.25388352645732226
0.03103693469214086
-2.19824158875781e-14
1.6167622796103842e-15
-6.884683795282953e-18
2.220446049250313e-16
1.3322676295501878e-15
-2.220446049250313e-16
-2.220446049250313e-16
1.4432899320127035e-15
0.0
0.910351514501162
-0.9280708625599763
0.7628652180833996
0.40203109467996967
0.2683987925204221
0.1057762624906502
0.3607973399482489
0.23398945681385896
0.024618011532780315
2.6645352591003757e-14
-1.7139067942650854e-15
5.551115123125783e-17
-1.1102230246251565e-16
6.661338147750939e-16
1.6653345369377348e-16
4.440892098500626e-16
6.661338147750939e-16
0.0
0.44529747129990943
-1.0418986549582492
0.3667657486088203
-0.012704610636831147
0.03482214911069548
-0.10388694186102043
0.37929428229986684
0.24544872269206053
0.020453537293561475
-3.441691376337985e-14
-1.1275702593849246e-15
1.1102230246251565e-16
-1.3322676295501878e-15
-2.220446049250313e-15
0.0
-8.881784197001252e-16
-2.220446049250313e-15
-1.1102230246251565e-16
-0.47391740805602106
-0.7078889328078617
-0.40791113713605937
-0.6485605396016467
-0.3435559218006432
0.00015762660426332786
0.2407694775117761
0.15371948044224837
0.0068329563262317095
1.3988810110276972e-14
-2.789435349370706e-15
1.5265566588595902e-16
4.440892098500626e-16
-1.5543122344752192e-15
0.0
3.885780586188048e-16
-3.552713678800501e-15
1.1102230246251565e-16
-3.8846281928097706
1.8168517841985479
-3.3469597617070117
-3.501037651336645
-2.1537343806381237
-0.2157603263592254
0.15442487866911847
0.09764027142841769
0.0005833544118942768
-3.086420008457935e-14
1.7486012637846216e-15
-3.0704605524789486e-16
1.734723475976807e-15
2.7755575615628914e-16
-1.1102230246251565e-16
-6.661338147750939e-16
1.6653345369377348e-15
-2.220446049250313e-16
-1.4194529834196707
0.6535036327256307
-1.2252239339697297
-0.7784577736557594
-0.5085093225398651
0.02745243846642964
-0.4468263063787248
-0.24293181020172483
-0.09835122435603694
5.062616992290714e-14
-6.800116025829084e-16
6.440160904563896e-17
5.551115123125783e-17
-8.881784197001252e-16
-5.551115123125783e-17
1.1102230246251565e-16
1.6653345369377348e-15
0.0
-0.3155359114205254
-0.20233270338684406
-0.26485834572238787
-0.03873463289747292
-0.024549850928444528
-0.056958764281450414
-0.22615390009370628
-0.11460481612708762
-0.06333789743904106
-7.993605777301127e-15
3.0531133177191805e-16
0.0
-1.9984014443252818e-15
3.9968028886505635e-15
3.3306690738754696e-16
3.3306690738754696e-16
5.551115123125783e-15
0.0
-0.08162103413688726
-0.31245451388736
-0.06131944754849883
-0.0015247859989386825
-0.00032353634325943403
-0.08617199608299142
-0.059745861824296746
-0.013775395369294507
-0.03912550463940079
-3.574918139293004e-14
-5.412337245047638e-16
2.498001805406602e-16
4.440892098500626e-16
0.0
-5.551115123125783e-17
7.771561172376096e-16
-3.552713678800501e-15
4.440892098500626e-16
-0.013338090395279778
-0.40798220723070244
0.011687699293503329
-0.003675771968545405
-0.0022797484346810393
0.048810991848569074
0.0154341158412592
0.03976361259680772
-0.031996781543398356
1.509903313490213e-14
4.322930902134203e-15
-1.6653345369377348e-16
6.106226635438361e-16
-4.440892098500626e-15
-9.71445146547012e-17
-2.3592239273284576e-16
-2.4424906541753444e-15
2.220446049250313e-16
0.22016912910726205
-0.21718308680760856
0.2025172390021197
-0.003912217331048851
-0.002288989058833124
0.009950422847564866
0.20644272425778354
0.13587449822550468
0.01850232880615721
1.709743457922741e-14
-3.3306690738754696e-15
1.3877787807814457e-17
-7.216449660063518e-16
-4.440892098500626e-16
0.0
-2.7755575615628914e-16
1.1102230246251565e-16
-4.440892098500626e-16
0.5108841436405385
-0.5484668811394044
0.39964301218918763
0.31674626932538885
0.20492008719330101
0.05109197205769167
0.0829385423606297
0.05464642591887703
0.007359478226288019
-2.4646951146678475e-14
7.632783294297951e-16
3.469446951953614e-17
8.881784197001252e-16
1.6653345369377348e-15
1.1102230246251565e-16
3.3306690738754696e-16
-9.159339953157541e-16
0.0
-0.19587079748168534
-0.48402557304780197
-0.16925927359292103
-0.330439098180733
-0.17410898274468423
-0.20355216584891878
0.16090871779778126
0.10587976546648292
0.012670501586073966
-1.3322676295501878e-15
-1.0685896612017132e-15
-2.38524477946811e-16
1.1102230246251565e-16
2.220446049250313e-16
0.0
-4.440892098500626e-16
4.440892098500626e-16
-1.1102230246251565e-16
0.023695008833328757
-0.3321352033089511
0.025043258125261758
-0.08644301497095341
-0.03742648078723221
-0.13547042198466386
0.11117413753829908
0.07305541202894972
0.008033586029606354
2.6201263381153694e-14
1.970645868709653e-15
2.8796409701215e-16
-1.4432899320127035e-15
2.220446049250313e-16
-1.1102230246251565e-16
4.440892098500626e-16
4.551914400963142e-15
-1.1102230246251565e-16
0.06673991684299274
-0.19637461469332607
0.05851807216374638
0.010508463482807429
0.01490848232180575
-0.11594536962401492
0.04793164042331455
0.031518570828687587
0.0032147369302188977
4.440892098500626e-16
-1.3183898417423734e-16
-1.8388068845354155e-16
9.992007221626409e-16
1.9984014443252818e-15
0.0
7.771561172376096e-16
-6.217248937900877e-15
5.551115123125783e-17
0.03715552307981085
-0.12065233053429125
0.032265389668570066
0.015511376961342194
0.01590172472848428
-0.09580977673635971
0.0168775489389148
0.011151457231822093
0.0011290289031604672
-2.1760371282653068e-14
-1.734723475976807e-15
-2.7755575615628914e-17
-4.440892098500626e-16
-2.55351295663786e-15
0.0
-9.992007221626409e-16
3.774758283725532e-15
-1.1102230246251565e-16
0.019713700721602834
-0.10720441502203926
0.01820016032978522
-0.001789397514450286
0.005275366126828995
-0.12182616311084615
0.020214718917735297
0.01334975484359191
0.0010301073304712638
6.217248937900877e-15
3.093011957666647e-15
-3.2959746043559335e-17
8.881784197001252e-16
-3.3306690738754696e-16
2.220446049250313e-16
3.3306690738754696e-16
-4.218847493575595e-15
0.0
-0.013495974007110332
-0.09673886446626057
-0.008591750470170467
-0.020589164656840353
-0.005395898374612518
-0.13950922657920017
0.012258955215514789
0.008071446943759497
9.222762508498406e-05
1.0658141036401503e-14
1.8041124150158794e-16
2.7755575615628914e-17
-3.3306690738754696e-16
4.6629367034256575e-15
-4.440892098500626e-16
0.0
5.995204332975845e-15
1.1102230246251565e-16
-0.2783107517729917
-0.0944491661212652
-0.2343594849249584
-0.24611782861052237
-0.13485585829927516
-0.11835631841278627
0.011939072945949647
0.007921847085100353
-0.0006497476164688543
-1.709743457922741e-14
-6.522560269672795e-15
2.2898349882893854e-16
2.220446049250313e-16
-1.2073675392798577e-15
2.220446049250313e-16
-8.881784197001252e-16
-5.551115123125783e-15
0.0
0.02734522093106229
0.06274422334060148
0.03611895409481747
0.09809326181148137
0.05858306239959177
-0.06450744778842221
-0.06215914271647005
-0.040178638052747684
-0.0010230746187193107
1.199040866595169e-14
6.716849298982197e-15
-2.7755575615628914e-16
-4.440892098500626e-16
-5.995204332975845e-15
5.551115123125783e-17
1.9984014443252818e-15
4.6629367034256575e-15
0.0
-1.140230350252935
-0.08254313361618415
-0.9858124506361747
-1.0535096400617334
-0.5972757062629341
-0.007517691450626529
0.06783696426387209
0.0438386224963665
-0.002090401820920018
-7.105427357601002e-15
-2.8171909249863347e-15
3.0531133177191805e-16
1.5959455978986625e-16
6.661338147750939e-15
-4.440892098500626e-16
-9.992007221626409e-16
6.661338147750939e-16
0.0
0.2015959947673025
-0.13230414881581964
0.15156265230561417
-0.014863057953419911
-0.009470080146350313
0.14389709984844146
0.16631008349575893
0.10375211090493508
0.008591752369667915
-1.709743457922741e-14
6.869504964868156e-16
-1.8041124150158794e-16
-1.1102230246251565e-16
-3.2751579226442118e-15
4.996003610813204e-16
0.0
-3.774758283725532e-15
-5.551115123125783e-17
0.1221229654366951
-0.08193715665649393
0.09484729850741758
-0.005164930866399686
-0.003267724921514059
0.10331252302245808
0.09991392364374717
0.06252206813223182
0.006094441710288834
2.5979218776228663e-14
-9.43689570931383e-16
-1.474514954580286e-16
-4.440892098500626e-16
3.497202527569243e-15
1.942890293094024e-16
-2.220446049250313e-16
1.7763568394002505e-15
0.0
0.07104273561522234
-0.05230236243138364
0.05608414866989975
-0.004688101345870166
-0.0029491561321215443
0.055733588021057656
0.06069812537095843
0.03828606717020833
0.003631441827508297
-4.440892098500626e-15
2.9559688030644793e-15
1.95590071916385e-16
3.3306690738754696e-16
-2.4980018054066022e-15
-1.1102230246251565e-16
7.771561172376096e-16
3.552713678800501e-15
0.0
0.04905384548067815
-0.033927453606906965
0.03900273830974044
-0.00957107404486468
-0.006161538858211246
-0.0007637577724529665
0.04853613954796643
0.030525636058886363
0.003471636178232984
2.864375403532904e-14
-1.0755285551056204e-15
-9.669728125855093e-17
-1.1102230246251565e-16
-3.2751579226442118e-15
2.220446049250313e-16
4.440892098500626e-16
-1.887379141862766e-15
0.0
0.0037183752989058405
0.011243248370064407
-0.003279394425331539
-0.04938984309326422
-0.03264718784621623
-0.005784351234756513
0.046105014093194896
0.02896103052878018
0.003742221750997032
-6.661338147750939e-15
-2.0799334476961917e-15
1.8127860323957634e-16
1.1102230246251565e-16
1.5681900222830336e-15
-3.885780586188048e-16
-1.3322676295501878e-15
-4.440892098500626e-15
0.0
-0.059914947449024154
0.06499835371738527
-0.06282095369259899
-0.10476227467158417
-0.06947008501132856
-0.011626745397998572
0.04196858455705765
0.027019979541488933
0.002935287110503282
-1.2434497875801753e-14
3.774758283725532e-15
-2.211772431870429e-16
-5.551115123125783e-17
-9.71445146547012e-16
3.3306690738754696e-16
7.771561172376096e-16
1.7208456881689926e-15
2.220446049250313e-16
-0.05060033008159692
0.02509956861516116
-0.04884155805902424
-0.07642791160223084
-0.05060296456802682
-0.0075360395665153845
0.02766713037353341
0.019876332952303954
-0.0001275583771160882
-1.9984014443252818e-14
-2.886579864025407e-15
1.3877787807814457e-17
2.220446049250313e-16
3.219646771412954e-15
0.0
-8.881784197001252e-16
2.3037127760972e-15
-8.881784197001252e-16
0.005002685840480581
-0.11609166908729662
0.012237955676226875
0.03128568311196034
0.021233222486436887
0.0037256241336116602
-0.018881464842806395
-0.004842828505008612
-0.010127004573689646
-9.992007221626409e-15
-2.6922908347160046e-15
2.498001805406602e-16
0.0
3.1086244689504383e-15
-2.220446049250313e-16
3.3306690738754696e-16
2.3869795029440866e-15
0.0
0.6083533760030946
-1.1634054704093728
0.5504021795112806
0.8608092579459026
0.573092107572279
0.06706317696437836
-0.310085711707643
-0.16858395804788984
-0.0697315048693099
1.709743457922741e-14
4.773959005888173e-15
-1.6653345369377348e-16
-6.661338147750939e-16
-1.7763568394002505e-15
-3.3306690738754696e-16
-2.7755575615628914e-16
-8.659739592076221e-15
0.0
0.5709625662955204
-0.5803913823150992
0.5071526718550956
0.4430035077820662
0.29405608065092537
0.03357842577416026
0.06401989130620223
0.04197476824970181
0.005350907425201612
1.354472090042691e-14
-1.2628786905111156e-15
-1.7694179454963432e-16
7.216449660063518e-16
-5.273559366969494e-16
1.1102230246251565e-16
6.106226635438361e-16
5.766220834146907e-15
-4.440892098500626e-16
0.6220817156158063
-0.6283086704068523
0.5486185589324037
0.5528976400996584
0.36539613926892756
0.047899628740334155
-0.004389497563327183
-0.0025151550774289433
-0.0005546738900927828
-1.354472090042691e-14
3.3306690738754696e-16
2.3592239273284576e-16
3.3306690738754696e-16
-8.881784197001252e-16
-2.220446049250313e-16
-2.498001805406602e-16
1.970645868709653e-15
0.0
3.3961345637966645
-2.018959408715034
2.9818210989158445
3.0122677261942132
1.8861682317825554
0.3520139091002932
-0.030660902171068982
-0.018920872011685574
-0.0031415861843322457
-5.773159728050814e-15
-1.6375789613221059e-15
2.636779683484747e-16
-1.5543122344752192e-15
-4.440892098500626e-15
1.1102230246251565e-16
2.7755575615628914e-17
-1.7763568394002505e-15
0.0
-52.885851053886135
0.49649378770325114
-45.17592435355477
-45.308598380891
-26.005765016915973
-8.043021198839348
0.13493235816923743
0.0880984981911297
0.002797135450654409
2.042810365310288e-14
1.1796119636642288e-15
-4.475586568020162e-16
1.1657341758564144e-15
4.385380947269368e-15
5.551115123125783e-17
1.1102230246251565e-16
-3.1363800445660672e-15
0.0
0.18151521983693897
-0.47077568648631996
0.17219115599829848
0.4200838790176249
0.28041729746439614
0.04175104000807295
-0.24775655431108135
-0.14017874482041748
-0.052245597272701616
-2.6867397195928788e-14
-8.326672684688674e-16
1.734723475976807e-17
-1.1102230246251565e-15
-8.881784197001252e-16
5.551115123125783e-17
-2.220446049250313e-16
-2.3314683517128287e-15
0.0
-0.24857398288745003
-0.37649514611132423
-0.20795897231658245
0.23231632386654158
0.1549465144395299
0.01833724711180551
-0.44005046227789535
-0.24519872435530488
-0.09156843804296955
1.532107773982716e-14
3.469446951953614e-16
2.0816681711721685e-16
1.5543122344752192e-15
-2.220446049250313e-15
-1.3877787807814457e-17
0.0
5.995204332975845e-15
0.0
-0.384179287079192
-0.4121978650710503
-0.33000756690610444
0.20999282429733057
0.1401313322646729
0.009911716902719192
-0.5398127428425141
-0.2992037798255751
-0.11243453896864251
1.509903313490213e-14
3.3306690738754696e-16
-2.7755575615628914e-17
6.661338147750939e-16
3.9968028886505635e-15
-2.42861286636753e-17
-1.1102230246251565e-16
-3.219646771412954e-15
-2.220446049250313e-16
-2.880604332383797
-0.11475897428250903
-2.4827320824556125
0.11141415136535215
0.07218877590085526
0.0038394320250931813
-2.5934777487287732
-1.4805934185918446
-0.48119733202378256
-1.9984014443252818e-15
-2.5396351688300456e-15
-1.249000902703301e-16
-1.7763568394002505e-15
-1.9984014443252818e-15
0.0
4.440892098500626e-16
1.9984014443252818e-15
2.220446049250313e-16
-0.8185771492870231
0.42704386210220946
-0.7151283116980665
-0.13836805820842102
-0.09118854867415038
0.0028423381243256607
-0.5765947291263203
-0.3494775487787223
-0.08767665763955979
-2.375877272697835e-14
-4.163336342344337e-16
0.0
1.0269562977782698e-15
-1.1102230246251565e-16
5.551115123125783e-17
0.0
-2.1094237467877974e-15
-1.1102230246251565e-16
0.06366846637826029
0.8453670066276686
-0.13841024982892236
0.2568070434118397
0.16788014658986583
0.000724368982213619
-0.3958176368197073
-0.32266920529471577
0.03160955985884062
1.021405182655144e-14
1.3877787807814457e-17
3.191891195797325e-16
-1.1102230246251565e-16
-6.106226635438361e-16
1.3877787807814457e-17
-1.6653345369377348e-16
-1.3877787807814457e-16
1.1102230246251565e-16
-0.19364968025506357
-0.15668974490753843
-0.19089538396906391
-0.1450971380336341
-0.07063269400422456
-0.06123834983466736
-0.04642425706846609
-0.03266920325967959
0.00043925947304668256
1.5432100042289676e-14
-1.2906342661267445e-15
2.7755575615628914e-17
-2.220446049250313e-16
1.3322676295501878e-15
0.0
-1.249000902703301e-16
-4.1772141301521515e-15
3.3306690738754696e-16
-0.05768274235968107
-0.18645567695045884
-0.05808821163599198
-0.07003440882309775
-0.030936695206184694
-0.033376204571098356
0.01146698976270244
0.0073610678499438364
0.0014290470862992064
-2.6645352591003757e-14
4.945696630009877e-15
-3.469446951953614e-16
-2.220446049250313e-15
5.88418203051333e-15
-2.3314683517128287e-15
2.498001805406602e-16
4.829470157119431e-15
1.6653345369377348e-16
-0.017019680939760917
-0.13082459241535105
-0.022318017710265536
-0.022992757916666662
-0.006186178313090096
0.05945456761503465
0.0005460998085649038
0.00039138949800143763
-8.545369099000055e-06
2.2537527399890678e-14
4.510281037539698e-16
1.3877787807814457e-17
-2.7755575615628914e-16
5.10702591327572e-15
0.0
6.938893903907228e-17
1.5681900222830336e-15
-1.3877787807814457e-16
-0.0007940864181250618
-0.1012506815792591
-0.006750551835349228
-0.0066713732751555455
0.0017626656191431778
-0.06378837729525344
-3.238494749568943e-05
-4.1026813866862355e-05
-2.021054271961198e-05
1.8984813721090177e-14
-5.037636974236648e-15
-1.0408340855860843e-17
5.551115123125783e-17
-6.439293542825908e-15
5.551115123125783e-17
0.0
-6.106226635438361e-16
1.942890293094024e-16
0.01826799669484913
-0.07913804669818347
0.011349959425597689
0.011467745932100648
0.011335263457677769
-0.05842038795733373
1.1262092088459852e-05
2.582519210925227e-06
3.720446807353728e-06
-2.2093438190040615e-14
3.4139358007223564e-15
7.632783294297951e-17
-4.996003610813204e-16
-1.3322676295501878e-15
-1.1102230246251565e-16
-2.0816681711721685e-17
1.5959455978986625e-15
-1.942890293094024e-16
0.0836914121021124
-0.07346258910141756
0.06862961064960604
0.06885142279017509
0.0442721044780825
-0.09486089476581581
-0.00011391621225180504
-6.169457307558801e-05
-4.7402549369357505e-06
-2.3203661214665772e-14
7.216449660063518e-16
1.457167719820518e-16
3.885780586188048e-16
3.219646771412954e-15
-1.1102230246251565e-16
1.1731067506293158e-16
-3.927413949611491e-15
2.7755575615628914e-17
0.16828876927975855
-0.07524795365731407
0.14124306261837782
0.14163499842539792
0.08610386817422722
-0.00201069358930539
-0.00035372339442307776
-0.0001713583716833611
-2.629606513840366e-05
-1.4432899320127035e-14
-1.5057399771478686e-15
0.0
0.0
-7.771561172376096e-16
0.0
-2.0816681711721685e-16
6.765421556309548e-16
-8.326672684688674e-17
0.10656045138308201
-0.04418912154028476
0.08885836736262931
0.08965739439065867
0.054605107715449464
0.21705831485855498
-0.0007212133541403265
-0.0004021843078128584
-6.671186772594373e-05
3.297362383136715e-14
-5.134781488891349e-16
-2.1510571102112408e-16
5.551115123125783e-16
3.2751579226442118e-15
0.0
2.1510571102112408e-16
7.41073868937292e-15
1.249000902703301e-16
-0.03951423827696843
-0.05196998360662519
-0.030300004770637656
-0.028620452283262487
-0.011969141276974682
-0.10661227509323368
-0.0016484192947538998
-0.0010445302094130669
-0.00017089642365741842
8.992806499463768e-15
9.783840404509192e-16
7.632783294297951e-17
-2.7755575615628914e-16
-3.497202527569243e-15
-2.220446049250313e-16
-5.551115123125783e-17
-7.0360384185619296e-15
-1.5265566588595902e-16
0.08434376125964249
-0.047190353437741805
0.075150143588397
0.0772152147127374
0.047938277672152196
-0.1869299738287893
-0.002023371540811336
-0.001317937176024797
-0.0002134382989872896
2.7977620220553945e-14
7.077671781985373e-16
-2.7755575615628914e-17
-3.3306690738754696e-16
-5.551115123125783e-16
0.0
1.3877787807814457e-17
-3.7470027081099033e-16
2.0816681711721685e-17
0.03297811474637058
8.724935014470248e-06
0.028311924875332295
0.02912939295915251
0.01707626540094509
0.15079090129259853
-0.0007689296492463525
-0.0005163664309182359
-8.100722792908632e-05
-4.296563105299356e-14
3.802513859341161e-15
-2.7755575615628914e-17
1.1102230246251565e-16
1.4432899320127035e-15
1.1102230246251565e-16
-1.1102230246251565e-16
1.8457457784393227e-15
6.175615574477433e-16
0.19694947615833058
-0.048976162390211186
0.1672270232981301
0.16801759546846995
0.0991452662400718
-0.07288501768182698
-0.0007456642139977987
-0.0004726402014296749
-6.371030764273922e-05
-3.6637359812630166e-15
-4.454769886308441e-15
0.0
0.0
1.0269562977782698e-15
2.220446049250313e-16
-1.1102230246251565e-16
-4.996003610813204e-16
-8.326672684688674e-17
-0.057912275557125525
-0.05411487690214756
-0.04512581450953235
-0.03436552040247598
-0.014296833788574048
0.12485431710882013
-0.010843705380906952
-0.0068764979691700034
-0.0009895947204956457
4.04121180963557e-14
4.996003610813204e-16
2.7755575615628914e-17
2.220446049250313e-16
1.5265566588595902e-16
0.0
1.6653345369377348e-16
1.4988010832439613e-15
5.551115123125783e-17
-0.46677616418374596
-0.12452452940837588
-0.3764782695735605
-0.43735443462639984
-0.24284993441494152
0.11332428529004801
0.06076020946997574
0.03958231505129106
0.005808256825508451
-2.3314683517128287e-14
1.8041124150158794e-15
-5.551115123125783e-17
-5.551115123125783e-16
-1.27675647831893e-15
-2.220446049250313e-16
-5.551115123125783e-17
1.7763568394002505e-15
2.220446049250313e-16
0.36574471070310466
0.3847601600062802
0.28129622033671353
-1.941811259336852
-1.1216972337676516
-0.15713947656031735
2.2229513855529035
1.2543154600817985
0.42300243800914905
