-6.8833827526759706e-15
-4.107825191113079e-15
0.0
-4.440892098500626e-16
1.3322676295501878e-15
0.0
1.4654943925052066e-14
4.218847493575595e-14
7.105427357601002e-15
-1.2577779386901966e-05
-1.9079464728122275e-05
-1.138739415296186e-05
1.1119443836804521e-05
7.479607942784128e-06
2.259201642651476e-06
-2.2470048834932754e-05
-1.3322015928629583e-05
-5.474196129284792e-06
0.0
1.7763568394002505e-15
0.0
2.220446049250313e-16
-8.881784197001252e-16
0.0
-2.220446049250313e-16
2.220446049250313e-16
2.220446049250313e-16
-3.721910098519743e-05
2.6842997158382786e-08
-2.7535800695588364e-05
3.10886989041137e-07
2.034919912574651e-07
6.442848421439606e-08
-2.783197117572911e-05
-1.654933876782394e-05
-6.564277498455341e-06
0.0
-4.7406523151494184e-14
1.3683498778505054e-14
7.993605777301127e-15
-1.2043317731968983e-14
1.4988010832439613e-15
1.3877787807814457e-14
-1.9984014443252818e-14
4.929390229335695e-14
-2.2094586320520193e-05
-1.077334823662568e-05
-9.802768150102281e-06
6.878978098256994e-08
3.887091537535525e-08
1.2695373863280679e-08
-9.864571218543006e-06
-6.331425853378647e-06
-4.439738404471427e-06
-2.220446049250313e-16
7.949196856316121e-14
1.3877787807814457e-16
-1.1102230246251565e-16
-1.3322676295501878e-15
5.551115123125783e-17
-3.164135620181696e-15
-3.9968028886505635e-15
-1.0791367799356522e-13
-2.4550735162165438e-05
-2.3013140008742994e-05
-8.231917062673233e-06
5.1751938734412306e-08
2.212322414152368e-08
7.645462152261473e-09
-8.275709616256677e-06
-5.13612979080591e-06
-4.453569459883511e-06
4.440892098500626e-16
-1.6930901125533637e-15
-2.498001805406602e-16
-1.6653345369377348e-15
8.881784197001252e-16
0.0
1.6653345369377348e-16
8.881784197001252e-16
1.7763568394002505e-15
-6.484825563290997e-05
-2.5474079080822776e-05
-4.059187763871819e-05
-3.3098480765936245e-05
-1.9181918706756562e-05
-4.0371774179259745e-06
-7.4918234727050495e-06
-4.488118110046457e-06
-3.951358564791008e-06
2.220446049250313e-16
1.7555401576885288e-15
8.326672684688674e-17
2.1094237467877974e-15
-2.6645352591003757e-15
-2.7755575615628914e-17
-4.440892098500626e-16
-1.7763568394002505e-15
0.0
-4.800739915822305e-05
-2.3994212483557927e-05
-2.5572627667003193e-05
-2.188874752562242e-05
-1.2528536919020894e-05
-2.3259804821096353e-06
-3.6834305348065755e-06
-2.0143040941889012e-06
-2.4894158165977842e-06
-4.440892098500626e-16
2.2870594307278225e-13
8.970602038971265e-14
-5.10702591327572e-15
-2.886579864025407e-15
-1.642436187054841e-14
1.3367085216486885e-13
2.8332891588433995e-13
9.681144774731365e-14
-1.9916490998639347e-05
-1.969719210137555e-05
-3.6615683782770247e-06
-2.117845887994463e-06
-1.2346823563547105e-06
-2.8360578990804797e-07
-1.5279882386032284e-06
-3.149540639402204e-07
-1.0405770858312735e-06
4.440892098500626e-16
2.6367796834847468e-15
8.326672684688674e-17
1.1102230246251565e-15
-1.5543122344752192e-15
5.551115123125783e-17
4.440892098500626e-16
-2.6645352591003757e-15
-1.7763568394002505e-15
-8.747273582798698e-06
1.369829305986059e-06
-6.972683072703489e-06
-6.177349499481011e-06
-3.620826970696101e-06
-5.822372486363747e-07
-6.107686996992268e-07
-2.672274064252633e-07
-1.143508309708885e-07
2.220446049250313e-16
7.077671781985373e-16
-8.326672684688674e-17
8.881784197001252e-16
1.1102230246251565e-15
0.0
-4.440892098500626e-16
4.440892098500626e-15
1.7763568394002505e-15
-3.2712958670799708e-06
4.972246756551613e-07
-2.7138318738906264e-06
-2.7684701269237166e-06
-1.572604359623142e-06
-2.916703749633598e-07
3.3408192545714144e-08
-7.014205216648861e-09
4.581027224226375e-10
-1.354472090042691e-14
-1.7040535649215371e-13
8.282263763703668e-14
-3.1308289294429414e-14
-3.602673714908633e-14
1.3988810110276972e-14
-2.0827783941967937e-13
-2.0605739337042905e-13
-5.240252676230739e-14
-2.027319169428665e-06
-3.400908781259204e-07
-1.77847474880366e-06
-1.8751469585964742e-06
-1.0598399171612982e-06
-2.963355854035399e-07
4.1691868440246755e-08
-1.730710552649839e-08
1.3569223522580387e-10
1.7763568394002505e-15
3.1363800445660672e-15
-3.086420008457935e-14
-2.786659791809143e-14
-1.2934098236883074e-14
1.3877787807814457e-17
-8.881784197001252e-16
-6.217248937900877e-15
-6.217248937900877e-15
-9.376858827181422e-07
-2.5370394496349036e-07
-8.000694933230079e-07
-8.797655617343025e-07
-4.972399332281441e-07
-1.6463921781451063e-07
3.381735180774115e-08
-1.6265921054525734e-08
2.318121250510785e-10
-6.217248937900877e-15
-5.551115123125783e-15
5.551115123125783e-17
0.0
2.55351295663786e-15
0.0
-1.3322676295501878e-15
-1.021405182655144e-14
1.4432899320127035e-15
-2.211882446090385e-07
-7.837600435323111e-08
-1.4458082375767844e-07
-1.9920403104833895e-07
-1.1115838099984288e-07
-4.865457015057473e-08
2.5354201405036747e-08
-1.0143161865983075e-08
4.667235486977006e-10
4.440892098500626e-16
6.938893903907228e-15
0.0
1.7763568394002505e-15
-1.1102230246251565e-15
-5.551115123125783e-17
2.220446049250313e-15
1.021405182655144e-14
1.9984014443252818e-15
-4.149427468291833e-09
-3.362760025993339e-08
4.9460872231232855e-08
1.8690890613015654e-08
1.2532936910503167e-08
-7.1254149247579335e-09
1.617192779690413e-08
-4.370933837094526e-09
5.754980936245602e-10
7.771561172376096e-15
-3.039235529911366e-14
2.6106894424060556e-13
-1.0680345496894006e-13
9.736655925962623e-14
2.864375403532904e-14
1.580957587066223e-13
1.4405143744511406e-14
4.218847493575595e-14
-6.011284270357464e-08
-6.176901479193475e-08
-1.6759805987476284e-08
-2.4286293864861364e-08
-1.3980659296919384e-08
-1.4974503415032814e-08
6.637232985440278e-09
-2.1431345587075157e-09
7.006516478114122e-10
-2.220446049250313e-15
-1.1796119636642288e-15
-5.551115123125783e-17
0.0
-2.220446049250313e-16
2.7755575615628914e-16
1.7763568394002505e-15
5.995204332975845e-15
2.220446049250313e-15
-6.273001063039629e-09
-8.682008001414943e-08
3.094201517228612e-08
2.3279465466430338e-08
1.2653671888074314e-08
-1.1261896304404218e-08
7.802777091114876e-09
-4.703872846789636e-10
1.1471772420890147e-09
-3.3306690738754696e-16
3.858025010572419e-15
1.1102230246251565e-16
2.220446049250313e-16
-2.3314683517128287e-15
-1.6653345369377348e-16
-2.220446049250313e-16
-6.661338147750939e-16
-3.552713678800501e-15
-9.426721914174152e-08
-6.78151650390646e-08
-3.980331708675067e-08
-4.973726674961653e-08
-2.9218460539937044e-08
-1.843559260805705e-08
1.0794872551400658e-08
3.162006656509675e-09
1.7507232330515876e-09
-2.55351295663786e-15
5.970224314921779e-14
2.298161660974074e-14
-4.218847493575595e-15
2.9531932455029164e-14
-8.58202398035246e-14
-3.219646771412954e-14
4.884981308350689e-15
-1.687538997430238e-14
-1.917325667122327e-07
-4.155478450229566e-08
-1.2310800290293855e-07
-1.3416755884065878e-07
-7.66739312041409e-08
-2.496464901469153e-08
1.2066966093016163e-08
8.938681794745662e-09
2.0620676277616212e-09
1.1102230246251565e-16
-4.954370247389761e-15
-3.9968028886505635e-14
2.220446049250313e-16
-8.770761894538737e-15
3.3306690738754696e-16
-1.5543122344752192e-15
-9.325873406851315e-15
2.220446049250313e-15
-2.633878342095386e-07
-1.543854466490302e-08
-1.9820247132429358e-07
-1.9177216259436136e-07
-1.0826414786890837e-07
-2.6588381274450512e-08
-5.5552149547111185e-09
6.499927263092785e-09
-8.689071684386819e-10
8.881784197001252e-16
-7.216449660063518e-16
-5.551115123125783e-17
-2.220446049250313e-16
1.8318679906315083e-15
1.1102230246251565e-16
-1.1102230246251565e-15
8.881784197001252e-15
8.881784197001252e-16
-3.594214081914515e-07
8.283700481115375e-08
-3.1140147838115695e-07
-1.999582952549872e-07
-1.1135219679658803e-07
-2.1364378710586607e-08
-1.1082480710911113e-07
-5.975849748374173e-08
-1.4923274394007535e-08
-5.551115123125783e-16
9.992007221626409e-16
1.6653345369377348e-16
2.220446049250313e-16
4.996003610813204e-16
-4.440892098500626e-16
2.55351295663786e-15
1.7763568394002505e-15
0.0
-5.087995660346678e-07
3.467112534849548e-07
-4.2664486432641985e-07
-1.4629316780201407e-07
-7.957544667647198e-08
-9.280711310566403e-09
-2.799232392547424e-07
-1.919723779941762e-07
-2.571933027661899e-08
1.0880185641326534e-14
-2.6867397195928788e-14
3.091971123581061e-14
7.327471962526033e-15
1.36501920877663e-13
-1.602717958348876e-12
-1.3024997747024258e-13
-3.526068326209497e-13
4.098943406916078e-13
-3.057442938825261e-07
3.3757415351942655e-07
-2.284134676955318e-07
-5.260830748810008e-08
-2.5886416565867876e-08
5.3523621090789675e-09
-1.7540563002071965e-07
-1.3192271142159484e-07
-6.115035144915737e-09
-3.9968028886505635e-15
7.105427357601002e-15
-5.551115123125783e-17
-4.440892098500626e-16
8.326672684688674e-16
-2.6645352591003757e-15
-5.218048215738236e-15
1.7763568394002505e-15
0.0
-8.690797415056295e-09
1.5379476536736547e-07
1.4988827956585737e-09
3.575735574301575e-08
2.3914884295095362e-08
1.5847945178393275e-08
-3.402756543202656e-08
-3.2741282574022534e-08
2.64011182360413e-09
-2.6645352591003757e-15
-5.467848396278896e-15
0.0
-2.220446049250313e-16
1.7655148176753954e-15
-3.558264793923627e-14
4.9960036108132044e-15
4.440892098500626e-15
-2.220446049250313e-16
1.4933329595123723e-07
5.603401564968635e-08
1.1675108524400457e-07
1.1280072564900934e-07
6.660408402581197e-08
2.380141950197867e-08
3.713386931281093e-09
-4.053067215181727e-09
1.4275518961381906e-09
-4.440892098500626e-16
5.440092820663267e-15
-3.0531133177191805e-16
4.440892098500626e-16
-2.220446049250313e-16
1.0547118733938987e-15
-1.1102230246251565e-16
-5.329070518200751e-15
-1.1102230246251565e-16
1.846851631626123e-07
1.9159244857291924e-08
1.4054754515768764e-07
1.4805656078920038e-07
8.539311480149081e-08
2.5478072984697064e-08
-7.662515066897413e-09
-9.327200345410347e-09
-3.212716814804395e-09
-6.217248937900877e-15
-4.274358644806853e-15
-1.1102230246251565e-16
-8.881784197001252e-16
1.3322676295501878e-15
-5.828670879282072e-16
-2.1094237467877974e-15
1.3322676295501878e-15
0.0
4.335504399932688e-08
7.534098500627806e-08
3.3912126440327484e-08
1.1331723293039886e-07
6.46141096183328e-08
1.7082030012716135e-08
-7.959035563942507e-08
-5.561470928228118e-08
-1.7823523545956732e-08
8.659739592076221e-15
-6.38378239159465e-16
7.632783294297951e-17
1.2212453270876722e-15
-6.661338147750939e-16
1.3322676295501878e-15
-1.887379141862766e-15
-4.440892098500626e-16
-4.440892098500626e-16
-4.0904551212861406e-07
4.37737746494804e-07
-2.8568901200287655e-07
4.723936619654978e-08
2.667010035040107e-08
5.209514597481757e-09
-3.3313864555850614e-07
-2.2981308056557737e-07
-7.006243252227762e-08
-5.329070518200751e-15
2.3037127760972e-15
5.551115123125783e-17
-9.992007221626409e-16
-1.1102230246251565e-15
-1.3322676295501878e-15
4.385380947269368e-15
-1.3322676295501878e-15
0.0
-6.685644677872915e-07
6.203441103025398e-07
-4.852640138608422e-07
-3.127116343648595e-08
-1.8342537710935858e-08
-6.471751134995429e-09
-4.5288552641409296e-07
-3.158251260515499e-07
-9.555370095171156e-08
8.881784197001252e-16
-6.975670041597937e-14
6.755707104844078e-14
5.56776846849516e-14
1.865174681370263e-14
1.0658141036401503e-14
1.5470957848151556e-13
3.348432642269472e-13
-3.019806626980426e-14
-9.544358192670188e-08
-8.284728494345472e-07
-3.735944726912521e-07
-4.5657618130690025e-08
-2.7961124082764854e-08
-1.6076739939308027e-10
-3.274710742573461e-07
-1.820761443838137e-07
-1.449948143772417e-07
1.5543122344752192e-15
9.665879208142769e-14
-1.405264793419292e-13
-8.01581023779363e-14
1.2434497875801753e-14
0.0
1.6653345369377348e-16
2.220446049250313e-15
3.774758283725532e-14
-1.0165412902551907e-06
-3.294411499155103e-08
-9.867036254718187e-07
1.1842562486208408e-08
-6.43688835566536e-09
2.707146506963909e-08
-9.984371942550752e-07
-5.771677127341945e-07
-1.5102806116829015e-07
1.9984014443252818e-15
-4.447830992404533e-15
4.996003610813204e-16
4.440892098500626e-16
7.993605777301127e-15
0.0
-2.220446049250313e-16
-1.9984014443252818e-15
-4.440892098500626e-16
-7.426722206105296e-07
-6.159994647703115e-08
-6.59375086087266e-07
-1.0053818400024284e-07
-6.651840944726928e-08
-2.4222025274411862e-08
-5.584484554788105e-07
-3.233281358205886e-07
-7.993069317535628e-08
-4.440892098500626e-15
8.049116928532385e-16
-3.608224830031759e-16
0.0
-3.552713678800501e-15
8.881784197001252e-16
-1.9984014443252818e-15
1.6653345369377348e-15
2.220446049250313e-16
-4.2448667159078473e-07
-4.423753807714092e-08
-3.619500894558314e-07
7.73070496506989e-10
6.964993026770117e-10
2.792216735603148e-09
-3.626925746402776e-07
-2.093555275806125e-07
-4.881586335159227e-08
-2.220446049250313e-15
1.5701329125761276e-13
1.8118839761882555e-13
-4.884981308350689e-15
3.552713678800501e-15
-1.3322676295501878e-15
4.6629367034256575e-14
-6.661338147750939e-16
0.0
-1.5033145928100566e-07
-2.259969278384233e-08
-1.304477166286233e-07
1.8032686455171643e-10
1.502904467542976e-10
1.8413019442498069e-09
-1.3064079951163876e-07
-7.506443022720077e-08
-1.879634226042981e-08
1.5543122344752192e-15
-6.319944567678704e-14
-1.942890293094024e-16
8.881784197001252e-16
-1.7763568394002505e-15
1.3322676295501878e-15
0.0
-9.992007221626409e-16
-5.551115123125783e-17
-6.455269385696738e-08
-1.4768602341064252e-08
-5.755094178994114e-08
9.79074599172236e-11
8.187295286177232e-11
1.2118063774657626e-09
-5.7787914897744486e-08
-3.300211126600061e-08
-9.156366331808385e-09
5.995204332975845e-15
-5.995204332975845e-15
2.220446049250313e-16
-8.881784197001252e-16
0.0
0.0
-8.881784197001252e-16
2.220446049250313e-16
7.771561172376096e-16
-4.23153778683627e-08
-8.975320042736712e-09
-3.804662185302732e-08
-7.012168623532488e-12
-2.9811708657234703e-12
8.775653537185235e-10
-3.8076898078998056e-08
-2.18450466604736e-08
-6.182503398122208e-09
-2.220446049250313e-16
-3.552713678800501e-15
-2.7755575615628914e-17
-4.440892098500626e-16
3.552713678800501e-15
1.3322676295501878e-15
-4.440892098500626e-16
-4.440892098500626e-16
-6.661338147750939e-16
-3.745858379033962e-08
-4.473406534089008e-09
-3.298232797988021e-08
-5.88720183714031e-11
-8.003642193443739e-11
1.1047940340347395e-10
-3.284673866232879e-08
-1.8867698514668518e-08
-5.082398502054275e-09
-1.1102230246251565e-15
7.827072323607354e-14
8.909539772616881e-15
-8.43769498715119e-15
-1.2434497875801753e-14
-4.191091917959966e-15
-8.1601392309949e-14
1.7763568394002505e-15
-3.197442310920451e-14
-4.7026098570768227e-08
1.6401600078097545e-09
-4.033508105294459e-08
-1.2595968712503236e-10
-1.2387513237399617e-10
-2.913322916242578e-10
-4.020960275852303e-08
-2.3231635282172647e-08
-5.650989010064222e-09
-8.43769498715119e-15
-6.977751709769109e-14
-2.498001805406602e-16
-1.7763568394002505e-15
2.615963001773025e-15
0.0
2.498001805406602e-16
2.4424906541753444e-15
1.4654943925052066e-14
-6.009398667572441e-08
1.6434199778814218e-08
-5.0180251065512493e-08
-1.760023238261965e-10
-1.1173106884143635e-10
-3.5218317151475276e-10
-5.0018020836262174e-08
-2.9406586499192144e-08
-5.926125368205248e-09
1.0436096431476471e-14
-3.6914915568786455e-15
2.3071822230491534e-16
4.440892098500626e-16
-5.329070518200751e-15
1.7763568394002505e-15
0.0
-1.7763568394002505e-15
8.881784197001252e-16
-6.554627951516068e-10
1.5484147297684103e-10
-3.204547738278052e-10
-1.8843948623725737e-10
-1.9120705019304296e-11
-2.660340836513342e-10
-1.2957235284716262e-10
-1.7901413684739964e-10
-9.516831767086842e-11
-2.4424906541753444e-15
9.298117831235686e-16
-2.3592239273284576e-16
0.0
3.774758283725532e-15
0.0
0.0
0.0
0.0
-3.966782458064699e-11
-3.575451046344824e-10
2.6435031941218767e-10
1.20490284416519e-11
8.073364199390198e-11
-3.422022665233726e-10
2.636832974189929e-10
1.5602230618583235e-10
-9.619471885713438e-12
2.220446049250313e-16
1.3211653993039363e-14
-5.10702591327572e-15
-7.549516567451064e-15
5.329070518200751e-15
-1.3322676295501878e-15
-1.4432899320127035e-14
9.769962616701378e-15
0.0
-1.543650682833686e-07
-9.815096291276859e-09
-1.3353355399203792e-07
7.685230229981244e-11
1.6936319013893808e-10
-2.5601543107711677e-10
-1.336021084874517e-07
-7.653600331281041e-08
-1.8556832515059796e-08
-2.220446049250313e-16
2.8171909249863347e-14
-2.3592239273284576e-15
0.0
-7.549516567451064e-15
8.881784197001252e-16
7.993605777301127e-15
1.4016565685892601e-15
-6.661338147750939e-16
-2.44229028112386e-08
-8.280494512291625e-09
-2.166582646623283e-08
9.865530614661111e-11
7.486922193322698e-11
-1.3559597888956887e-10
-2.17063114149596e-08
-1.2448911235196647e-08
-3.6834464367530018e-09
2.6645352591003757e-15
-3.3029134982598407e-15
-2.498001805406602e-16
2.886579864025407e-15
3.552713678800501e-15
-4.440892098500626e-16
4.218847493575595e-15
-1.7208456881689926e-15
-2.220446049250313e-16
-1.1778478636870204e-08
2.1811885630995675e-11
-1.038942265552123e-08
-1.669338445253743e-09
-1.954218564748089e-09
-2.0430723779440996e-10
-8.686631858267901e-09
-5.052170237718201e-09
-1.976530938918586e-09
-1.176836406102666e-14
4.996003610813204e-16
1.1102230246251565e-16
-3.4416913763379853e-15
3.552713678800501e-15
4.440892098500626e-16
4.440892098500626e-16
-1.3322676295501878e-15
8.881784197001252e-16
2.656066300232851e-08
-3.600928266678238e-08
1.788694525828305e-08
2.3512752189702724e-08
1.7730171886221058e-08
1.738706179033045e-09
-5.60790169856773e-09
-3.2924383219778974e-09
-1.5379697515527369e-09
1.3100631690576847e-14
-4.413136522884997e-15
-1.700029006457271e-16
-1.0547118733938987e-15
-6.217248937900877e-15
4.440892098500626e-16
0.0
1.2212453270876722e-15
-6.661338147750939e-16
4.932678709934635e-09
-2.2370635122115342e-08
-1.70148339861953e-11
6.579195188649577e-09
5.174346284775311e-09
-1.604799071408536e-10
-6.60029364496495e-09
-3.8445264749498165e-09
-1.6239170008702786e-09
-5.773159728050814e-15
3.524958103184872e-15
-6.938893903907228e-17
4.218847493575595e-15
2.6645352591003757e-15
-4.440892098500626e-16
2.220446049250313e-16
8.881784197001252e-16
-2.220446049250313e-16
-1.478353794936993e-08
1.42650691259405e-09
-1.1450975279103659e-08
-3.219210675808881e-09
-2.7216481290892602e-09
-2.823294931175724e-10
-8.231515025158842e-09
-4.7524402191356785e-09
-1.7902408444570028e-09
-7.993605777301127e-15
-8.604228440844963e-16
4.718447854656915e-16
-1.7763568394002505e-15
8.881784197001252e-16
2.220446049250313e-16
2.220446049250313e-16
-8.326672684688674e-16
0.0
-1.0731241673056502e-08
-2.304695101429388e-09
-8.339636536902617e-09
-4.638247563804043e-10
-4.674500786450153e-10
-3.1894020757761155e-10
-7.872863250213413e-09
-4.524885355294828e-09
-1.7238761529370095e-09
8.881784197001252e-15
3.885780586188048e-15
-6.38378239159465e-16
-1.3322676295501878e-15
-1.7763568394002505e-15
1.1102230246251565e-16
1.1102230246251565e-16
1.2212453270876722e-15
3.3306690738754696e-16
-9.443105852824374e-09
-2.473321103479975e-09
-6.958042142457543e-09
1.0289524787765458e-10
1.255768822261416e-10
-3.1044156134640843e-10
-6.9984826822633295e-09
-4.052871815929393e-09
-1.6076029396572267e-09
-3.774758283725532e-15
-5.551115123125783e-16
3.3306690738754696e-16
-1.1102230246251565e-16
4.440892098500626e-16
-1.1102230246251565e-16
0.0
-1.7763568394002505e-15
0.0
-4.987320778582216e-09
-7.237062504827918e-09
-4.2110794851168976e-09
1.3189946912461892e-09
1.151388318021418e-09
1.5512990891863867e-10
-5.5164328660595174e-09
-3.1617926055105272e-09
-1.4008776361151831e-09
2.220446049250313e-15
2.2343238370581275e-15
-4.440892098500626e-16
-3.885780586188048e-16
0.0
0.0
1.1102230246251565e-16
1.9984014443252818e-15
2.1649348980190553e-15
-3.098321599281917e-10
-1.075751754342491e-08
-1.0345608814077423e-09
3.6432639127781385e-09
2.6574715761285006e-09
9.512384213650193e-10
-4.660046570847953e-09
-2.640726748381894e-09
-1.2765468682118808e-09
2.886579864025407e-15
-6.980527267330672e-15
2.7755575615628914e-16
2.3037127760972e-15
7.494005416219807e-16
0.0
5.551115123125783e-16
-1.9984014443252818e-15
-1.609823385706477e-15
3.3879814509418793e-09
-1.3568097756433417e-08
1.6065726526903745e-09
5.977421668745819e-09
4.2097614283420626e-09
1.6792872647997115e-09
-4.364776984289165e-09
-2.435564194769313e-09
-1.2453824638214428e-09
-6.661338147750939e-16
4.440892098500626e-15
1.6653345369377348e-16
-8.465450562766819e-16
5.551115123125783e-16
1.3877787807814457e-17
-5.551115123125783e-16
6.661338147750939e-15
4.8183679268731794e-14
1.9082833091488283e-09
-1.1584944559217547e-08
1.054544895850995e-09
5.534451119615369e-09
3.936930226267066e-09
1.5137133768661215e-09
-4.433902134337586e-09
-2.4394655184778458e-09
-1.3028227385802893e-09
-3.774758283725532e-15
5.898059818321144e-16
-2.7755575615628914e-16
-2.886579864025407e-15
8.881784197001252e-16
0.0
-3.3306690738754696e-16
-4.440892098500626e-16
-5.484501741648273e-14
-1.4723987362685875e-08
3.082419652855606e-09
-1.043657249510943e-08
-8.13434386515155e-09
-5.213491860445174e-09
-1.6243584255448695e-09
-2.2876420757711458e-09
-1.195996190972437e-09
-9.94887727756577e-10
4.440892098500626e-16
4.3021142204224816e-16
0.0
4.218847493575595e-15
-1.1102230246251565e-15
2.7755575615628914e-17
1.2212453270876722e-15
6.661338147750939e-16
4.440892098500626e-16
-1.2792966685992724e-09
-1.3211717941885581e-08
-1.2737615406877012e-09
6.446144507066266e-09
4.34100755342115e-09
1.2781864455746472e-09
-7.724043626922139e-09
-4.041865508952469e-09
-2.1184121123951627e-09
8.43769498715119e-15
-2.0816681711721685e-15
1.3877787807814457e-16
-4.440892098500626e-15
1.43982048506075e-16
-2.7755575615628914e-17
-6.661338147750939e-16
-3.1086244689504383e-15
4.440892098500626e-16
-1.3785850683234456e-08
-8.770882686803816e-09
-1.1031180413567654e-08
-3.272178972224538e-09
-1.6389964940799473e-09
-8.174794174919953e-11
-7.758938380675318e-09
-3.882204779870335e-09
-2.0623147634069028e-09
-6.8833827526759706e-15
-4.801714581503802e-15
0.0
7.105427357601002e-15
-3.907985046680551e-14
1.1377010444846292e-13
0.0
3.552713678800501e-15
-8.881784197001252e-16
-7.484857178496895e-09
-4.648569529308588e-09
-7.169937532580661e-09
-1.2563781126573303e-09
-3.425295602710321e-10
2.3565149831483723e-10
-5.90926774179934e-09
-3.0177336185488457e-09
-1.0637748459885188e-09
9.992007221626409e-15
5.398459457239824e-15
-2.7755575615628914e-17
-1.6431300764452317e-14
8.881784197001252e-16
-4.163336342344337e-17
0.0
-8.881784197001252e-16
-1.1102230246251565e-16
1.0179572740298681e-09
-8.555389285902493e-09
8.865690404036285e-10
8.19781575955858e-10
1.6429400062634159e-09
1.2795808856935764e-09
4.994937796709564e-11
9.787171073583067e-12
9.207079543216423e-12
-9.547918011776346e-15
1.0796918914479647e-14
-9.531264666406969e-14
-3.375077994860476e-14
-1.2975731600306517e-15
2.8976820942716586e-14
0.0
-2.6645352591003757e-15
1.1546319456101628e-14
-5.802810676414083e-09
-4.479595361317479e-09
-5.1867274919459305e-09
-4.819035837044794e-09
-3.198478593091636e-09
-1.0547127615723184e-09
-2.826472389472201e-10
-2.1585400133972144e-11
5.851763518194274e-12
2.4424906541753444e-15
1.9734214262712158e-14
0.0
3.708144902248023e-14
-3.497202527569243e-15
-1.021405182655144e-14
4.440892098500626e-16
-2.6645352591003757e-15
-8.881784197001252e-16
-1.3581825442088302e-08
6.806104124734702e-09
-1.0603493194594193e-08
-1.0409600292859977e-08
-5.884814413548156e-09
-9.793339472707885e-10
-2.1818630235870273e-10
4.0043524052180146e-11
4.451439217234565e-13
-6.661338147750939e-15
-8.215650382226158e-15
9.123257704857224e-14
3.1086244689504383e-15
-3.3306690738754696e-16
-1.1102230246251565e-16
0.0
8.881784197001252e-16
-2.220446049250313e-15
-8.640057558295666e-10
5.127589020048617e-09
4.027818079066492e-10
5.839666528117959e-10
5.084253018594609e-10
8.418936658927123e-10
-1.8928147937913311e-10
7.386180556068211e-11
8.416045638170999e-13
1.0658141036401503e-14
0.0
3.469446951953614e-17
7.771561172376096e-16
4.440892098500626e-16
0.0
4.440892098500626e-16
-8.881784197001252e-16
4.440892098500626e-16
2.9227749109850265e-09
2.8427109555195784e-09
3.175749441197695e-09
3.2864981847069426e-09
2.004131971489187e-09
9.8137320492242e-10
-1.1295941959588164e-10
9.24156307036128e-11
1.1087797346931438e-12
-5.773159728050814e-15
2.7755575615628914e-17
-3.122502256758253e-17
6.661338147750939e-16
-1.942890293094024e-16
-5.551115123125783e-17
4.440892098500626e-16
7.549516567451064e-15
-6.661338147750939e-16
2.0807817691093078e-09
1.3484822147802333e-09
2.136498977733936e-09
2.1435582198137126e-09
1.2591154785468461e-09
5.845492978551192e-10
-3.552580452037546e-11
9.367084885525401e-11
2.4225066397320916e-13
7.993605777301127e-15
-5.551115123125783e-16
-3.9898639947466563e-17
-6.661338147750939e-16
-4.440892098500626e-16
1.5265566588595902e-16
-8.881784197001252e-16
2.4424906541753444e-15
2.220446049250313e-15
1.3430678791337414e-10
3.2319036336048157e-10
1.3533707488022628e-10
8.518519223343901e-11
7.816325364728982e-11
1.922444425872527e-10
4.156941457722496e-11
1.3790746322683844e-10
1.0949019468853294e-12
-2.4424906541753444e-15
-1.5543122344752192e-15
4.163336342344337e-17
6.661338147750939e-16
1.3877787807814457e-15
-2.220446049250313e-16
-1.3322676295501878e-15
-6.994405055138486e-15
0.0
-4.531131025942159e-11
-1.5791101759532467e-10
-1.396838200662387e-10
-2.3379964630976247e-10
-1.1043965741919236e-10
1.453450693134073e-10
9.35873600838022e-11
1.9326229505622905e-10
1.4407364190560656e-12
3.774758283725532e-15
5.68295410730002e-15
-3.927413949611491e-15
-1.2656542480726785e-14
-1.3877787807814457e-15
8.215650382226158e-15
3.3306690738754696e-15
2.9976021664879227e-15
-3.3306690738754696e-15
6.060041357613954e-10
-3.832951733784285e-10
1.241406977214865e-10
-5.3734350302647726e-11
-4.1735503941708885e-12
2.0354207208583833e-10
1.8961010539442213e-10
2.1434587438307062e-10
-8.12394596039212e-12
-1.0436096431476471e-14
-1.7208456881689926e-15
0.0
2.220446049250313e-16
-3.0531133177191805e-16
-4.440892098500626e-16
-1.9984014443252818e-15
-4.218847493575595e-15
1.3322676295501878e-15
8.349658742190513e-10
-5.478284492710372e-10
1.8182788608100964e-11
-1.9035639731157517e-10
-7.698996995486596e-11
1.843787345023884e-10
2.1712232012305321e-10
9.324185867853885e-11
-3.4835356821361074e-11
-5.773159728050814e-15
7.577272143066693e-15
-2.7755575615628914e-17
0.0
1.0269562977782698e-15
7.771561172376096e-16
-8.881784197001252e-16
3.1086244689504383e-15
0.0
-1.971862673144642e-10
-5.45696821063757e-11
-1.0127365612788708e-09
-9.105874942960668e-10
-4.761098182370915e-10
6.199485369506874e-11
-1.1576517522371432e-10
-3.6581182527584133e-10
-9.55726608964369e-11
8.881784197001252e-15
-6.578071420904053e-14
-2.681188604469753e-14
-4.9960036108132044e-15
2.338407245616736e-15
-2.4424906541753444e-15
3.9745984281580604e-14
4.440892098500626e-15
3.4861002973229915e-14
-2.9595987882657937e-09
1.7747652236721476e-09
-3.2720066656111157e-09
-1.30895161376543e-09
-1.0592078325544207e-09
-1.0480505352461478e-10
-1.3443761659459597e-09
-1.498469015537296e-09
-2.0202128858670676e-10
-1.432187701766452e-14
2.185751579730777e-14
-5.551115123125783e-17
-2.220446049250313e-16
-5.273559366969494e-16
1.687538997430238e-14
6.217248937900877e-15
-5.329070518200751e-15
-8.881784197001252e-16
-6.551122311293511e-09
4.88539342313743e-09
-5.473390629617825e-09
-2.646153296481657e-09
-1.4920473745405616e-09
-3.114024593742215e-10
-2.825562894770428e-09
-2.8979485477975686e-09
-2.1174573205939853e-10
4.9960036108132044e-15
2.636779683484747e-16
1.6653345369377348e-16
0.0
1.1102230246251565e-15
8.881784197001252e-16
-6.661338147750939e-16
2.6645352591003757e-15
0.0
-6.419224263254364e-09
4.547544563138217e-09
-4.709551859605199e-09
-3.9068168700140404e-09
-2.223073281015786e-09
-5.560991667152848e-10
-8.04394773012973e-10
-1.7552217457250663e-09
3.846017948561098e-11
4.884981308350689e-15
-2.4424906541753444e-15
5.551115123125783e-17
1.1102230246251565e-16
4.961309141293668e-16
-5.551115123125783e-16
-1.5543122344752192e-15
-2.6645352591003757e-15
-2.220446049250313e-16
-5.071077779916777e-09
2.781064267765032e-10
-3.931965864012454e-09
-5.233365185652872e-09
-2.9921007893563e-09
-7.938183443911839e-10
1.2988993214335665e-09
-9.28448429249329e-11
2.242456220713507e-12
-8.215650382226158e-15
-1.8596235662471372e-15
5.551115123125783e-17
0.0
-4.163336342344337e-16
7.216449660063518e-16
2.831068712794149e-15
1.7763568394002505e-15
1.8962609260597674e-13
-7.399403756380707e-09
7.139995261695731e-10
-5.653143730910415e-09
-6.1069864720764144e-09
-3.4487008804262587e-09
-9.378879894939018e-10
3.2455504950235086e-10
-6.693765541854191e-10
-1.8920742056449669e-10
1.7763568394002505e-15
-4.0245584642661925e-16
-4.440892098500626e-16
-2.220446049250313e-16
-9.853229343548264e-16
-8.326672684688674e-16
8.881784197001252e-16
-2.6645352591003757e-15
0.0
-1.0792120974656427e-08
5.484018572587956e-09
-7.3604446981789814e-09
-6.0594012862846824e-09
-3.4560621031687333e-09
-9.697629366201e-10
-1.2813377026077433e-09
-1.6820971282527353e-09
-3.3858163495104066e-10
2.220446049250313e-15
3.9968028886505635e-15
3.365363543395006e-16
0.0
3.885780586188048e-16
-1.6653345369377348e-16
-2.220446049250313e-16
1.7763568394002505e-15
0.0
-1.3338407711671607e-08
1.1467008675936086e-08
-8.216964886287315e-09
-5.162812843906295e-09
-2.9529374501180428e-09
-8.261480388682684e-10
-3.1461269145438564e-09
-2.5006396953131116e-09
-5.492393206907309e-10
-5.329070518200751e-15
-1.3447576385772209e-14
-9.409140133698202e-15
-2.7533531010703882e-14
4.0190073491430667e-14
-1.0325074129013956e-14
-9.325873406851315e-15
-6.217248937900877e-15
-1.9168000520153328e-13
-1.4427456562771113e-08
1.5009980813829316e-08
-8.800412842902006e-09
-3.749662802476905e-09
-2.088736295036142e-09
-5.697131655324483e-10
-5.00318364515806e-09
-3.1261606636689976e-09
-8.38880132025821e-10
-4.6629367034256575e-15
4.3021142204224816e-15
1.787459069646502e-14
1.2212453270876722e-14
-8.326672684688674e-15
1.8207657603852567e-14
-6.661338147750939e-15
-4.440892098500626e-16
1.3322676295501878e-15
-1.2461569554034213e-08
1.431965301890159e-08
-7.583228267549202e-09
-2.193448978005108e-09
-1.2128396065236302e-09
-2.5201529751939233e-10
-5.398574920434385e-09
-3.0562237185449703e-09
-9.434562020516069e-10
3.3306690738754696e-15
7.313594174718219e-15
-2.220446049250313e-16
1.2212453270876722e-15
-1.9984014443252818e-15
-2.220446049250313e-16
-7.771561172376096e-16
3.885780586188048e-15
-4.440892098500626e-16
-5.548727699533629e-09
9.574662840350358e-09
-3.2448141951135767e-09
3.162803352552146e-11
8.415179664211792e-11
2.4722623948036926e-10
-3.3465347298866632e-09
-1.8131274259758356e-09
-6.188940471218984e-10
-1.1102230246251565e-15
-2.2724877535296173e-15
1.3877787807814457e-16
-2.220446049250313e-16
4.6629367034256575e-15
-8.881784197001252e-16
1.3877787807814457e-15
-1.1102230246251565e-16
2.220446049250313e-16
-1.9591084310377482e-10
4.67682070848241e-09
-6.851053058198886e-10
5.175486705866206e-10
3.055191655221279e-10
5.172324790692073e-10
-1.211548639190596e-09
-6.53225917801592e-10
-2.6988455914533915e-10
-4.440892098500626e-15
-9.107298248878237e-18
2.220446049250313e-15
-2.298161660974074e-14
5.062616992290714e-14
-4.574118861455645e-14
3.552713678800501e-15
-4.440892098500626e-16
3.3306690738754696e-15
4.626087957149139e-09
2.271150378874154e-09
1.8246426591872478e-09
1.9636416936918977e-09
1.0124061589067423e-09
9.597300731911673e-10
-2.254969544424057e-10
-1.7141665864528477e-10
-1.1267570210193867e-10
8.43769498715119e-15
9.8879238130678e-16
-1.0755285551056204e-16
1.1102230246251565e-15
1.7763568394002505e-15
-8.881784197001252e-16
-5.551115123125783e-16
-4.440892098500626e-16
-1.1102230246251565e-16
1.4206563037078014e-08
-2.2346426931108e-09
9.042405935133502e-09
9.16210041168597e-09
4.906373973767586e-09
2.0871269157396455e-09
-9.311501569797542e-11
5.56457102618424e-11
-6.018924247896962e-11
-1.2212453270876722e-14
-1.0824674490095276e-15
2.8102520310824275e-16
-8.881784197001252e-16
1.7763568394002505e-15
8.881784197001252e-16
1.9984014443252818e-15
1.3877787807814457e-15
0.0
9.543146717305717e-09
5.234255695540924e-09
3.5114329222096785e-09
3.955012317646833e-09
1.4846754936570505e-09
3.094091205468885e-09
-4.700240197053063e-10
-7.577938276881468e-11
-1.194764287504313e-10
1.0436096431476471e-14
-3.774758283725532e-15
-1.0755285551056204e-16
0.0
-2.6645352591003757e-15
8.881784197001252e-16
-8.881784197001252e-16
-6.661338147750939e-16
4.440892098500626e-16
1.9400431483518332e-08
-1.965781848412007e-08
1.3858311831427274e-08
-2.092086504035251e-10
-1.0200551514571998e-10
4.944885612090388e-10
1.4062372599710216e-08
1.0171426367833192e-08
2.4352697636231824e-09
2.220446049250313e-16
2.525757381022231e-15
-1.1102230246251565e-16
-1.7763568394002505e-15
9.769962616701378e-15
7.549516567451064e-15
-1.2878587085651816e-14
-1.8346435481930712e-14
-1.021405182655144e-14
2.0349183671442006e-08
4.041510237584589e-09
1.6429197557954467e-08
-9.452882920868433e-11
-4.631584005210243e-11
7.098357457380189e-10
1.656807313565878e-08
9.066354778042296e-09
1.7528283269285794e-09
-5.329070518200751e-15
-3.400058012914542e-15
-1.5376588891058418e-14
-4.440892098500626e-16
-8.881784197001252e-16
0.0
1.6986412276764895e-14
5.995204332975845e-15
4.440892098500626e-16
1.0726139976213744e-09
1.6469243746541906e-09
1.0133618388863397e-09
-7.51878559412944e-11
-2.3856472353145364e-11
1.8031265369700122e-10
1.09235287482079e-09
4.3099390723000397e-10
2.332498638679681e-10
9.992007221626409e-15
4.718447854656915e-15
2.255140518769849e-16
1.3322676295501878e-15
1.3322676295501878e-15
3.3306690738754696e-16
2.4424906541753444e-15
1.2212453270876722e-15
-1.1102230246251565e-15
-3.1968809821592004e-09
3.1525360100204125e-10
-2.8675160024249635e-09
-3.7401193253572274e-11
-4.736433467655843e-12
-3.386821934014961e-10
-2.7351845233170025e-09
-1.58532031946379e-09
-2.4724400304876326e-10
-1.9984014443252818e-15
2.0539125955565396e-15
1.3877787807814457e-16
-1.3322676295501878e-15
-1.0658141036401503e-14
-1.304512053934559e-15
-1.3322676295501878e-15
-1.0547118733938987e-15
6.661338147750939e-16
-3.3045353120542127e-09
2.2228618945518974e-10
-2.732043924424943e-09
-5.446310069601168e-12
-1.1291190205042767e-11
-4.111666562778282e-10
-2.742368110375537e-09
-1.5823680143967067e-09
-2.8408209118424566e-10
1.687538997430238e-14
-6.772360450213455e-15
2.731148640577885e-14
2.220446049250313e-15
1.4432899320127035e-14
-5.551115123125783e-16
-1.2434497875801753e-14
3.9968028886505635e-15
1.2989609388114332e-14
-1.963776696811692e-09
1.969340246432694e-10
-1.7001156038531917e-09
1.1807443911493465e-11
-2.1938006966593093e-11
-4.472255898946287e-10
-1.725968701293823e-09
-9.648601917433552e-10
-1.7627144188736565e-10
-1.9095836023552692e-14
3.941291737419306e-15
-1.5154544286133387e-14
-3.1086244689504383e-15
-1.4432899320127035e-15
0.0
-3.241851231905457e-14
6.661338147750939e-16
6.356026815979021e-15
-6.31601437817153e-11
2.240838625766628e-10
-2.103686114196535e-10
9.178435789181094e-12
-4.702993550154133e-11
-4.213054349833101e-10
-2.18399520690582e-10
-1.3214640492975605e-10
-1.3180567748349858e-11
-5.773159728050814e-15
5.35682609381638e-15
2.42861286636753e-17
0.0
-1.0380585280245214e-14
3.552713678800501e-15
2.220446049250313e-16
-8.881784197001252e-16
-8.049116928532385e-16
6.638956051574496e-10
3.404068138479488e-10
4.605507086807847e-10
-2.7061020091423416e-11
-9.378986476349382e-11
-1.2074208299850397e-10
5.128839575263555e-10
2.773266061240065e-10
6.871658797535929e-11
1.3322676295501878e-14
-1.0269562977782698e-15
2.7755575615628914e-16
-8.881784197001252e-16
3.1086244689504383e-15
-2.220446049250313e-15
2.220446049250313e-16
-1.6653345369377348e-16
6.661338147750939e-16
7.23581194961298e-10
5.853735274286009e-10
5.704787753302298e-10
-2.156514966600298e-10
-2.29044339050688e-10
-2.3472579435690477e-10
7.837588356096604e-10
4.435829481508335e-10
9.14752718017553e-11
-1.687538997430238e-14
-2.0539125955565396e-15
-5.578870698741412e-15
1.554312234475219e-14
2.220446049250313e-15
1.5543122344752192e-15
2.9753977059954195e-14
4.884981308350689e-15
-6.050715484207103e-15
1.1661427379294764e-10
6.185558731885976e-10
1.688853501491394e-10
-5.256488577742857e-10
-4.170077616549861e-10
-1.8846613158984837e-10
7.018066128239298e-10
3.948663618302817e-10
6.328093604679452e-11
1.021405182655144e-14
-1.970645868709653e-15
-2.7755575615628914e-16
3.774758283725532e-15
4.440892098500626e-15
8.881784197001252e-16
-1.1102230246251565e-15
1.2212453270876722e-15
-1.294103713078698e-15
6.111285699716973e-09
-6.778307692911767e-09
4.851932189353647e-09
3.9315626310099105e-09
3.2583553633003252e-09
3.331339648582343e-10
9.53626511090988e-10
5.361622257282761e-10
7.614175956405234e-11
-1.7319479184152442e-14
1.7832957333041577e-15
2.7755575615628914e-16
-3.9968028886505635e-15
-8.881784197001252e-16
8.881784197001252e-16
-6.661338147750939e-16
5.551115123125783e-16
5.689893001203927e-16
-2.1971615637994546e-09
3.374310608705855e-09
-1.6021779458696983e-09
-2.8421685005497466e-09
-2.198727422353386e-09
-3.320843600107537e-10
1.2316192510297697e-09
6.929905538299863e-10
1.0912515335803617e-10
-1.1102230246251565e-15
-1.8214596497756474e-15
1.3877787807814457e-16
8.864436962241484e-16
0.0
1.3322676295501878e-15
8.881784197001252e-16
1.609823385706477e-15
5.551115123125783e-16
2.236884455442123e-09
-4.821885113415192e-10
1.7935075646846599e-09
3.861964081863789e-10
2.6124080676481753e-10
-1.965669849113283e-10
1.4080079324685357e-09
7.896705511711843e-10
1.5122481045182212e-10
1.7541523789077473e-14
7.8236028766554e-16
-4.440892098500626e-16
1.3322676295501878e-15
-8.881784197001252e-16
0.0
0.0
-2.456368441983159e-15
-2.7755575615628914e-16
2.593633752212554e-09
-5.842650807608152e-10
2.0043380288825574e-09
3.835474160496233e-10
2.764846129821308e-10
-3.5112895924171994e-10
1.6200877306360442e-09
9.144285328943625e-10
2.2103563424025197e-10
2.6645352591003757e-15
2.699229728619912e-15
2.5673907444456745e-16
-2.6645352591003757e-15
1.7763568394002505e-15
-2.1094237467877974e-15
0.0
5.828670879282072e-16
-1.0547118733938987e-15
2.303837121075958e-09
4.204991910228273e-10
1.8962893477691978e-09
5.368683275719377e-11
2.135092103117131e-11
-3.95694810251257e-10
1.86559834247646e-09
1.062678389729399e-09
3.033733264601324e-10
3.552713678800501e-15
-4.3021142204224816e-16
6.938893903907228e-17
3.3306690738754696e-15
-8.881784197001252e-16
4.440892098500626e-16
-9.547918011776346e-15
8.049116928532385e-15
9.159339953157541e-16
1.0435794450813773e-09
7.710525551374303e-10
9.068052975180763e-10
2.219380235146673e-11
-2.9096725029376103e-12
-2.614618521690204e-10
8.836202880502241e-10
5.047413043079985e-10
1.7972467958315974e-10
-1.1102230246251565e-14
6.38378239159465e-16
1.1102230246251565e-16
-1.3322676295501878e-15
0.0
-1.1102230246251565e-16
0.0
2.3314683517128287e-15
-4.718447854656915e-16
7.877254404320411e-10
8.346319191332441e-10
7.38861416493819e-10
3.8889780284989683e-11
1.7132961716015416e-11
7.424039161207929e-11
6.475691094465219e-10
3.735656228798234e-10
1.6630252730465145e-10
6.661338147750939e-16
-5.495603971894525e-15
-2.220446049250313e-16
-1.4432899320127035e-15
-4.440892098500626e-16
5.551115123125783e-17
-2.220446049250313e-16
-6.661338147750939e-16
7.216449660063518e-16
1.0532730243539845e-09
2.50970799697825e-10
7.311022898193187e-10
3.219025046519164e-10
2.1704416042211963e-10
3.4162928042036356e-10
3.9277736618714703e-10
2.2742252525631557e-10
1.5844392464714474e-10
-9.325873406851315e-15
8.465450562766819e-15
5.273559366969494e-16
2.220446049250313e-16
-4.440892098500626e-16
0.0
6.661338147750939e-15
-1.7319479184152442e-14
1.4432899320127035e-15
2.1892979873427976e-08
-8.83623840763903e-09
1.4724523822451374e-08
9.571889947324053e-09
6.216850589879641e-09
1.7834085319634594e-09
5.191559182549099e-09
2.8764635118250226e-09
1.538715821425285e-09
-1.176836406102666e-14
-6.314393452555578e-15
0.0
-4.440892098500626e-16
-2.220446049250313e-16
-1.1102230246251565e-16
6.661338147750939e-16
2.220446049250313e-16
-8.881784197001252e-16
4.7941043135324435e-08
1.1062354587920709e-08
3.9686895547674794e-08
3.770352208221084e-08
2.0940063016894328e-08
4.44943992761182e-09
2.142147792483229e-09
1.2471552679471642e-09
1.0550778029028152e-09
-2.6645352591003757e-15
5.793976409762536e-15
1.3877787807814457e-16
1.7763568394002505e-15
4.440892098500626e-16
5.551115123125783e-17
-9.159339953157541e-16
1.7763568394002505e-15
8.881784197001252e-16
1.8053228245662467e-08
1.3816389810017426e-08
1.2933710991092084e-08
4.1791992089201813e-10
1.1802825383711024e-10
1.27577948205726e-10
1.2504454360851014e-08
6.6356875549900005e-09
3.668070291951153e-09
2.0650148258027912e-14
-3.589142871796014e-15
2.7755575615628914e-17
-7.216449660063518e-16
-4.440892098500626e-16
-7.632783294297951e-17
4.440892098500626e-16
-1.7763568394002505e-15
0.0
-8.396057182835648e-10
4.995975189103774e-09
-2.605602844596433e-09
9.632827868699678e-11
6.972911137381743e-11
2.064357573772213e-10
-2.7724063045297953e-09
-1.852699327287155e-09
2.955786726488441e-10
1.3322676295501878e-15
-9.957312752106873e-16
-5.551115123125783e-17
9.992007221626409e-16
0.0
5.551115123125783e-17
0.0
-8.881784197001252e-16
0.0
-2.3936799209423043e-09
2.6742412728708587e-09
-3.184361219155108e-09
-2.3127526560529077e-09
-1.0285425844358542e-09
1.9950618934672093e-10
-9.559286695548508e-10
-9.691270008715946e-10
2.459934478338255e-10
-5.773159728050814e-15
8.326672684688674e-16
2.7755575615628914e-17
-8.881784197001252e-16
-1.1102230246251565e-15
-1.1102230246251565e-16
0.0
1.7763568394002505e-15
0.0
1.0152518825634615e-09
-8.35683522382169e-10
1.2112799652186368e-09
1.3575274238064594e-09
7.979661376111835e-10
2.519442432458163e-10
-8.397993411790594e-11
5.31770183442859e-11
-1.112276937220713e-11
-9.325873406851315e-15
-2.7478019859472624e-15
-4.274358644806853e-15
0.0
1.3322676295501878e-15
-1.1102230246251565e-16
-4.440892098500626e-16
-6.217248937900877e-15
0.0
-4.6046011448197527e-10
-1.2573764252010733e-10
-2.403695020802843e-10
1.9610979506978765e-12
-2.149391775674303e-13
2.397371190454578e-11
-2.5718538410046676e-10
-6.307487865342409e-11
-3.0602187450767815e-12
-3.774758283725532e-15
-1.887379141862766e-15
-1.0547118733938987e-15
-2.220446049250313e-15
1.1102230246251565e-16
1.5543122344752192e-15
-4.440892098500626e-16
4.440892098500626e-15
-8.881784197001252e-16
-1.557609152769146e-09
2.5909230316756293e-10
-1.1939178534703387e-09
-9.192504535349144e-10
-5.254303658830395e-10
-7.37401251171832e-11
-2.901039408698125e-10
-1.0489742408026359e-10
-8.452101865619177e-12
-4.218847493575595e-15
-1.4432899320127035e-15
-4.163336342344337e-17
-1.5543122344752192e-15
-1.7208456881689926e-15
6.938893903907228e-17
-8.881784197001252e-16
-4.440892098500626e-15
-2.220446049250313e-15
-1.7888197589854826e-09
7.134559609767166e-10
-1.3049152869371028e-09
-1.1781473574501433e-09
-6.89893475680492e-10
-7.051426109683234e-11
-1.4239365242474378e-10
-3.515499003015066e-11
-4.824918242718468e-12
1.8207657603852567e-14
2.9698465908722937e-15
2.7755575615628914e-17
8.881784197001252e-16
-1.0269562977782698e-15
0.0
8.881784197001252e-16
6.217248937900877e-15
1.672273430841642e-15
-9.089333730116778e-10
8.731717571208719e-10
-5.778657552468758e-10
-7.224745246503517e-10
-4.2349634910010536e-10
3.7339020764193265e-12
1.2661161008509225e-10
9.57438572868341e-11
9.904521647285947e-12
-9.325873406851315e-15
2.192690473634684e-15
0.0
-4.440892098500626e-16
-2.220446049250313e-16
4.440892098500626e-16
1.7763568394002505e-15
1.3322676295501878e-15
6.661338147750939e-16
-3.022257999418798e-10
1.4107399692875333e-09
-2.887379224603137e-11
-3.2740121724827986e-10
-2.1123180982129952e-10
1.049542674991244e-10
2.8900437598622375e-10
1.7040591160366603e-10
3.672440129776078e-11
-1.7763568394002505e-15
1.4710455076283324e-15
0.0
-2.220446049250313e-16
-4.440892098500626e-16
0.0
-3.552713678800501e-15
1.6653345369377348e-15
-8.881784197001252e-16
-2.5358204425174335e-10
1.6216290532611308e-09
6.128608731614804e-11
-2.5601665232244386e-10
-1.7809798080747896e-10
1.127986593019159e-10
3.168878492942895e-10
1.7781509598080447e-10
5.971134697801972e-11
-7.993605777301127e-15
-2.896988204881268e-15
-1.3877787807814457e-17
4.440892098500626e-16
-5.551115123125783e-16
-2.220446049250313e-16
1.3322676295501878e-15
-2.6645352591003757e-15
1.7763568394002505e-15
-2.3877078092482407e-10
1.504218971604132e-09
1.1047340819914096e-10
-2.2262325316546594e-10
-1.737889832043038e-10
8.149214636432589e-11
3.1318414528413996e-10
1.765254609153999e-10
7.164202564524658e-11
1.7319479184152442e-14
-7.632783294297951e-17
2.7755575615628914e-17
0.0
3.9968028886505635e-15
4.440892098500626e-16
4.440892098500626e-16
-8.881784197001252e-16
0.0
-4.814708631784015e-10
1.4727845609741053e-09
-1.6708412431398756e-10
-6.062244040094811e-10
-3.6473402076353523e-10
-1.3216094885137863e-12
3.582805163659941e-10
1.6640644417975636e-10
5.92822457790021e-11
-9.2148511043888e-15
7.494005416219807e-16
-1.1102230246251565e-16
-2.220446049250313e-16
-2.6645352591003757e-15
8.881784197001252e-16
0.0
8.881784197001252e-16
-8.881784197001252e-16
-1.0493792501620192e-09
1.5593641933264735e-09
-7.782965383285045e-10
-9.76524638929277e-10
-5.823812543326312e-10
-7.693756742810365e-11
2.1867574417910873e-10
3.0787150606670366e-11
-7.986167283036139e-12
1.9761969838327786e-14
-4.232725281383409e-15
1.1102230246251565e-16
0.0
2.9976021664879227e-15
-1.2212453270876722e-15
-2.220446049250313e-16
-2.6645352591003757e-15
-8.881784197001252e-16
-2.153473843691245e-09
2.4976607448934374e-09
-1.8838974824575416e-09
-9.134035749980285e-10
-5.171961608985143e-10
-7.064215878926916e-11
-9.679754775504534e-10
-8.93638052446022e-10
-2.9225782904873654e-10
-7.882583474838611e-15
5.412337245047638e-16
1.27675647831893e-15
-7.771561172376096e-15
-1.7763568394002505e-15
-6.106226635438361e-16
3.885780586188048e-15
2.6645352591003757e-15
-3.1086244689504383e-15
-9.01300012401407e-09
9.256484467812243e-09
-7.413184732740774e-09
-7.103126975493979e-10
-3.9915493132980373e-10
-2.7910118660656735e-11
-6.6945424759268235e-09
-5.507872380405843e-09
-1.2022394191291141e-09
-1.6653345369377348e-14
-5.551115123125783e-17
-1.6653345369377348e-16
0.0
-6.661338147750939e-16
0.0
-6.5503158452884236e-15
-6.217248937900877e-15
-4.440892098500626e-16
-1.692203710490503e-08
1.8203493823421013e-08
-1.2268044358165753e-08
-8.026939113392473e-10
-4.474891568406747e-10
-1.2505552149377763e-11
-1.1476866568216337e-08
-9.529325772916764e-09
-1.3915217172977279e-09
-1.3322676295501878e-15
4.191091917959966e-15
2.7755575615628914e-17
2.220446049250313e-16
1.9984014443252818e-15
-1.8041124150158794e-16
-3.885780586188048e-16
0.0
4.440892098500626e-16
-9.410484835825628e-09
9.777906484487175e-09
-6.899310456276453e-09
-4.746336657035499e-10
-2.6129853836209804e-10
6.474465408246033e-11
-6.426844834095392e-09
-4.82239403964968e-09
-4.356860844323407e-10
1.2656542480726785e-14
-1.3739009929736312e-15
2.636779683484747e-16
4.884981308350689e-15
2.130240428499519e-14
1.1657341758564144e-15
1.2212453270876722e-15
-3.552713678800501e-15
4.440892098500626e-16
-2.776239682589221e-09
3.078977073300848e-09
-2.288248257542591e-09
-5.146161274893756e-11
-2.403943710760359e-11
1.489581791247474e-10
-2.2946409217183827e-09
-1.5690169163917744e-09
-7.003655988491175e-11
1.5543122344752192e-15
-3.913536161803677e-15
-3.469446951953614e-17
8.881784197001252e-16
3.0531133177191805e-15
6.661338147750939e-16
-1.7763568394002505e-15
7.105427357601002e-15
-2.220446049250313e-16
-1.0935252703347942e-09
2.3075763522228954e-10
-1.4111818380513341e-09
-9.182543614372207e-12
1.8179235894422163e-11
1.7776358163246186e-10
-1.4082965904549385e-09
-6.712213007631362e-10
-1.8879675600658175e-11
-1.554312234475219e-14
9.992007221626409e-16
8.326672684688674e-17
-4.440892098500626e-16
-9.992007221626409e-16
2.220446049250313e-16
4.218847493575595e-15
-6.217248937900877e-15
-1.1907141939104804e-14
-1.6875105757208075e-09
1.5133725383975616e-09
-1.3866277015495143e-09
-2.255476916346311e-10
-9.905143372179737e-11
1.7146817299362738e-10
-1.1674994304655684e-09
-7.333529339348389e-10
-5.302913663740583e-11
-8.659739592076221e-15
6.286637876939949e-15
-1.1102230246251565e-16
4.440892098500626e-16
3.3306690738754696e-16
4.440892098500626e-16
-2.220446049250313e-16
4.440892098500626e-16
0.0
-2.8019258024869487e-09
3.564537109923549e-09
-1.8046133476445902e-09
-4.706302014767516e-10
-2.4354740446597134e-10
1.4523493518936448e-10
-1.3368059992302506e-09
-9.57154355774037e-10
-1.076895239648934e-10
8.881784197001252e-16
-6.8833827526759706e-15
5.551115123125783e-17
-6.661338147750939e-16
-1.7763568394002505e-15
2.220446049250313e-16
1.609823385706477e-15
2.9976021664879227e-15
-1.2434497875801753e-14
-2.4369910534005612e-09
4.256808239233578e-09
-1.6220265131039469e-09
-4.0767123010709843e-10
-2.042279123593005e-10
1.7929835394170368e-10
-1.209931710377532e-09
-8.829079689576247e-10
-1.0634293445832554e-10
1.176836406102666e-14
3.011479954295737e-15
8.770761894538737e-15
-2.609024107869118e-15
-4.440892098500626e-16
-4.440892098500626e-16
4.440892098500626e-16
-2.220446049250313e-15
-1.1102230246251565e-16
-2.375202257098863e-09
4.860616797941475e-09
-2.221085537712497e-09
-1.597147303300517e-09
-9.416836199704903e-10
8.641620752314338e-11
-6.262368401621643e-10
-4.73220573837807e-10
-4.609979065151038e-11
1.1324274851176597e-14
4.343747583845925e-15
0.0
-2.220446049250313e-16
2.6645352591003757e-15
4.440892098500626e-16
-1.5543122344752192e-15
-1.7763568394002505e-15
3.3306690738754696e-16
2.4657254016346997e-09
4.803219155746774e-09
1.1109655417840258e-09
1.2192185039339165e-09
5.108118372731951e-10
6.783409389754524e-10
-9.71578373309967e-11
-9.941825140913352e-11
-2.9709790183574114e-11
-4.218847493575595e-15
-4.3021142204224816e-15
-5.551115123125783e-17
8.881784197001252e-16
1.7763568394002505e-15
6.217248937900877e-15
1.915134717478395e-15
3.4416913763379853e-15
0.0
3.4057165976264514e-09
2.0345396478660405e-09
2.4383197683164326e-09
2.595555770312785e-09
1.2292717954665024e-09
5.735678598739469e-10
-1.250561876275924e-10
-1.2180567665609487e-10
-4.9046544603470466e-11
-1.4876988529977098e-14
7.771561172376096e-16
8.326672684688674e-17
-8.881784197001252e-16
-2.6645352591003757e-15
-8.881784197001252e-15
2.220446049250313e-16
8.881784197001252e-16
-1.7763568394002505e-15
1.7145055153378053e-08
-1.7017327991197817e-08
9.324779171038244e-09
-1.3527490239084727e-10
-9.216249985399827e-11
1.2649938874176314e-09
9.45656530859651e-09
7.38209848805127e-09
-1.4559731198460213e-10
1.1546319456101628e-14
-4.218847493575595e-15
-5.551115123125783e-17
0.0
-4.440892098500626e-15
3.552713678800501e-15
-2.220446049250313e-15
-1.3322676295501878e-15
0.0
-9.788351462702849e-09
-2.065702631171007e-08
-9.0903355953742e-09
2.1517010395655234e-11
5.592548646404793e-11
9.690142022122927e-10
-9.0027221233413e-09
-2.544204846799403e-09
7.673861546209082e-10
7.993605777301127e-15
3.858025010572419e-15
-3.469446951953614e-18
0.0
2.6645352591003757e-15
1.7763568394002505e-15
-1.6653345369377348e-15
-1.3322676295501878e-15
-4.440892098500626e-16
3.5551011023926545e-09
2.979163582494948e-09
3.3428193546569673e-09
2.6892266191680392e-11
-1.4586554186735157e-11
5.59086998919156e-10
3.243808777142476e-09
1.6578667327848962e-09
2.0538948319881456e-10
-4.440892098500626e-15
-4.208439152719734e-15
3.469446951953614e-18
4.440892098500626e-16
9.769962616701378e-15
-2.3314683517128287e-15
9.992007221626409e-16
1.5543122344752192e-15
6.661338147750939e-16
-2.1821335849381285e-09
6.473896974057425e-10
-1.6171668448805578e-09
8.08952904662874e-12
-1.9752630087133127e-11
-2.700369927666202e-10
-1.6730510310480897e-09
-1.011024153285689e-09
-1.894235879262851e-10
-1.0436096431476471e-14
4.524158825347513e-15
8.348356728138384e-18
-8.881784197001252e-16
-8.881784197001252e-15
3.58046925441613e-15
-2.220446049250313e-16
-1.2888995426507677e-15
-4.440892098500626e-16
-2.169798563045333e-09
5.141771453054389e-10
-1.6070700326054068e-09
6.3380412029800945e-12
-1.1937117960769683e-11
-3.9720515765395703e-10
-1.6278960401905351e-09
-9.542802104078874e-10
-1.5805312614247669e-10
2.220446049250313e-16
-3.7192471324942744e-15
-3.469446951953614e-17
-4.440892098500626e-16
2.220446049250313e-15
0.0
1.7763568394002505e-15
0.0
-4.440892098500626e-16
-1.069238919626514e-09
5.792628599010641e-10
-8.847642618547981e-10
1.2168044349891714e-12
-5.525802038164329e-12
-4.318183588480906e-10
-8.856346767061041e-10
-5.448157480714144e-10
-7.665335033379961e-11
1.021405182655144e-14
-1.0269562977782698e-15
-3.469446951953614e-18
1.3322676295501878e-15
-1.2212453270876722e-14
-2.6645352591003757e-15
-4.440892098500626e-16
6.661338147750939e-16
1.2212453270876722e-15
2.878763893932046e-10
-1.389125259265711e-09
1.402015170626214e-10
8.137490681292547e-12
3.446132268436486e-12
-4.2434677993696823e-10
1.169819796587035e-10
1.680078298704757e-10
-5.0675907914410345e-11
-8.881784197001252e-15
3.0253577421035516e-15
6.938893903907228e-18
-1.3322676295501878e-15
1.1324274851176597e-14
4.440892098500626e-16
-4.440892098500626e-16
4.440892098500626e-16
-6.106226635438361e-16
-6.520011197608255e-10
-7.878142582740111e-10
-5.709099859529942e-10
-2.327027459614328e-12
-1.3653966846050025e-11
-1.3134582310669884e-10
-5.026796756624208e-10
-3.2036417962899577e-10
-1.3067591453364003e-10
5.773159728050814e-15
-8.881784197001252e-16
-5.551115123125783e-17
2.6645352591003757e-15
-1.7763568394002505e-15
0.0
-2.220446049250313e-16
-3.1086244689504383e-15
2.7755575615628914e-17
3.098321599281917e-10
-7.568701221316587e-10
1.2397105564332378e-10
-1.781241820708601e-11
-1.8845369709197257e-11
-2.2443535918625912e-10
1.9460133504622945e-10
7.564882054111877e-11
-8.58619841892505e-11
1.4654943925052066e-14
5.051514762044462e-15
5.551115123125783e-17
-1.7763568394002505e-15
-3.552713678800501e-15
4.440892098500626e-16
2.220446049250313e-16
1.7763568394002505e-15
8.604228440844963e-16
4.925837515656895e-10
-7.412239710902213e-10
4.4750647631985885e-10
2.1886492618250486e-11
2.220268413566373e-11
-1.422315598631485e-10
4.1090530977783146e-10
2.2280399747387492e-10
-4.736477876576827e-11
-2.708944180085382e-14
-6.453171330633722e-15
0.0
-2.220446049250313e-16
6.217248937900877e-15
4.440892098500626e-16
-6.217248937900877e-15
-2.220446049250313e-15
4.996003610813204e-16
1.7816432773543054e-09
-1.8351613562117564e-09
1.45870160395134e-09
1.1165988134109739e-09
8.845590926398473e-10
-8.392198047602051e-11
3.091376044039862e-10
1.7634516069620076e-10
-8.213874025386758e-12
7.327471962526033e-15
-6.38378239159465e-16
0.0
2.6645352591003757e-15
8.881784197001252e-16
-8.881784197001252e-16
6.661338147750939e-16
2.9976021664879227e-15
-5.828670879282072e-16
1.8969146253766667e-09
-1.4885586097079795e-09
1.3300898160650831e-09
1.2066024290824373e-09
9.02671715152792e-10
4.0630387942997004e-11
1.5362111582817306e-10
1.0224976421113752e-10
3.226574563086615e-11
-4.884981308350689e-15
3.5318969970887792e-15
-5.551115123125783e-17
-2.518818487118324e-15
-8.881784197001252e-16
-2.220446049250313e-16
-2.220446049250313e-16
-1.3322676295501878e-15
4.2327252813834093e-16
1.6839294403325764e-09
-1.078177547242376e-09
1.233626534258292e-09
1.1705107993975616e-09
8.618590285891514e-10
-2.968497669897374e-10
6.964739895920502e-11
4.703881728573833e-11
7.690914571867324e-11
1.9984014443252818e-15
-2.229119666630197e-16
2.3592239273284576e-16
-1.9984014443252818e-15
-8.881784197001252e-16
2.220446049250313e-16
-2.220446049250313e-16
-7.216449660063518e-16
4.926614671774132e-16
-5.387637003195778e-10
8.181899602277554e-10
-3.6920155821462686e-10
-1.1391598775389866e-10
-7.104161703352929e-11
-4.1990536048253086e-10
-2.5751090149128686e-10
-1.2685408279367039e-10
5.977085493213963e-11
8.215650382226158e-15
-1.2559397966072083e-15
-2.1423834928313568e-16
1.9984014443252818e-15
-8.881784197001252e-16
0.0
6.217248937900877e-15
-4.593547764386585e-15
-1.829786322460336e-14
-9.20717724284259e-10
7.287752623597043e-10
-7.506795185463488e-10
-1.0456968624339424e-10
-6.347633529912855e-11
-3.582504570776024e-10
-6.491995829804864e-10
-3.502815815181748e-10
-6.0254023992456496e-12
9.547918011776346e-15
-1.1379786002407855e-15
1.3877787807814457e-16
-1.3322676295501878e-15
-1.7763568394002505e-15
0.0
2.220446049250313e-16
4.052314039881821e-15
-7.91033905045424e-16
-1.5389503005280858e-09
3.7481839854081045e-10
-1.3279448651815073e-09
5.1105786269545206e-12
1.1110223852028867e-11
-3.258038283604492e-11
-1.3286978184368081e-09
-7.383680333816756e-10
-1.2317968867137097e-10
-1.9984014443252818e-14
5.009881398621019e-15
-2.220446049250313e-16
-2.220446049250313e-16
1.7763568394002505e-15
-1.1102230246251565e-16
0.0
8.881784197001252e-16
1.3877787807814457e-15
-2.6499762384446517e-09
3.0678215523494146e-10
-2.2746604599888087e-09
2.7648994205264895e-11
2.042810365310288e-11
2.604800819483444e-10
-2.302522172925592e-09
-1.2844921237764595e-09
-2.829949607985327e-10
-2.6645352591003757e-15
9.159339953157541e-16
5.551115123125783e-17
2.886579864025407e-15
-1.7763568394002505e-15
2.7755575615628914e-17
-2.220446049250313e-16
7.771561172376096e-16
-1.4432899320127035e-15
-3.773266143980436e-09
6.280487241383526e-10
-3.320117514249432e-09
1.742019861694644e-10
1.1395595578278518e-10
2.2307033997748252e-10
-3.4930929260212906e-09
-1.960631212938324e-09
-4.2592773752403446e-10
-4.884981308350689e-15
-4.038436252074007e-15
5.551115123125783e-17
-1.9984014443252818e-15
6.661338147750939e-16
2.7755575615628914e-16
-2.220446049250313e-16
-2.1094237467877974e-15
1.1102230246251565e-15
-4.998739200345881e-09
3.919851110367745e-09
-4.6622048444078246e-09
1.8838264281839656e-11
1.3159251466277055e-11
2.096816054120154e-10
-4.693344379802511e-09
-2.6279813880591973e-09
-3.1964475510903867e-10
1.9984014443252818e-14
2.1510571102112408e-16
-1.1102230246251565e-16
-6.661338147750939e-16
-3.3306690738754696e-16
-5.551115123125783e-17
1.2212453270876722e-15
-4.440892098500626e-16
-8.881784197001252e-16
-3.3073206395783927e-09
1.441851793515525e-08
-5.2488431379060785e-09
1.6722667695034943e-10
1.1332623728321778e-10
1.3118439667891835e-10
-5.400165647984068e-09
-3.3241658314864253e-09
7.60195462135016e-10
1.1546319456101628e-14
-5.342948306008566e-16
0.0
1.3877787807814457e-15
-2.220446049250313e-15
4.996003610813204e-16
-1.5543122344752192e-15
0.0
0.0
-6.155914888950065e-09
4.04655438046575e-08
-1.3489394490306951e-08
2.1238122371869395e-10
1.4740919596079038e-10
7.436518068004716e-11
-1.3702209145094457e-08
-9.414165447196865e-09
1.8148966773878783e-09
-2.708944180085382e-14
3.9968028886505635e-15
0.0
8.881784197001252e-16
3.9968028886505635e-15
5.551115123125783e-17
0.0
8.881784197001252e-16
0.0
4.564199684864434e-08
1.1047714032486056e-07
1.3354686245747871e-08
-1.6466188412778138e-09
-8.279785745912704e-10
-1.9319656985317124e-11
1.4934631309415636e-08
4.876801185105251e-10
1.2676416361045995e-08
4.440892098500626e-16
-6.342149028171207e-15
2.7755575615628914e-17
-5.551115123125783e-16
-1.5543122344752192e-15
-1.3100631690576847e-14
4.440892098500626e-16
3.552713678800501e-15
1.5959455978986625e-16
-6.514966344184358e-09
-2.420165401417762e-09
-3.6796983238218672e-09
-1.2533831750261015e-09
-7.546754332565797e-10
1.6129320101754274e-11
-2.431437717831386e-09
-4.99435826029071e-10
-2.8643354355040174e-10
1.4210854715202004e-14
2.248201624865942e-15
1.3877787807814457e-17
7.771561172376096e-16
-1.3322676295501878e-15
1.2545520178264269e-14
0.0
-4.440892098500626e-15
-8.881784197001252e-16
-5.937835112490575e-09
-4.188393631920917e-09
-3.5214142712902685e-09
-2.2459580861777795e-09
-1.282823736126204e-09
-1.7284662590100197e-10
-1.4120318247989871e-09
-6.216360759481177e-11
-2.4728219472081037e-11
1.9984014443252818e-15
3.552713678800501e-15
-3.469446951953614e-17
1.2212453270876722e-15
-2.220446049250313e-16
-2.914335439641036e-14
-4.440892098500626e-16
0.0
2.6645352591003757e-15
-3.6233274158803393e-09
-2.8301201382419094e-09
-2.156145484377703e-09
-5.909477351906389e-10
-4.450610990858195e-10
2.4016344468691386e-12
-1.5370789085977778e-09
-2.887388106387334e-10
4.025518807182493e-11
-1.1546319456101628e-14
-5.551115123125783e-17
6.938893903907228e-18
-3.774758283725532e-15
2.1094237467877974e-15
1.3877787807814457e-16
1.3322676295501878e-15
1.7763568394002505e-15
-8.881784197001252e-16
-9.315357374362065e-10
-6.414779818442184e-10
-5.218083742875024e-10
5.420766058250592e-10
2.463056425483501e-10
1.5293721844500396e-10
-1.049394349195154e-09
-3.0966251785002896e-10
2.4801383169403834e-11
2.6645352591003757e-15
-6.8833827526759706e-15
0.0
1.5543122344752192e-15
-1.1657341758564144e-15
0.0
-1.3322676295501878e-15
2.6645352591003757e-15
-1.3322676295501878e-15
1.6041852290982206e-09
5.60085311462899e-10
1.0354437307569242e-09
4.862918956405338e-10
2.2318058512382777e-10
1.4937739933884586e-10
5.695195426369537e-10
3.1947722245462273e-10
8.128819839470225e-11
1.7319479184152442e-14
8.520961713998076e-15
-2.1010970741031088e-14
1.5987211554602254e-14
-3.574918139293004e-14
-6.439293542825908e-15
1.7319479184152442e-14
5.1958437552457326e-14
1.1102230246251565e-15
2.7939286439959687e-09
1.4172201190376654e-09
1.916633962650849e-09
-2.093347717391225e-10
-1.7643175809212153e-10
6.085087989049498e-11
2.176495428329872e-09
1.0265583938462441e-09
1.5145906751001803e-10
-8.215650382226158e-15
-3.649858193455202e-15
-1.4849232954361469e-15
1.7763568394002505e-15
-1.5543122344752192e-15
2.220446049250313e-16
-1.3322676295501878e-15
1.199040866595169e-14
-1.1102230246251565e-15
4.267775466360035e-09
8.943743523559534e-10
3.299670758849515e-09
3.365716594316837e-10
1.689508533075923e-10
1.7131185359176015e-10
2.9712694527006533e-09
1.5791279395216407e-09
3.4340397192522687e-10
-1.5987211554602254e-14
6.772360450213455e-15
-7.806255641895632e-18
-4.440892098500626e-16
2.220446049250313e-16
0.0
-4.440892098500626e-16
-6.439293542825908e-15
4.440892098500626e-16
5.8093370114420395e-09
4.688729404733749e-10
4.551700127919389e-09
7.840688098781357e-10
4.298406075520233e-10
2.091695705530583e-10
3.772630208231931e-09
2.0529391520085483e-09
5.057543273068177e-10
1.021405182655144e-14
-6.779299344117362e-15
1.3877787807814457e-17
4.440892098500626e-16
-2.220446049250313e-16
-1.1102230246251565e-16
1.3322676295501878e-15
-4.440892098500626e-16
-2.6645352591003757e-15
7.539449953242183e-09
1.3193641734687844e-09
5.839038585975231e-09
1.1770042718239893e-09
6.679652386765156e-10
2.1585577769656084e-10
4.658740948570994e-09
2.2599202509354654e-09
5.254690016442964e-10
-5.551115123125783e-15
-8.784639682346551e-15
-1.174060848541103e-14
7.771561172376096e-15
1.0769163338864018e-14
-1.2101430968414206e-14
1.887379141862766e-14
4.707345624410664e-14
-2.220446049250313e-15
6.459000445602214e-09
3.276412030572828e-09
5.390868196286647e-09
1.0492602342537793e-09
5.748388431925378e-10
1.503224211774068e-10
4.361146110909431e-09
1.6953842774114491e-09
2.7990387785337134e-10
8.43769498715119e-15
1.0366707492437399e-14
1.5543122344752192e-15
3.552713678800501e-15
9.992007221626409e-16
2.1094237467877974e-15
1.7763568394002505e-15
3.1086244689504383e-15
-8.881784197001252e-16
1.2382845859804092e-09
5.433285821254685e-09
1.8089245656938147e-09
1.0055192234403876e-09
5.674785086284828e-10
6.721023737554788e-11
8.346718871621306e-10
-7.597591444863383e-10
-5.583540296782985e-10
-2.220446049250313e-15
-5.689893001203927e-16
5.551115123125783e-17
-2.220446049250313e-16
2.220446049250313e-16
-2.220446049250313e-16
-4.440892098500626e-16
0.0
8.881784197001252e-16
-1.770535362766168e-08
1.5914316975340626e-08
-1.320399078963419e-08
9.53040313333986e-10
5.612141862343378e-10
-8.22808488010196e-12
-1.4160321804013165e-08
-1.1701755120441248e-08
-3.2294273921706917e-09
-1.5765166949677223e-14
3.1363800445660672e-15
5.551115123125783e-17
-2.220446049250313e-16
-1.5543122344752192e-15
1.942890293094024e-16
2.220446049250313e-16
-2.6645352591003757e-15
-1.3322676295501878e-15
-6.941428054574317e-08
5.717906503832637e-08
-5.161473026760177e-08
-2.8207125524204457e-10
-1.8639534360431753e-10
-2.956710432044929e-10
-5.1341002227367476e-08
-4.0337395201817117e-08
-7.475898733400044e-09
1.8318679906315083e-14
-1.1796119636642288e-15
0.0
2.220446049250313e-16
3.774758283725532e-15
2.7755575615628914e-16
2.0539125955565396e-15
1.7763568394002505e-15
4.440892098500626e-16
-8.036118970267125e-08
7.178332950275035e-08
-5.606189645845916e-08
-9.791030208816665e-10
-6.184408540832464e-10
-5.130544877829379e-10
-5.5104288243512656e-08
-4.298460876128729e-08
-4.7538042668993086e-09
-1.3988810110276972e-14
-2.9004576518332215e-15
-3.3306690738754696e-16
0.0
-1.1102230246251565e-16
-2.498001805406602e-16
-2.609024107869118e-15
-3.552713678800501e-15
-2.220446049250313e-15
-3.239712498270819e-08
3.090495148683203e-08
-2.1637504232785432e-08
7.79802888928316e-10
3.513203200578019e-10
-3.491038569336524e-10
-2.2437758318005763e-08
-1.7194176749057988e-08
-3.5500916963082663e-10
-1.3322676295501878e-15
1.5265566588595902e-15
-2.498001805406602e-16
-3.530509218307998e-14
1.5879658699091692e-14
1.637578961322106e-14
8.548717289613705e-15
-3.552713678800501e-15
-7.105427357601002e-15
-1.0796966876114311e-08
6.613497305352212e-09
-7.0077739167118125e-09
7.31667171294248e-10
3.2426406004759656e-10
-4.462279434847005e-10
-7.739624052760519e-09
-5.52837597922462e-09
6.097762295098619e-10
1.2212453270876722e-14
5.551115123125783e-17
0.0
0.0
1.5543122344752192e-15
6.661338147750939e-16
-1.4432899320127035e-15
8.881784197001252e-16
2.220446049250313e-16
-4.080334292666521e-09
-3.418275440481011e-09
-2.536287624366196e-09
-5.872671238194016e-10
-4.2245099779458783e-10
-7.101945698195777e-10
-1.95614191511595e-09
-1.0840164321734846e-09
7.618634612072128e-10
-9.325873406851315e-15
-1.0547118733938987e-15
-2.0816681711721685e-16
-8.881784197001252e-16
-3.3306690738754696e-16
-4.440892098500626e-16
-2.55351295663786e-15
-3.1086244689504383e-15
2.220446049250313e-16
1.587508791089931e-09
-9.753698293479829e-09
1.6716530382154815e-09
-1.0501075564661733e-09
-6.118443529601336e-10
-7.976339588822157e-10
2.7133371105492188e-09
2.212505734178194e-09
1.1335776761711713e-09
2.042810365310288e-14
2.942091015256665e-15
7.216449660063518e-16
3.3084646133829665e-14
-2.3869795029440866e-14
-2.220446049250313e-16
-3.219646771412954e-15
-4.440892098500626e-16
5.745404152435185e-15
7.640679200449085e-09
-1.6373515876466627e-08
6.0059761608499684e-09
-2.702774892782145e-09
-1.4990586549856744e-09
-1.0979519515785796e-09
8.623975422672459e-09
6.252088624592034e-09
1.9914724314062937e-09
-1.865174681370263e-14
-1.787459069646502e-14
1.3503195957220715e-15
9.658940314238862e-15
-6.661338147750939e-16
2.4424906541753444e-15
-4.307535231284909e-16
5.551115123125783e-16
4.6629367034256575e-15
1.0803972827488906e-08
-1.9415500318586965e-08
8.08473110680552e-09
-3.5327438752119633e-09
-1.934617799292937e-09
-1.2578311725519598e-09
1.1577009129126736e-08
8.268905560271378e-09
2.421903566585115e-09
1.1102230246251565e-15
8.326672684688674e-17
-2.5326962749261384e-16
2.7755575615628914e-16
4.440892098500626e-16
4.440892098500626e-16
-1.3877787807814457e-16
1.2212453270876722e-15
4.440892098500626e-16
6.938307706150226e-09
-1.9278989071835895e-08
6.096021465396006e-09
-3.842259843622742e-09
-1.952480843669946e-09
-1.5925181173770397e-09
9.88751125419185e-09
7.045954042439462e-09
1.9685759133913905e-09
3.9745984281580604e-14
-2.6367796834847468e-15
1.3877787807814457e-17
-1.5543122344752192e-15
-2.6645352591003757e-15
0.0
-1.6930901125533637e-15
2.706168622523819e-16
1.1102230246251565e-16
1.4374336387845688e-08
-2.6155788646065048e-08
1.1776782216088579e-08
-2.1088659707402257e-09
-7.70052466236848e-10
-1.2721059761133802e-09
1.38206671662644e-08
9.936233613672131e-09
2.7994473406067755e-09
-5.617728504603292e-14
-1.6237011735142914e-14
6.472600233564663e-14
-2.1316282072803006e-14
-1.7763568394002505e-14
-1.1546319456101628e-14
5.873079800267078e-14
-7.505107646466058e-14
-1.163513729807164e-13
-1.6735672403456192e-08
-4.968524081050418e-08
-1.926274251218274e-08
-5.493403065770508e-09
-2.032956913922135e-09
-1.7160708409846848e-09
-1.3690375055830373e-08
-5.874742470268757e-09
-3.0910205783829525e-09
3.1530333899354446e-14
1.2628786905111156e-15
2.498001805406602e-16
4.440892098500626e-16
1.7763568394002505e-15
2.6645352591003757e-15
-1.0460382560140147e-15
4.440892098500626e-16
0.0
2.4601419568170968e-08
-4.669288955483353e-09
1.830950679959642e-08
3.7772451833006926e-11
5.562217353372034e-11
1.5539936004671517e-09
1.838085950112145e-08
1.0883994150390208e-08
1.8435817317197234e-09
-2.9976021664879227e-14
2.3522850334245504e-15
-5.551115123125783e-17
4.440892098500626e-16
-8.881784197001252e-16
-3.1086244689504383e-15
1.4988010832439613e-15
1.3322676295501878e-15
0.0
-3.87869647511252e-09
-7.832397841411876e-09
-4.893564664598671e-09
-1.0283329743288052e-11
-1.9539481144192905e-11
6.627974835637929e-10
-4.906787864911166e-09
-2.21971419023248e-09
-7.266605095423984e-10
0.0
1.4710455076283324e-14
-1.1828038548600261e-13
1.3766765505351941e-14
1.2434497875801753e-14
2.6645352591003757e-15
-8.737455203799982e-14
7.061018436615996e-14
1.2656542480726785e-13
-6.8444379053289595e-09
-7.1403007950721076e-09
-6.6123604369749955e-09
-9.771738973540778e-12
1.3516743280206356e-11
4.1814318674227025e-10
-6.63553834101549e-09
-3.228088019113784e-09
-9.123493072138444e-10
1.2878587085651816e-14
3.1086244689504383e-15
-1.3877787807814457e-17
-8.881784197001252e-16
0.0
-1.3322676295501878e-15
1.7763568394002505e-15
9.71445146547012e-16
1.1102230246251565e-15
-1.3130190268384467e-09
-6.232141913642408e-09
-1.8684396252410806e-09
-3.61684016070285e-11
-3.86477516656214e-11
-2.7693364268444043e-10
-1.8276082869306265e-09
-5.631619615087402e-10
-4.0878411766698264e-10
1.4432899320127035e-14
-2.1649348980190553e-15
-1.942890293094024e-16
0.0
1.7763568394002505e-15
-1.3877787807814457e-15
4.440892098500626e-16
-2.220446049250313e-16
0.0
1.1265655075476388e-09
-5.9973217503284104e-09
3.1727509508527874e-10
-3.150724126044224e-11
-1.7766232929261605e-11
-6.191929191601275e-10
3.577724783099256e-10
6.412577135961328e-10
-1.7247359096472792e-10
-1.9984014443252818e-14
1.1102230246251565e-15
2.7755575615628914e-17
8.881784197001252e-16
2.220446049250313e-15
2.1094237467877974e-15
0.0
1.5543122344752192e-15
-1.1102230246251565e-16
2.2802790766718317e-09
-6.22819840145894e-09
1.3905356865961949e-09
-2.6059154834001674e-11
-3.6912695122737205e-12
-6.365612481573635e-10
1.4259988745379815e-09
1.228070090064648e-09
-7.823075520718703e-11
5.10702591327572e-15
-2.7478019859472624e-15
0.0
-8.881784197001252e-16
-3.774758283725532e-15
-8.881784197001252e-16
-7.105427357601002e-15
-1.1102230246251565e-15
-4.440892098500626e-16
2.3119444136909806e-09
-7.296577564375183e-09
1.5647874107571624e-09
-2.3085533484845655e-11
-9.166001291305292e-12
-6.875247038351517e-10
1.5943761866310524e-09
1.3387690955823928e-09
-1.4624390587414382e-10
6.217248937900877e-15
2.3037127760972e-15
-5.551115123125783e-17
-4.440892098500626e-16
-2.220446049250313e-15
-1.7763568394002505e-15
-1.3322676295501878e-15
2.886579864025407e-15
-5.551115123125783e-16
1.2154899309280154e-10
-7.678679025957535e-09
-7.183942329902493e-11
-5.872635711057229e-12
9.059419880941277e-13
-3.0811286855225717e-10
-7.711165039836487e-11
2.7487256915037506e-10
-4.928324415232055e-10
-1.509903313490213e-14
5.551115123125783e-16
0.0
8.881784197001252e-16
3.1086244689504383e-15
3.552713678800501e-15
4.440892098500626e-16
-2.4424906541753444e-15
2.5153490401663703e-16
-8.867058198802623e-10
-3.76860498363385e-09
-1.0721024068516272e-09
-1.0377476655776263e-11
3.33244543071487e-12
-3.5736724690593746e-10
-1.061650323208596e-09
-5.978755268642999e-10
-6.745821679032815e-10
1.2656542480726785e-14
-3.3861802251067274e-15
-5.551115123125783e-17
-2.220446049250313e-16
2.220446049250313e-15
-1.3322676295501878e-15
5.773159728050814e-15
-6.217248937900877e-15
2.1094237467877974e-15
1.896680146273866e-09
-3.406420034934854e-09
1.3834107193133605e-09
-4.4657610942522297e-11
-3.6429526062420337e-11
-2.2097790264297146e-10
1.4286403171581696e-09
8.047447153103349e-10
-3.1076297091203737e-10
1.176836406102666e-14
1.3877787807814457e-16
8.326672684688674e-17
-1.4432899320127035e-15
-3.552713678800501e-15
-4.440892098500626e-16
0.0
8.881784197001252e-16
-8.881784197001252e-16
7.828134584997315e-09
-5.2784940862693475e-09
6.265378438286007e-09
2.027444878649476e-09
1.4907926004781302e-09
1.3021761446907476e-10
4.231498706985804e-09
2.378335750563565e-09
7.823075520718703e-11
-1.6209256159527285e-14
2.7755575615628914e-17
5.551115123125783e-17
1.1379786002407855e-15
1.7763568394002505e-15
1.3322676295501878e-15
4.440892098500626e-16
1.6653345369377348e-15
-2.220446049250313e-16
1.428185925078651e-08
-8.018574249035737e-09
1.1474632799490792e-08
3.280542282269039e-09
2.5508081202829658e-09
1.1400613786349822e-10
8.191482159247698e-09
4.606522274741565e-09
6.117062412158703e-10
1.176836406102666e-14
1.1934897514720433e-15
-2.7755575615628914e-16
-6.661338147750939e-16
2.6645352591003757e-15
-1.1102230246251565e-15
-7.549516567451064e-15
6.439293542825908e-15
-5.329070518200751e-15
1.3899278394902126e-08
-4.004441223059985e-09
1.1671252408973487e-08
9.61626334117227e-11
8.692957464973006e-11
-1.7361478921174012e-10
1.1561667623283256e-08
6.521016615579356e-09
1.095756374525081e-09
6.661338147750939e-15
2.7478019859472624e-15
5.551115123125783e-17
6.661338147750939e-16
-1.7763568394002505e-15
2.220446049250313e-16
0.0
1.582067810090848e-15
2.886579864025407e-15
1.490787759905743e-08
-3.869168097025977e-09
1.2656774295294326e-08
-1.3890222305690259e-11
-1.9471535495085845e-11
-3.773041601373706e-10
1.2667564774915263e-08
7.1797789935601494e-09
1.3281535871101369e-09
-1.4654943925052066e-14
-5.1486592766991635e-15
-2.7755575615628914e-17
6.661338147750939e-16
1.7763568394002505e-15
1.1102230246251565e-16
-3.3306690738754696e-16
-1.3322676295501878e-15
0.0
1.5557917176778346e-08
-4.98491203870799e-09
1.3484097394211858e-08
-2.1689317009077058e-11
-3.576516860448464e-11
-4.344719028992472e-10
1.350333889149624e-08
7.671323132285579e-09
1.3824816846863541e-09
-3.4861002973229915e-14
5.662137425588298e-15
-2.7755575615628914e-17
-1.1102230246251565e-16
-8.881784197001252e-16
0.0
2.220446049250313e-16
-4.440892098500626e-16
0.0
-3.1132296740565835e-10
3.3139713195851073e-10
-7.310685390393701e-11
-4.122036045828281e-11
-3.992184360868123e-11
-3.286237948429971e-10
-3.277378368693462e-11
-1.1947776101806083e-11
-8.588241229290361e-12
3.9745984281580604e-14
-2.942091015256665e-15
3.469446951953614e-18
-2.220446049250313e-16
-1.3322676295501878e-15
1.1102230246251565e-16
-4.440892098500626e-16
-4.440892098500626e-16
8.881784197001252e-16
-2.680469179949796e-10
-2.127080733771436e-10
-1.3603163040443178e-10
-6.854961043245567e-11
-2.064481918750971e-11
2.6690871735013392e-11
-6.206590796864475e-11
-2.885691685605707e-11
4.3753334288965115e-12
9.103828801926284e-15
-3.3306690738754696e-16
0.0
-1.960237527853792e-15
4.440892098500626e-16
0.0
6.38378239159465e-16
-6.661338147750939e-16
-8.881784197001252e-16
8.395915074288494e-09
-1.3264781273392146e-08
7.744958452349238e-09
-1.765592116953485e-10
-9.635314768274839e-11
2.7982860473230176e-10
7.920561984064989e-09
4.277394438645388e-09
-7.675780011595634e-10
-5.329070518200751e-15
1.1657341758564144e-15
0.0
8.881784197001252e-16
-4.440892098500626e-16
-1.1102230246251565e-16
-5.551115123125783e-16
4.440892098500626e-16
2.6645352591003757e-15
-5.259007451741127e-08
4.442865275677832e-08
-3.441833484885137e-08
-3.295359007893239e-08
-2.269627863427104e-08
-7.162557658091372e-09
-1.4373711110238219e-09
-8.401013218417575e-10
-1.1398455512789951e-09
-7.993605777301127e-15
2.7755575615628914e-17
6.938893903907228e-18
-8.326672684688674e-17
4.440892098500626e-16
0.0
6.661338147750939e-16
0.0
-8.326672684688674e-16
6.984974731949478e-08
-6.320692591543775e-08
4.916039131330763e-08
5.3482565931517456e-08
3.49683180189686e-08
9.71699876117782e-09
-4.277399767715906e-09
-2.3211850219695407e-09
-1.614381517356378e-09
9.103828801926284e-15
-2.942091015256665e-15
-2.789435349370706e-15
7.216449660063518e-16
1.3322676295501878e-15
-1.1102230246251565e-16
-1.1657341758564144e-15
3.9968028886505635e-15
0.0
3.377988377906149e-08
-6.262189344852231e-08
2.3348103894704764e-08
2.0268711153903496e-08
1.8086726782939877e-08
6.437353761157282e-09
2.9102373844125395e-09
1.681197403513579e-09
-5.011884240957443e-10
1.2434497875801753e-14
9.71445146547012e-17
0.0
4.440892098500626e-16
0.0
1.5612511283791264e-16
2.7755575615628914e-16
-3.552713678800501e-15
-4.440892098500626e-16
3.4066260923282243e-09
-4.776609330292558e-08
6.340641789392976e-09
-1.4212030663429687e-08
-1.3492105210843874e-09
5.876529485249193e-09
2.0491892627205743e-08
1.1555989942735323e-08
2.5837749717538827e-09
-1.709743457922741e-14
-5.051514762044462e-15
-3.241851231905457e-14
3.1530333899354446e-14
2.786659791809143e-14
-2.3592239273284576e-15
3.108624468950438e-14
-1.1546319456101628e-14
3.375077994860476e-14
-6.07572303579218e-08
3.6557227645062085e-07
6.194633073164368e-08
3.631643608059676e-08
1.8185063899167627e-08
5.468585850820773e-08
2.610250149359672e-08
1.5132965103248353e-08
3.2820892670315516e-09
0.0
8.18789480661053e-15
4.2521541843143495e-14
-2.9531932455029164e-14
-1.9290125052862095e-14
0.0
-4.440892098500626e-16
-5.329070518200751e-15
-3.108624468950438e-14
-8.871752044115055e-08
-7.185106198903668e-08
-7.318259775956903e-08
-5.706125705273735e-08
-3.4403990767373216e-08
-1.084350031987924e-08
-1.583105024849374e-08
-5.2111506221308446e-09
-7.081538910824747e-09
-7.993605777301127e-15
-4.912736883966318e-15
-1.1102230246251565e-16
-6.661338147750939e-16
-4.996003610813204e-16
5.551115123125783e-17
4.440892098500626e-16
-2.6645352591003757e-15
0.0
-5.57626833597169e-09
-2.5220145971616144e-09
-4.841602674332535e-09
-5.9229705584584735e-09
-3.199307485601821e-09
-7.128875267881085e-10
9.005035050968502e-10
5.496110233593754e-10
7.194567164248156e-11
8.43769498715119e-15
1.7208456881689926e-15
9.71445146547012e-17
2.220446049250313e-16
-2.220446049250313e-15
0.0
4.440892098500626e-16
2.6645352591003757e-15
-8.881784197001252e-16
-1.092033130589698e-09
5.028674365803454e-09
5.509868117314909e-10
8.007461360648449e-10
7.139737689954018e-10
1.0717400300563895e-09
-4.5219605837587546e-10
-1.1869083493820654e-10
2.007938260106812e-11
-9.547918011776346e-15
1.1435297153639112e-14
2.675810961694225e-14
-9.103828801926284e-15
4.9960036108132044e-15
9.159339953157541e-16
-1.0658141036401503e-14
2.7533531010703882e-14
8.881784197001252e-15
6.655227480223402e-10
3.323663122500875e-09
1.3491145978150598e-09
1.5568133449050947e-09
9.647431742365598e-10
7.017462166913901e-10
-4.0297920556042754e-10
-3.0040325782465516e-10
-1.142635985829088e-11
2.020605904817785e-14
2.3592239273284576e-15
8.326672684688674e-17
1.1102230246251565e-16
1.1102230246251565e-16
-1.3877787807814457e-17
4.440892098500626e-16
-1.1546319456101628e-14
-1.3322676295501878e-15
7.763247822367703e-10
-2.8181545985717094e-10
1.1209518868682267e-09
1.2587646480710646e-09
6.806928354308184e-10
1.2866507859143894e-10
-2.1785651060923783e-10
-1.5737500191903564e-10
-2.2766399876417154e-11
-2.4646951146678475e-14
-4.163336342344337e-16
0.0
6.661338147750939e-16
1.0547118733938987e-15
1.1796119636642288e-16
-2.6645352591003757e-15
7.993605777301127e-15
0.0
-1.0006999673350947e-09
-2.2798509746735363e-09
-3.8373126898250115e-10
-2.9837088355577635e-10
-2.431432832850078e-10
-2.609468197078968e-10
-1.2435563689905393e-10
8.134870554954432e-11
-3.048894470225605e-12
3.3306690738754696e-14
5.551115123125783e-16
-2.55351295663786e-15
5.10702591327572e-15
2.609024107869118e-15
3.469446951953614e-16
4.440892098500626e-16
-3.1086244689504383e-15
5.828670879282072e-16
-1.3328218528840807e-09
-1.5846097767280298e-09
-4.516209628491197e-10
-3.114912772161915e-10
-2.225322148774467e-10
-2.864055659301812e-10
-1.2978018659737245e-10
5.114220158475291e-11
1.219380152406302e-11
-2.5646151868841116e-14
-4.052314039881821e-15
5.551115123125783e-17
-5.551115123125783e-16
-2.1649348980190553e-15
-2.7755575615628914e-17
4.440892098500626e-16
2.220446049250313e-16
4.440892098500626e-16
-1.3476224580699636e-09
-1.0147402917937143e-09
-3.8166270144301956e-10
-1.1331913185586018e-10
-7.078204689037193e-11
-2.68101985057001e-10
-2.4453994384998623e-10
-7.343281538396695e-11
2.728062220569427e-11
2.4424906541753444e-14
-3.58046925441613e-15
-9.43689570931383e-15
5.551115123125783e-16
6.661338147750939e-16
0.0
4.440892098500626e-16
-6.5503158452884236e-15
5.551115123125783e-16
-2.0331185623945203e-09
-1.0298322195012588e-09
-9.0386187423519e-10
-3.708074403085959e-10
-1.752065159621452e-10
-2.8607161084437394e-10
-5.369598099491668e-10
-1.9399948314458015e-10
3.132805126426774e-11
-3.352873534367973e-14
1.3877787807814457e-17
5.551115123125783e-17
-4.440892098500626e-16
-4.440892098500626e-16
2.7755575615628914e-17
-2.6645352591003757e-15
9.325873406851315e-15
-2.9976021664879227e-15
-2.916173968969815e-09
-1.5282637377822539e-09
-1.742407107485633e-09
-6.861426982140983e-10
-3.6140401782347453e-10
-2.9110225341355545e-10
-9.49643030878633e-10
-2.6330848612587943e-10
2.6828095300857058e-11
3.7969627442180354e-14
7.306655280814311e-15
2.3314683517128287e-15
-1.3100631690576847e-14
2.7755575615628914e-15
-1.2101430968414206e-14
0.0
-9.325873406851315e-15
-4.218847493575595e-15
-2.5709798734396827e-09
-2.2249082576308865e-09
-1.4649532698030043e-09
-3.1874947126198094e-11
-3.625277855690001e-11
-1.2934009419041104e-10
-1.439675045844524e-09
-3.549247562517621e-10
-1.7505996652289468e-12
-3.375077994860476e-14
-5.48172618408671e-16
-1.6653345369377348e-16
6.661338147750939e-16
2.9976021664879227e-15
1.2323475573339238e-14
-1.5543122344752192e-15
-1.021405182655144e-14
4.440892098500626e-16
-2.6345623460599654e-09
-2.891937356253038e-09
-2.0336572426060684e-09
-6.045901557172328e-10
-3.0373570325537003e-10
-1.694715479061415e-10
-1.47617651435894e-09
-4.064469871778442e-10
-1.3322454250896953e-11
8.548717289613705e-15
1.6375789613221059e-15
2.220446049250313e-16
0.0
3.3306690738754696e-16
1.1102230246251565e-16
1.887379141862766e-15
8.881784197001252e-15
0.0
-2.8617108682738038e-11
-2.017003453147481e-09
-8.837495180102905e-10
-1.3017462663356127e-09
-7.782965383285045e-10
-2.413074184914876e-10
3.6346659015862315e-10
2.1198143240752643e-10
2.633920859196337e-10
-2.3314683517128287e-15
1.4432899320127035e-15
-4.440892098500626e-16
-2.220446049250313e-16
1.6653345369377348e-15
-1.1102230246251565e-16
-1.942890293094024e-15
8.881784197001252e-16
8.881784197001252e-16
1.6986117401529558e-08
-3.9493812664659345e-09
1.3034097023911785e-08
-1.9656614114182958e-09
-1.0827818641701015e-09
-2.98001623377786e-10
1.500037072332816e-08
8.788443139895463e-09
2.1940693706312686e-09
2.7422508708241367e-14
-5.689893001203927e-15
5.551115123125783e-16
4.440892098500626e-16
1.1102230246251565e-16
3.3306690738754696e-16
4.364564265557647e-15
-1.7763568394002505e-15
-8.881784197001252e-16
5.46194200978789e-08
-2.930643461240834e-08
4.227159267067293e-08
-1.6113936851525068e-09
-8.806289031326742e-10
-2.3638335733267013e-10
4.3876055677571906e-08
2.8963030862527717e-08
4.204961268072793e-09
-1.2878587085651816e-14
-6.661338147750939e-16
-3.885780586188048e-16
0.0
-9.992007221626409e-16
0.0
-7.605027718682322e-15
-1.7763568394002505e-15
4.440892098500626e-16
4.495485228517282e-08
-3.5014281252188084e-08
3.225222977576436e-08
-1.6350476528259605e-10
-6.047073952686333e-11
-5.88471493756515e-11
3.24032072285263e-08
2.295552059550232e-08
1.3182707425674067e-09
-1.5987211554602254e-14
-1.0269562977782698e-15
1.942890293094024e-16
0.0
1.3183898417423734e-16
-3.3306690738754696e-16
4.107825191113079e-15
7.105427357601002e-15
0.0
1.629063461905389e-08
-1.847060104864795e-08
1.0582914100609742e-08
2.002811250179093e-09
1.1308038949664478e-09
2.476241434123949e-10
8.563373565806387e-09
7.602418250485243e-09
-4.706975989532403e-10
1.1546319456101628e-14
1.7208456881689926e-15
4.85722573273506e-16
-2.220446049250313e-16
-9.992007221626409e-16
6.661338147750939e-16
2.3314683517128287e-15
-5.329070518200751e-15
-2.220446049250313e-16
5.583871143244323e-09
-9.57003365442688e-09
3.198883824495624e-09
3.9905656556982194e-09
2.305462487584009e-09
5.758380439147004e-10
-7.866134410505765e-10
1.3346470595365645e-09
-5.524033452886101e-10
-1.1546319456101628e-14
3.3306690738754696e-15
-1.124100812432971e-15
-2.220446049250313e-16
1.0269562977782698e-15
-4.440892098500626e-16
3.3306690738754696e-16
0.0
0.0
1.0693952390283812e-09
-5.992159657353113e-09
-2.0794033162019332e-11
2.9780458099537555e-09
1.7378223304831408e-09
4.4812509258918e-10
-2.9463071982149813e-09
-7.506377741606228e-10
-4.81352041559191e-10
-1.554312234475219e-14
4.898859096158503e-14
5.064091507245294e-15
-6.439293542825908e-15
1.1601830607332886e-14
1.6653345369377348e-16
4.884981308350689e-15
-1.3322676295501878e-15
-1.8318679906315083e-14
-5.028724103794957e-09
-2.9035263082732854e-09
-5.1820272517488775e-09
-6.0003735313785e-10
-2.965663270515506e-10
-6.652101092186058e-11
-4.483376780939352e-09
-2.603592008654232e-09
-7.154870584891171e-10
-8.881784197001252e-15
-2.67841304690819e-14
4.0939474033052647e-16
1.1102230246251565e-14
3.9968028886505635e-15
-1.1102230246251565e-16
0.0
-4.440892098500626e-16
2.688821387764051e-17
-1.2703665674962396e-08
-3.4599736409290927e-09
-1.2988316200335248e-08
-6.511928773988984e-09
-3.6666985003819264e-09
-9.595311212251545e-10
-6.336465574463546e-09
-4.488581950568005e-09
-1.0785711213046056e-09
2.398081733190338e-14
-1.2906342661267445e-15
-4.579669976578771e-16
1.2212453270876722e-15
-1.7763568394002505e-15
-2.220446049250313e-16
3.3306690738754696e-16
1.1102230246251565e-15
4.440892098500626e-16
2.1152857243578183e-08
-5.0316700139774184e-08
6.9853705042532965e-09
-1.5772627648402704e-08
-8.969111675583008e-09
-2.4802915277177817e-09
2.2938811738981713e-08
1.5000617636928837e-08
4.978869733163194e-09
-2.2426505097428162e-14
3.039235529911366e-15
4.718447854656915e-16
-1.1102230246251565e-16
6.661338147750939e-16
0.0
-7.216449660063518e-16
-3.1086244689504383e-15
-4.440892098500626e-16
1.880655986497004e-08
-3.1494082008975965e-08
1.0055394739083567e-08
-1.669379656732417e-08
-9.554902646868868e-09
-2.4722766056584078e-09
2.6815280662617624e-08
1.7964149279237063e-08
5.594278429388311e-09
2.2648549702353193e-14
-1.3877787807814457e-15
3.1225022567582528e-15
-4.107825191113079e-15
-3.1086244689504383e-15
1.3322676295501878e-15
-8.1601392309949e-15
3.774758283725532e-15
1.2434497875801753e-14
-4.57646081031271e-08
1.9422273567215598e-07
1.3107294805081438e-08
-1.092335111252396e-09
-9.479208529228345e-10
7.702851689828094e-10
1.4160285388697957e-08
9.927521915642501e-09
2.2466295490630728e-08
-1.8207657603852567e-14
2.7408630920433552e-15
8.326672684688674e-17
-6.661338147750939e-16
0.0
-8.881784197001252e-16
-1.4988010832439613e-15
4.440892098500626e-16
-4.440892098500626e-16
1.1526620369295415e-07
9.85919257345813e-08
1.1412694345125374e-07
6.2222760277563785e-09
2.789803943414881e-09
2.3654109782000887e-09
1.0775433878507101e-07
6.201710611719591e-08
2.1986068077239906e-08
-3.9968028886505635e-15
-4.163336342344337e-17
1.9345636204093353e-14
9.103828801926284e-15
-1.4654943925052066e-14
-2.6645352591003757e-15
-4.9960036108132044e-15
-1.3322676295501878e-15
1.2434497875801753e-14
1.0604470368491548e-07
3.854692920413072e-08
9.162158320918934e-08
8.141292084928864e-09
3.056337405382692e-09
1.6090098142740317e-09
8.32817832474575e-08
4.743414550034686e-08
1.2876093080649298e-08
2.708944180085382e-14
3.774758283725532e-15
1.700029006457271e-16
8.881784197001252e-16
-2.6645352591003757e-15
1.3322676295501878e-15
-5.551115123125783e-16
-6.661338147750939e-16
-5.773159728050814e-15
1.5879066950219567e-08
1.28732438042789e-08
1.5892958060703677e-08
1.2541079286165768e-11
4.6422421462466446e-11
8.067383427956543e-10
1.588314546552283e-08
8.687469410517679e-09
3.2746143574513553e-09
4.6629367034256575e-15
-2.491062911502695e-15
-2.5673907444456745e-16
4.440892098500626e-16
4.440892098500626e-15
-2.220446049250313e-16
1.9984014443252818e-15
-3.3306690738754696e-16
0.0
-1.1794142551480036e-08
8.196302303531411e-09
-8.547058172325706e-09
-5.7838178690872155e-12
3.2294167340296553e-11
2.034813428863913e-10
-8.53549408930121e-09
-5.200489816559184e-09
-6.74020839142031e-11
-3.930189507173054e-14
-1.0016293350290084e-14
-6.800116025829084e-15
-1.7763568394002505e-15
-8.881784197001252e-16
2.55351295663786e-15
0.0
9.992007221626409e-16
-2.220446049250313e-16
-1.9192675893009437e-08
7.947255298290656e-09
-1.489529211085028e-08
2.2776447394790015e-11
5.0442428012331675e-11
-3.0349756041658793e-10
-1.490408152449163e-08
-8.780209448389087e-09
-8.212310831368086e-10
4.440892098500626e-16
7.147060721024445e-16
8.326672684688674e-17
0.0
1.7763568394002505e-15
2.8449465006019636e-16
-2.220446049250313e-15
1.609823385706477e-15
6.661338147750939e-16
-1.4299537554052222e-08
8.990543420850372e-09
-1.0947307060860112e-08
7.960210268720402e-11
6.156586351835358e-11
-3.323807895583286e-10
-1.1010584444193228e-08
-6.510034289419763e-09
-1.503934754509828e-10
6.217248937900877e-15
6.040307143351242e-15
-2.7755575615628914e-17
-8.881784197001252e-16
-5.329070518200751e-15
-1.1102230246251565e-15
4.440892098500626e-16
-1.9984014443252818e-15
-4.440892098500626e-16
-1.0228699665049135e-08
1.0497931413055994e-08
-7.644331390110892e-09
1.2672174420913507e-10
5.725020457703067e-11
-3.652624869232568e-10
-7.75552422282999e-09
-4.630233085833879e-09
4.5903902901045507e-10
1.865174681370263e-14
-4.787836793695988e-16
-2.2898349882893854e-16
4.440892098500626e-16
5.329070518200751e-15
-9.992007221626409e-16
2.220446049250313e-16
1.1102230246251565e-16
-8.881784197001252e-16
-6.534060403851072e-09
1.1760270979266352e-08
-4.7476866882334434e-09
1.403765992336048e-10
2.3154811401582265e-11
-3.3884939298900463e-10
-4.867988678824986e-09
-2.9683020486004352e-09
9.826806035562186e-10
8.215650382226158e-15
2.0122792321330962e-16
1.0549287138283958e-16
-2.220446049250313e-15
-4.440892098500626e-16
3.3306690738754696e-16
1.1102230246251565e-15
6.661338147750939e-16
1.4432899320127035e-15
-3.766107425917653e-09
1.2512813896137231e-08
-2.678792299093402e-09
1.3227463568910025e-10
-3.384847957477177e-11
-2.3617152677957165e-10
-2.7782078859672765e-09
-1.7556960330011862e-09
1.3260290643302142e-09
-1.4432899320127035e-14
-3.684552662974738e-15
-1.8735013540549517e-16
3.9968028886505635e-15
-6.571132527000145e-15
0.0
4.440892098500626e-16
7.771561172376096e-16
-3.3306690738754696e-16
-3.4273446303245687e-09
1.3380116570260723e-08
-2.5329853770017507e-09
1.007514072171034e-10
-8.213518754018878e-11
-5.029798799682795e-11
-2.6233131222852535e-09
-1.6027126292783578e-09
1.420559669895738e-09
4.440892098500626e-16
2.192690473634684e-15
2.3592239273284576e-16
-3.1086244689504383e-15
5.773159728050814e-15
1.7763568394002505e-15
-6.661338147750939e-16
-1.1102230246251565e-15
4.163336342344337e-17
-4.639341355527904e-09
1.4264458059187747e-08
-3.5883402915715124e-09
1.163478202670376e-10
-3.909406132152071e-11
-1.211113431764943e-10
-3.644974100325271e-09
-2.151462119570624e-09
1.3617125205200864e-09
4.440892098500626e-15
-1.061650767297806e-15
-1.1102230246251565e-16
2.220446049250313e-15
1.7763568394002505e-15
-1.3322676295501878e-15
2.220446049250313e-16
-3.3306690738754696e-16
1.1102230246251565e-16
-5.1000199619011255e-09
1.4442839813000319e-08
-4.098623662684986e-09
8.364047232589655e-10
5.951896753231267e-10
-7.936562518295887e-11
-4.751456117446651e-09
-2.7867441687590144e-09
1.3437357893053557e-09
7.549516567451064e-15
2.628453010800058e-14
-8.382183835919932e-15
-1.3322676295501878e-15
-4.440892098500626e-16
0.0
-1.2212453270876722e-14
1.2434497875801753e-14
-1.5543122344752192e-15
8.964789799392747e-09
9.541309964333777e-10
6.678217756572735e-09
1.2919956660084608e-08
9.926995225839619e-09
1.4590029184802233e-09
-6.232770743963556e-09
-3.558778161050213e-09
1.3307754898050916e-09
-1.9984014443252818e-14
-4.7600812180803587e-14
-5.745404152435185e-15
1.3322676295501878e-15
1.7763568394002505e-15
0.0
0.0
-1.1324274851176597e-14
-4.440892098500626e-16
9.28518630871622e-08
-8.670812690070306e-08
6.843498745467969e-08
7.878387719983948e-08
6.043990774529107e-08
6.844693922758438e-09
-1.0372189329643788e-08
-5.908447064939537e-09
1.100531221709389e-09
2.19824158875781e-14
2.220446049250313e-15
7.771561172376096e-16
-2.9976021664879227e-15
1.7763568394002505e-15
-2.220446049250313e-16
0.0
-4.440892098500626e-16
1.7763568394002505e-15
-2.4392853958943306e-08
3.275346216469188e-08
-2.1781849213198257e-08
-5.0657131822617885e-09
-3.768074519072684e-09
-7.392707557229982e-10
-1.671619331844454e-08
-9.315663795916862e-09
7.955662795211538e-10
-1.6431300764452317e-14
-1.582067810090848e-15
-3.0531133177191805e-16
1.609823385706477e-15
-1.7763568394002505e-15
6.661338147750939e-16
-2.220446049250313e-16
-1.609823385706477e-15
-1.3322676295501878e-15
-6.237895888716594e-08
4.077268300761716e-08
-5.6950753446471936e-08
9.498002384589199e-11
4.3787640180426024e-11
-4.4036907453914864e-10
-5.690646531775201e-08
-3.1011529566526974e-08
-4.2324046489738976e-09
2.220446049250313e-15
2.1094237467877974e-15
4.440892098500626e-16
-5.551115123125783e-16
-1.7763568394002505e-15
-2.220446049250313e-16
3.3306690738754696e-16
1.1102230246251565e-16
2.220446049250313e-16
-2.1073201139643063e-07
6.053068091205205e-08
-1.8506056065348275e-07
1.3320722302978538e-10
1.6564527527407336e-11
-2.618306682578009e-10
-1.8507559929048512e-07
-9.751002671976039e-08
-2.3074008481671626e-08
1.0658141036401503e-14
-6.453171330633722e-15
1.249000902703301e-16
1.6653345369377348e-15
-8.881784197001252e-16
0.0
0.0
3.885780586188048e-16
0.0
-3.9150505060092655e-10
-1.1086740414611995e-09
4.5369574763753917e-10
9.50635126173438e-11
8.048672839322535e-12
6.307965261242998e-11
3.008580051755416e-10
2.049418412752857e-10
8.8689056099156e-12
-1.509903313490213e-14
8.326672684688674e-16
-5.134781488891349e-16
-4.440892098500626e-16
1.7763568394002505e-15
1.1102230246251565e-16
-4.440892098500626e-16
-1.1102230246251565e-16
2.220446049250313e-15
-8.231753056975322e-10
-2.5069084585993547e-09
2.2500046270579332e-10
4.1168846109940205e-11
-6.288303211476887e-13
2.6437763089859345e-10
1.8662049683371151e-10
1.042419484065249e-10
-2.85858801907235e-11
-8.881784197001252e-15
3.3306690738754696e-16
1.942890293094024e-16
0.0
8.881784197001252e-16
-2.7755575615628914e-17
4.440892098500626e-16
-1.169203622808368e-15
-2.4424906541753444e-15
7.134804747011003e-09
-1.2937789506395347e-08
6.098609617311013e-09
4.409947962358274e-09
2.908508989207803e-09
7.544180835594716e-10
1.562238338692623e-09
1.137967942099749e-09
-3.432903961098077e-11
1.9095836023552692e-14
1.2212453270876722e-15
3.608224830031759e-15
3.530509218307998e-14
-1.0680345496894006e-13
9.00390872971002e-14
-3.3306690738754696e-15
-2.8976820942716586e-14
-3.5860203695392556e-14
9.039644055519602e-08
-9.255569466404268e-08
9.069839279618463e-08
-1.2788753167569666e-08
-7.77397968221294e-09
-1.613365441244241e-09
1.030364096266112e-07
5.536012359641517e-08
1.6559409399263814e-10
-3.175237850427948e-14
6.716849298982197e-15
1.6653345369377348e-16
4.440892098500626e-16
0.0
0.0
-4.218847493575595e-15
2.6645352591003757e-15
-1.0547118733938987e-15
1.4688453617850428e-06
-1.5588454971293686e-06
1.4337138622977363e-06
-4.045517698614276e-09
-3.263952663701275e-09
-1.2923777603646158e-09
1.4380931308011213e-06
8.076744730800556e-07
1.0594985222489584e-08
1.5987211554602254e-14
2.42861286636753e-17
-5.551115123125783e-16
-5.551115123125783e-16
8.881784197001252e-16
-8.326672684688674e-17
-3.219646771412954e-15
-2.220446049250313e-15
8.881784197001252e-16
1.3977822561628273e-06
-1.0472093094904267e-06
1.211074796003686e-06
2.3466085963264053e-08
1.0921375803718547e-08
-4.398643227432331e-09
1.187448670947333e-06
6.918950554712922e-07
6.394447638058409e-08
-8.659739592076221e-15
-6.661338147750939e-16
0.0
-1.9984014443252818e-15
6.661338147750939e-16
-8.881784197001252e-16
2.220446049250313e-16
3.552713678800501e-15
4.440892098500626e-16
6.826307696883305e-08
-6.330848236757447e-07
1.0593047505835784e-07
-3.06363432400758e-08
-1.6929131096965477e-08
-7.277254354676188e-10
1.3600135773117472e-07
1.1296576407637815e-07
-6.064104773884083e-08
4.75175454539567e-14
5.273559366969494e-16
2.220446049250313e-16
8.881784197001252e-16
-1.5543122344752192e-15
0.0
-2.220446049250313e-16
-8.881784197001252e-16
0.0
-3.3232652185688494e-09
3.7131485441932455e-08
-5.534268154860911e-09
1.2008811722807877e-09
5.989786444615675e-10
1.4784902191422589e-09
-6.68739907894178e-09
-5.2655684257274515e-09
2.2945123578921311e-10
-1.554312234475219e-14
-4.468647674116255e-15
1.1102230246251565e-16
1.1102230246251565e-15
2.4424906541753444e-15
-1.1102230246251565e-16
0.0
-1.7763568394002505e-15
1.7763568394002505e-15
-1.9353628033513814e-07
-3.666009718017449e-09
-1.5514287454720943e-07
2.290292400175531e-09
1.7872920921035984e-09
1.3977512480778387e-09
-1.5736182490400097e-07
-8.571916954025482e-08
-3.215643970544413e-08
-5.773159728050814e-15
5.6343818499726694e-15
-1.1102230246251565e-16
-2.220446049250313e-16
3.3306690738754696e-16
-5.551115123125783e-17
-4.440892098500626e-16
8.881784197001252e-16
-8.881784197001252e-16
-1.9786767779805814e-09
3.183515673299553e-09
-3.26103588577098e-10
-1.1036398461783392e-09
-6.6084382410736e-10
3.865778808176401e-10
9.808989176463001e-10
1.056884801897695e-09
6.392037940616824e-10
-8.659739592076221e-15
-4.6074255521944e-15
-1.1102230246251565e-16
0.0
-7.771561172376096e-16
-1.3877787807814457e-16
4.440892098500626e-16
1.7763568394002505e-15
0.0
-2.45589149017178e-09
5.106954859002144e-09
-1.647467939847047e-09
-5.82843995289295e-10
-3.7467451363681903e-10
3.3445246572227916e-10
-8.362803782802075e-10
-5.881251041728319e-10
1.2991785425242597e-10
8.43769498715119e-15
4.440892098500626e-16
5.551115123125783e-17
2.220446049250313e-16
-9.803356043613931e-16
2.1510571102112408e-16
-8.881784197001252e-16
-8.881784197001252e-16
-8.881784197001252e-16
2.2483135353468242e-09
5.309127359964805e-09
1.7335786139938134e-09
1.4478089838121377e-09
8.161169517961753e-10
4.992273261450464e-10
6.15353101807159e-10
-1.8061352413667464e-10
1.8008949886905157e-10
-2.1760371282653068e-14
-1.1907141939104804e-14
1.27675647831893e-15
6.661338147750939e-15
2.55351295663786e-15
5.863365348801608e-16
-1.3322676295501878e-15
-5.329070518200751e-15
7.993605777301127e-15
7.200185336841969e-09
1.354720780000207e-09
5.786265688811909e-09
4.548610377241857e-09
2.656108222254261e-09
6.295053367466608e-10
1.5734329394945232e-09
5.070042163879407e-10
2.630340389941921e-10
-6.661338147750939e-15
1.890154699424329e-14
8.548717289613705e-15
-8.881784197001252e-16
-1.6653345369377348e-16
4.163336342344337e-17
1.3322676295501878e-15
2.6645352591003757e-15
0.0
1.6642076161588193e-08
-1.0709570119615819e-08
1.2906706814419523e-08
1.1181946035776491e-08
6.5867080678572165e-09
5.018279125579284e-10
1.9712480536782095e-09
1.0236522740569853e-09
3.357578659546334e-10
-4.218847493575595e-15
1.6375789613221059e-15
-1.1102230246251565e-16
-2.220446049250313e-16
-3.552713678800501e-15
2.7755575615628914e-17
4.440892098500626e-16
-1.3322676295501878e-15
-1.6653345369377348e-15
3.761062572493756e-08
-4.400149578032142e-08
2.813369803789101e-08
2.6271187891779846e-08
1.5467252367784567e-08
-1.0131131489288236e-09
2.0438246650655856e-09
1.1242633490837761e-09
4.1656367244513604e-10
-3.3306690738754696e-15
-2.4147350785597155e-15
0.0
4.440892098500626e-16
-4.440892098500626e-16
-2.7755575615628914e-17
1.1102230246251565e-15
3.9968028886505635e-15
1.6653345369377348e-15
8.791417016595915e-08
-1.7002285801481776e-07
6.306754407603421e-08
6.173662114861145e-08
3.577415519373517e-08
-9.736595529830083e-09
1.7250023631731892e-09
1.0552128060226096e-09
4.1248671145410754e-10
