-27.874381800375765 -9.069244973067386 9.696881736544347 -0.007489657188539416 -49.32744115270743 
-27.998981274201906 -8.555729681361361 10.033358702859626 0.1402342850271025 -48.43082724924845 
-27.723925016279214 -7.862738391272189 10.7810928319261 0.10545280170235248 -46.02216257656268 
-29.085555619575935 -3.609530109539159 10.674663921165534 0.3728557858972996 -42.195172628166844 
-31.964311856680954 2.520738156490935 8.29756443140039 1.2599182550235795 -37.03777197661356 
-31.762383304114287 5.484590014025229 7.239299115881 -0.7815774461500353 -29.08877721623636 
-31.11519919007369 4.792955078444543 2.6983537594314653 -2.343843559950494 -17.34616967411042 
-26.796710839917623 -0.358512942400828 -0.6442759268275619 -6.8410228815079135 -0.4754982686810572 
-18.21564494930119 -6.35074511590129 0.7048164925390209 -7.613867530900749 -0.20654484690590996 
-14.534401925445387 -3.4061236380753916 2.4279910559331275 -4.940285856561315 -0.05754156573147856 
-11.818588701338141 -0.46297573484963034 3.85140343724502 -0.38295431331440244 0.6311639720918252 
-9.749428022960586 0.46709730080992007 4.684370558784636 4.0535672026915 1.2285902302587537 
-8.800319731140666 -0.14393690891599348 5.072522760238993 6.669586166719743 1.370529354878524 
-8.705344744533972 -1.9970732851343325 5.479797800188299 7.048456690397355 1.1788264843239296 
-8.38018263175375 -5.619757984700883 6.2243482571316004 6.265917751389541 0.9049124323735652 
-7.7234475102064915 -6.976807694197276 7.108533676267154 5.902788161334837 0.8546745260044397 
-6.767431183656307 -7.578340360612507 8.033344065617232 4.98574290294198 0.8629787445821367 
-5.6282122176186 -8.331614268447165 8.584389111495938 3.523454056156236 0.7764926699585323 
-4.475513458441306 -9.568347940708092 8.329847283847377 1.8319602317226154 0.7067248159589693 
-3.4107219734183594 -11.241878235042423 7.019984947955643 0.16360913748637665 0.596636078228818 
-2.421977870530866 -13.172431509446485 4.635755980566802 -1.436054060688199 0.4606768265689049 
-1.3729040969305035 -15.123875209214539 1.386806865212668 -3.1504642979922712 0.27085753447433647 
-0.048391771304817886 -16.880785054032668 -2.450177398932287 -5.223498835568784 0.07926882693629839 
1.5541894480835314 -18.024345444239877 -6.560785823187913 -7.694115277765623 -0.12818317027864998 
3.085627908434553 -17.892403502324424 -10.616389241055169 -10.552414274634712 -0.465430432068673 
3.9871734948141073 -15.92918217257105 -14.317167644926807 -13.817195004785129 -0.3488535536215902 
3.936868963729482 -12.208272246258213 -17.43187741493083 -17.148134923918203 -1.0816789135114173 
2.9893849906051706 -7.869482022846081 -20.341952535625893 -17.395705930939723 -21.65852592975218 
0.9182285173374459 -4.787245256936106 -23.799311236292315 -14.895378627940731 -45.03259755041163 
-4.38620908329012 -4.108941266247096 -30.886817642458 -7.886461603593005 -62.12366406276975 
-4.849714861618975 -7.207832572690624 -32.66383307038509 -0.2212830857090112 -72.75763737914296 
-2.795064065575203 -4.920618239595993 -21.84711279892216 1.7416754079315668 -68.95576077360609 
0.9717514005861173 -0.9029939323870807 -6.205680861247247 6.406072080008398 -47.86740433829173 
5.020898058241889 3.475956035091642 6.144682253890447 20.5709025565408 3.948855453834347 
8.769058167079171 7.46827339359682 14.569500735014561 11.995509576414216 0.0299331848540445 
11.667366958878699 10.265643002292252 10.998482463558396 6.903218726864166 0.793350788110893 
14.205706361143037 10.812922424356467 -3.0928687395960126 13.972243568818827 4.805651525206895 
17.078036796839232 8.862322673873706 -19.963401469220575 27.764921293593797 3.9993062867675415 
20.861049507347072 5.201711253737915 -27.971236762229534 33.187294429262934 2.5210020281495327 
23.75563357037272 2.0462391003750526 -28.677639011285766 29.874625990348306 1.2388548958406491 
23.505944501177474 0.72883518571768 -25.714142889229002 21.704238755085726 -1.1376528361995366 
18.678911778633715 2.2623565616664285 -21.661309791502593 11.749519425256757 -5.968411227864876 
9.635071344432824 6.192740829298342 -17.491738239673932 1.3389917277709358 -14.21879131266344 
-0.5246939893185146 8.873850369078939 -12.934249932009461 -9.188510694914989 -26.258623695319642 
-6.9353498857784475 5.0017585710292565 -7.894549825050253 -18.258763735764965 -41.68294865379065 
-7.221002318227735 -6.266136166114626 -3.525390066765038 -22.48006975171464 -58.11752358907987 
-8.931302907972041 -7.379417457330129 -1.412969459621761 -20.311021667080066 -71.4680279094796 
-8.617098053655278 -9.286727402406262 0.988534866622049 -16.27660474973626 -80.12065619283948 
-7.139666586516063 -10.948369739419629 4.105384763185844 -11.209413550382282 -84.97251715981395 
-5.400887425201716 -10.347934593486167 7.679686254103018 -4.83584965751116 -86.89091572609304 
-3.479934612522698 -7.315455971234259 11.605795734060743 2.4909771099179907 -86.25172730246203 
-1.4568034718651206 -2.431648906121489 15.75506056331234 9.776865176719705 -83.14134819002759 
0.4045521123882658 2.7540904287661307 19.762619974065736 15.681752888779593 -77.4807239831452 
1.3446336775641599 6.647823345699892 22.670302873973682 18.989260681134304 -69.27584542186548 
-0.4153888128993781 8.17985049945316 22.22697944612311 19.468834878019372 -58.86041427275792 
-6.384437668057603 7.067413243723175 16.95332101973964 16.59773996793185 -45.302908968281905 
-14.683760615827632 2.808387608612865 9.064971781736343 7.344519960845312 -23.47538945737242 
-23.650913798504668 -3.1674084229973856 -0.10568876477968392 -4.575790954257517 0.7102624464153686 
-20.050303395197425 -15.980040729362562 -2.1232392150066826 -7.009085125705085 -0.3738685244459612 
-15.099868788292014 -22.854882201522113 -0.9041936658292689 -4.667506325330245 0.16400222599932113 
-15.125943937660269 -18.068462237938927 1.3338415598377926 -0.7364499216174024 0.7765583341687693 
-13.973301419598537 -13.932098677643873 4.0478061057741765 3.2675320607516034 1.0741172836542552 
-11.564697922790781 -11.909080519775053 6.414881962487745 6.521334556656525 1.1445505852002664 
-8.976471355983094 -10.777333217863031 8.116193262644034 8.487508158615759 1.0647430622896457 
-6.7558212013807974 -9.418290182381398 9.255547817344404 8.7774879182984 1.090073593502267 
-4.716652325709833 -9.110760221434049 9.98480070706415 7.189981659754427 1.0427609611663688 
-3.0419994627557356 -9.850425685400669 10.045391778721687 4.497607821671779 0.8669030073054554 
-2.1248656981818757 -11.046822338444807 9.015033599773147 1.7205601062211873 0.7219978101688042 
-2.0504136539455424 -12.22075845013935 6.790735971665997 -0.6102503022724898 0.5512433178398914 
-2.4512469234171785 -13.208022816237056 3.653973515731307 -2.443620876689466 0.360335349387107 
-2.68967303810494 -14.085685932719585 0.1844354099054191 -4.049944371574606 0.19088760590660644 
-2.133395914732782 -14.835637242685895 -2.8836378894571264 -5.675806435627126 0.035343521069799176 
-0.36173383174056795 -15.12438814510034 -4.878570845084754 -7.243098320188395 -0.0871196517464062 
2.6951763392991888 -14.373066786859031 -5.380519493428126 -8.431036995031906 -0.22251270552134786 
6.72261576575038 -11.81981195660012 -4.335326279806874 -8.853278515756546 -0.32894301870447373 
11.17544575343515 -7.148415564703644 -1.935726993389264 -8.574530809258647 -0.43287652295860524 
15.581037679923718 -1.1360696262103553 1.265810579460105 -8.142494773255434 -0.6130365084694853 
19.682999810208166 4.358892742592661 3.8971804545432294 -7.846251988462145 -0.687754923724538 
21.876736389799195 8.279150200592127 2.5032194730226194 -6.085266392719631 -0.18401950886241047 
21.396077658943607 9.528770260001913 -5.361252264429229 -0.4968216719074731 0.4661694097323373 
19.394086660303277 7.423550825564052 -18.59449198502079 10.776913329885708 -7.6247728687387974 
14.156572916154655 5.196120081910814 -34.67135726958335 23.97441611308405 -13.025407104136297 
12.866844310197191 0.7412757104174762 -43.2477788426162 31.268255377343262 -19.7811879474955 
12.717130851473561 -1.4232698548837197 -45.25661978757074 31.33934479422367 -26.45175034657889 
12.51219177708278 -0.4297581155989516 -42.41530364010016 24.935396629802188 -33.29796180069119 
12.184684440734028 2.683572196139576 -35.702842608904646 12.800039939416473 -41.126248740936546 
12.08799909837227 6.270406276928804 -26.135133082821277 -3.2161500287104667 -50.30055744488609 
12.229175128893223 8.567549638450995 -18.1284890298681 -15.592724090534983 -59.484871035051334 
12.269991162216723 8.004334111153316 -17.892859817069354 -14.65768194194797 -63.89515703855699 
12.481607864688684 5.542180128307382 -18.38587017607049 -11.175417758108292 -65.11445661506197 
11.849766724677865 3.074218466823768 -16.884253164500226 -9.434118238896183 -64.79872589509877 
9.143198821024196 2.187536499121616 -13.467734840302914 -9.233148059849448 -64.14289759446706 
4.014266883110151 3.1158026586706282 -8.953787499744626 -9.034215790105597 -64.04797471623596 
-2.03852198654612 3.3325098896413774 -3.8499462489982137 -7.563837366002641 -65.07437951241613 
-6.122633802116668 -2.0550303201771247 2.0107502903463645 -4.430759478937246 -67.04134150571687 
-9.509790591799392 -8.49402679508811 8.61692675064412 0.0440876396098882 -67.9519797429564 
-13.398491771209457 -12.660375726195879 16.110158744131834 4.67899196213496 -64.59780575164528 
-17.66921420522912 -14.69971738916537 24.444437899215714 8.358570902266214 -53.87652386679171 
-23.369261879949025 -13.557298895000605 31.787535684109326 12.102915346949768 -33.488093847913845 
-31.231328378377754 -8.060551109921882 35.52302784362698 17.488929844940213 2.9164932326258888 
-45.0827936375774 3.0830796397640725 29.79410818956679 16.561810497522046 0.7273640188285484 
-50.644114649910506 5.202019478448853 23.15344699252511 14.533561677642224 -23.493552008552044 
-47.89951149622184 -2.360832777373495 17.33367984641669 11.241010420439833 -30.96547344419355 
-46.842859165897885 -10.80278830949613 6.6454434271523 6.461840900356797 -18.335774346334873 
-39.8469231705733 -16.655404192844895 8.132145044967467 -8.64973019639845 0.31309258751861563 
-35.233346382339285 -12.091804903450162 8.181825083011656 -8.497533710001044 -0.7875071497990451 
-29.53178362979021 -6.23531112227048 8.200536022209471 -3.3226486238831177 0.1488940502562321 
-22.220651378911697 -2.246928904338974 8.453874541242751 3.032515116012575 1.0917608214526338 
-13.919345775358666 -0.6560775663823236 8.885972594719274 8.497895600564677 1.611002763722401 
-5.870351401814994 0.5940619133032331 9.296893497559148 11.826641680450525 1.7349254409895642 
-0.0014213279333874158 2.4434729291891037 9.329301500501193 11.937277375359166 1.579541800156085 
3.6158940761433462 4.071748563983265 8.860080799376341 9.38065217681749 1.2751541529652703 
5.585037465297522 4.364060251614478 7.789812410078188 5.524293308289243 0.9606758829100044 
6.425596942062082 2.9226168801991244 5.976415755285701 1.7120696403154863 0.6808543076443421 
6.449789645046148 0.1858666010680364 3.3759030728363806 -1.3388322237620747 0.4617073613381475 
5.902937619872463 -3.0517755525396235 0.170698617247778 -3.607446107145793 0.3147892750654302 
5.1146661544570176 -6.09938558053214 -3.199752367083124 -5.394308224283193 0.15457494598734975 
4.526983541630289 -8.390473194962478 -6.1264904405230665 -7.024899225077286 -0.018780063976617332 
4.562718035282712 -9.31566710925872 -8.03873529958574 -8.599734121958365 -0.23310533479558593 
5.482075375379174 -8.370606831588823 -8.48264590464568 -10.028281986760861 -0.47913938927554744 
7.263761107191451 -5.298443524259591 -7.263986172135514 -11.171023402812612 -0.7808360622740941 
9.758482681607207 -0.3583046448402668 -4.542925175222381 -11.868198500206523 -1.009569798695299 
12.8578082867689 5.3302868134199395 -0.8063728628081441 -11.969969067733611 -1.0206423149245785 
16.20473517404571 9.932924962558852 2.571710578671103 -11.01608804213885 -0.7499401118501182 
18.196152853503328 12.170948447946722 2.351448851372914 -7.157175934649682 -0.2355882608098442 
18.330491784112485 10.256182643049328 -3.503771794195246 2.063987306697656 0.7935033303603842 
19.549997029817025 2.695159996266085 -12.102055664203714 17.00393338252911 2.2959592173465673 
15.483073445189238 1.6638953558673357 -24.670334316729168 37.805767433879325 -5.4223115075233075 
13.856897809166062 1.3083689796110598 -30.557207590681152 49.988715016786536 -12.903639436497416 
13.412163872058548 1.4594356907551136 -31.011218692227278 52.77423841091282 -19.20290319302869 
13.024344433096891 2.314982671454615 -28.257846854197748 48.62997699528973 -25.097403952923937 
12.163967167620095 3.7169212979068984 -23.503307840133367 39.564384713996326 -31.73714510082953 
10.949848661403019 5.300650359762909 -16.3818623824086 25.7682587580072 -39.963734784916326 
9.754251348779732 6.689663045121731 -6.641679811607927 7.849934985493369 -49.60476608186144 
8.603706155522275 6.699288669455156 1.1105949481755373 -6.0537730508883305 -58.422948778551095 
7.2147705609137684 4.664618904253918 -0.046719759671259034 -4.7439230906470895 -61.190159942083284 
5.245876304712701 2.8342038207686304 -1.4977843247655318 -1.7030526697739183 -60.45552592457128 
1.8080726840852919 2.73290058131317 -0.9673092300651401 -0.4698653780585729 -58.59592505074331 
-2.6205755447438226 3.273556042771628 1.1785964642859654 -0.19092354027385466 -57.477685138266104 
-5.356143888543281 -1.2852347089696037 4.563771037139215 0.3048880168872435 -58.27035126441629 
-7.6298709196405285 -8.286916288828193 8.736498283391446 1.4528209243907768 -60.43382783091123 
-12.309445858151784 -12.609833243711101 13.30891332539194 2.896206598829199 -61.81156257418927 
-20.284336602289166 -12.497359079054931 18.30233963885477 3.8136995781733494 -59.670130111029636 
-31.132646034179558 -8.040516919258542 23.111965510016972 4.316527203153201 -51.15495116487672 
-42.4884975864275 -3.098729669526343 25.783178964992583 6.729537374315918 -33.23266730125878 
-51.20898277812792 -3.1659154024975478 22.63306240004893 14.07086595855688 2.6911691466287064 
-54.29716109438981 -9.169066363293043 16.707774009703776 9.999960789809634 0.4466537504980973 
-48.98617574070497 -18.863698960846254 13.117884271470995 1.8269167495711345 -8.355264313234168 
-42.42184905324417 -22.09792513356434 12.182670684176443 -6.938608642276393 0.72080406763303 
-40.488946985306335 -12.863515388689756 10.396575593582433 -7.205336364151821 -0.7372331482680068 
-36.35181632984651 -4.171482411768043 9.477288334277015 -4.709760470175239 -0.06641222243773658 
-29.356149628678544 1.4416616483077072 9.401971952939965 -0.7989103022287717 0.5818072605005683 
-19.97538523171903 3.7134783342959103 9.70342369233363 3.8650996456742206 1.174469119432961 
-9.33091891292604 3.511957297081917 9.865885855718476 8.454290056785695 1.4665140119818427 
0.40852831720817867 4.04843784727864 9.551914818433406 11.555964197871917 1.5757743539282865 
7.02812798024388 6.446620236232801 8.770113570239385 11.6672265046464 1.513386004635793 
10.944784781512219 9.184228517157395 7.748791142596771 9.153359056556772 1.2915869637547104 
13.11521296195581 10.465286121259721 6.548136337939106 5.304684121743636 0.9611044081093899 
14.050326396495928 9.537388085771227 5.040844280994039 1.49740917216046 0.6728730981514667 
13.876993495153311 6.910306303954325 3.157654507509888 -1.3981991744644313 0.4739060880134179 
12.67560674072448 3.6771702069169243 1.003437093914367 -3.277817920823887 0.3485407548157794 
10.857660629364455 0.6937522321786239 -1.0427738183737818 -4.5883860270926355 0.22170177298269506 
9.124696220349739 -1.5719975467494105 -2.551354703623166 -5.790512163551732 0.08414508815883698 
8.209493997709318 -2.7656197890985044 -3.172556994533147 -7.128045865639788 -0.1275214139046346 
8.45273415964355 -2.3517079880047644 -2.6975655755060837 -8.497764682104977 -0.3068864314604386 
9.71329265614153 0.14769302655065086 -1.3612637561864318 -9.462352684114235 -0.4678816925641648 
11.7599849379435 4.399802012826278 0.16676444453952183 -9.469134381306802 -0.5763441924852717 
14.670424349306565 8.853310497441248 1.138337270405294 -8.241935631814648 -0.6014465824316345 
18.276809720121165 11.355968112108243 0.24397066006321097 -5.347467087189096 -0.1338721723173264 
20.462577996797247 10.867223779058612 -5.665591874601567 0.7045387022307992 1.497141518485889 
15.737107259640874 8.929521267299553 -22.114705784614333 13.612740334696712 0.8204437482115529 
12.472713154234922 3.665653167849641 -39.78905852551589 28.576570452041395 -2.576477261005341 
13.477637289404313 -1.0189714505773841 -47.478197304294824 36.65190464461161 -7.954823324980734 
14.472012532472988 -2.4494026866309984 -48.82057366514689 38.30073620100119 -14.115890270081762 
14.282453043424054 -1.5345535681153364 -46.360560719567054 35.323568934167184 -21.570416726450002 
12.605974114150719 0.47787999792562624 -41.560429847853236 28.63043803450345 -31.02682034431741 
9.742181737996038 2.713866237303316 -33.954157766107684 17.365580503293646 -43.142124966944984 
6.470403568596657 4.672083492732239 -22.411910419963668 0.9406020618203699 -57.83470661981399 
3.3403227695118236 5.7041083158861206 -11.039340185669346 -12.708324328939034 -72.16607411982544 
0.6178667163986994 3.7438206930267843 -8.38502992898185 -9.689978080811361 -77.61330083995765 
-0.894801504081142 0.8332287620382316 -4.331758332271797 -4.9763980079070125 -74.38289230933088 
-1.8345350177511597 -1.0976993365755843 3.1647232282255993 -1.1487966843699728 -61.66053941641557 
-3.0237499246307062 -1.6520133658571838 11.612720280804417 6.237727267033115 -38.40320340206479 
-4.909031096952024 -1.9086887231900436 16.635406662753624 22.414062686804158 4.1430091228557195 
-7.2106939186577375 -3.1644050006822417 20.879804807049588 11.190435871291749 -0.11356934500137104 
-9.468808410458152 -5.939331366842221 20.709543694283774 0.9529582112589049 -36.07661021172663 
-10.887012624831005 -9.558171094387314 19.263146517822545 -0.5715283222177733 -63.25560916393138 
-11.657470095588137 -12.04182199476202 19.829251564143522 -0.6681506879619973 -80.95735445955555 
-13.06936984000259 -10.705217708150458 21.231154255420808 0.44458494414161365 -90.16366221595709 
-15.76647966857478 -4.493377261844391 21.93108579868441 3.4312808767611394 -92.20421301104378 
-18.459383910035992 3.8796617182284368 21.52243828664764 7.461187515350845 -88.33439935088637 
-18.284681638365768 8.435026707079686 20.501386742877703 10.414948188658785 -80.01391817572221 
-14.949156549679719 5.915904410625531 18.24809449231914 11.128238513034447 -68.68393954187086 
-11.451681116613454 -2.988161238307365 11.673623608798305 10.676343725036633 -54.38255916240611 
-14.90040298030075 -8.542461049584373 -1.902787399919112 9.510608323987912 -32.34539280226583 
-14.256704613295204 -8.680093658647733 -3.767122690454102 -5.782671800801372 0.8974207957072602 
-11.52102929118177 -4.515684934621446 -3.1582789680149093 -9.740883709318203 -1.0760091438058448 
-7.235602519266857 0.4384404824503919 -1.4861899523972084 -7.824261159294387 -0.29988392819303145 
-2.313644748969776 3.854490795018196 0.43586934195717303 -2.3707972172325595 0.5063806312278466 
1.712141813943177 5.147059513813457 2.020987592654495 3.8268563792512085 1.1230557732890514 
3.4206584125101664 4.791460526446313 3.0256164673811115 8.358749850045646 1.4116026109831752 
2.1737511297580063 3.3992140218176186 3.6279800744267914 9.83142015076742 1.3702338917354913 
-1.5567477601958748 1.1105461296870394 4.26495958899459 8.12230299852503 1.1261836357299824 
-6.324900141905003 -2.693490676933205 5.220065755620647 4.4915891999679936 0.774442360745727 
-10.243555739216578 -9.319181973927527 6.301106689604734 1.2584723049906403 0.527955891928274 
-13.420624232901678 -12.194987177980044 6.6600106845349 0.859052148621923 0.507432436167184 
-14.826030270014845 -14.107682335239955 6.825217310064435 0.9020732000411508 0.6235397028635075 
-14.566141733735138 -15.814727197478712 6.777694484160758 0.4938048889831034 0.6565430905049217 
-13.0926373259295 -17.23255125444776 6.358798346276883 -0.4688688644658234 0.5001885442907384 
-10.765703373278988 -18.049640804624815 5.531641304010788 -1.8633138519250378 0.24367839604457803 
-7.88588967335194 -17.885368385805304 4.310489046760677 -3.5408583441907195 0.051866101060035155 
-5.003466982845128 -16.058229630093454 2.477952999140017 -5.083514646597072 -0.025927324567346168 
-1.1303386436068061 -13.094131115483606 1.1574378523760356 -6.389824384006566 -0.1320569650067589 
4.024259616228849 -8.99275526634825 0.9236445092455501 -7.122058857734542 -0.2531945114577084 
10.228421848904423 -3.844197432950089 1.8120595367025216 -6.994110966664528 -0.3503772419947784 
16.862941873883734 1.8691451563765025 3.387569962636432 -5.973494749208813 -0.3503563734320162 
23.00477281949661 7.107546340551194 4.451662956459978 -3.854522182540663 -0.2257881881140752 
26.96252402324687 11.058573825994321 2.4168747535182105 0.40874460778703253 0.7304321044592167 
26.806879889321287 13.235900009526382 -5.371806444574883 7.6970544734892155 6.03190177199134 
17.304916060812253 15.519373173866212 -23.062621623414813 21.028102181336536 7.750302851862933 
13.26659183545189 5.595900109104918 -35.61049011085462 32.43380001649911 5.062295884014357 
12.2034143108864 -2.1201104263231136 -40.17848191343369 37.899397064304296 -0.42886016184465897 
11.434929334379685 -4.427648152064958 -39.353102802125036 38.039551485133224 -7.937642374976431 
10.537900214841404 -2.848233348699255 -34.74235059887041 33.347032570709096 -17.549611528762426 
9.69708380039399 0.8623669413366463 -26.50392137372502 22.91327353014369 -29.456408886595273 
9.219225708745196 5.177730482203961 -14.805544541175959 6.683467179811118 -43.322917117537976 
9.132334782300378 8.471768660157794 -4.435358107447364 -7.38002898392561 -57.03424421347666 
9.24566233154391 9.07063247072433 -4.09676239193977 -5.556998172294277 -63.83378696908476 
10.15621451696667 6.97648422390025 -5.021524613739161 -1.1865126374561659 -65.6779084433712 
10.85868462405255 4.31643238892097 -3.9980167360643497 0.7709463916645091 -64.65188576245428 
9.806027642901277 2.701951508451602 -1.3463766823115064 0.5877817601563416 -62.12324939521262 
5.945131223966715 2.6748330603684476 1.7949353834693706 -0.3123851774244536 -58.99086059548834 
-0.530384909566949 3.3500254721465894 4.606920794032914 -0.9866780289233378 -55.94168888914858 
-7.541765847593803 1.0929851760208822 7.100774052676168 -1.405184155973776 -53.44824298434987 
-13.352550484044123 -7.063632985573821 9.795794925547506 -2.1301393147414878 -51.2646012638982 
-22.48122750133904 -11.149551176092203 11.971375653876043 -3.0480424117473395 -47.321184932850244 
-37.36600331123545 -5.310067968131754 12.594915355612228 -3.313282353262337 -39.14509721270039 
-53.10227101627524 0.7139924566797129 10.566426713420318 -0.9357854872409125 -24.40677594003409 
-62.18127172993049 -0.030035063054288925 8.223857665283225 3.5689627836049405 1.7006968330843577 
-59.73696518249098 -13.886144482601434 7.205669078956664 0.3756051336589184 0.2875379939010072 
-50.87761372648611 -30.897194453398818 6.387765596935768 -3.142859699026835 -0.041060468365946366 
-43.368634488290716 -38.7898902596357 5.85700967292512 -4.683340947141256 -0.2720511444907325 
-42.62356640106303 -31.06701591252658 5.757836244047771 -5.199373803091994 -0.3604188044832661 
-40.95752016338692 -21.816919756751734 7.204946051259297 -5.261918057188657 -0.27977185317612896 
-36.879096194438 -15.256031702231242 9.485317137849469 -4.126232138795132 -0.030635509945928036 
-31.12664278730371 -11.601556904869708 11.813234290494917 -1.5215536258374964 0.37848107474375736 
-24.85133765328617 -10.067209674160118 13.82079879577347 2.0081033537283566 0.8231564740001075 
-19.06119195946462 -9.785728746799562 15.398326325871494 5.4337374454493474 1.1996369838434167 
-14.75626953393213 -9.839498535656157 16.233950577567054 7.933660793168913 1.3985921123831089 
-13.430466956605764 -8.970709820555431 15.320979313110138 9.631576504765208 1.4623473226763157 
-13.157499352914545 -8.38426513747876 14.548320506712999 10.126109636383013 1.4334978973720007 
