-16.791668417885507 -13.90150704998522 12.919010525788693 5.377797408174725 -48.70710696303554 
-16.43008193996493 -13.590294605419537 13.450148325655439 5.800766748842389 -47.740012646215035 
-15.196578216088238 -12.929121402393667 14.718143578498893 6.008598502922634 -44.727383911390234 
-13.634918168511906 -10.867574604425887 15.988676111805031 6.459760195603887 -40.19803721150822 
-12.68004849186356 -6.698103671357957 16.800911329050898 6.520767227208859 -35.0560612791316 
-13.69294971112359 -1.3154897160507253 16.051918307970094 5.6158016345960435 -29.575340744690294 
-18.71730732350884 4.164608018802639 10.658646990512901 4.887833006876494 -22.812972499714117 
-24.35431295127027 6.86367334902497 3.1087714341782435 1.187540246991069 -11.039030369258205 
-24.11020960154982 4.029672408557143 0.9559064316492478 -7.844918655089592 -0.04506217067572398 
-19.2650153578899 -1.9494946683116328 0.9325029962925708 -7.965839991494414 -0.17412083031866124 
-16.938515452285895 -2.422248137479649 1.531182084498144 -3.5067315555105396 0.36386316712481337 
-14.743399793960348 -2.7768837972471747 2.7619571712972446 1.9437358091779637 1.0633321221143157 
-12.836808681830489 -3.633159321652706 4.274946724552395 6.079679185280872 1.3380903896483207 
-11.42572490086007 -4.8072823328051975 5.841205142241509 7.974427984588586 1.2872443820839434 
-10.064194782641604 -6.604533951736271 7.306489382281445 8.007420760664294 1.0269754947632823 
-8.494900235401975 -7.576851311425174 8.43261429616181 7.052277431482855 0.9680400629724829 
-6.720342990143503 -8.446584771089366 9.031011270325536 5.074273036802844 0.8928644119626055 
-4.843745814028111 -9.65311829506993 8.778305337097317 2.5356869978740595 0.7333866597068105 
-3.1545295768183146 -11.128095076258228 7.401788229917569 -0.03047475584306378 0.5936430715477179 
-1.965130755997257 -12.487614515153911 4.844514776045842 -2.2523571598058014 0.4132457462210952 
-1.4142755829646712 -13.411184976090524 1.3480682220529854 -3.991584440556222 0.2452374570531197 
-1.359700348354806 -13.711808045966675 -2.4976099691636096 -5.3593128153339915 0.07919910447564649 
-1.24560914015377 -13.58655948184104 -5.854174267457136 -6.6278857479078015 -0.10486351409070906 
-0.45640990403698145 -13.239734183902375 -7.743693074064907 -7.947342763216881 -0.2919380308444469 
1.2130293916264998 -12.377277145195626 -7.397226561292791 -9.183317705955991 -0.5736777875572384 
3.381085084867835 -10.206346508743577 -4.626915491277155 -9.80948719530062 -0.8469725768406061 
5.305928705644579 -5.749635241549432 0.08592867372278426 -9.22034151394742 -0.8226628777985855 
6.228277633927692 1.3859821151969287 5.60722839720434 -7.162020012467788 -0.4772449454028328 
6.03321207986427 9.88593025477065 10.340730186827654 -4.2812538147030725 -0.0062241316205666145 
5.524530945472827 16.46961914455749 12.624300196787297 -1.6425935345754927 0.32530511221226904 
5.918152084142826 16.944615403917346 10.503757058657012 0.9690956277498459 0.3814584462875739 
8.504841816375329 6.9788500055202105 1.788841308095601 6.2734513323206915 1.0729455673271553 
16.654251287261303 -1.9050655314468594 -11.265903092053687 16.23557694775664 3.395205795890808 
14.515065155072623 2.007381450983136 -25.95858304365972 28.87703715785743 -3.5231539440249784 
11.99992845345827 4.773189625823936 -34.20918611782267 35.23901852433019 -10.673647334515081 
10.061883412842194 4.162652900600221 -36.509360512274526 34.41891902201152 -17.453343580993188 
8.539471492865108 1.9523346330453504 -34.111596248017605 28.135129159298845 -25.177856636963988 
7.41713203507385 1.2240056124358452 -26.560920238082872 16.03651357666844 -34.91851022181353 
6.859709989656749 4.013052339599432 -13.832285998293205 -1.615599210267785 -46.419030536681 
6.607086329930581 5.648713262781122 -2.4143286848996124 -14.948225874796838 -56.68372173130567 
6.4020267458275 4.704462180812492 -1.0130543655844475 -11.825918846987161 -55.52146479770618 
6.20167426061156 3.4232779112574834 -0.5327666285747736 -6.359942947273773 -43.6670395866858 
4.8716531973288815 3.109588303500172 0.03989810212641192 0.29243218959520595 -24.265803323135074 
1.6050546462479733 3.2583043493034394 -2.04450855523076 12.217564115447932 2.463892237534317 
-2.729591868539739 1.9742538702391634 -3.971709016024761 4.979221297621101 -9.770223657493327 
-5.709956569088769 -2.9727557257650314 -5.3675979463167796 0.8384756925928171 -24.927119196611695 
-7.585258809184239 -8.399179741402383 -3.7075123912734544 -4.426440065732055 -42.33307107612772 
-9.99015310166961 -11.2345182666969 1.221910080504577 -11.751949152472681 -60.649470986260695 
-12.027258146063396 -12.165965330966875 6.317058412496113 -15.547899656653103 -77.68998195089465 
-12.171450224396523 -12.224322322259372 8.090125277646212 -9.8654031361889 -88.63570569989994 
-10.895723260936787 -9.930234292786508 10.214997398530175 -1.915780537896329 -93.47055469836734 
-8.715715615768715 -4.8490740726833454 13.180163755862218 6.085361553732036 -93.33879160730471 
-5.271936506777897 0.5991804401483819 16.33891336490021 13.614691579649687 -89.20279749524504 
-0.000490000808481209 2.8843664624848566 18.852347396869668 20.09815800995607 -81.77660637537815 
5.532267941080253 1.1822304802048738 19.276014839364564 24.763286673515463 -71.47656073413505 
6.5498091500201525 -1.5176806710832458 15.0425808149919 27.11041829825583 -58.21989917497954 
2.4393079854262054 -4.121154498037322 8.86665135882117 22.409913391133443 -39.399386241558005 
-7.355956032940791 -5.881931736316089 2.545841983571305 6.3959654791272 -8.594072946295912 
-15.969532211747742 -5.49312457119104 3.5641158176513263 -12.088999153402138 0.00386702859113062 
-16.897059789307686 -7.809662514389269 3.029949537950165 -9.161237504695261 -0.6539335001906661 
-14.564184832572357 -9.863707658067824 3.7045858754984247 -0.9158560569797726 0.6982529321741882 
-11.487992518424432 -10.692010813853742 5.5334822244335955 6.5192419589094355 1.4327774347537048 
-9.065616823229043 -10.053384021876987 7.568224446804725 11.171955721643743 1.6118207112856073 
-7.618969495371073 -8.381269608626477 9.178503783047782 12.681911854936455 1.414706447814317 
-6.118953239053154 -8.569365002667237 10.436710648511184 10.983108030638224 1.2917462296363764 
-4.755851026500787 -10.125948300068623 11.154476908653034 7.481886475779282 1.0913505120444844 
-3.4454047516670827 -12.464984431544542 11.096176218283182 3.5715947303290676 0.8340922359721246 
-2.40901042762449 -14.528663231958848 9.913429632959609 0.34957184910728684 0.6691201386830697 
-1.7438270648617535 -15.406973663508188 7.4977242262227035 -1.8249042518041234 0.511866513751118 
-1.15881023010294 -14.735196553331411 4.041186636556045 -3.1671237109409454 0.33042997557936965 
-0.026147582046806218 -12.805188919467987 -0.005859805478567167 -4.25295730160559 0.14427193114798717 
2.3716908631916014 -10.257342346155415 -4.084454550686551 -5.585630514735669 -0.03351842916056225 
6.488043306350819 -7.601364441833878 -7.837143614519589 -7.147016183219937 -0.15967171227925675 
12.27638977398927 -5.078880758098626 -11.27188035010737 -8.61946513425942 -0.2694352878521591 
19.23136419124392 -2.8219129450804954 -14.615653981199008 -10.201441796568721 0.1968642444950138 
26.300684090735608 -1.042556728543167 -18.11184646343834 -13.220587839209932 0.41593642933880093 
31.49291821610934 0.4680256903782878 -22.990711823861524 -17.188527066959658 -16.218393674151542 
30.962084119680032 3.6810040840243685 -32.077324367698985 -23.53629100693925 -34.79333661453432 
25.31815035830589 7.783712024159076 -48.6023998172696 -26.71002765462216 -48.90600042046333 
22.86684091988603 8.4008452486052 -65.0724375125899 -26.715784577612077 -60.22580537780348 
27.20997642912795 9.277362414536697 -72.39226842429585 -27.098906283317774 -71.7841406694249 
29.944532547936824 6.056144027798054 -77.48750594984966 -23.548285315291363 -81.35384919232118 
30.65876314390853 3.269852590001468 -76.11171461592374 -19.45904758219617 -88.71475995717331 
28.840089321604484 3.6016382538820153 -67.06947195817344 -15.697915874600188 -90.43192941614086 
24.944407386507674 7.3151481796442175 -51.21258220749679 -10.6333389498327 -81.23584743600321 
24.99335759399398 10.636571885989216 -26.34085616893514 -2.7485613393986092 -55.863948133124055 
25.59562724764047 14.571929108475922 -1.7724038999216027 14.8873583523649 3.5450455789842112 
23.73969363159794 20.337312770746152 19.254381000901407 13.277043482579526 0.4867791696869438 
16.149336362133905 30.7918024524896 29.278670094816686 9.254054848069856 0.1891363914215749 
-0.5938663227763881 49.59840467424246 26.693342087808457 7.617199988169166 0.6245423659101705 
-21.102192824178832 73.5851937694684 14.763449358151114 5.5723397566749 0.6824655781050013 
-29.919879422869226 82.1781898635239 -2.077941229560993 -0.30834108560504947 0.9220511171855857 
-26.878156106707372 76.32755302014223 -20.903330808711576 -10.186836808676517 -2.0506462724168295 
-10.621781316701682 57.58494238209546 -37.77434227573069 -22.384316572649677 -28.667436927184085 
19.092955562675865 30.08347659082121 -50.59033936832318 -31.877472446967904 -49.70625341079665 
53.94216921551831 11.154104485216406 -58.9719146498532 -37.99481877758124 -65.76567835470331 
73.10540756234214 35.69089011316058 -64.02907225542863 -41.693708263528976 -72.5668244185842 
62.68277572680409 39.27249466324635 -68.40340542728889 -43.62585028427032 -63.715025317589436 
45.9583207537878 23.132773220443152 -65.31857633760143 -42.9715416923119 -54.52116799704087 
30.74408939065249 6.2212320547250615 -54.07511905410106 -36.35880485343681 -49.981704278428516 
20.194209830095026 -4.457856939117494 -38.047800490402565 -23.093567224561255 -37.258350669252 
13.62062481901548 -4.688222882386207 -22.843079792580795 -3.0302092315685263 1.6894308540406573 
12.114175088567688 -1.8523838858612491 -11.222553426042609 10.776541574900808 -51.98053210027494 
13.23790560936953 0.7037658680121207 -5.622623744689073 27.058469089289204 -72.2419079407534 
13.123602924905551 3.247418915122654 -0.7964989903978115 30.944271918714136 -60.3517074796727 
5.950040618717269 9.862228788400504 5.442071821643833 13.536834690830254 -18.741991122793888 
-9.169996593711968 21.770852255775555 13.47070768900952 -7.038949602786546 0.21812305672587287 
-16.671082456294215 23.290573970187253 13.764591617436707 -6.723261545807898 -0.12345770332612739 
-18.381915210764628 20.526518492274057 11.540703046961031 1.1862302050844398 0.9314323720062204 
-15.794946397445427 15.006313847367954 9.194454030829746 9.3858886926277 1.7197209222457557 
-9.244466789618526 5.1666438324544 8.24832866977426 12.613303412757022 1.8325060294289974 
-1.9875904764043566 -5.170006210927578 8.131389229158673 11.238758514606074 1.5262871961845776 
0.43044067112877965 -8.10289658679228 7.939111584620132 6.772817228694792 1.1579559312559506 
-0.10905118952748179 -7.103576263312758 7.159260140388083 1.6263169390355003 0.7532958533301345 
-0.37865327968632617 -7.289387746789105 5.200570485548499 -2.1309418526588657 0.4320370888143365 
-0.39803015525397445 -8.252059707698644 1.799467190040583 -4.110648022454627 0.26750524092872846 
-0.5510291103580575 -8.849176599830889 -2.624020302306351 -5.002898926280989 0.14840739575093828 
-0.6037308561593178 -8.720913207974002 -7.126285433986058 -5.820325601343268 -0.01305791121200456 
0.12331655954081364 -8.048492207819427 -10.68729921266076 -7.215043141787639 -0.265445975356296 
2.1642401043631527 -6.934779283196925 -12.507040750488375 -9.274619061863788 -0.5889696765363616 
5.444069950328192 -4.997449977996118 -12.256961765882899 -11.630650295400214 -0.9959313153635266 
9.275407281046961 -1.4287689042475775 -10.210315938952272 -13.522825317753 -1.2447748444685536 
12.811103878978244 4.310655855171344 -7.001219935419654 -14.095265767694604 -1.1891414965114635 
15.791436377007752 11.083073113416111 -3.478280433366206 -12.977045505009336 -0.8185809758521051 
18.30946212432818 16.369417826391896 -1.0085062667283138 -10.078636480417394 -0.38341566851983927 
19.957108846625854 17.801675544059833 -1.5315210770167633 -4.293318784613587 -0.003139573300816405 
21.52370888986236 12.659051203556112 -5.320493203651693 6.035985674489277 0.9761982750944977 
22.148501939662356 2.8688346617110883 -12.884202707654547 22.788945083178458 3.6123797553535537 
19.34627920369112 2.221836473670746 -22.560802608165755 44.32308988629701 -5.7166341388710515 
16.78547891061649 3.763190908480003 -27.50224987688976 56.188158452615426 -14.350145280004357 
14.986873975428612 4.344575157906363 -27.66263566280573 57.98802685374264 -21.99269931620033 
13.42179461017059 4.062755962089303 -23.88489550575443 51.499714057553774 -29.675537610102108 
11.698266758732462 4.289767236273448 -16.035797578305935 37.332227142089586 -38.46849167235523 
9.78945636681702 5.340047152072828 -4.087041297240825 16.36375940033221 -48.436126111312255 
7.5852156580761525 5.601107882756175 6.493833253045373 -1.9859410937482636 -57.44565132307328 
4.9679674755830145 3.9150522315852303 5.8855916116205345 -2.0911558015437723 -59.028053915046215 
1.9032605007024435 2.3301160169615582 3.7553363527883876 0.7772518474627396 -56.006881374718375 
-2.407698722219185 2.314220819547014 3.1827088792149905 1.6713199767377869 -51.43943577183541 
-7.534933089549281 2.9051635574899657 3.983961423960337 1.0725257266522354 -48.00347514192684 
-10.802413092834152 0.03183556222041073 5.756324140927455 0.3016616343411253 -47.903193608983564 
-10.954166445631678 -6.787976068501971 8.373440981207402 0.047781500075063536 -52.05084179818914 
-11.759997441543154 -10.84852507941549 10.858187635439272 0.8093533848791539 -59.07147318814716 
-14.913793168706217 -10.225772054624509 12.56925771148178 2.429410729558071 -66.55643795295089 
-19.572649138147387 -7.10434982612444 13.127411865212407 4.409835120061684 -71.85994720400498 
-22.898681671621077 -7.429267542419683 12.342575548468368 5.931357202479356 -72.10753311856249 
-22.789873926140917 -15.300281495873854 9.4667092606941 6.434554539018291 -64.19760588089038 
-28.190801211374247 -19.655297522780028 -0.31206271356073667 7.7181157531885685 -42.5611628380337 
-31.02210904950337 -16.213022740203396 0.5152582588235464 -5.29570768523736 1.6533381670005078 
-29.697818956466385 -11.152905044686031 5.152425266417488 -6.986101138263334 -1.4099393283340023 
-26.178755858140857 -6.5643304481599785 11.136964537549535 -4.0025361938335635 -0.3949680141932493 
-22.582307823421097 -2.6929933647170445 16.775806154095672 1.6885577650676693 0.5377279558751746 
-20.73451106018566 1.3208137295194196 21.338498687059 7.708235088289571 1.36285167675151 
-20.924900058294618 5.245991745507265 24.65361844761264 12.243548685056238 1.982207413069675 
-20.64033055181183 5.240398053095987 26.81697735090333 14.596903356762358 2.075760027165176 
-16.16813813900677 0.7871123902822698 27.784919242172837 15.202177674002566 1.9574884623163658 
-11.54274796469738 -2.813004678494353 26.5631563495789 12.947922755566118 1.752624866558806 
-7.637438482346056 -4.712318245097288 22.150976621021126 9.169620192189194 1.4511130192684332 
-4.001830398959801 -6.132437579559203 13.530503491115335 7.405906275415514 1.2308565868545631 
-0.44952299706383536 -7.611011162807475 0.006465473028238003 12.862941147581846 2.892020681380012 
2.7519085587814005 -7.823964359457774 -18.561802529122215 33.756349976046906 3.453726793105921 
6.520243269262892 -5.530758805441469 -29.71116789818695 54.129574740330554 -36.39731395073556 
12.1132178400304 0.9040593238900283 -20.380176868550247 54.22016208465222 -61.539434655291814 
16.1942943772573 16.865730212087694 3.2712457612716803 43.04335860532382 -54.98850810458329 
15.43179958483452 21.781284326459673 26.716427670696568 37.85325852041329 6.721872968343416 
6.300813000462248 10.358134832969675 27.723697683677766 23.70436722824358 2.8530794441959095 
-3.6928154606003374 -7.463559623156382 18.37255279801618 4.009891676037535 0.3214199909129809 
-9.076191026204885 -17.424818448437392 3.407666902436575 -10.378466936959803 -1.7412191744138903 
-10.35475982373754 -10.383138731764648 -12.591688291787278 -17.951002587121938 -1.538066055586067 
-7.583023432548446 0.20555533607729473 -28.303046241776133 -23.079920164692176 -2.635622205829673 
-0.5453871681014804 8.059825402450711 -40.5876614433258 -24.063890411605254 -32.38106766871866 
8.299438005912533 10.739182008177883 -50.12625678211146 -18.68905571263099 -57.87529485674413 
16.91238085226686 5.190334025864063 -57.20358082020544 -11.907756142460483 -74.24513447467723 
24.001872891191866 -6.252326823975679 -61.7037039745822 -6.194216330311775 -81.89601866173591 
26.813444666700335 0.0831643779656301 -61.684125248238786 -4.147135986368177 -83.14989508939797 
29.52847216214271 8.54602991729127 -57.809314033233825 -4.618977224215319 -82.08933303844559 
32.24830248981547 13.890072305932364 -51.54799139484348 -5.986967881876771 -81.03664133887084 
33.74266576877453 15.505950910030261 -44.03994777673046 -6.6350821764792824 -81.09497217474642 
32.70619449737284 14.553525946626337 -35.31431140420831 -5.7467558948234645 -82.39829788342516 
28.312639444271024 11.014240543516403 -24.491416893004704 -3.716598628723502 -83.84103565543762 
20.27649409593747 10.047007163541503 -10.693093845174468 -1.2839454672016206 -82.80163511477281 
8.812963079885346 12.286748405102825 5.549383727318597 2.4252834421561955 -74.54348849981467 
-5.005630025626531 17.197152978250237 21.45671033006596 11.42787727084846 -52.00078957082721 
-19.318810207491655 23.87286117603019 31.99618982694972 29.51168269154164 4.671161599834819 
-33.11811976963796 36.57053313820788 36.9490073246521 19.517188451575983 1.1313787152550485 
-37.38587322507324 34.19232370176655 29.022680782622597 7.757478461077974 0.8821204075980827 
-31.916550403765502 19.837625568511804 13.24132076182419 -0.3263765053598352 0.34306336783688457 
-19.876231914820295 1.9116123056007122 -5.016124412553257 -6.305154696961711 -0.13875680149814093 
-7.301153854910738 -7.1914809993605955 -23.387920759077925 -10.74218453110521 0.39101278067161627 
17.282778936066055 -17.57852498833482 -34.294241668863776 -17.075082767995553 -2.769551255679185 
43.880670488478856 -12.274823687201959 -39.595122825801106 -18.114357492862307 -63.44234376036201 
56.56516441636685 31.914349060347323 -42.26512297523974 -19.992268906106567 -84.48342605289017 
43.66537906626101 41.47925506640245 -46.20607818173866 -23.44679469186123 -71.88962104922437 
28.003178382402183 25.94369888911408 -46.52581592143978 -23.457637559302153 -56.00983110101314 
20.25222964995352 1.0709341277962892 -42.35469771664132 -16.47391141974939 -51.00201492147489 
17.038157003359604 -8.240906113813123 -35.295225155659594 -3.8826474953072276 -55.4418823545783 
13.483601734776679 -2.9829451571262817 -27.374541195685453 4.974718247506708 -51.95823665418112 
9.438901579240165 8.318096645401024 -17.759042994599902 -0.16764889244688438 -27.218621893666462 
4.850755460471529 19.638582598531844 -6.727385220482116 -14.328970586593751 -0.09931179944927011 
4.294371167765417 21.30844879050135 -1.7756836368975182 -12.274916407050927 -1.0429522658861097 
7.135562929868491 17.390244563481165 1.4499533762848966 -4.827724525524073 0.4510992384225628 
8.751461595100762 12.795681052102038 2.322032009304711 5.25304196180839 1.2101672419825213 
8.327631579569882 8.69026401056491 3.0958335309058853 11.11914103984853 1.6134489590030927 
5.949125075142291 5.467344642271353 4.3091985609879355 11.839382492067424 1.5437097079052473 
2.3990163095055066 2.713992448780933 5.750378750065592 9.072784930995722 1.2324717649893089 
-1.0395581798783196 -1.0245071932138212 6.9396014072787 5.256421602138544 0.8904402561794138 
-3.662519888761107 -3.7762583838289476 7.249303085049798 2.6713460153587354 0.7015041814149613 
-4.996974819786777 -5.913388054980498 6.7701335994677 1.04515405798716 0.6333509982343145 
-4.994987110241925 -7.409770364098409 5.568575519361625 -0.024952336762217822 0.5859155005817024 
-3.7811405461252043 -8.191349827467507 3.734716601885333 -1.0097862361139724 0.4083779871742339 
-1.381674497775257 -8.413834070415044 1.42054918687284 -2.3550207465285666 0.13788806362895337 
2.223980582500999 -8.393043996903756 -1.279547387954784 -4.3087637730491855 -0.05974696325312274 
6.922769905698771 -8.377294181749305 -4.452568794107125 -6.70707616444032 -0.20602104252578354 
12.352389127499467 -8.47014359401738 -8.304662051919927 -8.925837382578207 -0.23585569571849685 
17.683180501466964 -8.333994313651743 -12.940010912466251 -10.793015630780125 1.038741895553672 
21.52908935626616 -7.207887985917119 -18.19438747561975 -12.556515629945055 1.581085219527345 
22.671491835818642 -5.0088447632485344 -23.188205764539713 -14.540026975581721 -12.932712016520645 
19.91267293606393 -2.4727443134293075 -26.473208903771873 -20.309136561334103 -37.182562655732745 
8.363114906620858 1.6463388140637485 -36.657253613867404 -21.702841447453643 -57.892471445859414 
-1.7472337437046472 -1.8604337558123234 -47.12726613342239 -17.87377778058153 -70.44086640261666 
-2.0983263861876167 -4.575996640862013 -45.04262594059762 -15.418102897980761 -74.90517688412412 
3.4438331919871232 -4.941338046367553 -35.46880714524461 -11.055666995033398 -68.52515598126217 
10.232344457124395 -1.255197050973317 -23.349953762531065 -3.1668573032939817 -46.64337796275407 
15.827856021637333 3.8206561892392914 -13.797319546741578 9.54816012295985 2.9193835489778555 
18.67060023067474 8.591814074126038 -7.9450750016111344 5.2931956614355355 0.21122433578673253 
19.287923019191048 11.59119686487888 -8.524205586236105 -2.559520247659135 -1.2680447604575824 
18.881260605641764 12.182001929155211 -13.62894250882273 -3.2103836323551964 -45.438289200137525 
18.5802564778742 10.66233078103137 -18.62356866431885 -1.1099054603817935 -75.97043282193849 
18.77000688063886 7.1740081824693105 -20.629065989082005 -0.615677122716421 -95.0594066506536 
18.97391536981742 3.4249830496503866 -19.625119070430337 -1.706963313020738 -104.82465318248421 
18.11466775521965 0.7141581570293096 -16.352597021621254 -3.2801796332008264 -107.18986939832648 
14.848860824358647 0.2303620022822396 -11.544172265182713 -4.367177831879348 -103.59952043471041 
8.353774026195753 2.246071674871614 -5.707752350863691 -4.3551272110593855 -94.91616360924844 
-0.33260159106061205 4.232899910798388 0.9858228508646025 -2.937991893582262 -81.40821266320721 
-7.111194498376214 -0.931899030206385 8.965686148808782 -0.0566740436219427 -62.72214465953432 
-12.564822009112586 -8.568050193934853 17.682512610247095 5.4772070110451 -37.35046012626803 
-21.298416985572732 -10.180047111353653 24.269469400184047 15.259015129026926 3.2841285081773526 
-31.137706158913954 -12.628305210828511 28.901429890379 10.869349380994302 -0.19983167113019468 
-45.97401882794768 -6.9804491843226675 27.02443341925192 5.01353033964579 -0.139460525868019 
-65.53734298751367 8.218029865117533 17.447481311372837 4.382651085321172 0.7055892867206417 
-72.94869426204447 12.465309329801162 11.21283029279944 2.3201774399984716 0.48795103818680624 
-70.28510165658076 8.10417343341041 7.715472458576114 0.2638285842811045 -0.331408277703616 
-60.1625854952704 -2.7153692811730794 6.551677064651003 -1.7730523931107565 -5.185842508906714 
-46.25766226501825 -16.43137928312368 6.953292703309506 -4.822646013409064 0.18671294219687554 
-34.59167236382152 -24.322488499002578 8.360377817385091 -4.476587330896306 -0.32463750193848495 
-31.029723290232443 -18.864577138862042 9.499769092079948 -3.056619217217364 -0.0019368640509365804 
-28.055715318405447 -12.93750868541788 10.86004830120624 -0.9171558884319917 0.5003990143533251 
-23.85347397729366 -10.248344625555122 12.187944190691923 1.7221482372410468 0.8247521991389825 
-19.23057627694311 -10.087971417627072 13.165622823701488 4.381256024927334 1.1194088794487205 
-15.583335005021453 -10.712553896247652 13.409976663227177 6.484678375736698 1.262601801900502 
-14.616237704002598 -10.304828039691424 12.06263164111942 8.069528746552063 1.2979752424642306 
-14.532640121244002 -9.857519559063029 11.072565529383315 8.598306184857096 1.2631665605982085 
