-20.21412089007578 -6.313177276553282 10.100526883129364 25.72413028150869 -24.95722053657329 
-19.872197451852113 -5.6150986256086695 10.235539991326828 26.901459661152995 -23.055313398840788 
-15.901426531335522 -8.869732453292979 14.944438480388875 20.445796494556028 -33.97929878392284 
-11.551054868126652 -11.01131308111546 18.56699371280938 14.921126954392895 -39.325093856961736 
-9.489057712289167 -9.013249969945015 17.8793081211008 13.617127783019441 -40.77902060496326 
-7.403194783729937 -6.2001142826669335 15.776101883423403 13.016139019037858 -38.096887667393126 
-6.436528325454274 -3.3049394193080897 12.288709004281072 10.799651033159076 -30.48186202897809 
-7.298538395107539 -0.21256725882333136 8.262229707185504 3.9382548629782255 -16.365709761113806 
-9.930265035732239 3.374727314329994 4.351921232698822 -6.870306685379112 -0.21418528277863522 
-10.40356488160545 4.676091994896094 2.303103920997527 -6.6089429153175185 -0.2759130169241339 
-10.52960125506345 3.747416273094636 1.770124075719376 -2.2898949965767352 0.6372438429612799 
-11.424713116863794 1.2412905359089275 2.19176624668482 2.096757407895017 1.2403856729542115 
-13.237833473443835 -2.150722320207383 3.2420110498087342 4.598774370882128 1.293320233993944 
-15.167414574706308 -6.217134243795238 4.88214351311905 5.0897693716025465 1.0344916803402864 
-15.845055032438202 -11.427288749768657 6.964486560593971 4.9259140125375955 0.7548905596013522 
-15.481438005109796 -12.779892008149028 8.855531500963828 5.765340198248438 0.8097370865742615 
-14.150526224850978 -12.381019228850823 10.376050398425331 5.8979898921196625 0.9175522899930527 
-12.16785346584205 -11.645027062685955 11.054538005796479 4.977650529754479 0.8758823937784017 
-9.971036007990193 -11.293814311806997 10.484115133588414 3.283779514227996 0.7909719455584977 
-7.911491009175395 -11.50281162888171 8.569310089091074 1.2275908915796419 0.6336923801805568 
-6.093567725162413 -12.213075428416289 5.568153020191833 -0.8514845168304576 0.47065528971265236 
-4.35322986538331 -13.155233845831457 2.0878582200677474 -2.8427713118264215 0.2931533707231758 
-2.2838109299410676 -14.037792466275175 -1.118519367969167 -4.807338297120647 0.1063473934671465 
0.384758140624229 -14.308296202399355 -3.297367198917223 -6.713918881301176 -0.0789314545871504 
3.5477734826312166 -13.08663429588174 -3.8747244844914257 -8.489599018680597 -0.3719351260148224 
6.756651882464953 -9.497967459563778 -2.6895417606300787 -9.939911760931786 -0.7411593775095194 
9.56907692868441 -3.1899486117413867 -0.1050247857303769 -10.726476198289498 -0.9554098231660307 
11.877210204924467 4.86708683451807 2.8975226297602417 -10.312278151362843 -0.8323798000522962 
13.950973856697438 12.200232953848449 4.53393157988823 -7.743737209852271 -0.3094537441673575 
16.305406495738403 15.158685666852508 2.6456896161739363 -1.3322540936363318 0.3460975962874778 
19.056241453623596 10.919496580687998 -4.415692251474511 10.393201365349581 1.8137406079588667 
21.146965468738056 3.216316007844671 -15.27855497245633 24.225792458371473 15.715074897348648 
18.784128618329248 2.5276755676591245 -25.341999006199355 33.58078448147228 31.919686495822603 
16.386889196038357 3.3337534490872036 -32.9041501816597 44.963801356834516 22.19720438078199 
15.174926213951691 4.36527431877938 -33.414490054579524 44.44524587075462 15.632868251821819 
14.736136398117031 5.289216633374431 -30.181568602234755 36.6901619210342 10.987094574730836 
14.510224560912352 5.670426953910518 -26.577477808608155 27.30900613314476 5.281343224773383 
14.154626229545846 5.260648312769378 -24.20989980528231 19.29902263502757 -3.2478284955056296 
13.501974628635866 4.446005319861955 -22.323356529132013 11.900430199607055 -14.894803175674772 
12.353876440275767 3.1612134411642447 -18.67437828432454 2.01526019494223 -29.69453894203388 
10.218438813273378 2.8388883308291613 -12.514011184067545 -10.968662488530597 -46.9382570309507 
6.6953652190982025 3.611828520272495 -7.810118290958898 -20.147001182453405 -63.744078310610085 
2.1511334287624733 4.329824511199105 -8.414439456978249 -19.352131046276472 -73.96289446865437 
-2.5126097494067055 4.533954128022666 -8.299986005694837 -17.705908545733923 -77.75808436446829 
-4.973760815309861 0.12924179621005313 -5.945333929401379 -16.78192633143316 -76.43570169111317 
-5.921579136689814 -6.313257754714753 -2.1553929261872806 -15.03319357548211 -70.05468634518104 
-8.84276068260712 -7.988108715698216 1.6308446432086925 -10.952747547674377 -56.76359269425495 
-11.403047868893601 -10.374030516670908 5.335434027902691 -4.457716363196899 -34.171325727906954 
-13.498896804415587 -12.546531762293798 8.687867885347847 4.4719176938966525 1.6609506792710071 
-15.796808673305957 -11.67676796918814 13.232555314526213 1.6224952826121763 -32.687381890049544 
-19.46978342375242 -4.510325513436503 15.431742344420785 4.5555105001928 -55.98785814231856 
-23.317021786070033 7.3839666943813835 16.828092234188077 9.720481933612437 -68.97343246027748 
-23.54882694360436 15.927949607765646 18.401437195536108 14.572242142048195 -72.66044781538737 
-19.755515047059813 17.93262846659863 19.794631866307657 17.774188945341404 -68.93430088399205 
-12.61479082293267 11.078550171140243 19.94578898777492 18.35798483026532 -60.16916686575431 
-6.616409448231436 -2.1318887288676605 15.92298730211543 16.219198407544145 -46.89346199536515 
-9.906748104874698 -10.916901704462237 5.415960984870637 9.801273042922297 -23.713843826875053 
-16.03091590321992 -11.868991999673597 0.913149032308865 -5.60559936382088 0.6754647921600941 
-17.02703482434008 -11.82881169215953 -0.36552021068087387 -7.556435831664171 -0.5860265484321356 
-15.455580357918487 -11.174316166665376 0.47537729504010257 -4.738847195505333 0.17834816338716414 
-12.669144865807244 -10.762396966836807 2.266522582731267 -0.30792292531150217 0.8159152075997216 
-9.679893249112586 -10.564346796446399 4.09454666163389 3.9932702735963863 1.1355097025464307 
-7.129928013421689 -10.037699332937546 5.572585236296963 7.204274957471399 1.200592665238982 
-5.214572767660588 -8.838660347370423 6.7092239286497675 8.854068993917645 1.0998369002904418 
-3.664707132321592 -7.414546857387444 7.685143068356946 8.684332964133592 1.0811773701312437 
-2.2710111129479844 -7.083440168752202 8.53778648339242 6.7934746270017214 1.000602867647719 
-1.2012865845646135 -7.957213156124055 8.895808066616953 4.04267110548022 0.8179790831022922 
-0.8828246744656219 -9.46708193521049 8.245995521473684 1.4113944979625377 0.6854145897984323 
-1.4299563022089385 -11.10326637455844 6.444278552753649 -0.6896645188752176 0.5349241651198037 
-2.4547668783389938 -12.683624992923402 3.7431611821780635 -2.305480978974564 0.36042562135811396 
-3.257563646237824 -14.267546696701574 0.6938651189720929 -3.750301590604794 0.20356341633136563 
-3.1234719537926616 -15.816081957931763 -1.989865227439502 -5.282675203620057 0.06407226338607529 
-1.5701461507731824 -16.938629399454886 -3.6666994993874296 -6.800321439301137 -0.03148056619392088 
1.4677873355892042 -16.918555159690612 -3.9585570316453182 -7.951582967875487 -0.11835512492471945 
5.581972649763101 -14.763161382534976 -2.849085475630289 -8.342525191229246 -0.13483717357323632 
10.0791917455585 -9.869717385484186 -0.5679564962501532 -7.990738908643073 -0.13825463483493694 
14.471550144648566 -2.873825964035482 2.4438993318228674 -7.438831351319726 -0.35399457389544947 
18.799304858290245 4.034396831770796 5.27992393623971 -7.385938781793595 -0.5350692181990231 
22.113861954397 8.746870692541474 5.200118170192903 -7.133460065963208 -0.456829998423247 
20.87529643749827 11.93091167809702 -2.9088191160059367 -3.1611870030369205 0.1875148421226022 
22.798864704773106 8.22552844360673 -12.626789392240454 3.3792813919834543 1.160867498817454 
24.324972989836404 3.2326080414719116 -23.0553803790726 12.43418679179644 5.476494563911159 
15.245195229507967 4.129863974469731 -42.362327660617616 29.411814022221858 -5.884444870550881 
12.805249355718493 1.6014473334659711 -49.7601348217138 36.087107231576766 -16.896546082411053 
12.604354578408413 0.28685787953721303 -48.424222787953866 32.86771791700404 -27.067366207645662 
12.678103240305457 1.4371391062471586 -40.93158168148179 21.489844047351525 -37.338000390827766 
12.601527821989789 4.206308168651184 -29.103636288404804 4.227315176343746 -48.46675032278717 
12.309236885025431 6.845593979249159 -17.49635457497863 -11.606585313341192 -59.53447335756857 
11.54871275990331 7.3359686606033225 -14.17168881295226 -13.703964035247491 -65.37490437720281 
10.912017067464676 5.344958910536703 -14.027031339171538 -10.011806977293634 -66.05666979067689 
9.845006294327048 2.980048967694219 -12.760524158720035 -7.344671908019244 -63.36396172150915 
7.18521195461881 2.1490549485739248 -9.841827096032736 -6.5746748228086584 -58.877843867582634 
2.449841216806073 3.343843672898571 -6.014848484527 -6.400952423034469 -54.1943887495499 
-3.139146701654922 4.546845205310042 -1.9045147997136507 -5.444978299618555 -50.85902376011934 
-6.368360239753907 1.1866410459517418 2.6109934600173443 -3.0830022221460953 -50.10382491348543 
-6.514992070635543 -5.665546393609932 7.809558925259855 0.5149695417509508 -51.918809896939464 
-7.219272230226599 -9.284348436644999 13.20155631019242 4.622142349312497 -54.50587887010442 
-9.400956806473696 -9.58437462193148 18.76985302740584 7.586340281179082 -56.00265721371759 
-14.44927438613076 -5.973563037502745 23.82958272324478 8.18694711678188 -55.04007986129163 
-23.812712205013707 0.8320932680694766 26.15387804707748 6.95661223511223 -50.77358087837728 
-38.7385322821793 7.499052645852604 21.028450417372675 7.791946394686188 -42.98107890768255 
-46.270022655979595 5.480157954603745 19.31220239384486 3.4494845863317556 -26.926694727667954 
-49.06840886171251 -3.8821281025515093 14.756080139060842 0.9377586904996064 1.4454270238564855 
-50.057124620911466 -14.607643645542673 5.670344885946605 0.4756970540151846 -0.11415692465567748 
-42.032712968432875 -22.744477264320256 6.1875720231019695 -5.072493898983448 -0.22930124856008294 
-37.74780129742272 -15.890406165397854 8.032441160341595 -7.117988965111981 -0.30421679236691224 
-31.54206049403295 -7.579460729563198 9.424319704852632 -4.545571844561619 0.06909775505655302 
-22.71477728867681 -2.0081532923380254 9.888570560112985 1.0648262588117445 0.854791115334595 
-12.559358231692768 0.7855402689771702 9.669043428510543 7.063528826615469 1.4529536631125497 
-3.223216488103024 2.8717323240511874 9.053991871667256 10.97321764290274 1.6620642634175151 
3.5116518226610105 5.108408722249122 8.137096015925973 11.502488920246668 1.5411539620372907 
7.523533079475192 6.782802614912219 6.965795345564845 9.060120952310657 1.250188440199537 
9.339690529302906 6.916040650885286 5.5157705975286335 4.879764256791321 0.9064865590047362 
9.513996022062882 5.088657654483128 3.4888815381151064 0.7128364915511383 0.5700696316989611 
8.48986999998148 1.668669523379428 0.7174289887799011 -2.322112903164826 0.36354231468854553 
6.676189558577451 -2.549638772834826 -2.410895237107877 -4.406055914136153 0.20631761389581565 
4.533992927413884 -6.743953712002151 -5.250148532823802 -6.0443582875794535 0.0707104840352535 
2.5836825794761533 -10.147515233628676 -7.29711076698083 -7.162920705983623 -0.09008878800127906 
1.380865788961716 -12.060961488020356 -7.8023568710429165 -8.20116595151287 -0.21727810310841814 
1.2726437402937778 -11.910253624946082 -6.327305676556025 -8.989090962898983 -0.4081202592452336 
2.3245600203337413 -9.464423086208171 -2.8024961407891835 -9.351022155092553 -0.5827364020374333 
4.578031154886318 -5.1813281427624425 2.5563143062534794 -9.530515625333903 -0.7622153992839686 
8.02813492448007 -0.38786757391896765 8.748251329597954 -9.324744937346773 -0.7729370569864926 
11.639593115830007 3.5408929048597906 12.825402640961496 -7.151312273676767 -0.36777911851517125 
12.587565478621704 6.662350328393159 9.833842011029615 0.019989400794926428 0.43286704214144806 
13.445269797125855 5.630091400828709 1.027428825278777 12.012915371173058 1.903779777057333 
16.60180801998319 1.6019773400360635 -8.594235773213796 24.49460211891531 12.271635266210119 
14.00202199994229 2.8496660123092212 -19.58674066085124 35.44339591241216 24.964406776712064 
13.850973239717819 2.616747492590434 -28.07190468698217 51.55204206973437 7.890385746153834 
14.659673081939715 2.312072134973204 -30.12743838742965 57.13216510360307 -5.855272400414786 
14.87105602590878 2.6733971166218047 -28.05815657152503 54.31883997334384 -17.117425346824316 
14.003084710573209 3.6252407404447164 -23.346245955847635 45.55757038894093 -27.535724854694433 
12.363915351052553 4.764464774720034 -15.85575649687986 31.46286595150412 -38.49603832486337 
10.46277546938486 5.66661414242287 -5.348391407329031 12.63916640609619 -50.27810636767247 
8.432733196290698 5.355341265995404 3.691492207311708 -2.982475485024639 -60.98022300604435 
6.068578378417523 3.4143694246726564 3.3953005814253023 -2.735981766740938 -65.14086805292078 
3.11347813940878 2.125755440183722 2.2708258783143274 0.012250623738733774 -65.05335413204196 
-1.3065243415296206 2.777467756125562 2.7569027969388267 1.3227065647500846 -62.7513865935571 
-6.373326291664917 3.0781051008330063 4.620126708917891 1.7426250255042366 -59.7256294131753 
-9.075756238359007 -2.3931928542003713 7.618873761562119 2.236118675063559 -56.707143833943626 
-10.989072907189229 -9.157512545088071 11.294822876826466 3.2131485853311332 -52.54185202207917 
-14.791288893575981 -13.566918131939145 14.930341783822376 4.554006031668621 -43.90502094994694 
-22.04356137458009 -12.654554579923282 17.91501132661547 6.337109401427597 -27.52696217622965 
-32.81442267770617 -5.460360075204823 19.14178726875466 8.97742077503288 1.7474826549869986 
-44.63930693969877 3.9064714744808877 18.456014101039624 5.536195990516125 -24.254378584742724 
-50.58389917785193 4.880996788683132 15.499982026038994 4.143062971295866 -34.49059939465754 
-50.79811888178258 -2.7528090633741447 9.614162346543495 3.8913743477406038 -27.355949669140713 
-43.24694386009734 -15.810484238244301 6.900011357524442 -0.7846024630136592 1.5853546358369597 
-33.609809486789814 -22.659347054708462 8.217107971284722 -3.9419354261374258 -0.6755341059686663 
-32.00802208201942 -12.453450821442877 9.34291536849071 -5.044039926255934 -0.2828476020010907 
-29.09511749792127 -2.8429808678690223 10.248782438030474 -3.7499059325157957 0.05011005939961901 
-24.165514205801937 3.256552803292505 10.655732557568902 -0.5549826754147131 0.5607084094020722 
-17.719040487832878 5.737033878006393 10.570634226082317 3.6263182527991296 1.1339897288002145 
-10.052933977911906 4.776628957110594 10.168853052852027 7.77104916976286 1.405448802398796 
-2.0894233088613796 3.616878720556201 9.61283302017279 10.850971176286695 1.5023214520371502 
3.6486261133018636 4.462432224697944 8.947275389694893 11.204106505837329 1.4653271763067015 
7.4197238580856375 6.468366524378753 8.274746163149926 9.020001935519842 1.279657567920213 
10.227865993362663 7.950318605968562 7.469190022904963 5.490571982192639 0.9871505485987581 
12.719771562936174 7.944252504171645 6.212850271664238 1.9300659690624573 0.7330345874687207 
15.079129786161092 6.808950002534546 4.246703675042272 -0.8891374135630816 0.55205310198253 
17.28334323393634 5.506955036033555 1.4435351318485627 -2.979976867689091 0.4113894638256625 
19.527172465229526 4.647518362648722 -2.113175389743186 -4.877151041463847 0.20816127959950617 
22.196086190135674 4.41762303560444 -6.305110320123121 -7.09758846907245 -0.015110692652256856 
25.55910688432544 4.9601275485887895 -11.126529074857286 -9.750638982288132 -0.2962727457728533 
29.35217003842632 6.700722215485026 -16.62206135732312 -12.578299622854509 -0.5324345458964872 
32.80056135053861 10.067142971390746 -22.697114905268595 -15.760328868169175 -0.6171488006132074 
35.165102386628845 14.586472529972548 -28.69810224322669 -20.66882517999035 0.2732361214309954 
36.14724088300488 18.4070787845739 -33.79066600350411 -27.79130864043583 -2.8122505610798205 
35.10280557454153 19.047152117346023 -39.2544645736652 -31.80658612234331 -25.960866464206386 
28.19042871461426 15.621455650530313 -51.53117250533769 -30.252515762049182 -43.62725473164508 
20.822623500122173 2.776428021790813 -66.06962247165796 -25.35357227066121 -54.23384326079559 
21.10088655579481 1.5511974718936024 -70.19208125254205 -22.640159641991065 -64.23607924949499 
24.789203337364253 2.6665822626410813 -70.38064872749362 -18.53220362774418 -72.01090684875838 
28.8201730153242 5.058015680962923 -67.85562370293988 -13.890506060268052 -78.0485403080814 
31.56230387731864 7.7104113488555654 -62.42372139711706 -10.250272933931424 -83.0276442885837 
32.166857233328265 9.66586704101126 -54.435387860945866 -7.8832667167623836 -86.68761809263655 
30.597694319785592 10.171233227340277 -44.034593473004 -6.059996834356191 -87.76484170209459 
26.21452627984435 11.839789221291259 -29.56552855840707 -4.455688080869881 -84.68386536643872 
20.75855905904415 13.881871612871969 -10.278741798285672 -1.7994349121219082 -74.11902173606391 
13.176361484744428 16.517678075436223 9.276740510669365 7.273968723506351 -50.62234630489779 
2.254273690084908 22.16642475420629 22.816530077271654 27.503381207227378 3.996427673017916 
-14.335150573954358 38.84783467754832 29.829527559941603 17.38998239638409 0.9564689510072959 
-31.54004537054231 59.92582842148946 22.54606616447977 5.64229320519631 0.47294653932914715 
-29.695128195556432 57.909341181839835 5.68089461160631 -1.8306234993576134 0.14261217192397757 
-9.15106511207874 36.20251999209762 -13.590503478445052 -7.681262283474816 0.5924697596073408 
21.18109794613999 11.334740205743156 -30.326383734202143 -14.937122046865749 -1.787173016539585 
55.25303575978039 -0.314789435981421 -39.63823175559065 -22.45981670393116 -44.69390384146997 
66.74992071093477 42.3562966311907 -45.97044644144651 -30.455745369929705 -60.15234861297715 
45.04186851202234 42.49820131750147 -55.14625981689171 -35.26417413878361 -52.608458880103825 
31.75832782582473 10.029680475164533 -54.2201684426365 -36.20403465717799 -53.06369801419475 
21.75939898332914 -4.559527486921652 -45.37082296205213 -29.85300349446791 -66.72435402420768 
14.665905855916417 -3.952474915667237 -33.57480273474766 -17.19571490184852 -83.08891274764602 
12.391661019872192 1.706427771146106 -21.874830880308938 -0.9314886398961009 -94.50749809904919 
15.143640464884685 4.781247983526011 -12.277991799023022 15.179592177544922 -96.25755561597188 
19.484368512582062 5.429892943539566 -5.918450684433996 26.104597306947362 -85.86836493546761 
19.7883011136302 7.502910207437629 -3.2869839288414453 25.40445022839965 -59.76412283896022 
10.594385990420937 13.458297215896275 -4.675816642200182 6.136793495065733 -11.041521996809438 
0.1603818069805616 18.40890334176883 0.02729287252985973 -16.9623158038827 -0.4360061540786172 
0.8494863195505524 14.746773334336423 -0.8263506617867061 -10.443725925543 -0.963746086198023 
4.755107220355249 9.659086486431159 -0.09688509387282863 -1.2739116612958405 0.8595734276857564 
6.74756718937792 6.226503807528166 0.4579107821140426 8.616957350626667 1.4966408195788878 
5.653297232944893 3.8803952499729686 1.8128901322430693 13.347717031518146 1.7857134187105403 
1.6141470254302863 1.620615816183932 3.8215744196533583 12.388209396708264 1.5788575420618913 
-4.133080092393534 -1.9476177332074123 6.017268088776523 7.925761088035362 1.1113776591131057 
-9.552937993023255 -8.961016560544836 7.839947279187884 3.327710515838347 0.7243194897518546 
-14.476976119396276 -12.525657919146948 8.400667483091578 1.8651471272019913 0.5881604011756933 
-17.451294911079906 -15.269461513067235 8.313800935342515 1.4283983273414873 0.6477507065194738 
-18.25281297654967 -17.788517205229173 7.789575431152602 0.9322390019692054 0.6745915603686992 
-17.15382130761068 -19.773702579282794 6.866679776399025 0.02112472602080469 0.5268888144345755 
-14.413716886098154 -20.66815359947369 5.658516324886999 -1.32041234692343 0.2579023789164572 
-10.127865681419884 -20.053039093324237 4.377708089977893 -3.0182421446649372 0.07469309835838767 
-4.307186737268226 -17.74754533962654 3.174496284541489 -4.808941118763693 0.0014518621328217251 
3.0217014124139028 -13.892346023517755 2.0255727538988415 -6.081696511780331 -0.03474716834796852 
11.60337692790257 -8.8340139288831 0.7074388055995096 -6.485500059814363 0.008068895550881252 
20.72006235271993 -3.1213306814908552 -1.1549778227034482 -6.460613014704413 0.12981107630411093 
29.03649791206794 2.620671565885775 -3.9822536978146967 -7.63648254048346 0.35136467431212154 
34.24484618444765 8.093231013501452 -9.006845081469317 -11.351058163304666 -0.7532228957966262 
31.859437640891233 14.96517999418184 -20.465889293950514 -13.777738461368514 -16.38093671881939 
25.612610595503327 18.422889096231632 -35.5570989398726 -14.55613186974143 -33.97567741328585 
19.64769765793485 13.117296679092526 -49.294329754220016 -15.696745211793917 -48.695817092446184 
17.5828987490787 0.22510604251269803 -56.92292955646998 -17.449690318624626 -60.655850271101095 
17.902673125155744 -1.1692504052663606 -59.12854489555455 -18.36150411060438 -70.07599902739015 
20.03748623155286 2.0126589764616662 -58.47838306368053 -17.85406239967074 -76.88008569736537 
23.1948995066818 5.70178938080255 -55.765607678736956 -16.916567156669203 -81.6787341004677 
26.242680900004487 8.27050139883643 -51.503368168938195 -16.02622661880761 -85.04622719240446 
27.954086227335164 9.381677146764863 -46.04061355598551 -14.930268836018607 -87.21483208599895 
27.456780008960443 9.331850169992146 -39.0126306298078 -13.465206497671321 -87.97609424934977 
24.44380343541036 8.723844394102125 -29.410509443784015 -11.951949518041689 -86.49278131279688 
19.10084879795288 9.40094153228927 -16.240784369407578 -10.526951818377778 -81.16453734073228 
11.964693228726563 11.775546888288593 0.1082187282457887 -7.101739202671871 -69.4968909684753 
3.930253155391387 15.272946267588223 16.143889568350396 5.066494762181141 -47.77133934498163 
-3.9735661630315433 18.939868825778575 24.828182666106244 33.10416415262741 4.575927866285663 
-12.0159658606283 27.85713453894962 26.80677350385341 20.110222256908333 1.213892679883375 
-19.764855256917816 41.66610598411155 12.483908431873912 3.5380893502930797 0.8307599538084016 
-6.408248858904049 28.41115352473041 -10.815055970871722 -10.605983178785683 -3.7902311569016898 
19.576673473341387 7.864680962406489 -33.2398477020551 -22.189581972058463 -54.52208638238563 
45.74445226474763 5.640536821879653 -50.26107353316148 -31.951168251621706 -79.5298375999869 
55.876818670431255 50.00038961360214 -62.89498067884004 -40.016142005263525 -84.62739005147925 
55.83607367361801 20.67699520928465 -73.168118628402 -43.64284228313434 -75.72881425397534 
46.119341656341064 1.712050141483708 -75.50240840431208 -41.10636376077382 -71.54178591342912 
34.8697449940739 1.325116343463364 -69.96270070563548 -33.05315453015693 -71.86765552375282 
28.258301590693932 5.495070419148295 -58.78166839514793 -22.392429585748495 -70.44944281234706 
26.327648342511726 8.577487949404103 -44.183185353600436 -13.14299203989564 -62.867269730238974 
24.847099066153653 11.537540963503744 -28.747339319349486 -8.784558296218307 -47.02047345944235 
17.567467539731396 18.16183477184905 -16.996093130565672 -9.606183009368007 -21.71084486587318 
6.557851403432711 26.02693936352573 -7.952072548807998 -11.605575087122352 -0.0067480920798717306 
-0.8397095749310614 24.475193937691994 -5.162777778031852 -9.215414452956058 -0.24947194097359418 
1.1566957685254387 12.03734808406597 -4.2019697286956035 -3.7741406496151044 0.45781503834923043 
5.273926582095723 -0.7808224404131776 -4.420201396115309 1.182066414751854 0.9079259134130426 
5.609829482054018 -5.101282148305954 -5.246964636864582 3.9636553200721316 0.9620105219352262 
5.018190134869837 -5.762593747490355 -5.700419357780405 4.807380583182383 0.8773315694101471 
