-20.963560116574996 -7.5044666045452 12.984137794109483 9.28574996205991 -10.741764882750479 
-20.71191567309487 -7.047088618959946 13.344470373705228 9.773369094348794 -8.287971198002573 
-19.51194567156039 -6.066697840781597 14.691365073359036 9.120255547834487 -2.3847465847293305 
-17.918212280647623 -4.798948346932504 13.411825640897112 10.79699171343959 -1.6440813080501973 
-14.017739110396466 -4.1021994864802895 9.157171674534933 15.756644125739738 -10.334768341308694 
-6.549125401295721 -5.260027331341281 1.9374006521673932 24.990217145344886 -39.655372680360315 
6.692825962967231 -8.328617318712476 -5.551239653518744 37.178063542019224 -55.770366120595675 
18.87240094834949 -5.929164546360557 -13.565749403482748 46.072919508542114 -52.761086582427524 
29.24009149485989 3.5416171782806813 -14.471453101730408 37.51754357526577 -29.826790895410895 
31.897627092412467 30.197816452714765 -0.5038670141852326 6.295348567392442 -7.1191079858884425 
27.099785519758697 26.4730865855126 15.148054776356522 -17.726105189932838 -1.860542490265141 
15.375124502976082 14.999145268954683 12.859781223162301 -2.429763516845997 0.171576948369413 
-0.0013775931900036971 5.825731695097928 10.831890620094795 10.391689239367905 1.8385621961883 
-14.787955529836703 -0.38541750456598484 11.67515232967517 15.65746902823997 2.2926322014611022 
-25.91725311689976 -0.08944176107470345 15.61085586944237 14.161599624676798 1.777419406831641 
-31.992865309547387 1.0459973970301502 19.819948638512162 9.050152869976959 1.4822372001915225 
-31.559243878149285 -3.2636482564820906 21.744218849990826 4.542632828130958 1.0732302756307937 
-24.44070786085942 -15.648274792752128 19.975552104200062 3.479298143173376 0.9328460929833711 
-16.427162611499977 -27.56312185019475 15.170780348939882 4.6329067264725365 1.0345534069787448 
-14.916196433691372 -27.662895796203856 10.093871393868076 3.4667186202077644 0.9902010752805427 
-15.210071171762833 -24.332673600700687 5.828847771098975 0.33074261666217364 0.5951584456452156 
-14.090598767996534 -23.045769650139338 2.037932492039198 -2.9457275857094563 0.28178109929547707 
-11.62742187224799 -23.380361848435196 -1.4818110506490132 -5.560977214065605 0.02910068339303245 
-8.496390230037786 -23.668388356890063 -4.300379834062741 -7.659156233497231 -0.19331552130760385 
-5.240611975922096 -22.52692608949072 -5.7283665607306595 -9.55395418850001 -0.5245405837570475 
-2.3004501179213763 -19.115227954964933 -5.406830785291984 -10.951676151899397 -0.9016847781857806 
0.0730886237774254 -13.194642455037672 -3.4693016119285587 -11.07696652937808 -1.024871737317967 
1.8938846087699641 -5.466809490039747 -0.42933549079521205 -9.44416396799961 -0.7589447023955259 
3.381722532647519 2.399180994667586 2.8787901871318042 -6.51606332709185 -0.25707541781031623 
4.785260478674927 8.144526760813402 5.453227981975437 -3.0883990567894637 0.11033451277691024 
5.823209523867204 10.148540629515615 5.69537727499407 1.3003495571482888 0.41651003594598723 
8.311854359178414 6.268049189391971 3.9327676146739203 7.827384179726663 1.0329354141209806 
10.034461492376789 0.27826688064949867 -1.734439082587535 19.272638854422613 2.8487089154000835 
7.861250458593381 2.8228757843332892 -10.65394500953361 35.49640437703825 -4.534868961350162 
5.371048647877501 2.853954547701195 -16.70723938447395 44.668276426360265 -9.631907117818958 
4.211054495746117 -0.5269365028025167 -17.967819518407623 43.4536700492204 -10.952790884388692 
5.040289919469784 -2.4080848426650254 -16.36400142738655 36.059391553667524 -10.344806365932675 
7.925226075593556 0.8765613225987662 -13.824470733264931 26.578251467898212 -9.669566959244154 
11.958626252682407 8.841129855080693 -11.729109831774325 17.612752829634765 -10.168775149648528 
15.356517609540568 8.691200872929251 -10.92342186267379 10.100215351192908 -12.068801537687227 
16.384902815286782 5.954077759457246 -11.548143428694184 4.397434374426679 -15.608033118877879 
14.126805143108523 4.351152867559421 -12.960388201521686 -0.10072016901199025 -20.644053508486078 
8.790852501891386 5.212945105293109 -14.241578459226531 -4.2574150960182555 -27.079929845659905 
2.250102131695237 6.549697654126849 -14.384048254484359 -8.805685583768478 -35.135663622506094 
-1.9655703384519598 2.7256883777540275 -12.309163027716231 -14.248250242216448 -45.27316596095224 
-3.8082220913539837 -4.583582239452978 -8.106672153881531 -19.829530431557092 -57.2222635612687 
-6.818235199562293 -7.107473325764475 -4.054380001386482 -22.337169749259914 -69.12550609494231 
-8.750730915787981 -9.763042614012061 -1.3659348412675951 -19.89535231001973 -77.91006462274466 
-9.930598173041535 -11.094078482759668 1.2781330501549848 -15.02253959394755 -83.17336819285462 
-10.668084108203187 -9.974011223447015 4.375061233467406 -9.011732078223876 -85.45672523796793 
-10.984853772201818 -6.118409405399776 7.7287853964226905 -2.3099777479493757 -85.30432170485935 
-10.258756318073281 -1.00595124945128 11.076555091430176 4.4464280723273815 -83.08485558893958 
-7.615447102366957 2.6387905046960065 14.12030489133231 10.360419432667655 -79.07901264972924 
-2.637908502364227 1.2064216889822947 16.07968893785098 14.483700875718752 -73.13274882820187 
1.2909754278567394 -3.874154957690601 14.419726194191215 16.741234233630493 -64.363012438141 
-0.6107031709019378 -7.162698545472557 7.889675325431337 15.970155490761165 -50.38285361264697 
-8.196719899000106 -6.257315307137532 -1.251205854133403 9.535615502354714 -27.874070405185396 
-11.514614064486896 -6.0315041844080035 -3.1241361079932104 -6.760790524322456 0.5189129377672781 
-10.694118724033945 -6.184450205655495 -2.09441677733471 -8.888154351897283 -0.7080876970097433 
-8.683049303907351 -5.698654777891835 0.29636161367499 -5.467217132591456 0.06706031224783764 
-6.438349593318338 -5.325384390014032 3.068789779106285 -0.12120770772959473 0.8018191162021492 
-4.471548558232904 -5.340254487357387 5.520381686164276 4.939146010952784 1.2069821008839692 
-3.163240031888841 -5.446291167614051 7.2889455377751435 8.544283677464508 1.3186930400709718 
-2.6564526756529747 -5.283343877443238 8.413469924961948 10.146746383561537 1.2320244768799995 
-2.6531072239023956 -5.433349812592479 9.211275213864475 9.553208606109912 1.166179998339796 
-2.9930126636110064 -6.475264694911317 9.811999107862473 7.301205219484092 1.0346167152859596 
-3.5558520048801836 -8.381161656861584 10.052859520930424 4.416219411494051 0.8262100084898608 
-4.450178222615485 -10.61259643691586 9.628519078597254 1.8907648093659164 0.7000182133898333 
-5.6138663871053405 -12.614372453756587 8.505573927390866 0.13548202533287207 0.5860081704656945 
-6.6403642139254835 -14.06903632603195 6.965776441718564 -0.9192408461982987 0.4679820107148182 
-6.9209638241566855 -14.937500914383998 5.508776644989261 -1.6635017772487302 0.3692374675454909 
-5.915075040199208 -15.210459400195708 4.6731670544762105 -2.480397326985451 0.29765025205819584 
-3.3262381698653427 -14.814352178587498 4.758588333990989 -3.4072917589988583 0.28012829407727247 
0.8428735946194045 -13.874933497762402 5.5576301578711105 -4.103244528390746 0.28699972478191477 
6.296678049171612 -12.897722357549016 6.165894646020017 -3.9121704031073428 0.8325635096075663 
12.246939741455353 -12.8651708387112 5.06245581078542 -2.352792507026177 2.925188428355749 
16.504414043982774 -13.905264481698335 -0.024177685500014298 1.120026294620266 2.5672034375384563 
13.415670776640281 -11.772649262967247 -12.35144068948483 6.8640889966316925 -14.006174348617794 
-1.3639011151218683 -1.5067131365960018 -31.79019516205406 9.555644708049778 -26.991642156105122 
-9.059269522330894 0.5536919781329851 -40.17732527851632 2.1958720418380566 -41.29217113100659 
-12.389100431515274 -4.712906601458539 -35.717341778920314 -15.618660437754993 -55.79004349540487 
-1.1413363957753124 -3.3275903317412205 -18.51663293471505 -28.570696477622086 -69.90296922482997 
9.762014188176062 3.1419256189568925 -16.015793596077494 -11.051682371299695 -50.603489012560175 
18.025770336101278 6.570866684190215 -18.454313948075658 16.268971560870362 2.5438794427883664 
21.435843326382777 6.434194631320652 -23.98685799879642 21.98948075696293 2.9297816694847265 
19.823354958880646 4.123749294013231 -35.41880859645163 28.169761368812804 -12.80541034994667 
17.49515861227431 0.6327082932218193 -38.80198988219538 25.0145796716326 -27.307593909956097 
15.711787729596214 1.0721117944769907 -34.24025123833667 12.855911582116592 -41.565270672753016 
14.693572131213221 7.534950610058592 -23.081536429330846 -6.1610558929384265 -55.7113871095776 
13.690880322716342 8.62259360892917 -13.184388879120329 -20.144718585405467 -67.40083753440429 
11.963635147815943 5.419298981708977 -13.526613286656135 -15.913139671048526 -69.75288749969162 
8.796606901421095 2.761955179566573 -13.309277022936165 -10.97019070523337 -65.92033932463573 
3.385989086206798 3.097591452111823 -10.42764751207539 -8.63842387471485 -59.86756299602079 
-2.8367204253610123 4.095565452421108 -5.707728093420702 -7.159767850430377 -55.09491084611364 
-6.260602350014942 -0.6108933909975713 0.3089611551932686 -4.771554905561003 -53.98250313354614 
-7.874816572346606 -7.159975341259244 7.171311156792089 -0.8240213740306812 -56.529623890113186 
-10.286577529975759 -10.485513517186472 14.454694888589625 3.9882317125745845 -60.25317550423122 
-13.314047601130898 -12.086744341486675 22.335470071424538 7.985845791927268 -62.22751995965421 
-18.16422050496536 -10.647847915915216 30.115475382934143 10.268720146977232 -59.85220513868392 
-26.41431093226035 -5.455661003498525 35.20999836662538 12.155264223884267 -50.899095791267804 
-40.12664637702082 2.736622652875945 32.00978421067005 18.63650113771217 -33.20793034692121 
-46.8927248656142 2.8304383969426827 28.85552099349298 22.724405479964695 3.925715978718249 
-46.522277086474745 -6.684776060116153 25.138549632246935 13.621608760894206 -17.232059320370293 
-49.65740874083502 -15.823289162189115 12.507353575200254 6.985234075809762 -12.782766206679621 
-46.16202322142693 -21.707789593697512 12.308351771027437 -9.081338029143257 0.410399484078918 
-43.907953297114425 -17.055356809816278 10.524269551076882 -8.703850190588792 -0.9579036126016812 
-39.390037081826094 -10.987187242910466 9.430279944686653 -3.4580421482087598 0.14838522379748648 
-31.797057896954595 -6.989496210234002 9.40988905452411 2.7882478357819074 1.0921026424600906 
-21.87134015898732 -5.278495033998766 10.100462005814864 8.355858856544836 1.592826237325434 
-11.552969235411235 -3.2505153207411817 10.840193788638478 12.01688083562772 1.7519156582686135 
-3.4331482677559158 0.03434956343439117 10.972297963042985 12.454099463905802 1.635050005354852 
2.212131239307114 3.39010286678646 10.320790651648798 10.096129885913022 1.3474532746297412 
5.939593819884027 5.352110086930544 8.867108658696601 6.26575724674426 1.0287067141577602 
8.250755532888128 5.3334664153871145 6.598162862573971 2.3188336263291993 0.7324948946365177 
9.455746582727244 3.719872109981843 3.5914103786385025 -0.9699243464905962 0.49279986058787 
9.81443178162452 1.3265124048300145 0.10561936591716492 -3.4908254865261807 0.32424324242916064 
9.690852562409344 -1.1262783397484704 -3.4010380695624947 -5.463337937461044 0.15879887726132924 
9.548767926858856 -3.0338097031865368 -6.362685948703919 -7.163025669891155 -0.00551477839229145 
9.798950077625243 -3.7260999799673025 -8.294704169979259 -8.71427845237878 -0.21047652566857183 
10.719830425414276 -2.7395152173621735 -8.829256731061928 -10.16873219781558 -0.45708233830165823 
12.377473312587103 -0.01572049004442906 -7.839595681624723 -11.62634381001342 -0.8026794829977854 
14.782649773035205 3.8231299214501977 -5.591402064614215 -13.077132771878977 -1.1353324564274416 
17.8965299746946 7.405963223237897 -2.9079339579516237 -13.959791745017052 -1.22426244383058 
20.924105927116308 9.38006531235691 -1.9872686765332388 -12.384731436534235 -0.9194525537761407 
20.718433293354185 10.504684859971972 -7.325743801034211 -4.564344580618291 0.2433898248684193 
21.99226832320909 5.6592102048041735 -15.274276615175518 9.395979386579175 1.591080741386799 
17.238138696927624 2.9546695861166152 -29.89226074006173 31.417618388840516 -2.9262907715758053 
16.858865442999367 -0.5468040359836532 -37.329817646604035 47.015877597460936 -8.750461672112204 
16.85448592979258 1.0195824305572239 -37.968095715493895 52.795125454425694 -13.452480283035756 
16.564538682392563 2.5133191202842458 -34.404591234189965 50.75135571120518 -17.240349306736 
15.563529822859428 3.837918335833717 -29.07768574067121 43.91567969211232 -21.173032154218827 
14.054850598520872 4.46738587827249 -23.120733987137694 34.228106787928404 -26.22237567202237 
12.486578878900872 5.766264565940038 -16.24667922633734 21.89883851556951 -32.984184587460625 
11.115658284258835 7.718206705593686 -8.091791766027258 7.046570627089443 -41.25423254863435 
9.665083168742852 7.235633914709204 -1.7156039413687154 -5.072921081774418 -49.44961009029793 
7.487383234762844 4.804828610464841 -2.347565114741694 -6.070287322279315 -53.95801435505106 
4.094316279630465 2.796215113142931 -4.191528499314236 -4.837987823482421 -56.70749706328002 
-0.9131916544504101 2.8828028796571283 -4.677257475827122 -4.963187081006448 -60.15575345415004 
-5.980802974741516 3.392476107789614 -3.6044154177258183 -5.7648201284513245 -66.31855936222891 
-7.583052653262653 -1.0710675113414831 -0.9794625015445709 -5.81222530119669 -76.23109671740703 
-6.3662308409292905 -8.163056199930319 2.872645762135933 -4.105839906873426 -88.60248006100184 
-6.413450775066814 -11.273741122698157 7.098528677030743 -0.4322740335142937 -99.05515835048085 
-7.4069221890419845 -13.14569080877484 11.852911269775724 3.9413038197869272 -101.8310321502863 
-9.736286360108437 -13.81863240456464 16.87489457112348 7.781987514992945 -90.73857289686535 
-13.903338062057498 -13.512479879208637 20.568886058497053 10.992503250161246 -58.833873617329544 
-18.988485256292897 -10.417431725872481 21.515597556098843 13.889510952839114 3.9240214712555748 
-18.30401669886066 -9.481539865488749 22.470347052096816 12.490842886378823 0.5509266302380229 
-15.569608772624347 -8.655667626981531 20.326750458649073 10.687791151083042 -0.6459262029558835 
-15.637120536253237 -5.73575752953794 13.280931864378955 11.722962095469436 -19.237994775342653 
-21.973724213799596 1.8213893452562995 3.29924537902098 5.242557683433939 -11.179476346730429 
-23.698427251877344 8.166528993738513 2.5550858006511996 -11.39912983318578 -0.14477489554677203 
-21.43405986719195 10.627701022997636 1.1274628228080492 -9.778595910399783 -0.1954992322918936 
-16.35554460460327 9.387692308267242 1.3071813675340869 -2.3415084353430347 0.7743517159937119 
-9.641364286866125 5.701398137342024 3.2749769756370535 5.427530031794079 1.192352882727636 
-3.4023581147090405 2.4915601822178512 6.1195422480328014 10.66266379746492 1.4922845528132502 
0.18496797544913485 1.4968142994566687 8.792339875137408 12.10752694536689 1.545130540203346 
1.6136345962764824 1.6849605569413597 10.648010884826782 10.543223120793673 1.403297758563453 
2.0628768845149157 1.3617203558897166 11.30624210014875 7.440145400783246 1.136538947219635 
2.244142243883869 -0.32553079426321213 10.552132354632612 4.103128100416161 0.8937851492729887 
2.346889819157763 -3.024578026914221 8.402474170338882 1.2389073682530403 0.7003869916642538 
2.3329622834371775 -5.758516035462694 5.068855149993266 -1.1277969922480078 0.5346030552616285 
2.3949175062881283 -7.8214792775766 1.0133113061678565 -3.3903847264191356 0.31009370726633173 
2.997363347370109 -8.965725821458918 -3.22454077857744 -5.883651702667251 0.05779504636492746 
4.59661926511379 -9.025716754988684 -7.176716635739285 -8.576597485554567 -0.27514623487277534 
7.1814902037729675 -7.551024611295699 -10.451724208892104 -11.065621065818762 -0.5517718945794996 
10.162484090247958 -4.002155110651961 -12.797490524338988 -13.06559978218427 -0.8314943611883095 
12.693526078884846 1.5165960641453344 -13.916914436471233 -15.115818065811162 -0.8028695414468413 
13.860346980464575 7.9087101397746 -13.646495965149144 -17.79800786366053 -2.8265237101346274 
12.01233730625257 13.508853609883165 -14.138693134465763 -16.050040517680667 -30.301149762478374 
7.533244501567842 13.45346257046546 -17.17154766349992 -8.938392648318974 -42.19054198702689 
13.793200128451856 -3.7388821651992923 -14.190149758345326 1.4517645709912426 -36.52353757513671 
19.272850985928578 0.15500446173512614 -14.641065108521584 19.97144752307696 3.2295199875849927 
22.600473702022427 2.6453480089779142 -21.010161552408427 27.620028253351833 5.744763046194729 
22.16164386255086 4.535228190998359 -35.97619804224957 44.33557109653541 3.302908871009077 
22.24337562434991 4.618007261342075 -41.55045645355088 49.3729389755301 1.6087297814389372 
22.188662883593487 5.834682705794295 -41.26585153610242 46.28732566066058 -0.6040941530658999 
20.80121990885383 7.290947688609073 -38.44348052161458 38.80025980428157 -4.942083263016524 
18.039571290762723 6.045334564702558 -34.08862490646557 28.93145835293007 -12.99412607004849 
14.505411818296446 3.585271925262777 -26.86970187625775 15.639230182547639 -25.712635639828306 
10.903046033228946 4.186335606411446 -15.307687437357098 -2.4940443113860318 -42.60997104627469 
7.406981408264604 5.341241085663217 -4.544083568632502 -16.550054425954567 -60.79339068946481 
4.01064362844094 4.6217590315029256 -3.2270035560348242 -12.578672858727678 -72.62779856271179 
0.09907113202524744 4.0438478117482966 -1.1659809747404506 -7.2923655723148375 -78.65952101676511 
-3.916718132057578 1.9192686329182886 3.7823078181486567 -4.177516823547608 -79.71859767096873 
-6.272037432066386 -6.13884813037221 11.217608476856066 -2.1043098159647546 -75.62000219990331 
-11.224784392672161 -9.783714418401921 19.42027311136017 1.2630977591933277 -63.865084989809176 
-16.47048753088493 -13.72973777196319 27.28720680717321 7.8743791708939925 -40.19503967446808 
-22.389006956028336 -15.188959219365687 32.80804345844065 19.407755890994967 3.50164537885545 
-29.508604632221076 -11.538352790818946 36.20611806227404 15.475307834124134 0.49707662138806435 
-37.77492042663149 -1.5672332047727122 34.15863046034066 11.104825458334108 -0.4134729858250356 
-43.665314385633664 9.013878569406254 28.03450495517895 14.988196760627801 -39.17153679086559 
-42.16513330296134 11.656640291830383 22.599405056782143 18.221533281400436 -60.82834126918768 
-33.321242352516876 4.518163847858892 17.755703031269082 18.78876811596873 -67.39172252985195 
-21.612677802255394 -7.5301420757124715 11.71578347545125 16.28220629372393 -59.866680799616795 
-17.167062410808782 -11.526757061864197 1.474679206450477 10.267406477052308 -36.7521606756267 
-13.008111313113945 -7.265723022078258 -0.7096683686933523 -8.968910691811876 0.4888794730937543 
-7.6467535419585735 -0.4402429437104437 -1.6633859365595318 -11.150313357186109 -1.2073702892188163 
-1.1087767771328796 5.541825143828132 -0.9091141634392486 -6.990118736125081 -0.33748558046159954 
5.250273535489545 9.125465596414749 0.9365086719324475 -0.06487015590589475 0.7418032380970113 
9.45737475369019 10.164837146997508 2.8236557979722705 6.678795815638062 1.4123758740097059 
9.942704809248532 9.25212666911918 4.1212951720883195 10.928931428555266 1.6761042938609476 
6.276691770951112 6.963551148717663 4.89087627792127 11.458312418952797 1.5438645377903202 
-0.4990667858612602 3.320528337908189 5.647967153969323 8.468072464934117 1.1672044928235887 
-8.01300079199199 -2.584792755705433 6.774307444813434 3.784954079973016 0.702150402793011 
-13.565701965351625 -11.677112697662311 8.01294981504324 0.3968339714143896 0.43420707255236596 
-17.511085692674314 -14.958140793726084 8.29011393806466 0.8993915668498835 0.4885728996519933 
-18.45516915749285 -16.34363117951199 8.49102985724144 1.7065702216562324 0.700534713380163 
-16.615151594699736 -16.98584934868118 8.548062398653387 1.5974173458444585 0.781189192110986 
-12.77232838441705 -16.813273987611204 8.076304354372194 0.614216213825277 0.628329827965018 
-7.595812070556761 -15.462147832082305 6.881626532404202 -0.9210204981270591 0.3277434968413953 
-1.4709070954162202 -12.750315198839301 5.051067113256566 -2.8911595784315067 0.13540028532825082 
5.400944419304759 -8.815703902422214 2.718881228620423 -5.190475333213311 0.015189761480934856 
12.84266550143994 -4.1256785299787655 -0.1520084453724133 -7.337017957400905 -0.13937480233042943 
20.492587075549547 0.677206764566076 -3.9801402280822176 -8.53877937956752 -0.23368513961685042 
27.598650521864922 4.819227057601609 -9.58180356694975 -7.940951357132492 0.3454723235170152 
32.85803097636381 7.6622036344353 -17.679484899450735 -5.825605757661975 4.567387243129417 
34.20052263459193 9.147570846157926 -29.102277279154514 -2.407189297749168 9.255648971450185 
27.652151217094794 11.497658641577024 -46.075972506126845 4.174022888456499 6.351138697520287 
20.225202061608417 8.803622673083721 -60.07262790997412 8.076249663450469 -4.010394925978696 
16.118227427642932 0.5540283972528569 -62.97738620701458 2.220706091810767 -21.683617861660444 
9.503548498469703 -9.810328316062602 -59.25021781302926 -11.675891041378959 -45.20593438669207 
7.8973062466360995 -8.198627029170572 -49.05273497631261 -24.49873744006846 -74.37561923139226 
9.091850406938114 0.28017384454288036 -46.456982071219706 -16.995945525891795 -93.05058494496531 
11.80859979325698 5.030073104415734 -42.26067862972905 -6.703459073897905 -101.01179112378423 
14.265223828751706 6.444594910847858 -33.18471481022209 -0.976029012382448 -98.6018167670474 
15.01953484814847 7.377187779398316 -21.071157816574583 1.4767514384671891 -83.75982474615091 
14.023660046968677 8.749051628543139 -8.755728753880378 4.349185440623271 -52.757436664757975 
12.103767104875107 8.768597496823208 0.5841063166184134 11.117257679311809 2.8004994351840864 
10.143027784948885 8.846447184240354 7.143086389579341 7.4522159209326455 0.36350837683372494 
8.284229636248025 7.203116708425193 9.478950494633146 2.879226805812234 -0.8656280788757704 
6.0913211735605595 4.026658635910583 9.494485849456487 5.579678163256347 -48.47072057137492 
2.7165712705546152 0.46933491899202556 10.82805824582016 7.835305343399724 -78.39749845336485 
-2.7573558142214365 -2.608133058495419 14.005763545747937 7.396101271705357 -91.64947502252278 
-10.334631515980286 -5.70634130757889 17.628527229235708 5.607134892566552 -89.69551241816907 
-18.86089159219665 -11.121939457820998 20.855821368430593 3.8648057614458597 -73.95622154953156 
-31.05576431691925 -12.247937828778342 22.328359546499133 4.132806363620054 -44.470430705754595 
-48.03574562760634 -4.576774582096622 20.480367348940348 8.490124177371385 1.4836636625944177 
-63.991035826290144 2.932944293119645 16.43200081900573 5.454069575757859 0.2634493956673188 
-70.63346773366229 0.8472636067458188 11.507359760688113 0.21645119910503502 0.566521673016189 
-65.70335335459961 -14.376795710936179 6.544958167310254 -3.2325182590432138 0.4335357565834004 
-54.52609840453336 -32.07438371321675 3.459262178000209 -4.637334966014054 -0.05294906158156245 
-44.99772849539925 -39.89174043933168 2.7699297302452677 -5.075201691091637 -0.29992351334339706 
-42.82744603463083 -31.579238341629917 3.6006206873392363 -5.414049847528933 -0.3826316396741274 
-40.34571569308068 -21.574557628330705 6.143358068500398 -5.492986383868995 -0.30255619764710956 
-35.857992374956694 -14.46181912851421 9.26869511849319 -4.2853973175479405 -0.047786695014831744 
-29.9639926308488 -10.540289236104677 12.097313504912986 -1.5364431869188828 0.37064460968391 
-23.743042947060168 -8.941502070377794 14.298936363743447 2.1041937701377833 0.8262966767721305 
-18.11738005337889 -8.72643810918406 15.84876595799701 5.544885840022971 1.2083333017136964 
-14.033203388613323 -8.887586564997811 16.505222575893846 8.002025852150314 1.406186490224469 
-13.040936494252145 -7.996264413423229 15.260483498928075 9.712973940295965 1.4716832596235223 
-12.969666058876166 -7.355577287558206 14.277384485237953 10.237289293607308 1.441670512916021 
