139.55681446747644 100.20427737228657 -66.41292070268057 -13.30042948623507 3.676917188918349 
126.2293005305432 115.43584156171211 -79.91905310682537 -45.79436949947042 -5.677188244263614 
137.5435105064661 70.1876249753256 -110.99318949313027 -58.86681721205616 -0.5483125248881509 
150.27653762257654 56.52114088020713 -125.68639367020074 -54.12538950498897 -10.470948260167582 
128.50269533217335 54.57354259669162 -155.22153270007345 -84.74202501934683 -31.221087407039924 
119.92334205876203 51.97257800320816 -144.55374007353615 -67.74151374743617 -38.18749473402589 
119.8477285130757 55.00418384251739 -124.03759490482872 -61.247520263733904 -22.13382416633838 
109.55375647677943 51.11213643905826 -101.58967737959665 -43.652798524492155 -13.32819402391139 
100.49999391997233 42.81136240700888 -89.56913270112585 -39.43327186005074 -7.510024742293675 
83.50381396502345 58.323672775187184 -76.23841169662784 -35.5383644683785 -5.639497180684547 
79.11786205568667 64.81310744445757 -63.0145990383394 -31.961265414222044 -4.605898338585491 
80.77289263167602 79.26136574678472 -53.6687287814576 -27.877564043435836 -2.0115232715992346 
117.80583617903253 55.02168628944163 -70.4182883276772 -25.821530870356526 -5.616715917727662 
152.32479127652272 125.84755753951974 -46.988315311977885 -19.393023486426735 -5.1985523222328975 
145.29261854814203 89.95477653867592 -64.45703738203412 -15.36630703145119 -2.5044918583467823 
85.87780318799048 140.54968296473928 -66.40231657017485 -75.09649446369455 -7.812977022589989 
96.93230177680245 16.202401851547723 -174.37705110114715 -51.05519804231168 -74.13680565859332 
87.2547334681095 107.66091640275464 -154.16344998053125 106.8930644269252 -193.84287438794095 
99.17284055839792 106.61574123633392 -122.44427602632184 -37.82871078429265 -7.290353360939674 
59.75736159030035 67.85119178390242 -110.60232038050249 -7.991126854758869 -81.865665667044 
58.66498456898544 30.515384281463668 -49.78581156924946 -3.3180040682687113 -38.187393647054655 
29.45011083062721 16.94214672634829 -16.72240373111162 4.906574846454476 -15.27604657731894 
12.136208161606179 12.851722055142003 4.809143673065322 28.770234808649118 -18.668256395619196 
-27.96870904398004 6.659314755993372 14.68556585874955 87.46745739108015 -127.49702134472521 
-55.73562431604888 -46.40453072618239 31.680446288505635 93.78893330102304 -118.10689086569984 
-84.38107925010597 -55.19058556173448 75.65823139721428 96.17293813271604 -72.62906257241397 
-98.3512719716167 -45.549620086465225 115.90072602306803 60.10981187037125 9.159387020715133 
-128.5845747567815 -96.92473054781773 104.3837050494176 53.921244846809316 5.953342548530622 
-125.99499908252261 -78.64619914215076 95.93720923006546 52.84089704031158 5.712477387838898 
-115.99605866875109 -64.01721151425588 89.17913123367349 53.95188348440979 3.804605251296582 
-94.01083626631907 -46.542147533761494 74.94201913134798 47.425586655965425 2.0011037407744587 
-65.3850354253614 -27.718259107098604 55.477594343149875 38.894567712331344 0.48883325854732734 
-40.92560462237739 -12.15720020022952 40.62615259310962 31.81848253531614 -0.6695249782468476 
-25.729224948573954 -0.4915117924620426 34.77950784002104 27.86540431181195 -1.3496922341407924 
-21.371398906157452 12.95459514081073 36.60747699333336 29.379637758964794 2.508732346840606 
-26.816627733514537 37.56634786641324 44.93378502322644 27.254790512482092 9.123465665783453 
-36.174565858508714 79.58693041213805 52.919664049360826 22.685425903745372 5.58614861893496 
-45.00141375925517 125.98890017443841 51.59564878550006 16.759503994235004 5.741040676684418 
-42.796815285431116 130.8030934944313 43.331495898491816 2.9053230764502946 17.780166531420907 
-4.827070227562773 91.13330281070817 6.8130919858404875 -9.408189902192957 -0.8796454288851085 
46.72070633411515 55.96160235733924 -58.44589204700782 -23.481676996552828 -1.9478381929598396 
117.00177027136856 21.373113460125925 -116.26705518203839 -39.4173025207969 -6.541427735676514 
122.27556843837488 49.942762117851615 -122.51896164106688 -51.20998199940613 -11.790224318995188 
114.71091636597355 60.029897258540935 -118.26717310664282 -58.78187611377836 -24.019071428040473 
96.96833490070719 62.134351166780036 -105.44342456573051 -61.72955828617231 -41.410379134900126 
84.98296612579172 69.0436834289679 -88.27141263229636 -59.479665379793985 -60.68748275145142 
64.2066505177551 66.7363011975128 -69.14127288629722 -51.06090440902608 -135.47391587235046 
48.27768040258151 39.08896734178853 -60.628787975429944 -44.15470423882392 -130.2973011117116 
33.739981873454745 29.87677398183989 -45.854099205110074 -29.97746729049091 -17.97356006052741 
33.93087150285423 15.601712338561995 -22.758587771250657 -4.0033167692864025 -81.05952788685657 
22.2299641620144 8.805038217759675 -11.67133307932064 8.128425859202732 -46.34244421705913 
3.8399078753772957 3.8709517854915054 9.275502355858151 11.704110957336859 -1.4429907122297108 
-12.789418737687399 -8.222494023194226 21.37503332564311 18.52179867531062 -5.1637431518398405 
-31.883061362975 -36.06424657851798 23.951225917697734 38.709382523645125 -75.14493161685222 
-66.20939418962153 -49.67482400768264 41.95838665024109 22.1273997775396 -11.388297842705777 
-103.79815097220882 -60.886850139648985 41.555332563296965 3.963014173769392 2.232296327511524 
-125.61891644367063 -72.0312017010406 41.377966050989514 -3.6178252381882356 0.578793145283705 
-107.8793258893391 -102.88520054655982 24.72137025606777 -7.538308453781747 0.0059562468071123476 
-88.34456055715317 -109.48787628662814 12.346020848963375 -7.352573324716188 0.41414889702047264 
-64.57568078184775 -64.50881130902134 25.213505936893267 5.0254815096804135 1.2191377556250085 
0.28588489044862087 -3.4869271257411376 3.2092071080581994 9.745799661109157 -0.432759495872944 
60.1367737738526 40.58782222322776 -22.98731147354469 15.178120672596961 -0.760276059396575 
69.83857116814674 39.6075809302769 -43.75593802894008 -10.436100657773824 -2.095464218728855 
83.30704917537058 41.606105153341716 -64.67623747594463 -23.138065234662122 -2.8774674672701135 
97.40083280465731 53.55374050136833 -75.34924058863334 -24.058945521413996 -2.8439890276724453 
103.33995404751973 51.934782924815075 -71.43038363703722 -16.326013352352884 -4.3082211499422804 
93.41425651499117 80.46370242815864 -42.35843089889399 0.44676905153840996 -4.179935458163255 
60.755420027642 32.05737999510326 -33.97481553228517 42.39900756845321 -38.61753664848017 
-5.987996221946551 32.32278710394332 12.915842319900836 15.540051127885624 -22.387255027738334 
-118.46696150251181 79.571267934578 56.571166319362675 7.098518560669958 -9.143948476020645 
-115.3257607484091 -7.325910700449549 71.97042427961985 24.28074894295823 3.423190802758335 
-115.40456663059733 -43.03995714571688 74.82346362239558 34.48033294517626 2.0699403622323045 
-117.87897051725382 -63.61649776162102 74.68513417302279 75.61323409099495 -28.471575633686474 
-128.958562281116 -77.13309951592429 78.23604191434434 75.98104955257813 -38.34831507239491 
-135.08789698498632 -103.89580358964348 77.33104132312586 54.55116726266678 -24.087625730322483 
-114.82636957253622 -85.12517410719131 79.3883672357391 38.713721761268346 3.764106349834986 
-77.51796152308918 -40.98453215318995 65.34228197370535 28.00281890982919 1.944990981864124 
-46.47104560568129 -23.98469521754332 38.96718267804373 22.863482034834522 0.9495577182623559 
-29.001141775157752 -5.828930778160061 24.13536658711419 7.91985445597726 1.1084281943918928 
-11.203652409682594 9.075013192605063 10.150840599092941 2.9588624693699024 0.2609856286165291 
3.3808524884251705 16.447999354909925 0.3288402554650999 0.38340885874019354 0.2029822074853908 
10.037646223823783 31.924111697779384 1.1167059402841328 0.26161253850621075 0.3339823859927764 
19.784419576933832 30.895816983775834 1.422454398372902 5.733973472778641 -2.4943198418748445 
12.32699407613183 31.173042366803337 10.241913350345042 13.865037734918783 -3.9766009060112184 
-6.104705769378565 61.111152416919495 23.221055868913346 5.270006067006604 -1.926823105064416 
-10.417066659899929 62.37758812622944 14.941421434602209 0.2946249727150907 -0.31622319655770137 
-1.3607111256681346 7.66083571623953 -19.839131176093918 -1.6975695708575862 -50.68472204773034 
24.82168867463322 -6.861388356393255 -35.0459251258767 1.7051634161481148 -75.23631392921043 
33.98108245107018 10.617308511572645 -37.80495813171681 -1.0766722918760956 -89.18966953156159 
32.65419706348823 14.675154885982748 -41.15960438093726 -12.729068880450658 -93.82892056153834 
33.813849075717044 14.547069005305604 -42.33267520980546 -16.08321474386343 -89.46689145095286 
41.52912785025286 14.950999270144509 -46.12662602013415 -20.527476753486187 -88.21418001422786 
40.84258397911511 9.657625248326921 -38.07296798483343 -16.306985451379735 -86.19452489191848 
23.90983973424637 9.440745178606393 -21.576082279733868 -9.967923200636005 -77.3876344778242 
12.099392651122322 10.573380796683518 -12.338089696261832 -8.144395922012107 -71.01993915666378 
-1.4156877238892946 -1.016389746182721 4.5034867621088175 2.0388264963008704 -67.02782656263423 
-13.772165464589209 -9.770545978027615 20.46082350335219 12.96976772945406 -51.0621400876085 
-28.758229241118652 -12.595171880673275 44.13232750224026 29.384267592782425 4.581993339894981 
-27.16643788840126 -11.004707052643134 41.22182245702535 22.116884996988787 1.9814444059608713 
-19.081128034331897 -7.215483346414976 33.356995801205336 18.91740937830742 -0.015185763363772031 
3.3893744017988237 -3.651364370194802 14.01931690617802 33.1846479667979 -80.81189905653194 
18.49477706416874 -1.4568520294893763 10.018386536015319 37.505200730483146 -119.1780902282012 
25.09305332947542 1.0195097074776929 5.50859747613409 45.289902368756564 -112.40527406732461 
12.702678174725783 1.888781470084687 10.37268208951344 39.2358649502901 -55.423123872792104 
-1.7518573097591181 6.313182244001256 27.71669473206884 18.333620087256367 4.404438279684267 
-6.562424394284167 -2.60058930237889 32.45670376156225 38.118847554125125 7.1479435865638745 
-9.488233139677277 -8.077083744326131 16.65981951821961 39.19864221473659 -15.891812173828804 
-37.72762372859182 -13.867808166733031 24.767898956361307 0.4390945197256495 1.8520501302735137 
-77.94456489769354 -32.68752578675933 -4.719096912132559 -8.958276593088733 -2.0623704567023533 
-99.48714837902504 -52.98695291615021 8.459266151551837 -7.486730454267124 0.5531800899101142 
-97.17294513066172 -66.49913649960547 21.970556618816914 -3.9069296799390325 0.44850629678464643 
-87.22048952829392 -66.10144414573341 36.83110939486815 10.999015118587982 1.6609316776508258 
-59.376365000214896 -55.67566198019904 39.837388277115025 31.643389791106433 3.5118607941128315 
-21.571462219457437 15.470682038408738 62.181365531237866 42.2085457317833 4.412885958414713 
-46.32950473860807 -63.361558877413295 36.98214413156287 16.589130559722193 2.3705920643249336 
-10.467484476193546 15.94546169697257 37.986135286899774 22.48701292190046 2.581419616502767 
-23.94562230396133 -15.688082942359262 19.01309335405584 49.071664326553204 7.459856973985146 
-28.001170136910545 -86.5185517260855 13.62411898558869 31.488180956048456 0.5757000300689522 
-44.58526261604843 -53.37963715939432 13.151205908832509 24.0960925119123 -29.67357088116202 
-32.7213431142985 -29.141551615604012 32.382036633500505 28.943900973477064 2.1869076825468947 
-23.561480851673625 -6.0670078252843815 28.77471362009869 9.1000811085827 0.8310321709771489 
-26.454572968904852 -21.329422692861307 18.553081855252508 4.133154301286385 0.3888532712807621 
-29.539511856764882 -16.518198739709845 15.296526945477478 2.331108164442246 0.12312049123513838 
-28.826956769863415 -10.129841921916148 21.07042879304669 5.031720952035752 0.45623532073146345 
-26.604869888971336 -0.45356430774665835 30.12192192654588 9.284671178055179 0.9300667879315678 
-17.953593871420246 14.991361873361317 32.95037568130522 10.305678633467094 1.2145475922202649 
-3.1334000876465335 30.982996190762815 26.43394969453245 7.316583604387814 1.0927053143131327 
21.083032715887377 39.197061293883486 3.885250389167811 4.641838290458173 1.1972975854685763 
47.22943580336193 31.146785252289092 -33.62663061588581 18.63018967312179 14.874931788504643 
72.41565902459791 27.01741366405995 -77.99428546243472 26.49811909748024 33.46647582277896 
85.88860525499054 36.7244382059692 -99.49763383668362 24.44377249022404 23.425008445410285 
96.70483212190342 49.11818628926578 -107.20939631253708 13.603071886206056 3.7117652863249164 
98.13770277705738 55.60919231661065 -101.60110949488626 -5.432541167009442 -16.78346911089005 
94.38056621773377 61.1017235202517 -92.59181285425166 -30.297637611138686 -39.453052271755595 
84.59643500457682 64.16717639962101 -81.5453999346615 -52.01435829774148 -63.171716019328215 
78.11586631417458 58.1345425225686 -77.82165342209959 -44.80840276212509 -65.46761254571064 
71.51313675486303 50.59106910499988 -70.35130748710193 -37.8441956620819 -60.26833846427173 
62.839365729056404 45.57378934512704 -61.45950380065382 -33.49170187292775 -54.556044480534794 
53.717495616837795 39.84005210550781 -54.61899317745482 -30.50771932879138 -53.6194036336304 
44.624214658533155 25.749081232461165 -46.77798152525634 -25.129490575432964 -63.07186427865303 
33.54423403789989 10.59764860527035 -31.732616230423137 -15.166309294718006 -82.55150901009405 
18.332317427595804 0.3679696092222966 -12.713849706348837 -3.026819429566341 -99.14209044183377 
-6.560368794641574 -10.49076796172837 12.523544910529916 13.035881281902979 -98.42463796950172 
-24.804772686077204 -14.931499437862335 30.45854535245279 23.529467770620673 -69.93266518827348 
-42.763440922552476 -17.866778427691298 58.39596372694618 35.64663802063364 5.153181041472363 
-45.23733070804338 -17.46217216262457 64.47902974119364 34.261084835919846 3.027692552237969 
-18.18858958923925 -9.941020801296505 36.24432438740633 31.51840047477419 0.4169732623831917 
9.513271538251981 -3.539421205651407 -0.46562380995685626 51.92155722359376 -87.00059246441967 
28.981561241643185 7.084117268926275 -20.5030420668391 42.26356552428446 -82.85178334465729 
9.578082279796378 3.9567559069141174 12.427975709580902 25.780738482942645 4.720990592212198 
-1.334222835902561 0.9119347453750896 12.038748972494393 32.295642142952 -23.820167966577547 
-28.75320156971666 -2.6325832365793773 42.349627757199684 15.623967107692208 1.197648974478069 
-50.53454995674788 12.118028301335682 32.363939139064 9.66535241538303 -0.22119925028756252 
-55.36193268102153 -3.3095432368213418 35.80923244460511 23.861225432546863 4.572628884855329 
-2.2898548893290798 -44.63938524585837 26.14320294288627 67.53842805220754 16.339616373258895 
28.05210034069357 40.300353295652855 9.303890359375288 104.00101364537055 -19.43729678733507 
-11.95112479888751 -22.400774027515485 8.861856798366228 50.13278747963263 -14.928510896819393 
-55.996799351713996 -34.696968224244486 39.93250885037828 7.216411816968385 2.1499599131842664 
-76.89614964175468 -52.28852559449045 46.13579635881481 14.700835448077303 1.8419357637453433 
-82.39005942373052 -59.71155234078214 51.33630753429148 23.257904907816584 2.9850717972558165 
-81.27380791137033 -58.43914519633156 54.63429076844968 25.550855553908107 3.5485156966525944 
-80.4738447535131 -56.37493458037371 57.94588352006346 27.502532808395575 4.3661555516114126 
-69.98462814764588 -49.04612435778412 52.55434371978709 30.39194311685008 4.933836335124511 
-59.63513964824877 -40.77727194167549 45.97835340504417 27.00600304249818 3.671069511768478 
-47.42375026753166 -31.17130046927818 37.31392537619735 17.037192139833543 1.87232546400928 
-34.61861441692825 -21.75951518078748 27.74850034005472 10.917767252639257 0.9947150383619554 
-25.457851152689724 -12.88745566730437 21.186068176066783 7.339676706983008 0.3672476834732521 
-15.034585682740559 -2.0528610694178875 19.245456753489723 5.656410800066523 0.6113011785849068 
-0.11309075164416449 13.576751492133603 14.041724129345097 1.6871263477341365 0.7388750966534672 
16.936279386632 30.95192732309404 3.860703882234288 -3.026575041199426 0.25552146669089953 
29.225618140106466 42.50354179824528 -6.290876625106242 -7.617091599529775 -0.45681438027995014 
44.674831690909485 45.834723933682646 -27.284064371698932 -15.074326943515768 -1.055583718088448 
60.66127167792002 36.72750042297037 -56.03954848093232 -20.481894907807575 -1.5839508050246178 
76.84458319850629 30.677214301103128 -88.85515701642025 -17.1714303348493 -48.59667023077462 
74.17676803376472 34.88497875968143 -106.53410610641423 -12.172220539316715 -57.34375973959718 
73.85187445508457 36.76105246697534 -108.94260069583079 -5.044782718783572 -52.61512305029505 
71.09860394364405 36.18155068642454 -93.91348385945525 -6.314259187317196 -47.658049711529934 
67.68833592876165 37.10424702316334 -78.86724929244728 -14.848375484184368 -46.63047185586344 
56.400739851101136 37.1164080658188 -60.78137706623891 -26.33641383200536 -52.1330783668387 
43.48791176904006 33.42222964944317 -46.73019526275237 -32.690071351994625 -62.09797623616078 
41.873827119480325 30.032338143183317 -46.78949002584882 -28.57750770469235 -67.35082134973912 
49.09812283417747 31.61408032095078 -51.64180726785354 -29.204905544732828 -71.0979266370255 
51.496040994654976 35.43254209893774 -51.47779139682271 -30.111065533218444 -75.30949010262185 
43.79155451309264 34.259431457399174 -42.9391042612859 -27.199168864083045 -84.13482068356618 
38.58170960088226 20.18369201083016 -36.513632100950495 -22.526095787752208 -99.2621230598033 
23.568620503489704 1.84086204049323 -18.60911635328449 -9.089739430863288 -107.20781766996257 
0.9637871308726016 -8.56992575607908 4.583873192725725 6.233025774850205 -87.13055177828406 
-28.687284023386002 -11.947239628641583 30.89985038810447 18.625423161567305 3.32001102218738 
-39.31550969541108 -17.516945851823948 38.9153905137387 16.919027027710907 1.3696314778411092 
-39.65493952357831 -18.074733273583497 34.27931890229182 13.151270023663622 0.9798899504516683 
-30.871027501246413 -14.080972707740262 30.195476627308675 15.297413646243967 1.151449643816167 
-13.14708600713218 -6.893463199840423 18.413400322317944 25.882724774191754 -3.535413469725604 
21.79013480029933 -0.28065601407903007 -5.414853085522384 47.24220009131263 -137.50594918645652 
28.387090624854654 8.4100652193644 -13.480960586248283 55.670645531599185 -128.59542990784155 
25.616319842708748 16.063037343288208 15.249534010073665 23.260771018335078 3.812010070267302 
31.9660349018267 20.625175263444127 10.04681954485891 37.50595234889522 2.438270124674703 
37.84686006903946 11.94103841023771 -12.451594391720455 81.64569430542811 -100.22551973752063 
45.42379193104024 9.210612081511858 -31.522525350852217 88.99519654828855 -101.62169262738848 
21.44474839030053 4.840584328108096 -10.976198740154704 54.33749187246954 -52.138090835017465 
-29.14605385258877 -3.337758155310541 33.75360055462311 -4.5377949321140125 0.7615839015081766 
-40.52725703236772 -14.298224583685966 35.198584796868985 13.393618315978557 1.8241150463750868 
-39.37761023800369 -15.870483300590982 22.656671121094476 11.902898931334267 -2.039243028122142 
-41.43126193109905 -46.65644535618013 21.22413733363574 27.68125803820597 1.1866503085415845 
-23.50748691610266 -47.27051272853555 35.83756068178236 26.929510174826778 2.478798764492646 
-89.90822083909568 -23.09248669762712 59.644245875568146 16.50469142369373 4.7937220501608575 
-90.03581797602776 -69.02855418842665 60.31202953156208 16.925895607128645 3.316198703361737 
-89.46279994781001 -98.60312144405022 63.641351767408246 40.84051878015202 6.168297397508865 
-82.84536194391012 -82.04199850326187 72.19943516875956 81.05748553842875 12.103175919491537 
-55.169631555928255 1.4753537329360027 90.03512324091881 100.03482088331296 13.159804909497756 
-70.72515931938763 -41.89000222637023 80.62947811280536 67.4805180174786 4.920066187949737 
-71.05653000615396 -36.86314978126793 62.683291108425294 35.18170033826436 1.4217753043581023 
-60.26591294063043 -81.5791435284515 34.24295832077302 7.718994612990291 0.332528244948114 
-48.99213057794457 -58.171833651882594 20.826902221473066 1.0284582243712548 0.3001223982799765 
-35.54352891287877 -38.940895583475964 15.880905067146276 0.24588709288285324 0.1508818508591588 
-21.493140752727133 -25.43204882912193 7.9525387278339466 -1.3345401483353136 0.06867857777632053 
-6.245232609507082 -11.209784933882881 -1.033986399565838 -4.039848732861979 -0.1816714498476079 
11.979523967939777 7.31260523116438 -8.552644270382732 -6.539272683169455 0.42716948918638936 
13.44884964816666 12.08777804890346 -10.756585610535756 -7.331791302774217 -0.19492752734258567 
11.02667919997596 10.992956061883104 -11.024659781374766 -4.057499861998902 -0.2956145486164458 
2.571543293375203 -2.803160114820468 -14.265817315600597 5.646036889915991 -27.210468787190045 
3.785763973500256 2.9131593803256086 -18.249009253092748 7.5521452354401015 -54.12338238123773 
8.289163886648797 2.8951725129718096 -20.662902232023384 8.413381613074371 -67.73061184566092 
6.625719437416097 -0.0764243700084068 -19.225414887574725 10.296555075664081 -72.90267933906159 
5.434077986855795 -1.2756506930097786 -16.912448757652037 9.906091886896547 -73.10218949358855 
8.096257907877092 0.12388768376247547 -16.914386655081096 6.908673901137287 -71.04024453927339 
13.449633154620042 3.094437720704711 -20.10211930054186 2.2660973309842447 -68.83617513709846 
20.473355110258353 6.747084376566186 -25.95070411700531 -3.3491317804684235 -67.9425544395086 
29.609900241371427 10.733298976116005 -34.28307356798599 -9.575392742508896 -69.28683396240177 
42.21568907563071 16.002725562193103 -45.150140449028164 -16.577737881231187 -73.39874202938262 
56.944654930483736 23.355624701781966 -56.44720853318295 -24.079314140481376 -79.78277783469271 
66.01942990240342 35.5323299306674 -61.7837049997433 -29.334124788627193 -87.49876012130412 
66.22848941751903 47.108016078418935 -58.64127762609486 -31.005570919343207 -94.86174697052043 
61.100222423776415 54.33710863494294 -54.90259391049475 -31.340749845692052 -99.02664269502236 
53.0580239772861 40.65088537639015 -47.47348331497481 -24.51381195392567 -95.5093122070656 
46.62593779837962 14.336468055078965 -33.83506647576287 -10.930822141321354 -77.91470149961972 
22.81428618736754 8.33993812308941 -10.341358992709003 2.8697914497386336 1.7540034428837008 
6.307401395460107 2.1316716306940258 3.7867107458355123 4.571515020535838 0.363788842810453 
-7.269727030798543 -3.431107352805714 11.093475428849974 5.953025918801203 0.4390131255223343 
-12.718817429931303 -1.9103787690442116 13.032709738435429 6.2903509061792295 -1.4943517684692955 
-38.531601712922054 36.79973280649565 15.548810973720725 4.734228863774233 -15.283448500301974 
-44.24652683004152 35.6089354107199 12.379174915624633 3.254051197430015 1.3055482543536334 
-41.214555165786706 23.64420005798675 6.083050910626884 0.6103373680397655 0.8022077509921469 
-31.145205534156883 5.7419349315006745 -3.2186311750204575 -4.778973805309185 0.295072379234536 
-22.56960847615598 -13.348109743511813 -10.144199400730665 -7.550949152153709 -0.04258298209540481 
-19.512698418875413 -20.829294757155445 -12.378744639552487 -7.431054143903009 -0.35982180723143964 
-23.375487275040204 -15.94920754258392 -6.949607107528093 -6.23830891274059 -0.1365382610949425 
-25.21094104877825 -13.936875441832598 1.006092787513952 -2.8289023471916246 0.17012487647474978 
-27.066329015899825 -14.391399127687373 9.282073918483754 2.352533698470406 0.6581542903093772 
-29.987279971692928 -16.108105024663743 17.16719170209823 8.236083692144943 1.2288128268427094 
-33.18442331241857 -18.061590493397883 24.658106706364137 14.303557696393561 1.9548391409530241 
-35.43985779275631 -19.733341434139803 30.23557748326585 18.576786989218338 2.834951562796495 
