600.2077877058499 619.5846709167123 675.5969931881338 662.4854123619202 636.2231887546246 
-40.398697312230915 -14.576169577660085 72.83800401642492 57.87385006559843 0.4244079600401656 
-43.68270426816255 -17.95721647756688 73.44100656942645 65.92845405036455 0.25851356621306876 
30.178537529209702 7.458366975909904 -32.0262201602514 18.919807624915606 -63.26535667659327 
28.77778246260391 7.212913528971369 -28.315541272643767 20.29411112930261 -65.05522307532767 
21.91217148529145 3.7839483023240197 -15.759498748093689 25.526963692522187 -55.91180075156746 
18.930241671069524 3.6968934290133486 -8.312171660372703 28.599659749095103 -48.972402625433595 
19.184632419092083 8.628214270651062 -6.180421872360672 29.92807415901929 -46.59602737927316 
24.562825650484402 12.16253610491698 -9.208905479666154 32.46648723161527 -48.54498102086723 
45.75449822280933 14.929762571979694 -28.891869342233672 28.092979300184858 -56.55415450167022 
54.11156103397617 15.118600885882808 -44.58863761558133 18.385925933602078 -57.910287243610576 
-118.87292226982294 -53.95221016518136 159.9232812979422 114.45668095476248 5.049229007496806 
-197.25835823206762 -100.56234875013782 201.80589830971883 126.19692240031132 22.592849377489074 
-249.690001159983 -130.04316032103569 224.77879277478695 128.38713992692155 21.750952777373875 
-223.32305491813221 -106.90406075843333 201.74052416186186 123.49072736769166 21.531762809728292 
-231.09857069973597 -131.92351343863058 223.38023422406062 143.37452679225453 23.64197742352862 
-259.3711818590321 -144.84444577865258 265.6324309531767 171.3672790400911 26.747241228742453 
9.585221848735682 5.3011415030265425 13.774029328809341 36.80244768150834 8.523326319441178 
-92.45752456062645 -34.326443832024495 106.9165991860078 71.65343426787805 11.850788163655801 
-263.209814553867 -130.0158931503162 253.74401967668706 148.83116270585782 22.576997709518494 
-219.09332339319903 -105.52390725017132 209.8384216977635 129.4715967264948 20.01069537543764 
-148.8001222069481 -62.051036892375734 145.0640411718462 88.4885443876305 13.388782992047057 
-87.68299759685596 -26.439132024026318 87.77322725167262 52.73167716428301 7.814898613545532 
-47.61481875504932 -2.072470314070895 49.53140037078645 28.744614552747638 4.272805722336488 
-27.78372938919225 11.413351612341623 31.956920554555182 17.61444786933645 2.65059180385687 
-22.189862793845187 15.366763482015777 29.06962958350693 15.917238351568185 2.2667898598238287 
-30.111253940470675 13.122168365697306 38.70294636992405 20.64607806283717 2.5765237980056677 
-53.7521451702677 2.0711018235685805 63.7567495661684 33.688354492287374 3.525544362369003 
-106.96980255298523 -29.840812721866193 116.01623007851221 63.35762518878426 5.255442100626454 
-189.84526928435787 -87.02443340330784 187.43970873796192 105.63902487994064 5.993888857416924 
-111.33001808486061 -51.7158196108969 140.01904544672624 112.2042725339042 2.5679497688216983 
112.09581795860387 38.9399740888543 -127.00185395565305 -10.810303569874439 -111.81496312235693 
135.90083833753718 61.06806042315715 -164.76073733387562 -56.79344119124603 -104.95822920610172 
-77.57703419963332 -24.69081492512624 103.69637619064821 57.41595185902089 6.23672495707303 
-32.071559984049124 -8.426160587121405 59.23212810104813 48.55627125913591 3.542943690473267 
103.70740107440959 44.69316586770901 -112.2177813326537 -20.517627148622598 -82.94147391754473 
134.1262539864923 72.20148463369375 -132.23738495044608 -36.03691420950261 -86.22168361985233 
161.31199891270685 91.58960906414447 -156.51551292336535 -55.660830527164094 -76.91266568742276 
160.13454783582372 88.62052946656668 -168.7309139528949 -77.6187982323258 -60.53026924170305 
27.576156578085943 50.10891083918153 10.987808830285076 7.060293559123118 1.9491594309176006 
-93.48676508176348 -11.05592892193251 99.2082101260931 42.403938256652744 4.679585364916097 
-85.08328128987269 -23.856421645195315 82.77838022991176 45.6881133137492 6.020751443218995 
-81.68103098978075 -19.189885363029795 84.01391035776467 49.088412926263246 6.06678150677786 
-104.213998878451 -32.51002721219382 107.877781927582 61.936516003473834 6.238168132005801 
-153.71318941713915 -64.87355193631578 156.36443553010938 90.14366911483361 6.891969389764708 
-203.3309321394472 -100.12481698243096 198.37506780655434 114.49290020990111 5.503164518878573 
-105.8867964637026 -53.89994527733549 128.38168617592373 101.22358718197886 -0.28866945702567887 
55.87854736120239 16.83913576939641 -60.432596921124215 16.955677186296267 -77.94080368162045 
47.69518461938708 18.89596722964723 -55.304383339315315 1.1528680690396425 -75.32424866706313 
18.64076021321999 6.091129818132859 -18.412435261709547 21.647445571322596 -63.245050987581216 
13.197469145237863 2.450473745281567 -9.771046984714417 30.95624337259059 -64.33122495495041 
40.001650958180605 12.150534928835043 -40.227129890732776 18.304009176373807 -71.8998035950559 
65.1576576828564 22.120125174467628 -82.03067674212457 -15.347927168968209 -68.20240609515005 
-103.31541192296767 -39.411724499399476 123.18609227465937 62.83825100448459 7.706389063972796 
-51.05904279275633 -19.092973711324795 81.36205856273918 63.07145383398856 6.218495503783403 
86.03062817198094 32.18337424931441 -78.62195975467348 14.300974100046853 -76.85636652007429 
78.2388304489926 30.281824281290763 -75.31538963491391 6.933988643454391 -81.86248099611376 
72.58059646530667 28.477386299622864 -76.78100255534322 -9.357872067737285 -59.808296509539446 
-13.547993819140581 29.42822528407449 51.152702308628115 28.81913034138892 5.285780586990322 
-144.192038223417 -47.27613111379185 134.68184155339603 63.16465079016225 7.433410956402758 
-127.34453830890462 -43.629553728159806 117.58099031379346 61.9220892519539 7.6173874696369674 
-115.81287971195142 -36.63410704173923 114.77415937671626 62.98604726544778 6.633094444041174 
-120.3379670856522 -48.01021081882879 117.42580509091502 65.86112282811517 5.186054084168806 
-22.467028243491296 1.5937046742008087 30.62781902691394 22.82636221879912 0.809048073192205 
-5.5562669028729905 11.395434566291147 23.555424462806254 26.85861570694427 -1.107445671787561 
97.72354982764791 39.0230444697186 -97.92196778215522 -1.9938735035962372 -75.67164134664534 
44.50912415640803 16.398632395678554 -54.83203886152286 2.16349701012668 -77.2107631348637 
13.975502626577436 2.9612181791151917 -15.347851602789538 21.639993166991694 -58.35321549357166 
8.623056611670512 1.5955078125001998 -4.6900900386890605 26.84655171775535 -49.51447718887263 
11.780457999977433 3.763495199982187 -3.6563656772774573 31.072126251405297 -50.54300603212548 
19.456737755455435 5.878333173963765 -8.559292836237999 36.407156738320275 -58.33931793007489 
46.984751911649205 15.766142804405426 -36.4339236616677 27.1554791198406 -66.28632584762252 
69.39627052016233 24.247104383396366 -75.36292053679756 -6.329118563167284 -61.096747650986785 
-65.11873798145291 -23.915997290570065 78.27240832340269 40.57941241328059 7.299320260254076 
4.30656330825018 32.876371797336965 29.505540675103987 20.779486455586497 3.1505029331327634 
-138.0895571518314 -43.522390684633365 123.93884711987454 61.221279663246875 8.457400066605919 
-123.26444940681493 -38.163758557598314 115.71389582676045 65.20162133595173 9.200832562600402 
-84.03251189403056 -13.716891850319486 83.01212549945882 45.59726180488222 5.9257885692301135 
-62.69683876278109 -2.4584707148053493 67.06702546203242 35.551975791309765 4.003452379892487 
-68.02669639360559 -8.129781579689174 75.06686652264885 40.198227456908214 3.6709664725659765 
-90.98336593276807 -29.95105443061626 97.98025490240721 56.96719835330912 3.6190285370596356 
-94.92510980150024 -45.4443097275829 99.49345073421964 68.00599552267677 1.5157486627624166 
13.042563716438286 0.47525805034030977 7.412053996989043 60.12663205068188 -40.061140231817554 
99.4253744647419 41.72829838759544 -111.45008212294431 -27.858247775405353 -84.08254097083116 
82.29270306906025 37.12841590709331 -89.30668119639948 -13.786815842482621 -79.93403182330107 
80.32377259864809 35.6149767275652 -85.7899190006245 -7.118281182777716 -80.3797185622127 
77.8169452586441 29.807022979665845 -97.0508195569279 -21.736231987209173 -72.62331129182265 
-78.54702211924717 -25.937916022935305 96.67814880734416 48.85929000628525 6.372706608319402 
-10.096880111307645 25.31447725157438 45.99343899171507 29.4995933038602 2.862227733718469 
-165.18189858603355 -64.34859794145889 158.83208525304929 79.79708912261117 6.506025942741342 
-152.91518125520045 -62.22486317069155 149.83537158695907 84.42857488697236 3.9705421948557267 
-100.83378425211058 -30.458758664128098 105.28575242700833 59.52766365912063 0.7095093908123308 
-39.16778271034901 3.785760927185468 48.74435531881459 24.844920957684586 0.07917220813546004 
42.95075005014834 31.12772310947753 -16.697857899797313 43.11528343190319 -33.944373955428645 
96.30998400683454 44.807843995124024 -114.9134173159966 -35.59545934290318 -84.21281748557399 
55.32424643434583 25.54474566876638 -67.6359379326768 -10.263513615136867 -70.56010514848445 
23.096951379854243 11.44619743607094 -26.456244791057117 13.918926785811943 -59.643272265284956 
16.03084446971689 8.97637656037167 -14.5870697162222 22.18016731440812 -55.77111450802363 
25.27649716494428 13.583646746411596 -22.1757343838666 20.13483081515187 -57.75596760414182 
49.62738476527055 25.78511228266101 -45.03923775295642 11.704400800902372 -64.306643846646 
90.96670115482446 48.37169725970461 -85.36470744311033 -5.128733272006168 -75.73997318412687 
141.48815930295433 74.76977566915552 -138.37763723275174 -30.648331591160417 -87.47221472752985 
151.4113644665462 57.50060228513423 -180.26260243735538 -59.25430976829636 -92.2707937687491 
60.09398284242786 31.660448419786295 -3.1256910388684984 6.259142102649222 2.9670816542715945 
-257.5854717375582 -120.61206943084906 234.93498055751368 117.72879902119804 13.924873801953273 
-454.53702848648095 -249.45476924701921 430.0754787680714 255.0740413518317 26.770310485361133 
-216.17740607276744 -94.57780226832071 238.2677938507594 158.54675658689726 10.54525112490325 
-88.57688269966881 -45.280812141268996 133.62915055813332 125.23153109670929 3.3474489724187295 
211.48834442404277 87.99922498658347 -254.0327098269088 -88.40153874652647 -136.51223914299234 
-35.03876739178508 4.92252167137377 52.78779311231041 20.336265693414166 3.480505874696699 
-30.919920333023082 9.86961904491768 44.12052431827085 22.645285220580682 1.6372233504759506 
-59.13096587771694 -24.409254107414576 93.36716875843305 78.17513347509565 3.47909933492267 
123.09327395710551 47.11327024552329 -132.8007320021255 -14.358993205909698 -117.94320718661339 
95.32710985244375 39.30436773833798 -94.73757666960736 -1.1139143545488306 -97.7015936210058 
73.26398131381316 25.338444951332374 -76.25189685490014 -0.8421756665278043 -72.0599191864912 
-64.37596652534322 -23.88305699638149 81.70034320611828 47.512037268478295 7.5972611809542 
-24.782235024842528 5.548369956177391 53.109610504769165 35.091285138012175 4.5963515046401655 
-175.85702625267913 -61.295440809192975 170.77041431822445 93.02977144989306 12.036195565233175 
-171.28025455374998 -72.66637297728481 161.221901763034 96.5242562770871 12.267809097358366 
-129.01515623344403 -47.087006232143615 123.6237139270794 73.20735136921705 8.482120334924597 
-88.04832277238684 -24.261764151024117 87.44386540801034 50.567463770669974 5.157934880982098 
-61.49156350824386 -6.95933998666398 62.94493447545913 33.88997986396603 3.0045130028272213 
-42.354422549876816 6.618905579979644 48.495424583014035 24.461990631313284 1.8357966311503207 
-28.95044827116163 17.025310742830012 39.76187844866236 19.191431437398744 1.133275158535341 
-17.02942765999501 26.24592618329497 32.60421542314398 14.953170433194815 0.6456911308462643 
-9.762402700241372 30.255304415826046 26.389471834137687 10.224091869279835 0.5935141521754693 
17.565925571492897 31.09907621452533 -4.11665930301712 -0.7900743372186876 -0.5795245394308093 
165.2528014378676 81.32868559470467 -169.6880086386352 -42.80272675087448 -79.1802456112578 
134.99332829937302 73.01137403006662 -157.5621876582801 -66.10234338713799 -91.69774847070792 
80.78874767177504 45.85168243202582 -93.08561714682357 -31.030125199429254 -70.77598898157359 
25.929013309937446 12.210436774021248 -34.2390306287139 3.501161873559078 -57.56453288509878 
-1.141984865721284 -2.335131350079581 -1.782493778265903 24.179188371237615 -52.226826739773955 
-2.6110778391704623 -3.530476026272051 4.067312120544875 29.736316005148794 -50.708136098716025 
1.264608072979642 -2.3801885498968804 2.221267133406292 29.693949478554195 -49.48440649823712 
5.768515659160074 -0.315729794742275 -0.35916964574592275 28.018395018833182 -46.79953353301292 
9.591250046165317 2.127858965111949 -1.7369926254923387 26.23993088018388 -42.577232691605204 
20.46309477533273 8.838039336592653 -10.867700625083767 20.43136768499102 -41.09143714248883 
49.64354931172038 28.808146156206195 -35.62450719782732 9.612189202384508 -48.822550175230525 
103.78698038966172 63.49881324115294 -81.10384134851965 -5.107433524695383 -69.25122249387472 
161.48295867441342 80.0409287537143 -135.39711237853598 -19.84888596734234 -93.35411786180907 
150.45077581329616 49.95918509272105 -157.40167122318257 -37.38323237589907 -96.02018095993297 
-101.76385996939098 -41.411867617249506 117.6630026885947 58.478720742731525 11.574798578336441 
-70.45643062902712 -28.39413381241109 93.86565569231205 59.21031886754116 9.810546114789231 
-50.63604601022796 -19.48798837191376 82.40058450267648 64.96194173275241 13.37967513398621 
-140.8160612882482 -53.10991489357915 196.52857891969413 135.27630141261318 26.434094185354724 
-378.22594617865343 -164.27010779925772 347.5831730135652 189.13916942537182 33.179510811500805 
-232.80169348094614 -83.27567668813582 197.04605060473827 106.61858147458273 18.435550724486806 
-18.304354852295496 16.52459981117318 -21.015802524872523 -11.333294688326562 -0.13097317027071928 
-27.584969385175775 -20.010904279444713 -2.700571281430374 3.8342475440282304 1.1325561416831722 
-46.824791067436465 -27.74412182530087 13.883527050002547 9.728976511846959 1.8256904098626991 
-27.221442137979004 0.48599696984349855 -13.284075906961894 -11.925104740149639 -0.594804297967465 
-139.59395302417536 -70.01543426431707 140.62502104078052 88.95737022556692 12.829262302223382 
-401.8788947192127 -178.50964452591387 446.34659852252855 268.6057018418877 35.02773713847858 
-248.3136483960698 -128.52132599134876 235.38773884940767 143.8967907383285 15.018893187448633 
51.06927403299512 16.61869268297028 -32.99888923301291 -1.7833483111279054 -0.35251076644412216 
57.111031229538106 36.17948468572354 -44.46957239549058 -12.087833991407596 -1.7750530136937739 
91.01569602691922 52.30452191154106 -102.18654818369578 -33.42185633144731 -44.351972354471705 
168.8171057992475 97.77003739461848 -157.839117059504 -72.23147633972681 -41.415618555691125 
242.1651704190141 115.65892365688639 -273.939001589974 -114.24044683558174 -137.57472680650446 
132.04557992311402 65.21904769765739 -123.19064696917957 -24.483467868056017 -95.18534325483942 
40.58372038563509 14.830660389661599 -34.6089165207434 12.70445453095508 -58.434438118689535 
-161.78206619943478 -69.24179259626408 178.8760400550347 108.06831022679994 14.605098005184507 
-101.95277757627488 -29.776446120563364 132.5798090305696 84.47663381712019 12.692481210485417 
-230.57896623576812 -103.64007026240803 227.679208380258 123.50397431019375 16.707936481511474 
-174.46210221333428 -77.32166459513175 166.30859969992747 99.83294811828718 13.005815813625118 
-118.08727233993528 -42.37884930367368 114.02566330212737 67.20808991563821 7.5027146335419115 
-81.9829780403063 -18.404217808289587 79.91555058930219 43.57799842917095 3.988109545837326 
-51.38444631043492 1.8646972620075946 55.77647285397257 28.70392846030769 2.0924498819962203 
-27.980281325465427 18.062817908841417 36.78564841263947 17.620455470822648 0.8353290832250531 
-16.96187218584554 26.905349993200208 29.386973876896455 12.87744146679838 0.3134581671837266 
-15.886970937796821 28.132699484205823 29.65986397822163 10.84069377721054 0.9900260087455148 
22.51524209118121 36.90303864211746 -8.79595784843542 -3.971513964669473 -0.007962071017019151 
211.66077185075514 111.79546274534485 -215.85735884737758 -74.80546068777744 -77.04988776794397 
219.82092825263595 132.10150258595635 -233.34304886352768 -118.13203209746668 -88.27714828716759 
183.33489818984205 116.93408212080753 -188.18646192545233 -96.37055495944196 -68.15869678630007 
143.94764878312267 93.29627423295351 -145.79533149037442 -73.03311550491148 -54.24260359557869 
128.59256055328862 83.73155475037318 -129.89461465856624 -63.882669551356436 -50.10120518333954 
147.40283673193792 94.44024986742996 -149.91595914301814 -73.953709339241 -56.563381242220466 
193.55787025108017 124.6917574473457 -195.213469991802 -96.28458601768044 -72.95953759590171 
212.89201804547525 130.83800870706165 -218.2375830370217 -103.99244045866386 -91.51848827939227 
135.5673199287311 50.81650838017801 -167.57643828118069 -75.26517653814189 -94.30616727361019 
-120.20391501591507 -47.64354111790513 143.79117505740294 73.7775025882423 8.267930369458687 
-58.87909071061373 -20.060710496621933 78.08226928300263 38.963484628920966 3.065035543924185 
24.910788973943998 26.76072001830333 -18.410424277363514 7.0395020375680355 -1.6610365750383147 
96.42235036343376 31.884362735405873 -154.26040029093713 -73.23681115781955 -192.0837046633404 
-14.022362634449285 -6.752042234583401 -0.06652257401024508 13.134725848364551 -93.0080279414409 
-12.981152192332868 1.340327259954628 18.49983406839181 25.997352708654823 -40.33309021640826 
-2.858527429162691 8.18056366259286 8.985148791712055 18.62758067299241 -18.360062753566783 
-14.608008812361396 -4.6365560893509326 22.522875085453187 25.00437782365554 -9.511879843657358 
-29.418878980444 -13.162889036494516 45.24374916780774 38.89465919845785 -13.15177274024254 
-66.23458843976627 -33.79239064620501 66.12286966247447 60.80932539467147 -42.31674451160836 
-32.32902011184943 -32.084914034819995 48.56991505299025 61.28590255469477 -84.80813657010513 
39.47580917540742 -0.9535022564901965 -21.061727549141573 47.699521788052486 -110.19540245501757 
28.12458079071781 7.079977259651855 -1.0552972258520803 29.425887044241183 -36.36436438138091 
91.08002385575166 55.972411948784384 0.939047200607122 30.48218449144824 3.6688699614496914 
-112.92876063887917 -40.852372934151155 258.70290293010476 223.88579550772525 -16.165464791007874 
-128.56015615218087 -57.068349676750124 219.3980105758159 235.84498550771895 -72.30128845891366 
-253.9051081790608 -100.9721320716364 294.871204491245 178.73572925894615 22.007270095964245 
-376.48588500007287 -225.09975053858153 356.344635581697 175.081694704128 18.532644812541193 
215.72699951702464 106.82443219966436 -182.02896975373184 -45.4215131808474 -23.391378873385516 
11.601066565894403 44.75837520541797 -19.449155845879357 -6.207112993677134 -8.87534326536675 
-126.72867929536608 -52.81315623517931 90.08533918969685 25.139601065606538 3.0899977032571164 
-132.16812066731606 -68.19054787315297 88.56827428723409 44.38075076853466 4.6635051802608265 
-139.192942851346 -91.90517036251431 123.69983035477189 93.87521976559516 10.74008833567104 
185.29695942438497 101.39641340449663 -120.98316750459796 -19.35586649178544 -10.26117354160604 
34.59780380298185 48.81305110841332 -16.40461666599306 12.76745305984444 -29.120452443089512 
-170.92711615134212 -60.758857972213974 142.0588322218074 80.18278848765048 1.5259227883282191 
-109.1916652199495 -31.451411595165823 86.92292077052676 40.18075136793613 4.317246014666298 
-76.04341738691065 -13.487244400046675 62.999955075002724 29.114891981957488 2.8598241794053383 
-41.3619397782 3.771156298646632 35.28400375495511 16.226310176936607 1.6399401056377654 
-25.520331491622528 11.95520521605681 22.177504214945717 9.233907188649578 0.9221053741371702 
-18.672740907148437 14.139924575217842 19.54501228213364 8.767526754068076 0.7520662688138469 
-17.762166113582644 14.213547901864887 21.252139859838948 10.546613248635168 0.7365505221227304 
-19.048310907310366 17.864782914215983 23.090086636944577 11.091603368304202 0.6923534264149385 
-16.151804153457636 22.873978423931902 22.851123508264237 10.691507701508222 0.5883510235034712 
-13.57580654836812 27.407902441063364 22.716106481379256 10.34308836186995 0.46707581826612127 
-14.140317103839187 30.14320812558911 25.740765192196758 11.598514430207738 0.35573356999038364 
-21.322457340569265 28.18512866566683 34.52886677609179 15.808411747954091 -0.008125109801063068 
-35.95138046902757 16.5279851719245 49.914272636849354 25.171253046800928 -2.911200582981559 
-59.46758539279898 -20.525127114421036 72.24159009104139 43.45681585363087 -16.535664958642002 
-66.01221976720747 -30.842062050401996 87.59773618385917 71.49786754608739 3.7408118871754543 
89.0773800199012 26.975003759753694 -110.97444398901132 -2.449275862876436 -106.90792404599573 
43.92976094525364 14.4341045758585 -64.04019404865728 -1.7061230239258494 -92.57322424794417 
13.898702464969126 2.6901105501162883 -23.906719176415912 15.932726815898022 -67.43397541201847 
3.3828623904661925 -0.9988555249745269 -7.7907129266123025 22.481277339761267 -55.04695870055982 
1.8247377091688322 -1.4280841638617434 -3.470240760748352 25.112695119097392 -50.99865646848067 
1.8822905925427351 -1.58974994060781 -1.8269838378629724 27.365071064679793 -50.67049447470142 
2.620077684553429 -1.4723383197124618 -0.664272523289866 29.538546090134634 -50.83831757622321 
4.371304443525728 -0.8578790390092589 -0.1862316289835407 30.965062909746838 -49.93079979015988 
7.274229175378013 0.23992324034344661 -1.4166075005545613 30.345209880202066 -47.95027911510599 
12.574799288145616 2.46264869505265 -5.800674439435087 27.0737088226914 -45.95588042778795 
20.924419497504516 6.165111485667928 -12.785357549554261 23.143345069993032 -45.76841698744243 
34.93375395770425 13.74746533986345 -21.750571340255494 21.362982433168284 -49.617101391563864 
54.245131423408424 25.489799768787528 -34.32099523520389 21.641398842749886 -59.040759240915186 
69.86680338380538 30.434892383338674 -50.91965395306001 19.897166496807948 -69.73972761608934 
82.1332915770299 30.367596902768224 -80.5398882687221 -5.508469587764575 -67.1299700087841 
-64.97084392116714 -22.276094520224596 87.75227937815771 48.959579405000035 11.132528643192558 
-17.648852426594647 6.9240440062543165 31.12921742367744 19.94708677316423 3.663145063197523 
107.86559322984779 106.20042935869654 -79.63113281630153 -34.54054763433095 -3.500704941137849 
-69.35396270593009 -5.362510483196892 50.52686236389846 17.08376832351145 2.1534595239181864 
-52.03706051010936 0.024004779725902484 38.71029177308696 14.012736164307853 1.85888445426142 
-16.805384819121606 19.723803760513036 9.633986770369685 0.927414849932836 0.5764134882624369 
-1.955098381646473 25.63037496311362 0.7763917596540493 -1.9840873048711902 0.25763821206274407 
-0.6921272572639847 27.27786742015653 0.6377402980600534 -2.063560724532769 0.2588027123971924 
1.901127076426906 29.242319660087084 1.733847581490929 -1.194443666773391 0.334898601703818 
4.206156110005743 33.04233889524309 1.1940524426777626 -1.5609634326911177 0.3369623706128133 
7.185144465954572 38.58285380126851 1.3177847048785567 -1.7442112657833133 0.3620914823806998 
10.734230080505906 42.44480513131978 1.6166568147532774 -1.4797936320423215 0.41998113953350463 
9.166938240075467 35.71948992735768 5.675470138375991 1.9668981714249525 0.8257607841052628 
-10.048302761917085 20.50377651987982 21.390573140322896 11.93870455576829 2.6916295218313007 
-31.236730240316945 6.289041654379644 57.13975593502841 43.39091940491832 9.10670755421342 
