-10.701793944832833
-11.028635821523729
-11.339174989733673
-11.397865827164
-11.126074616798316
-10.649932139712043
-9.812794315186416
-8.897682082189348
-8.488457273532822
-9.12200257546325
-11.651062043618769
-15.896757989051084
-21.839140433427588
-27.723887728219395
-31.95023657497152
-34.72470309892239
-37.016336480598454
-38.35880152356531
-38.84469685087001
-38.86456292095548
-39.041099368130766
-40.03497069099066
-42.3074800950362
-46.06204453339436
-51.19495499925664
-57.21146512430137
-62.57542801551822
-62.59117696693663
-64.3738490778044
-61.98388000999177
-58.89624121847317
-54.867789044632175
-49.68894273546666
-43.272027234403794
-36.11576525056714
-29.09865846997746
-23.595322497579954
-21.722255928767936
-20.5057006443505
-18.056738971542703
-13.013400466403713
-8.15731670262957
-6.014262518185321
-6.4116193276831055
-5.509286302233306
-2.7686706188882737
-0.5145952612086625
0.7640880845608619
0.9754795289846138
1.2284718336212586
