156.67431305096932
88.34681992507876
145.29964643658957
110.05944646550542
157.97558725599143
-15.749604557339543
8.820262286230006
-125.29620206977602
-245.69881476788072
-352.9091118100152
-44.85942866183239
-74.28919479280664
-65.59830929239477
82.54259472970864
305.4112951023984
358.129452042862
153.27767894587745
75.24041257806529
81.53172070963191
85.65943363402371
75.80803050245562
13.521123733962312
9.472181502631138
-19.03801988255635
-128.96217036180428
-180.33903706045882
-238.5484013406558
-283.10002651546097
-314.75051587203944
-375.0144986941588
-267.91416799477895
-154.39864362881286
97.38378349000399
126.99300312663209
265.040539299693
250.52805978631883
302.40908965235883
216.58159182035254
89.40171524247073
1.377236911723222
-8.225937846633302
-31.483075160272744
25.21175785808271
93.9191858015078
184.12397020886291
187.6486860511453
165.44066479137638
190.89670320708993
191.99154974713494
197.98763338573286
