13.685251301496871
12.208362860641039
10.013648306181558
7.921123066244107
6.743537386955043
6.390602485973029
7.015848061095486
8.525971827506286
10.432882213087785
12.764412372648097
13.51492051975339
9.908285212567485
2.250884362961253
-7.618637752811844
-17.234619877543416
-25.338087978852432
-31.491649904634208
-34.135263483254
-31.567951370287677
-21.791988221671946
-11.746000427692298
-9.235972160080733
-9.688568310913427
-15.795221296019903
-39.32218436253822
-61.37388542594212
-78.67446330720854
-87.34095464483828
-81.87588428233613
-70.00753214063646
-63.661719213230846
-59.968451155461075
-57.9604249146356
-53.94110615955093
-47.43702899830124
-41.63506298957039
-38.37336282571671
-31.46169894992869
-26.507686157325242
-21.382999934796295
-17.03564606621631
-13.532271322714994
-10.56958850936834
-8.233145826079207
-6.007750542364844
-2.2036618326832427
3.5998567798356387
4.887694978504863
2.749871980794086
0.3378107764202067
