-4.13515521364302
-4.705867175758896
-5.877773469304563
-7.765641513504783
-10.365196790075128
-12.945373793921217
-14.433130937145709
-14.60322851860951
-14.150465944370819
-13.962730276583995
-15.845344005078518
-20.15651335010647
-27.003551524496626
-34.075755105861305
-38.73271060708659
-41.518888905406385
-44.40610912711876
-46.62722510414232
-48.02682263669155
-48.804606472428304
-49.40874589062221
-50.338631550798496
-51.9976303991049
-54.58450446358503
-58.01343838578653
-61.960545499542114
-65.63808103521978
-67.82940353134184
-67.10027137197211
-64.62528923401005
-59.682729049091854
-52.269359661329396
-44.44781531140551
-36.34216323561904
-28.22754598710379
-20.910758470481813
-15.515076081206438
-13.692709868399913
-12.869694061071883
-10.968380925391974
-7.354486053235794
-4.092799317239003
-2.3429740425233208
-0.9327845651045596
-0.37390061705868555
-0.46888840265722515
0.6065256101303816
1.2906211041223496
0.9456572272887555
0.724538641455473
