-2.15101115339 8.52930831701 -2.15101115339 -8.52930831701 1.03215955122 0.0 -1.27250535639 0.0 
-2.7802387619 9.04763288926 -2.7802387619 -9.04763288926 -0.448831421733 0.0 0.11505269915 0.0 
-2.88445749022 9.10865214864 -2.88445749022 -9.10865214864 -0.087161107058 0.0 -0.261379048634 0.0 
-2.86841797071 9.0819902424 -2.86841797071 -9.0819902424 -0.367699591587 0.0 0.0187732020828 0.0 
-2.94145915733 9.11647611731 -2.94145915733 -9.11647611731 -0.180948361243 0.0319229412117 -0.180948361243 -0.0319229412117 
-2.93925604589 9.11716230613 -2.93925604589 -9.11716230613 -0.180292280818 0.0363270835372 -0.180292280818 -0.0363270835372 
-2.95532877371 9.1205245214 -2.95532877371 -9.1205245214 -0.182069256334 0.0535038546144 -0.182069256334 -0.0535038546144 
-1.88530016515 8.62272179789 -1.88530016515 -8.62272179789 1.43446415895 0.0 -1.52610073423 0.0 
1.73681591944 0.0 -1.81157465006 0.0 -1.73944391612 8.44009296594 -1.73944391612 -8.44009296594 
-3.58031896015 7.96148193418 -3.58031896015 -7.96148193418 -3.88390002936 0.0 1.3702971336 0.0 
