3.4416913763379853e-15
-6.994405055138486e-15
4.440892098500626e-16
-1.0658141036401503e-14
4.440892098500626e-15
2.886579864025407e-15
-1.5987211554602254e-14
-2.098321516541546e-14
-3.730349362740526e-14
-43.05532250469332
-790.914629894731
183.05800312717633
597.6930623036455
382.1843931582075
40.41707324733533
-420.29862102633183
-324.31885170781857
-119.09054549244924
-1.1213252548714081e-14
-3.247402347028583e-15
-1.4654943925052066e-14
8.43769498715119e-15
-4.440892098500626e-15
-1.6653345369377348e-15
-6.661338147750939e-15
4.440892098500626e-15
5.5067062021407764e-14
-446.67891983944895
-546.416539279296
-411.5151065837653
-249.8495056309655
-96.70817628255716
-125.35802973835064
-162.56226956113306
-120.6411947490089
-11.448541766179689
6.106226635438361e-15
1.0269562977782698e-14
-1.0824674490095276e-15
5.662137425588298e-15
6.106226635438361e-15
7.771561172376096e-16
4.884981308350689e-15
-7.993605777301127e-15
-9.769962616701378e-15
-142.53449367799524
-439.71370241845267
-135.5583028429625
-96.64243069757136
-23.626601495960326
-69.9921974047202
-38.685092739336625
-25.191807530643583
-1.8073445126939358
3.885780586188048e-15
-5.218048215738236e-15
4.440892098500626e-16
-1.6542323066914832e-14
-5.218048215738236e-15
-1.6653345369377348e-16
1.9984014443252818e-15
9.769962616701378e-15
8.881784197001252e-16
48.96907966717723
-529.4899684817173
65.32923840329197
87.47962568983985
56.7869587202199
-3.636481421209258
-21.868994360392136
27.869421764675607
-33.54097173779522
2.4980018054066022e-15
-6.38378239159465e-16
4.440892098500626e-16
1.3100631690576847e-14
1.2212453270876722e-14
9.43689570931383e-16
-5.662137425588298e-15
-3.375077994860476e-14
-3.4638958368304884e-14
-2014.867124106699
1837.4726630093433
-2034.7445057925381
60.400418639293726
37.7249313110202
-5.930392623259658
-2094.385660894042
-1321.352101493472
-266.38083022897587
-1.4876988529977098e-14
3.0253577421035516e-15
-4.440892098500626e-16
-7.549516567451064e-15
-1.8207657603852567e-14
7.771561172376096e-16
-4.6629367034256575e-15
1.0658141036401503e-14
-1.509903313490213e-14
602.0406284409846
-705.3783494534975
609.6176460110884
88.03756816336241
54.906213357855435
-2.267984477546248
522.0040257147662
337.9613182988174
55.26243289856391
1.2212453270876722e-15
6.904199434387692e-14
-6.639133687258436e-14
-2.327027459614328e-13
-6.723510637129948e-13
2.1621593404574924e-13
-5.417888360170764e-13
7.551737013500315e-13
7.371880883511039e-13
109.37692778168841
-103.48562371586297
95.5678781838083
-37.417857461100965
-21.923114912464797
-9.425753117649496
133.6307529416771
82.78592816876663
9.058890655283097
-1.27675647831893e-14
-7.66053886991358e-15
-1.021405182655144e-14
3.241851231905457e-14
1.2789769243681803e-13
7.255307465925398e-14
-7.356615316922444e-14
8.526512829121202e-14
4.707345624410664e-14
-186.7856514598596
-481.0137488721149
-124.1407770790904
-4.370854662662609
-1.4542841649603417
-4.43014469117483
-120.40471382120728
-37.8357492337567
-64.89692193947252
7.993605777301127e-15
5.995204332975845e-15
7.549516567451064e-15
-7.771561172376096e-15
-9.192646643896296e-14
1.7174317523682703e-12
1.0436096431476471e-14
-4.107825191113079e-15
2.6645352591003757e-15
-380.1336682362391
-591.5839933788775
-271.3488312824792
-1.9879609981187512
-2.1093935597254188
-1.3238101071797779
-269.4938643189587
-112.83636012047458
-98.52395949830273
2.4424906541753444e-15
4.336808689942018e-15
1.1102230246251565e-16
7.605027718682322e-15
-7.993605777301127e-15
5.273559366969494e-16
-7.216449660063518e-16
-7.549516567451064e-15
-1.7763568394002505e-15
-335.5053956678938
-496.17076472582085
-234.32590465808522
-13.902429656654249
-9.118078528969335
-1.3951596368541939
-220.40828898780526
-87.4086598176676
-81.95690194350836
-5.773159728050814e-15
5.2735593669694936e-15
-7.771561172376096e-16
-8.659739592076221e-15
-8.43769498715119e-15
1.6653345369377348e-16
2.4980018054066022e-15
8.548717289613705e-15
5.995204332975845e-15
-231.95314035956696
-476.65191045952145
-136.25135529479556
-19.753197290971556
-12.330010707316701
-0.6920222367608497
-116.45494927735331
-26.77423978405215
-59.62089228079912
4.785061236134425e-14
-5.981326545168031e-15
2.498001805406602e-16
3.1086244689504383e-15
3.1086244689504383e-15
1.5265566588595902e-16
-2.55351295663786e-15
-6.106226635438361e-15
-7.105427357601002e-15
-161.17539860910182
-550.5757059991514
-52.6949798318755
-2.8821978137892046
-1.2470585832766226
0.9299436313108748
-49.77891334368733
16.738074603804332
-48.478313139813935
-3.1530333899354446e-14
3.247402347028583e-15
7.494005416219807e-16
-3.552713678800501e-15
1.5765166949677223e-14
3.400058012914542e-16
-2.220446049250313e-15
2.220446049250313e-16
1.7763568394002505e-15
-269.44112349167386
-513.3720857921792
-122.64056140312461
-93.26100392587858
-60.54281945331603
-5.982266179425681
-29.279327959238987
34.00975697891416
-45.882028211534944
1.3766765505351941e-14
2.1403712135992237e-13
-9.056644323379714e-14
1.5543122344752192e-13
9.459100169806334e-14
-1.7141843500212417e-13
-2.2670754162845697e-13
-1.5916157281026244e-12
1.545430450278218e-13
-176.99887065309946
-714.289131236802
-11.326463372879019
31.105340110642963
20.62163040077907
2.0167824107639514
-42.38744425072614
30.533576621093378
-47.06019826425704
-1.5432100042289676e-14
-9.606204720569167e-14
2.9368868448287344e-14
-1.1590728377086634e-13
3.1086244689504383e-15
1.641152491682618e-13
-4.440892098500626e-16
2.9531932455029164e-13
-3.6415315207705135e-13
-175.5858728835078
-578.6104752569146
-21.448459388024883
2.47972151181974
1.93699728237495
-1.2613095871805067
-24.15385653676765
32.52914962523101
-33.40050541565767
-4.196643033083092e-14
7.494005416219807e-16
-2.7755575615628914e-17
-2.220446049250313e-16
-4.884981308350689e-15
-5.551115123125783e-17
-3.4416913763379853e-15
3.3306690738754696e-16
-7.105427357601002e-15
-45.26211745726616
-267.99010990359943
21.272176683718946
0.9665540008063687
0.5518046059444641
-1.6174554178480591
20.054684795214722
34.866588876948754
-8.24761282212056
5.062616992290714e-14
-1.6653345369377348e-16
-1.1102230246251565e-16
-9.992007221626409e-16
3.552713678800501e-15
2.0816681711721685e-17
5.773159728050814e-15
-5.329070518200751e-15
1.687538997430238e-14
118.50553028432131
-110.8579211143819
99.037478022611
68.31254713520906
43.993377465532106
-1.6804723515725515
30.78800376254205
19.514351575546886
4.368526275993155
-3.9968028886505635e-15
1.3877787807814457e-15
-9.159339953157541e-16
0.0
-2.220446049250313e-15
0.0
-1.1102230246251565e-15
7.105427357601002e-15
-8.881784197001252e-15
-5.537470102070822
-137.27635592412076
0.504816219617652
-54.35221814216632
-28.297791207855816
-17.788831653187565
54.97013329102875
35.92148094594073
7.604527639869194
2.90878432451791e-14
-7.875644580934704e-16
9.298117831235686e-16
1.709743457922741e-14
8.881784197001252e-16
1.1102230246251565e-16
-1.7763568394002505e-15
-3.552713678800501e-15
-7.105427357601002e-15
24.81132280685324
-181.7686430755426
38.93306378992362
-82.18492379081464
-44.34094657415962
-20.421000605766025
121.12843214061198
79.44192834865248
16.182427029494406
-3.852473895449293e-14
-5.898059818321144e-15
-3.0531133177191805e-16
-1.7963408538435033e-13
9.670042544485113e-14
1.1102230246251565e-16
-2.4424906541753444e-15
4.218847493575595e-15
2.6645352591003757e-15
127.37500391263947
-234.3002452806521
135.85567700475121
-45.76708546336647
-23.700371305660767
-13.08836600413089
181.6205296049776
118.5172405809852
22.32124711324825
-3.774758283725532e-15
-1.9012569296705806e-15
2.7755575615628914e-17
4.767297667740422e-13
3.219646771412954e-15
-1.1102230246251565e-16
1.1102230246251565e-15
2.6645352591003757e-15
7.993605777301127e-15
128.2831786148543
-213.31077857485832
129.9779453846199
-32.056510865659675
-16.303318304846556
-9.53720957429657
162.09103566976094
105.54815539230255
17.580302516121435
-2.7422508708241367e-14
9.131584377541913e-15
7.771561172376096e-16
-2.220446049250313e-16
-6.938893903907228e-15
-1.3877787807814457e-16
1.5543122344752192e-15
-3.774758283725532e-15
-1.7763568394002505e-15
100.34275599248771
-178.3697425884084
97.85150743356309
-29.635096642056993
-14.792117333470202
-9.109579388989445
127.4442317037993
82.6503572502217
11.376520581353219
5.384581669432009e-14
-1.304512053934559e-15
-6.938893903907228e-16
2.6645352591003757e-15
1.8318679906315083e-15
1.3877787807814457e-16
-2.220446049250313e-15
-6.8833827526759706e-15
-3.9968028886505635e-15
68.25330574845654
-137.609030168626
63.44511565945246
-22.873089337886
-10.857497553970425
-7.821145383699189
86.27516124062095
55.58899208389309
5.64436956895121
-1.887379141862766e-14
3.112093915902392e-15
-6.245004513516506e-17
-1.1657341758564144e-15
4.6629367034256575e-15
-5.551115123125783e-17
1.4432899320127035e-15
1.5543122344752192e-15
-6.661338147750939e-16
61.158783664981236
-155.2324421422644
56.92537884707276
-45.36579305765553
-23.720112934579625
-11.86343143918117
102.27630990305931
65.0814101441887
5.22920005791403
-4.951594689828198e-14
3.2623209689219834e-14
-2.839395385478838e-14
6.578071420904053e-14
1.509903313490213e-14
9.692247004977617e-14
-8.781864124784988e-14
-5.837552663479073e-13
9.103828801926284e-14
83.35801152013596
-252.1410793388104
85.10714758229902
32.43529401704206
19.196815332136865
3.722712256806416
52.57725220130784
43.68924061993545
-14.018918815977123
4.085620730620576e-14
-1.149080830487037e-14
-2.255140518769849e-16
-6.94999613415348e-14
-3.219646771412954e-14
2.475797344914099e-14
2.220446049250313e-16
3.066991105526995e-15
-1.0480505352461478e-13
-12.860231882189353
-207.01084666121906
2.047578331359105
0.9013015911337873
0.5789072297201301
-0.9215744798723877
1.1333727363493438
12.881246356069086
-18.416975888906755
-3.241851231905457e-14
-1.609823385706477e-15
-5.134781488891349e-16
1.1102230246251565e-15
-9.048317650695026e-15
-5.551115123125783e-16
8.881784197001252e-16
7.022160630754115e-15
8.881784197001252e-16
-31.200301076476507
-191.21576160071726
-11.614753343997464
-0.04816823571587747
-0.03295485493929817
1.4046988939032783
-11.569366686515082
5.350366572923296
-18.560828905801706
-2.3092638912203256e-14
-4.7878367936959876e-15
6.800116025829084e-16
0.0
6.772360450213455e-15
4.440892098500626e-16
-1.3322676295501878e-15
-2.7755575615628914e-15
2.886579864025407e-15
-54.774970484314984
-176.34341105597824
-29.13093108672268
-0.7051045356680207
-0.4103049352266588
2.7706962743675474
-28.455080135079797
-4.226372513334066
-19.798206382986848
9.14823772291129e-14
-1.6930901125533637e-15
-2.768618667658984e-15
1.5765166949677223e-14
1.5798473640415978e-13
1.1601830607332886e-13
9.851841564767483e-14
-1.8918200339612667e-13
1.851852005074761e-13
18.609765913083407
-18.44412035730312
16.40166875356593
11.907464618969026
7.94883023877268
3.598915053711258
4.466730352000905
2.8674621184567375
0.47643456703026205
-7.66053886991358e-14
-2.3300805729320473e-14
-2.0816681711721685e-16
-2.808864252301646e-14
-2.120525977034049e-14
-9.259260025373806e-14
9.159339953157541e-16
-6.439293542825908e-15
1.1102230246251565e-14
2.2019696571989016
-12.250854390377967
2.2122433808853685
0.8139762296762001
1.1147631158105114
5.435402062120183
1.4152775845887504
0.9015403440061734
0.1406634912166258
2.4868995751603507e-14
-3.7470027081099033e-16
-5.828670879282072e-16
2.220446049250313e-16
2.1094237467877974e-15
-5.551115123125783e-16
-1.1102230246251565e-15
9.992007221626409e-16
-8.881784197001252e-16
4.563378521189165
-9.594939988826304
4.286323321467464
4.322447423129695
3.273073183921449
5.811730465623299
0.004765212198897473
-0.03870938091073484
0.021092772754900402
-5.440092820663267e-15
4.746203430272544e-15
1.196959198423997e-16
-9.992007221626409e-16
2.6645352591003757e-15
6.661338147750939e-16
1.7763568394002505e-15
5.995204332975845e-15
4.440892098500626e-16
3.378559840546359
-11.054779971073144
3.6796492728735473
0.06367783599282006
0.6843137090096416
2.575375086277063
3.59802145958119
2.268685397443779
0.23319371697615976
3.6415315207705135e-14
-1.644517855226013e-14
-3.4399566528620085e-15
1.8274270985330077e-13
-1.9828583219805296e-13
-1.7985612998927536e-14
-3.82804898890754e-13
-1.4033219031261979e-13
1.4233059175694507e-13
15.426398796841397
-25.567686076675965
14.22567596952102
-1.0260204442903813
0.037034625381548114
-1.4776214322681938
15.263018729193178
9.584729159575982
0.5925963413955224
-2.5091040356528538e-14
-4.524158825347513e-15
2.1337098754514727e-16
1.5543122344752192e-15
2.9837243786801082e-15
2.7755575615628914e-17
2.220446049250313e-16
7.327471962526033e-15
2.220446049250313e-16
-9.92561499472708
-14.963826662309827
-8.139397812881954
-16.038439086769912
-8.763113630944964
-6.821905835167243
7.9380264635128235
4.834597329785705
-0.0156735219456825
-4.6407322429331543e-14
5.10702591327572e-15
2.671474153004283e-16
-6.361577931102147e-14
2.8199664825478976e-14
-1.2337353361147052e-14
2.220446049250313e-15
-2.6645352591003757e-15
1.2212453270876722e-15
-5.615827625525323
-36.8575788679953
-5.816881228865526
-30.536455646122352
-17.066576324796955
-11.181683956010712
24.723364083639694
15.321323424819997
-0.06819265169070743
3.9745984281580604e-14
2.636779683484747e-16
-3.469446951953614e-16
-2.220446049250313e-16
-8.43769498715119e-15
6.106226635438361e-16
1.1102230246251565e-16
-8.881784197001252e-16
0.0
-32.736958795515704
-40.597019262660126
-31.143174744898943
-13.968074911989488
-9.078722270104205
-5.850008386406571
-17.20656536286147
-7.260453657999193
-8.397701525987827
3.1086244689504383e-15
-3.9118014383277e-15
1.5612511283791264e-16
-1.1102230246251565e-16
3.9968028886505635e-15
-2.220446049250313e-16
3.9401815143946806e-13
1.4632739464559563e-13
4.29101199017623e-14
-18.019838306968758
-33.856415823467074
-17.51276994463554
-14.17407093846557
-9.410701015889897
-4.652419437257738
-3.32522429770961
0.5476856943209585
-5.566498775929631
3.019806626980426e-14
6.38378239159465e-16
-1.1681627887227819e-14
-6.328271240363392e-14
1.509903313490213e-14
2.7422508708241367e-14
8.881784197001252e-16
6.8833827526759706e-15
1.6792123247455493e-14
-1.2683211559438803
-42.951665551881575
-1.3458937159873159
-4.127405811396898
-2.807020127179989
-3.689293704337125
2.8018885599168044
4.106976053177746
-4.5537573799596345
-3.042011087472929e-14
-8.638922910364499e-16
-6.938893903907228e-18
2.220446049250313e-16
-5.995204332975845e-15
2.220446049250313e-16
-7.771561172376096e-16
1.3100631690576847e-14
-5.551115123125783e-17
3.0502735707057624
-48.791333497351694
3.552080420597946
-0.4523752416678732
-0.3131536384427278
-3.2532161327667537
4.0193504372564135
4.962206179884079
-4.485814629459924
2.5091040356528538e-14
7.140121827120538e-15
-1.6653345369377348e-16
1.1102230246251565e-15
4.3021142204224816e-15
-5.551115123125783e-17
-1.6653345369377348e-15
-1.0380585280245214e-14
-3.3306690738754696e-16
0.649654011972288
-51.2761334374472
2.5072852297941877
-0.38717674023634174
-0.27844225319628535
-2.3136236922866202
2.9093647309118147
4.567091277655347
-4.826793014820957
-1.7319479184152442e-14
-1.503311364281501e-14
9.71445146547012e-17
0.0
-1.0685896612017132e-15
0.0
7.771561172376096e-16
-1.6653345369377348e-16
7.771561172376096e-16
0.24541289519432752
-56.973419657077606
3.4073846102005563
1.9293659780329262
1.275240806949455
-1.2869323536272637
1.4924768639648072
4.002863885002821
-5.321820066698372
2.886579864025407e-15
6.093216209368535e-15
1.2899403767363538e-14
-8.215650382226158e-15
3.3084646133829665e-14
7.549516567451064e-15
-2.531308496145357e-13
-2.019773237549316e-13
2.8199664825478976e-14
-4.613884584392082
-63.3685140106275
0.747901012192421
4.033588676112075
2.6915559829511366
-0.08069070497108566
-3.270850133178392
1.5654505498660463
-6.466499112004662
3.241851231905457e-14
2.1718737919229625e-15
-2.7755575615628914e-17
2.220446049250313e-15
3.3306690738754696e-15
0.0
-2.786659791809143e-14
-8.076872504148014e-15
-1.1102230246251565e-15
-23.402742324379247
-67.69467189838758
-13.466231986928149
4.420600742015651
2.944503187330035
-1.7369402523371553
-17.870520528779764
-6.3785836671746745
-9.20976385120958
1.3100631690576847e-14
-3.6637359812630166e-15
4.701100619897147e-16
-3.3306690738754696e-15
-1.7763568394002505e-15
-2.373101715136272e-15
9.958700530887654e-14
-2.220446049250313e-16
2.220446049250313e-15
-54.3184295698391
-68.08719825507887
-38.97229545136706
3.311073202309416
2.3224975223252997
0.016849119642113886
-42.271472799469564
-20.02009075979899
-13.37425317869986
-8.193445921733655e-14
2.192690473634684e-15
-1.1934897514720433e-15
2.886579864025407e-15
1.509903313490213e-14
2.6922908347160046e-15
-1.6653345369377348e-15
-4.3298697960381105e-15
1.3322676295501878e-15
-70.53752492450124
-55.99911893250609
-52.574300137781286
-0.3776666209600936
-0.23084822999089794
-3.0389605522376075
-52.17412114056896
-25.765374806932087
-14.778069056877044
2.6423307986078726e-14
2.7946395197986362e-15
1.5265566588595902e-16
-9.992007221626409e-16
8.881784197001252e-16
-1.3128387266192476e-14
1.5265566588595902e-15
1.3322676295501878e-15
-4.440892098500626e-16
21.134159277531953
-26.209477234828853
21.174054894272178
-0.5627447485761365
-0.257335048901572
2.4172883080931475
21.720395172000615
13.81931794421018
2.2287439909876765
4.440892098500626e-16
4.690692279041286e-15
-2.42861286636753e-16
-5.551115123125783e-17
-3.1086244689504383e-15
-1.1102230246251565e-16
-8.881784197001252e-16
-5.10702591327572e-15
-4.440892098500626e-16
19.98442235985662
-22.96860340238584
19.509209954507575
-4.5864946922558545
-2.860384557106297
-1.0516202455550125
24.0757169868713
15.450721339793859
2.2798628374074226
2.6645352591003757e-15
-1.2878587085651816e-14
2.0816681711721685e-16
3.3306690738754696e-15
3.6637359812630166e-15
5.551115123125783e-17
6.661338147750939e-16
8.881784197001252e-16
-7.549516567451064e-15
39.339358973418626
40.04561866413661
57.98941342752556
16.899732736996
7.219530597728408
13.15334131832115
41.056686232108106
26.147084502567687
3.9848385201771706
-1.3100631690576847e-14
8.520961713998076e-15
-2.0261570199409107e-15
3.552713678800501e-15
-1.5210055437364645e-14
1.8866852524723754e-14
6.661338147750939e-16
3.941291737419306e-15
-4.440892098500626e-16
-16.766848366291953
-331.15986699614507
-48.79592511495071
-85.59236518003343
-34.4583554112398
-40.33978507642675
36.88409846311676
23.64830101873546
3.3126357095381476
-6.8833827526759706e-15
3.608224830031759e-16
-2.42861286636753e-17
3.3306690738754696e-15
1.7319479184152442e-14
8.326672684688674e-17
-2.220446049250313e-16
-9.2148511043888e-15
-6.661338147750939e-16
-30.554744018150295
-273.20204179744854
-40.74277752245267
-69.3457360823289
-25.81550669822611
-26.51477388985954
28.762568503150945
18.28268353968754
2.279918390174833
-1.509903313490213e-14
-3.191891195797325e-16
5.551115123125783e-17
5.695444116327053e-14
-9.103828801926284e-15
0.0
-4.440892098500626e-16
4.385380947269368e-15
6.661338147750939e-16
-86.22350562618645
-223.18162336627265
-83.76214310941884
-92.86812349661736
-39.945382943615286
-32.799461262040595
9.349996085332037
5.856066577903061
0.5866638081925131
4.3076653355456074e-14
-2.1788126858268697e-15
5.551115123125783e-17
-7.771561172376096e-16
5.329070518200751e-15
1.6653345369377348e-16
4.440892098500626e-16
-3.774758283725532e-15
-1.1102230246251565e-15
-332.6382654550964
-263.6527342897667
-315.7241684300627
-323.50081443634144
-175.2475540080708
-79.11763402873561
7.7485122738472105
4.772996634761238
-0.251427518629618
-1.865174681370263e-14
-1.4155343563970746e-15
-2.498001805406602e-16
4.218847493575595e-15
-4.440892098500626e-16
-6.938893903907228e-17
0.0
6.5503158452884236e-15
6.661338147750939e-16
147.07330101319934
-166.28895413079528
114.84340999869774
92.33839932196965
61.906050202553864
-2.7256327789562826
22.44283152209838
14.157918688536014
0.5536822785382085
-1.9984014443252818e-15
-2.4980018054066022e-15
-1.2420620087993939e-15
-3.164135620181696e-15
0.0
6.938893903907228e-17
9.992007221626409e-16
4.218847493575595e-15
4.440892098500626e-16
-40.966575899251964
-93.12851423227607
-29.131365606440895
-79.44049937702259
-41.64393394842541
-14.985107646049167
50.32203095273096
31.799691574152554
1.0975728671467082
-1.4210854715202004e-14
1.1671219546371958e-14
-3.885780586188048e-16
-5.458133944813426e-14
1.0857981180834031e-13
7.194245199571014e-14
-2.1929680293908405e-13
5.38902256153051e-13
-2.220446049250313e-15
-148.4627390983128
-171.37689790641946
-140.89310004210517
-60.691655268725874
-29.127371627926404
-25.07003701316524
-80.19473643274326
-41.20890359445893
-20.594114475587688
-6.816769371198461e-14
-1.0071804501521342e-14
6.938893903907228e-17
-1.5543122344752192e-15
1.4432899320127035e-15
-6.938893903907228e-18
8.326672684688674e-16
-8.43769498715119e-15
2.220446049250313e-16
148.67180397841747
64.77271727947044
126.6961628292521
84.63685121543793
54.73815669391958
0.7756239148451609
42.042505166245405
14.670579794751553
22.97798419806216
4.884981308350689e-14
8.465450562766819e-15
-2.706168622523819e-16
1.3322676295501878e-15
-4.884981308350689e-15
-4.9404924595819466e-15
-1.3058998327153404e-14
-1.099120794378905e-13
3.9968028886505635e-14
-74.90858444384524
-40.093005601247455
-50.0858175467782
1.7564757085009148
2.1037619068852678
2.3513163108692394
-51.883717350700834
-25.91010367490712
-13.603705411373525
-2.1316282072803006e-14
1.942890293094024e-16
6.938893903907228e-17
4.191091917959966e-15
-7.771561172376096e-16
6.071532165918825e-17
9.43689570931383e-16
-1.5543122344752192e-15
-4.440892098500626e-16
-8.752302628748652
-50.37512707357703
1.988833790255038
-2.1286429148693173
-0.4054992162961
3.615668644232624
4.087619429569443
6.863849117259617
-4.4286864407815685
-7.549516567451064e-15
-5.592748486549226e-15
-1.3877787807814457e-17
-4.08006961549745e-15
-4.3298697960381105e-15
-1.734723475976807e-16
-9.43689570931383e-16
2.1094237467877974e-15
8.881784197001252e-16
16.364627059026937
-71.96815606431637
14.468290503027028
19.033802581995417
12.730193884564518
2.5947481023888312
-4.608313529822304
1.0714618283744723
-4.5842448892873335
5.5289106626332796e-14
-5.856426454897701e-15
-1.1102230246251565e-16
2.55351295663786e-15
4.371503159461554e-15
1.3877787807814457e-16
5.551115123125783e-16
-4.996003610813204e-16
-4.440892098500626e-16
28.87335806860831
-88.48738765103114
21.600922323994116
25.825348131868942
16.583001165772803
2.211453104835747
-4.279262368904483
1.7277079955684247
-4.798718318487062
-4.107825191113079e-14
1.083855227790309e-14
-1.3877787807814457e-17
-6.661338147750939e-16
3.0531133177191805e-16
-1.5265566588595902e-16
-2.220446049250313e-16
-6.8833827526759706e-15
4.440892098500626e-16
18.39191266638106
-73.2740886118674
17.42743754096623
9.761948699086787
6.240217389507595
2.2047165770275106
7.631107041115893
9.369343457199673
-2.878445549087367
2.6423307986078726e-14
-5.842548667089886e-15
5.551115123125783e-17
-4.11823353196894e-15
7.771561172376096e-16
2.7755575615628914e-16
5.551115123125783e-16
7.216449660063518e-15
-4.440892098500626e-16
8.105520624019597
-64.0174519149361
14.355072779173035
-0.5781828075166402
-0.31075512574976116
2.0715476449129184
14.94399803599945
14.51200753053132
-1.5281618336355898
2.2870594307278225e-14
4.0805032963664445e-15
-3.608224830031759e-16
4.218847493575595e-15
-2.220446049250313e-16
-1.1102230246251565e-16
-7.216449660063518e-16
7.771561172376096e-16
2.220446049250313e-15
31.72951715518252
-64.01581101693974
39.3360558823542
26.284166627947144
15.271440133966756
5.066664743469952
13.065626090650383
14.577627776114412
-1.9292627039120882
2.2648549702353193e-14
-8.205242041370298e-16
2.0816681711721685e-16
4.5852210917018965e-14
4.440892098500626e-16
6.078471059822732e-15
-1.7541523789077473e-14
-6.439293542825908e-15
9.481304630298837e-14
-9.116185167064504
-76.57096471009677
-3.6013445287431836
-55.69572130351398
-31.150135227981792
-10.200166875057647
52.07118520623905
34.85573774789014
7.187512064962909
-7.349676423018536e-14
-6.9111383282915995e-15
7.771561172376096e-16
-3.3306690738754696e-16
-1.7763568394002505e-15
-3.419486915845482e-14
-7.771561172376096e-16
1.3739009929736312e-15
1.3322676295501878e-15
26.408373697542537
-79.40503434735948
26.991228097985513
-29.55148587630748
-16.210171871478224
-7.903734515954241
56.54089692465166
37.899958214154424
7.271250287349378
-2.2870594307278225e-14
-2.498001805406602e-16
1.0646865333807654e-16
-7.771561172376096e-16
9.992007221626409e-15
6.938893903907228e-16
-5.551115123125783e-16
5.051514762044462e-15
-2.220446049250313e-16
37.48278186675713
-74.19220252141264
35.55000436500781
-16.651229790648472
-8.887213984630876
-5.772032010438338
52.21172100095319
35.022423525877116
6.228748647468173
1.4432899320127035e-14
7.105427357601002e-15
5.551115123125783e-17
-2.55351295663786e-15
-2.3314683517128287e-15
1.3877787807814457e-17
1.1102230246251565e-16
-4.440892098500626e-16
6.661338147750939e-16
34.64365665167778
-66.68603439795342
31.902187873966717
-12.757972509303613
-6.667918338272628
-4.832541742159705
44.66476053313595
29.907144567319776
4.895909094674119
3.086420008457935e-14
1.7763568394002505e-15
6.245004513516506e-17
1.4432899320127035e-15
4.551914400963142e-15
2.593758541280522e-14
1.6653345369377348e-15
-8.659739592076221e-15
-1.1102230246251565e-15
27.502204793837297
-58.34467613310403
24.83965915745401
-11.751252083014336
-6.04147554871151
-5.135394088875856
36.57333878269593
24.442693867135404
3.674011044358661
-3.4861002973229915e-14
-1.2323475573339238e-14
-1.700029006457271e-16
4.9960036108132044e-15
1.1879386363489175e-14
-8.354428260304303e-15
-8.881784197001252e-16
1.1657341758564144e-14
-6.661338147750939e-16
21.386706009453384
-44.89428545314491
18.359445951069326
-3.955878872526327
-1.5563118070589397
-2.6030997575361283
22.291635111450795
14.845962612663905
2.027519915603796
3.352873534367973e-14
3.70536934468646e-15
-2.255140518769849e-16
2.4424906541753444e-15
-1.4099832412739488e-14
-1.5543122344752192e-15
-3.3306690738754696e-16
-2.220446049250313e-15
4.440892098500626e-16
4.014277184999198
-29.713923813006232
2.762233555220644
-4.6698094399212025
-1.7787408546252337
-2.597356983637347
7.41197004133533
4.91559398235556
0.6057092698563276
-4.1300296516055823e-14
2.8727020762175925e-15
1.97758476261356e-16
1.2212453270876722e-15
1.7763568394002505e-15
1.3877787807814457e-17
-2.7755575615628914e-16
-2.6645352591003757e-15
-2.220446049250313e-16
-3.226056922284922
-22.422684652481124
-3.1818126602528434
-5.446438814912391
-2.118773113183547
-2.5545023892291923
2.2442420558792904
1.4828992153534664
0.17504685201055237
-1.3988810110276972e-14
-5.518155377082223e-15
-1.231653667943533e-16
-3.219646771412954e-15
-4.218847493575595e-15
-5.551115123125783e-17
-1.1102230246251565e-16
-1.7763568394002505e-15
-1.1102230246251565e-16
-3.729640749296106
-21.564098814185733
-3.1607609335058413
-5.141463982802975
-1.8994322302298547
-2.213340517916258
1.9779132086735343
1.3001135296222692
0.150102046761734
8.881784197001252e-15
3.827667349742825e-15
2.706168622523819e-16
2.9976021664879227e-15
4.107825191113079e-15
0.0
5.134781488891349e-15
1.4988010832439613e-14
-6.5503158452884236e-15
-0.7365291699514813
-21.409195976155758
-0.12841503677952915
-3.2774189488678562
-0.910220251958334
-2.353226272717002
3.144230276357135
2.0591192725722003
0.2057593767470891
1.7319479184152442e-14
3.2612801348363973e-16
-1.6132928326584306e-16
-1.5543122344752192e-15
-5.995204332975845e-15
0.0
6.38378239159465e-16
-7.327471962526033e-15
-1.1102230246251565e-16
-2.254983446734502
-20.609718596388667
-1.2128426624414121
-5.539523638021849
-2.192083282996988
-4.180432604444029
4.326319574578617
2.8291041446569682
0.24279996189611167
3.042011087472929e-14
1.0130785099704553e-15
1.734723475976807e-16
-1.1102230246251565e-16
3.219646771412954e-15
-2.220446049250313e-16
-6.938893903907228e-16
5.10702591327572e-15
4.440892098500626e-16
3.5155740265522972
-21.11281048834128
3.939366526059058
-1.765314155205365
-0.14980307144869442
-1.2449428169624213
5.692606922956138
3.7154246779183073
0.2639270713987175
-1.532107773982716e-14
-1.697253448895708e-14
6.661338147750939e-16
9.992007221626409e-16
-2.55351295663786e-15
-4.551914400963142e-15
-4.551914400963142e-15
-1.0880185641326534e-14
-1.021405182655144e-14
8.006329887533315
-21.97014556581697
7.667996755567117
0.3744231802129719
1.0474567456332835
1.4031205829221278
7.285381278993128
4.756866968263257
0.25560181923837555
-1.5543122344752192e-15
1.2101430968414206e-14
1.5265566588595902e-16
-6.661338147750939e-16
6.217248937900877e-15
-3.608224830031759e-16
3.8968828164342995e-14
8.104628079763643e-15
4.18554080283684e-14
10.254133005804647
-23.603645188768468
9.18377024280738
-0.7078512728178126
0.4543171887001174
1.8509763784471218
9.882006264937253
6.445868528507074
0.2372799224767903
1.9984014443252818e-15
-5.662137425588298e-15
-1.249000902703301e-16
-2.220446049250313e-16
-1.609823385706477e-15
-1.1102230246251565e-16
-7.771561172376096e-16
1.3322676295501878e-14
-3.3306690738754696e-16
1.4357657765852139
-19.60623700743058
2.439917691141277
-1.965287926929015
-0.06001595730576437
1.3633541546776797
4.396884904729532
2.8620821860595385
0.021679186725978683
-2.220446049250313e-15
-2.0261570199409107e-15
-2.7755575615628914e-17
0.0
-2.0539125955565396e-15
8.881784197001252e-16
6.661338147750939e-16
-3.552713678800501e-15
4.440892098500626e-16
-25.661267526359765
-6.443604308730105
-19.3268374240642
-15.11151266649828
-7.718168107366452
0.37033965837819943
-4.234609273904617
-2.7639039247021246
-0.11101383982190333
3.019806626980426e-14
5.773159728050814e-15
1.3877787807814457e-17
-1.1102230246251565e-16
-3.3306690738754696e-16
-8.881784197001252e-16
2.886579864025407e-15
1.887379141862766e-15
7.771561172376096e-16
-30.27317748073574
-15.391178885678784
-23.82635767201385
-26.52816116594168
-13.996840472545642
-3.748310420462751
2.7127170583136433
1.6790859064204735
-0.14095371562910453
-7.860379014346108e-14
-2.3425705819590803e-14
-6.675215935558754e-15
-6.372680161348399e-14
7.105427357601002e-14
1.2490009027033011e-14
-3.441691376337985e-14
-3.397282455352979e-14
7.16093850883226e-14
-17.928465481939696
7.209258977925544
-18.22193175589983
-14.967279112018566
-9.62685118469787
-1.2245408492973882
-3.2820189327933633
-1.49654429031537
-1.1382760365405602
6.905587213168474e-14
6.7931771319251766e-15
1.5959455978986625e-16
0.0
-1.1191048088221578e-13
4.163336342344337e-16
-2.6645352591003757e-15
-1.0880185641326534e-14
-6.994405055138486e-15
-7.273715699880881
4.417342995369495
-8.128329964384804
-10.315417242477977
-6.695220440019767
-4.433225682164176
2.221054688694835
1.6712846204959817
-0.21891843955735624
-5.1736392947532295e-14
-6.106226635438361e-15
-3.3653635433950058e-15
4.440892098500626e-16
1.0963452368173421e-14
-1.1102230246251565e-16
3.885780586188048e-15
3.4416913763379853e-15
2.7755575615628914e-16
4.856861317143526
-5.832250485546297
4.018016013798601
-0.19272499236114982
-0.13594309925846915
-4.432884972181821
4.251424341666336
2.852115856339225
0.03990961638631063
9.992007221626409e-15
4.163336342344337e-16
-5.551115123125783e-17
4.440892098500626e-16
-1.0563772079308364e-13
-5.551115123125783e-17
-1.7763568394002505e-15
2.7755575615628914e-15
0.0
5.115566182200027
-9.12441590283467
4.66019780774905
2.5509970277316967
1.6654002253783773
-4.532340620613793
2.131904643228637
1.6825643712400513
-0.2380596391166705
-5.10702591327572e-15
6.439293542825908e-15
-9.936496070395151e-15
-1.3322676295501878e-15
9.992007221626409e-16
1.1102230246251565e-16
1.3877787807814457e-15
-6.8833827526759706e-15
0.0
-46.59383585969567
2.861777537002311
-40.74809476981741
-8.341518952715521
-5.38434419761853
-3.869482743320531
-32.39680447561716
-18.258178359215268
-5.889562642707588
5.551115123125783e-15
-1.1934897514720433e-15
2.7755575615628914e-17
1.5543122344752192e-15
2.9976021664879227e-15
-1.3322676295501878e-15
6.661338147750939e-16
2.9976021664879227e-15
8.881784197001252e-16
-15.539409166517402
12.738969906590683
-13.079342321264335
-6.6976752426486295
-4.354778320262277
-3.773778623055227
-6.371585647314062
-4.068974692035731
-0.24276108076110736
-5.995204332975845e-15
1.1657341758564144e-15
1.249000902703301e-16
1.1102230246251565e-16
-6.994405055138486e-15
3.3306690738754696e-16
2.220446049250313e-16
2.1094237467877974e-15
-8.881784197001252e-16
-37.67005552900957
37.63099114772075
-32.03283411799667
-12.83190378247928
-8.50958939344121
-4.378899447771547
-19.205090465588317
-12.249399889467277
-0.4726426622400137
8.215650382226158e-15
-5.592748486549226e-15
1.3378187446733136e-14
6.439293542825908e-15
1.176836406102666e-14
2.0095036745715333e-14
-1.1124434706744069e-13
3.1308289294429414e-14
7.904787935331115e-14
17.124635425290542
-14.478640616260748
14.759991145937821
0.059033015944569556
0.10063706245353465
-2.1713001333888475
14.672453590827178
9.214906827210207
0.7645461403740654
1.9984014443252818e-14
2.806782584130474e-15
-1.2836953722228372e-16
-1.1102230246251565e-16
-2.220446049250313e-15
-1.965094753586527e-14
3.863576125695545e-14
-1.1671219546371958e-14
-2.220446049250313e-16
9.586309264628248
-12.407467382915854
8.246600792301777
-0.3821686821616482
-0.2598609061757955
-1.4455699095680263
8.638565051863473
5.7025900745301366
0.14775137625859713
-1.199040866595169e-14
1.4224732503009818e-16
3.8163916471489756e-17
5.551115123125783e-16
-9.769962616701378e-15
2.220446049250313e-16
4.318767565791859e-14
6.944445019030354e-14
2.220446049250313e-16
4.51085458960992
-13.952573981817451
4.161846590725212
0.7564051468345099
0.4864217220256286
-0.4507356307100779
3.4262609665968213
2.781690734545352
-0.6924737911004968
3.019806626980426e-14
-3.5388358909926865e-16
3.469446951953614e-18
-1.3322676295501878e-15
-6.661338147750939e-16
-2.220446049250313e-16
0.0
1.3322676295501878e-15
-1.0746958878371515e-13
3.991865589100442
-17.511084775066934
4.0450929084098775
2.544786905446898
1.6904244689651478
-1.4057062764350379
1.5216735543970188
1.8069009068591377
-1.1240009810886846
-2.4646951146678475e-14
4.1772141301521515e-15
-2.220446049250313e-16
2.4424906541753444e-15
6.661338147750939e-15
-1.3877787807814457e-17
0.0
-1.3877787807814457e-16
0.0
4.585631497022916
-22.8659388992603
4.825257211658979
5.587124560215841
3.7356972210792634
-0.1774598688318445
-0.7514517349409431
0.6591908710781453
-1.647745227493445
-1.554312234475219e-14
-7.632783294297951e-15
1.7694179454963432e-16
-1.1102230246251565e-15
-3.552713678800501e-15
5.551115123125783e-17
1.1102230246251565e-16
-6.522560269672795e-15
-8.881784197001252e-16
-2.097010873900402
-23.469702668009674
-0.909699549976672
4.917928113446507
3.3529367026353967
-2.3181133310227686
-5.827286027469746
-2.1211245714663933
-2.626841442681325
5.10702591327572e-15
-2.8449465006019636e-16
3.469446951953614e-18
2.220446049250313e-15
4.440892098500626e-16
-6.938893903907228e-17
1.1102230246251565e-16
9.880984919163893e-15
0.0
-27.07785309675683
-9.128729414331474
-21.022284456293157
-5.201662299706889
-3.3608549752753056
1.7321376379494162
-15.828171933850252
-7.797269447028513
-4.403266392377191
-2.2648549702353193e-14
2.5951463200613034e-15
-2.7755575615628914e-17
-7.494005416219807e-16
-3.1086244689504383e-15
9.71445146547012e-17
-3.608224830031759e-16
4.218847493575595e-15
4.440892098500626e-16
15.51011074888703
-16.370027570885497
11.457195137244838
9.839729714082708
6.4782245760781505
-0.20710238422187643
1.5840982226826057
1.012451630803202
0.1444795833654564
1.3766765505351941e-14
3.3306690738754696e-16
-2.5673907444456745e-16
0.0
9.992007221626409e-16
-2.220446049250313e-16
-2.220446049250313e-16
-6.106226635438361e-15
-4.440892098500626e-16
-9.68192475748748
-13.25412620922144
-9.207453037186426
-5.838393940090981
-2.4669835790174766
2.2176940097150037
-3.3821766425027
-2.216091108471474
-0.28582967331558606
-1.8207657603852567e-14
-2.0192181260370035e-15
1.6653345369377348e-16
-6.661338147750939e-16
3.982925100842749e-15
2.636779683484747e-16
0.0
4.440892098500626e-15
2.220446049250313e-16
-8.94503174992657
-20.95101183246129
-7.237444409025443
-11.995293308112736
-5.81895460501751
-1.7478611870322143
4.808341857823734
3.01146825197133
0.3181853667666701
4.196643033083092e-14
1.2628786905111156e-15
-7.646661082105766e-15
-1.6431300764452317e-14
-5.645484080218921e-14
-2.4147350785597155e-15
7.349676423018536e-14
3.8413716652030416e-14
-1.0658141036401503e-14
-52.225514359933534
-17.878999870843387
-44.42655016080654
-47.528596516060894
-26.567334910746837
-3.8757263184193818
3.0964734068034545
1.8364533073270621
0.010791800828935827
1.9984014443252818e-15
4.621303340002214e-15
7.91033905045424e-16
3.524958103184872e-15
-4.440892098500626e-16
5.440092820663267e-15
8.881784197001252e-16
-5.88418203051333e-15
-2.1316282072803006e-14
-5.935777571937237
-14.789351202030275
-4.502909401310035
-10.636988394764455
-5.453885029895931
-1.3206086214266008
6.164718987455952
3.7669799299031936
0.15262059189343802
-1.9095836023552692e-14
4.0245584642661925e-16
-6.938893903907228e-17
4.440892098500626e-16
1.7763568394002505e-15
-9.020562075079397e-17
-7.771561172376096e-16
5.856426454897701e-15
-8.881784197001252e-16
-48.36375178938525
14.124226900557119
-41.356036668666704
-16.03456443638985
-10.29138784264418
-0.6269379130907944
-25.333804648806307
-14.185670750266297
-4.6479361645218304
4.241051954068098e-14
-5.773159728050814e-15
1.734723475976807e-17
-1.942890293094024e-15
-1.6209256159527285e-14
-6.938893903907228e-17
6.938893903907228e-18
-4.440892098500626e-16
-8.881784197001252e-16
-44.19102362579474
15.289231248000632
-36.860458329685976
-16.760197263936746
-10.847243197466938
-3.0441695261994672
-20.089357208621657
-11.131969550607145
-3.9873810657182958
-6.439293542825908e-14
-7.594619377826461e-15
-2.1260770921571748e-14
-2.8199664825478976e-14
-3.1086244689504383e-15
-4.471423231677818e-14
-4.440892098500626e-16
6.17284001691587e-14
-5.96189764223709e-14
5.679216751391422
24.94615477956279
5.849150129811445
-14.617226728385802
-9.300477053648773
-3.5533618265321114
20.44477061705445
11.17504511663183
4.457051208093754
2.6423307986078726e-14
1.9845236565174673e-15
1.8041124150158794e-16
-8.326672684688674e-16
-7.105427357601002e-15
-5.551115123125783e-17
1.6653345369377348e-16
8.659739592076221e-15
1.3322676295501878e-15
-34.07370815895182
3.327426081488596
-27.573970465597633
-8.393868871552392
-5.240964194868667
-3.4784231937928776
-19.19069141118302
-10.293883617105834
-4.260224551303242
2.886579864025407e-15
-1.8318679906315083e-15
6.938893903907228e-18
0.0
8.049116928532385e-15
5.551115123125783e-17
-1.5543122344752192e-15
1.3322676295501878e-15
-6.661338147750939e-16
3.450522893536771
-8.774557563382373
3.2251740821514545
0.5095939778559426
0.5644325844923657
-2.4537551986514217
2.6726804841523233
1.7753183188206698
0.3436640793934007
2.4646951146678475e-14
2.1371793224034263e-15
1.8707257964933888e-14
3.064215547965432e-14
7.938094626069869e-14
6.161737786669619e-15
2.220446049250313e-16
-4.440892098500626e-15
-2.220446049250313e-16
2.6710141135102816
-15.59369898558137
2.9275229557554354
-6.401142920065595
-3.4176092212992586
-0.8442266669676997
9.331895768946552
6.183925849143911
0.9644819004149179
9.547918011776346e-15
-4.250072516143177e-15
-1.5612511283791264e-17
-8.881784197001252e-16
-2.942091015256665e-15
5.551115123125783e-17
-2.220446049250313e-16
-2.4980018054066022e-15
0.0
18.457203186878147
-27.15066435009109
16.75813244959474
-1.6158233899485313
-0.5235156060171207
1.1299198904192878
18.391540126188474
12.252010618153406
1.6668398024301077
-3.26405569239796e-14
3.3688329903469594e-15
-1.734723475976807e-17
1.3322676295501878e-15
9.992007221626409e-16
-5.551115123125783e-15
-1.1102230246251565e-15
4.135580766728708e-15
1.2212453270876722e-15
18.4238493659608
-27.01921004181324
16.257277485593065
-0.10890124875970741
0.4329661839505263
1.6882252977375742
16.379364837576134
10.91641078066337
1.2806311553468426
6.727951529228449e-14
-2.255140518769849e-16
1.8041124150158794e-15
-3.9968028886505635e-15
-8.076872504148014e-15
3.608224830031759e-14
-1.3322676295501878e-15
-2.55351295663786e-15
-1.5543122344752192e-15
18.262099023038928
-31.227656277530766
15.798962870011643
-2.190620865485485
-0.6460751018056214
1.1611303063663811
17.98760910148711
12.007379873210297
1.1813689409473946
-3.1308289294429414e-14
-6.543376951384516e-15
-2.0643209364124004e-16
2.6645352591003757e-15
-2.3203661214665772e-14
-1.582067810090848e-15
-2.220446049250313e-15
1.2434497875801753e-14
4.440892098500626e-16
-1.6974240881194547
-27.47290637360169
-1.7101350859900908
-15.122501527737741
-7.913974930399744
-1.8175590674719118
13.40328674419569
8.908067739950273
0.5613424944353698
4.8183679268731794e-14
9.645062526431047e-15
-2.8622937353617317e-16
-3.3306690738754696e-16
2.220446049250313e-16
1.6653345369377348e-16
4.440892098500626e-16
-6.439293542825908e-15
1.1102230246251565e-16
-71.2750157034643
-33.75153667020123
-61.94107210692167
-81.29320927166376
-45.70573763238272
-14.728243148204097
19.343377136856656
12.716428304414439
0.47990220473340617
-3.6637359812630166e-14
7.528699885739343e-16
2.8796409701215e-16
7.494005416219807e-16
7.105427357601002e-15
-2.0539125955565396e-15
-9.992007221626409e-16
-1.4988010832439613e-15
-4.440892098500626e-16
-20.31281564675524
-28.064721411292396
-19.346716374536555
-6.785690024987296
-4.235015717036854
-0.9599932518120359
-12.550420953651713
-4.938123507196693
-5.157747727734716
-3.108624468950438e-14
-8.798517470154366e-15
-9.17668718791731e-16
-3.941291737419306e-15
1.1546319456101628e-14
-2.192690473634684e-15
1.7763568394002505e-15
1.4099832412739488e-14
-3.9968028886505635e-15
-15.71638224133632
-26.67484667485519
-14.753752347147078
-3.4821124259202207
-2.2475265697872757
-2.5520844405452534
-11.251799930846985
-4.471903492810636
-4.771717166973886
1.865174681370263e-14
1.3461454173580023e-14
-3.3306690738754696e-16
1.6653345369377348e-15
-3.4416913763379853e-15
2.636779683484747e-16
-2.7755575615628914e-15
1.2212453270876722e-15
-1.3322676295501878e-15
-11.566221838645461
-31.353791108311153
-10.391326771431466
-0.27020562006538285
-0.16797401159091407
-1.1823867505224026
-10.11178506723104
-3.612291433402503
-4.511992967378603
-3.9968028886505635e-15
-7.022160630754115e-15
2.220446049250313e-16
8.881784197001252e-16
5.551115123125783e-15
5.551115123125783e-17
1.3322676295501878e-15
-1.5543122344752192e-15
2.220446049250313e-15
-14.700219165694065
-34.91667751254156
-12.386008052374201
-0.06459336018060569
0.01988361871488875
-1.2565445811041953
-12.333939920601196
-4.464487107005439
-4.754904793212688
-1.7763568394002505e-15
4.6074255521944e-15
-2.7755575615628914e-17
-1.5543122344752192e-15
-6.8833827526759706e-15
-3.469446951953614e-18
0.0
-3.9968028886505635e-15
-4.440892098500626e-16
-0.012897740210487285
0.44774929720335876
0.08969578290247426
-0.1730466740764225
-0.09288795871144195
-1.227481366087128
0.24278353717752577
0.19210877778444324
0.01586124698578706
-2.7977620220553945e-14
-6.869504964868156e-15
-6.591949208711867e-17
6.661338147750939e-16
9.769962616701378e-15
0.0
1.3322676295501878e-15
1.1102230246251565e-15
-1.7763568394002505e-15
-5.247589593198299
3.412020609978299
-4.269693170253433
-0.38112334427611927
-0.1218750208227597
0.8509177579997327
-3.908477629309278
-2.652049513625718
-0.3338712810022978
-9.769962616701378e-15
6.0923488476305465e-15
6.245004513516506e-17
-8.881784197001252e-16
-1.2212453270876722e-14
1.6653345369377348e-16
6.661338147750939e-16
6.439293542825908e-15
4.440892098500626e-16
-31.908250892236616
-31.262432408408642
-27.700508794503087
1.617343896858996
0.9941787134691982
0.6325011364931056
-29.326761641668853
-14.611160700468915
-7.930675068023163
1.9095836023552692e-14
3.219646771412954e-15
-9.020562075079397e-17
1.6653345369377348e-16
6.716849298982197e-15
-1.1102230246251565e-16
-1.1102230246251565e-15
-2.220446049250313e-15
-8.881784197001252e-16
-46.293373914863366
-32.21439762872922
-39.7660392910842
6.585707212136633
4.1137298834767435
0.8352390932736178
-46.36666869507126
-24.843298238322877
-10.733202918077843
-8.881784197001252e-15
-7.507883204027621e-15
2.7755575615628914e-17
-8.881784197001252e-16
3.552713678800501e-15
0.0
3.552713678800501e-14
-2.020605904817785e-14
2.9753977059954195e-14
-14.884451277885518
-2.6641272571767374
-12.828990072377096
-6.62221092440943
-3.4025626631466537
-1.8658301777895048
-6.2396025150552115
-4.049740661407624
-0.49378772318276476
1.709743457922741e-14
4.579669976578771e-15
1.8735013540549517e-16
1.3322676295501878e-15
4.773959005888173e-15
-9.769962616701378e-15
1.27675647831893e-15
8.992806499463768e-15
0.0
-21.734705856549688
1.9200402961018312
-18.653024066468255
-11.2470415140601
-6.027110025207966
-3.590415756562791
-7.390450745942239
-4.904807270537109
-0.5222530427773302
2.930988785010413e-14
-6.238065619612598e-15
4.163336342344337e-17
6.439293542825908e-15
-4.884981308350689e-15
-5.551115123125783e-16
2.609024107869118e-15
-1.3322676295501878e-15
0.0
-7.409905332551261
1.1391184439624098
-6.287988882929142
-1.5505675611948249
-0.5209931449847645
0.06271842316063214
-4.716832885539517
-3.193403838277206
-0.3279425139630776
-4.907185768843192e-14
-2.0122792321330962e-16
-4.163336342344337e-17
-1.1102230246251565e-15
-2.6645352591003757e-15
3.885780586188048e-16
-1.4432899320127035e-15
1.9984014443252818e-15
0.0
-4.1986592561923715
0.6698823839217525
-3.302762800914479
1.2247711231930793
1.0595318492526165
2.608738930673958
-4.522270977928166
-2.983285836487756
-0.2522655094137729
2.042810365310288e-14
4.3021142204224816e-16
1.6653345369377348e-16
0.0
-2.1094237467877974e-15
-6.38378239159465e-16
-4.440892098500626e-16
1.9984014443252818e-15
0.0
0.39720399982778076
-2.4441872991772584
0.6824034177881693
1.5707388919481746
1.1778872344579496
2.99546543301949
-0.9080289735647824
-0.551126251964309
-0.019683709426249196
2.220446049250313e-14
-2.275957200481571e-15
-1.1102230246251565e-16
-1.1102230246251565e-15
9.43689570931383e-16
0.0
0.0
-5.329070518200751e-15
-2.220446049250313e-16
0.15381950552556134
-4.5929606322403345
0.6952366237927947
1.754237491750903
1.4039174768946623
3.317037868938748
-1.073922767084774
-0.6668091370107945
-0.033400937915490925
-1.1102230246251565e-15
7.313594174718219e-15
1.491862189340054e-16
1.1102230246251565e-15
-2.7755575615628914e-16
0.0
6.661338147750939e-16
7.105427357601002e-15
-1.1102230246251565e-16
-0.7056780914342711
-4.219059621765311
0.11937448108700721
1.269583476888073
1.144058093001199
3.162451518134212
-1.1539329691907518
-0.7418374538356272
-0.0228069694650761
-8.881784197001252e-15
-1.0547118733938987e-15
-1.5265566588595902e-16
-4.440892098500626e-16
1.9984014443252818e-15
-2.7755575615628914e-17
-3.885780586188048e-16
4.440892098500626e-16
2.7755575615628914e-16
1.114089507566625
-4.328828049920531
1.688294540586
2.369559638435007
1.7581865543800888
1.708264999929721
-0.6794458723081149
-0.43058244631192366
-0.01039243053941119
1.709743457922741e-14
-9.575673587391975e-16
1.1102230246251565e-16
-3.885780586188048e-16
-4.440892098500626e-16
-1.1102230246251565e-16
1.4876988529977098e-14
-7.771561172376096e-15
-9.43689570931383e-15
-8.21185484814606
-1.2907781322711287
-7.286002588096537
-0.7943734146808055
-0.6483719519936811
-1.774069680589685
-6.517462319299852
-3.637371389244219
-1.0889352136417472
-1.554312234475219e-14
-1.1796119636642288e-16
1.942890293094024e-16
1.1102230246251565e-15
-1.7763568394002505e-15
6.38378239159465e-16
-1.021405182655144e-14
4.9960036108132044e-15
1.1324274851176597e-14
0.5664006605909897
-2.340016728548761
0.23941481309390866
0.0812517744270167
0.0005195576983325623
-3.412352839475611
0.17066002295953808
0.27729588164660157
-0.137719083205738
7.771561172376096e-15
5.854691731421724e-16
3.747002708109903e-15
3.241851231905457e-14
-7.438494264988549e-15
2.1371793224034263e-14
2.964295475749168e-14
-2.7755575615628914e-15
-1.84297022087776e-14
9.402017706152584
-6.6428536227628
8.14330371825212
3.342444322159807
2.2191854113088567
-4.9593738814301975
4.826502976625562
2.9932705808345617
0.46866863815333204
-1.6431300764452317e-14
5.030698080332741e-16
-2.456368441983159e-15
-2.4868995751603507e-14
-3.3861802251067274e-15
-3.3306690738754696e-15
-1.4988010832439613e-14
-7.216449660063518e-15
5.88418203051333e-15
8.68536767671161
-6.1054644583351845
7.386507899933893
1.8775221731433192
1.2631873777400813
-3.926267847699306
5.530135621884909
3.426604597555432
0.4763995591498258
2.4868995751603507e-14
-1.1934897514720433e-15
1.5959455978986625e-16
1.5543122344752192e-15
2.0539125955565396e-15
3.3306690738754696e-16
-4.440892098500626e-16
-6.827871601444713e-15
-5.551115123125783e-16
5.816248386585315
-4.829235969705425
4.783155606450407
-0.27377000288439746
-0.1813913784155119
-2.9891535336335906
5.071384306458974
3.2181645561349512
0.30096173749634403
-2.1316282072803006e-14
-1.6063539387545234e-15
4.163336342344337e-17
-8.881784197001252e-16
-2.9976021664879227e-15
-2.220446049250313e-16
0.0
6.38378239159465e-15
-1.942890293094024e-16
4.056244189821568
-6.062060763942483
3.3997661385214677
-0.10545572816243975
-0.07993520589086245
-3.136877844683779
3.517471642239556
2.4092756806505617
-0.034188926312396006
1.176836406102666e-14
-1.3183898417423734e-16
-7.174816296640074e-15
-1.9095836023552692e-14
7.042977312465837e-15
-1.3766765505351941e-14
-7.016609515630989e-14
-1.6986412276764895e-14
-4.796163466380676e-14
3.5028667716513695
-9.248071769329151
3.1791754687485927
1.8475649254032334
1.2269654862425732
-2.1862326824903855
1.3441810755597174
1.256497327761911
-0.46588525202780323
-1.6209256159527285e-14
-2.275957200481571e-15
-2.636779683484747e-16
4.440892098500626e-16
8.104628079763643e-15
-1.1102230246251565e-16
-4.440892098500626e-16
9.298117831235686e-16
2.220446049250313e-16
2.5574305382859563
-11.61933946474413
2.5301291991671846
2.9552163351228984
1.9739210577596182
-1.1600247895517786
-0.41431212666115874
0.3392087468101357
-0.8398897174490969
2.7977620220553945e-14
9.936496070395151e-15
9.71445146547012e-17
-1.9984014443252818e-15
-9.325873406851315e-15
0.0
2.220446049250313e-16
-1.1268763699945339e-14
-4.440892098500626e-16
-3.531635725490702
-8.568711260579107
-2.57807100269752
-0.586962937481367
-0.3914309252447232
-0.18030102625850342
-1.9860871077534057
-0.4765033416688129
-1.1998856739857473
-3.9968028886505635e-15
-1.892930256985892e-14
-1.4849232954361469e-15
-2.6645352591003757e-15
1.2434497875801753e-14
2.4993895841873837e-14
5.440092820663267e-14
2.6201263381153694e-14
-5.10702591327572e-15
-22.86900241665728
-3.629422432794435
-18.78555600403592
-3.6044405049928603
-2.365685014315221
-2.2708850536242595
-15.173217793901346
-8.006336105297283
-3.490650734940324
2.2648549702353193e-14
1.0186296250935811e-14
2.0816681711721685e-17
5.218048215738236e-15
3.774758283725532e-15
-1.8166024240429124e-14
-3.885780586188048e-16
6.661338147750939e-16
3.952393967665557e-14
9.463060273513491
-9.979388120908425
7.632710694386916
7.330858178649528
4.925789968881095
-0.03730537250101129
0.2913695404046308
0.1815840995558986
0.006312327437196785
-1.4654943925052066e-14
9.71445146547012e-16
-4.85722573273506e-17
1.7763568394002505e-15
-4.9960036108132044e-15
2.7755575615628914e-17
2.220446049250313e-16
3.3306690738754696e-16
-8.881784197001252e-16
-25.398355482222243
0.33513672810551043
-22.12034703018492
-14.807515134357233
-8.075068203008438
-4.925085320985161
-7.304074949718099
-4.712523620503752
-0.4732239565842402
1.4210854715202004e-14
-1.2490009027033011e-15
-4.5102810375396984e-17
-4.440892098500626e-16
-1.2906342661267445e-15
0.0
-1.1102230246251565e-15
4.440892098500626e-16
-6.661338147750939e-16
-47.54922622470857
12.262343381752784
-40.34653105591117
-24.447869583070883
-13.625169023099474
-3.0029956418917436
-15.885850400015556
-10.106473133940053
-0.6264593733184278
-4.929390229335695e-14
-4.6351811278100286e-15
8.326672684688674e-17
2.7200464103316335e-15
6.661338147750939e-16
-6.0472460372551495e-15
3.3306690738754696e-16
3.6415315207705135e-14
1.8762769116165146e-14
-14.810140030887041
-14.682295510921698
-12.77245938779808
-19.11036059797724
-10.459712180974432
-1.3467968067239013
6.3381935818278095
3.8027818193501304
-0.10547938818328628
6.150635556423367e-14
3.2057689836051395e-15
-6.938893903907228e-17
-8.326672684688674e-15
5.773159728050814e-15
0.0
-8.881784197001252e-16
-1.6653345369377348e-16
8.881784197001252e-16
-48.47456957599786
17.19928990180898
-41.8739450888103
-18.13726667148474
-11.944878035010651
-0.23711987703858917
-23.752494853839224
-13.296852443115199
-3.9912893167137895
-3.730349362740526e-14
-2.0816681711721685e-15
-5.551115123125783e-17
1.1102230246251565e-16
-2.220446049250313e-16
-1.1102230246251565e-16
6.661338147750939e-16
-3.774758283725532e-15
0.0
-20.450770247130748
2.0881888669708815
-17.58034766570622
-6.722099785095395
-4.394412713235656
4.037926163072257
-10.863035100608613
-5.89467987364314
-2.255046573386494
1.354472090042691e-14
6.716849298982197e-15
-1.1102230246251565e-16
-5.551115123125783e-17
2.6645352591003757e-15
-1.6653345369377348e-16
4.440892098500626e-16
-8.43769498715119e-14
8.881784197001252e-16
-4.838494746215474
-4.288795467354561
-4.273530433814429
-0.8718404706094773
-0.49072142752830317
1.0247562472876837
-3.411659423106314
-1.7942174484847673
-0.8438722608611045
5.062616992290714e-14
-5.856426454897701e-15
3.122502256758253e-16
2.4424906541753444e-15
3.552713678800501e-15
-8.396061623727746e-16
2.220446049250313e-16
-1.9984014443252818e-15
-4.440892098500626e-16
-11.558201980318476
11.660933614045573
-9.980215524274076
0.22722282446043263
0.1002931159343543
0.3872344871977244
-10.21861527937542
-6.580669726592667
-0.6663227164072624
-2.8199664825478976e-14
7.729927808952652e-15
-2.8796409701215e-16
-1.942890293094024e-15
-1.5543122344752192e-15
-1.3877787807814457e-16
-1.4432899320127035e-15
1.3322676295501878e-15
0.0
-5.321826693888715
4.982016937300614
-4.503155182536448
0.2753996560802179
0.21474859694907877
-2.124399536971554
-4.782949628782191
-3.0772959567790146
-0.23555104032136898
-6.217248937900877e-15
-3.0531133177191805e-15
-1.3877787807814457e-17
8.881784197001252e-16
-8.493206138382448e-15
1.3357370765021415e-16
-2.220446049250313e-16
3.552713678800501e-15
4.440892098500626e-16
7.634076640404033
-7.40052856957999
6.546115407115523
21.4968626649096
14.090704725892254
-1.7002932213705675
-14.966669413657783
-9.533223728519538
-0.5165626850860234
6.661338147750939e-15
-2.858824288409778e-15
1.1796119636642288e-16
-1.1102230246251565e-16
5.329070518200751e-15
-2.7755575615628914e-17
7.405187574249794e-14
2.220446049250313e-16
-4.440892098500626e-16
-10.10332627211372
-42.89595207213355
-9.611889966769624
-13.039856738447725
-4.957218445553913
-9.882525385880221
3.4501265769727993
2.157815298139518
0.060628479546700025
-1.1102230246251565e-15
-1.4224732503009818e-16
9.020562075079397e-17
-3.3306690738754696e-16
-4.884981308350689e-15
8.326672684688674e-17
-2.220446049250313e-16
1.6653345369377348e-15
-4.440892098500626e-16
-0.5824440409577534
-3.9355844263535573
0.5697739781837896
-0.8326756046558401
-0.24448245639151622
-1.156902558371252
1.4042242922636632
1.4089280985625194
-0.1088067151563621
6.661338147750939e-16
1.1102230246251565e-15
-7.546047120499111e-17
-1.4432899320127035e-15
4.274358644806853e-15
0.0
-2.942091015256665e-15
-1.5543122344752192e-15
0.0
31.949075184703403
-7.6187511050449075
27.53896760614046
-2.6579121160255568
-1.7862517447623532
0.002535723455533656
30.203755219609775
18.163369193684545
4.032007782961742
-1.1102230246251565e-14
2.220446049250313e-16
2.5118795932144167e-15
3.3306690738754696e-16
-4.218847493575595e-15
-1.1796119636642288e-16
2.3869795029440866e-15
4.440892098500626e-16
4.440892098500626e-16
29.969058064392556
-18.759146865323032
26.288943434023775
0.5438521466572581
0.3411459037341089
1.7553996997261727
25.741943055682853
16.170935108326553
2.990113500810992
-4.0190073491430667e-14
5.218048215738236e-15
-9.853229343548264e-16
-1.2878587085651816e-14
6.128431095930864e-14
3.469446951953614e-17
-2.90656387846866e-13
6.128431095930864e-14
4.440892098500626e-16
8.171952446260804
-28.775195030172213
8.49225359561673
0.07782975247713608
0.1000071324395524
2.2391909767267713
8.401101221993187
7.2336761151057285
-0.43523091771094613
1.687538997430238e-14
-1.0880185641326534e-14
-1.1726730697603216e-15
5.551115123125783e-15
-4.884981308350689e-15
1.8041124150158794e-16
6.661338147750939e-16
5.329070518200751e-15
2.6645352591003757e-15
-0.6789879035071172
0.7800216540179008
-0.46604957783087286
0.12258915250520364
0.09759750186937666
2.546122540413529
-0.6048447169435667
-0.4045883801253991
-0.053686790717363486
1.9539925233402755e-14
6.411537967210279e-15
1.6514567491299204e-15
0.0
5.773159728050814e-15
-4.85722573273506e-17
4.440892098500626e-16
-9.547918011776346e-15
-4.440892098500626e-16
3.8479638349694376
-5.156174825105893
4.087554079255998
-2.67050194409435
-1.5993428941542422
2.2907560390067587
6.748148478560354
4.418005517637489
0.5667031971136991
1.2656542480726785e-14
2.8033131371785203e-15
1.6653345369377348e-16
-6.661338147750939e-16
-2.6645352591003757e-15
1.1102230246251565e-16
-1.3322676295501878e-15
4.218847493575595e-15
-8.881784197001252e-16
-21.568844892491153
-46.74286325924993
-13.074674583667106
-4.137767826806332
-2.6408560160652073
2.0942594567661192
-8.940022227727894
-0.21604329954055856
-5.823908414182252
6.439293542825908e-15
-7.244205235679146e-15
2.498001805406602e-16
2.7200464103316335e-15
3.1086244689504383e-15
5.689893001203927e-16
1.1102230246251565e-16
-4.440892098500626e-15
1.7763568394002505e-15
-8.134985741040929
-59.05313837984814
-0.26040106524594364
-0.38922212625543295
-0.2268796118089327
-0.503292578874301
0.13613545464765764
5.991132104742235
-4.169080328651386
-4.218847493575595e-14
-6.245004513516506e-16
-7.355227538141662e-16
1.3322676295501878e-15
3.6637359812630166e-15
1.8096635301390052e-14
-2.0539125955565396e-15
4.440892098500626e-15
2.220446049250313e-16
28.64692185810449
-43.88218924128287
27.847961026277957
-7.271052687701897
-3.8214976480829037
-1.8435574346567165
35.10262057913437
23.75454671985048
4.608322063540397
2.731148640577885e-14
1.1150802503578916e-14
1.3877787807814457e-17
2.1094237467877974e-15
-2.4424906541753444e-15
-8.493206138382448e-14
-1.1102230246251565e-16
-1.609823385706477e-15
-1.5543122344752192e-15
16.355709739408837
-40.22280874876145
16.423855132973216
-15.617988058134642
-8.564922241384828
-5.080107397953796
32.07935787321597
21.603568401722576
3.814485164404487
4.707345624410664e-14
-6.245004513516506e-16
1.457167719820518e-16
-1.887379141862766e-15
1.199040866595169e-14
6.336597913048081e-14
1.2212453270876722e-15
6.5503158452884236e-15
4.440892098500626e-16
37.569241159322615
-45.20570768906424
34.30872195610927
-0.6489147266239286
-0.004568103315918393
-1.110875157338711
34.99116851459553
23.6100367787963
3.82246889818342
2.886579864025407e-15
-6.328271240363392e-15
-2.914335439641036e-16
2.55351295663786e-15
-7.105427357601002e-15
-1.1102230246251565e-16
-1.887379141862766e-15
-4.3298697960381105e-15
6.661338147750939e-16
12.244206800875999
-25.034510090066505
10.921795625713504
-4.940412971661814
-2.460984867218407
-2.6383933223796703
15.881654892263
10.688650024469815
1.5375586025294883
-5.218048215738236e-14
-1.5543122344752192e-15
2.2898349882893854e-16
9.992007221626409e-16
3.552713678800501e-15
6.938893903907228e-17
1.3322676295501878e-15
-5.329070518200751e-15
-4.440892098500626e-16
1.5909579490389518
-11.186361957533599
1.1415612713668688
-2.041594076800486
-0.8596298699611751
-1.6037552422222703
3.174620893896673
2.101260048146898
0.2382996897439078
1.0436096431476471e-14
7.258083023486961e-15
6.245004513516506e-17
-6.661338147750939e-16
7.771561172376096e-15
-1.1102230246251565e-16
-1.2212453270876722e-15
5.551115123125783e-15
1.3322676295501878e-15
1.229720569199209
-8.741064391068036
0.9401491036900939
0.13045438422823707
0.37575259565532626
-0.42133655817282545
0.7872728273041147
0.4927547822583733
0.03165995109592146
-2.398081733190338e-14
-2.0219936835985663e-14
-4.433953204596719e-15
1.1102230246251565e-15
-2.3359092438113294e-13
1.709743457922741e-14
5.218048215738236e-15
1.3322676295501878e-15
3.552713678800501e-14
-3.324209441188085
-7.574065326875598
-2.761646621455995
-2.979497238715311
-1.3258439974195202
-1.0573067759518722
0.19788861378434675
0.1079143137287204
-0.0009186731600090425
2.531308496145357e-14
1.5751289161869408e-14
-2.5326962749261384e-16
-2.6645352591003757e-15
-5.995204332975845e-15
1.1102230246251565e-15
-6.106226635438361e-16
-5.773159728050814e-15
-4.3520742565306136e-14
-3.045976899441328
-7.571298626905332
-2.3456416088321443
-2.606516508157423
-1.0846621676920476
-0.7258404757810482
0.2478101278125706
0.14234064609611252
0.012527960143791095
6.306066779870889e-14
-4.440892098500626e-16
3.7470027081099033e-16
-2.220446049250313e-16
6.661338147750939e-15
-5.551115123125783e-17
8.881784197001252e-16
7.549516567451064e-15
2.220446049250313e-16
1.2156685616794158
-9.130239990565897
1.3971546017325274
-0.924139849767549
-0.18782532109507866
-0.7857576336620582
2.3085880337868403
1.5085920926451664
0.12766862243534205
-8.126832540256146e-14
-4.385380947269368e-15
-2.498001805406602e-16
0.0
-5.995204332975845e-15
-1.1102230246251565e-16
2.220446049250313e-16
-1.021405182655144e-14
0.0
4.503692904372635
-13.333530462864424
4.023567254177896
-2.6604637543525627
-1.1738392831243631
-2.5856430668572656
6.680868624942883
4.400698978645135
0.29284807710688154
-2.2870594307278225e-14
2.275957200481571e-15
3.885780586188048e-16
0.0
-1.2212453270876722e-15
-2.220446049250313e-16
7.771561172376096e-16
-3.019806626980426e-14
2.220446049250313e-16
11.251520831053512
-17.200404140038984
9.45141565461646
-0.5391065123536762
-0.03329366340948248
-0.15885903321595407
9.978798496875669
6.562884674486567
0.316146016498577
7.993605777301127e-15
-1.2490009027033011e-15
-4.0245584642661925e-16
0.0
-2.192690473634684e-15
1.1102230246251565e-16
3.3306690738754696e-16
9.769962616701378e-15
0.0
9.911139460583941
-15.288390129393687
8.149736005975114
-0.34913472588694106
0.07432285421102947
2.124078154305387
8.495187897501708
5.565896302574785
0.1614427639870475
4.418687638008123e-14
9.298117831235686e-15
-3.566591466608315e-15
9.392486788328824e-14
-2.2370993946196904e-14
4.932165786897258e-14
-5.551115123125783e-16
-3.8191672047105385e-14
-6.328271240363392e-15
2.723366523035082
-10.544911922525387
2.036545267280875
-3.185328583062301
-1.4649047424567403
2.076117875394523
5.223539528747651
3.3906088603823865
-0.0044421752115104685
-1.3100631690576847e-14
3.552713678800501e-15
-5.551115123125783e-17
0.0
-4.274358644806853e-15
-2.220446049250313e-16
-1.2212453270876722e-15
-1.3322676295501878e-15
4.440892098500626e-16
-13.89267881908863
-4.242206580900941
-10.777813972815991
-9.25996875101526
-4.657353658162771
0.7798802916591967
-1.5257170970589653
-1.0461762702079547
-0.12170717952281962
-2.6645352591003757e-15
-1.609823385706477e-15
-8.326672684688674e-17
-3.3306690738754696e-16
5.551115123125783e-15
-3.3306690738754696e-16
-1.304512053934559e-15
1.887379141862766e-15
3.3306690738754696e-16
-27.265729481983556
-6.675905087122203
-23.120701087330474
-25.975772237557678
-14.427563780997609
-1.4684916060672712
2.8291070942540344
1.8096416239580915
-0.14023396784861397
-1.2656542480726785e-14
-8.548717289613705e-15
3.1225022567582528e-15
-1.1657341758564144e-14
-3.3306690738754696e-14
-3.3306690738754696e-16
6.328271240363392e-14
-3.2085445411667024e-14
-2.9976021664879227e-15
-30.329292261944516
13.900623412847267
-28.890069968605488
-17.901914608459432
-11.576044704598033
0.3498530145104397
-11.002075704812746
-6.118913109353219
-1.794130865030823
3.241851231905457e-14
5.342948306008566e-16
8.673617379884035e-17
-2.220446049250313e-16
9.547918011776346e-15
-5.48172618408671e-16
1.7763568394002505e-15
4.3298697960381105e-15
-1.6653345369377348e-16
-22.938407392301208
17.624655550660805
-23.291701269002154
-21.04654723114956
-13.673416018121607
-3.0542931727633174
-2.211510931181337
-1.0389060199732398
-0.5432407214188828
-3.197442310920451e-14
2.2551405187698492e-15
7.563394355258879e-16
6.661338147750939e-16
4.440892098500626e-15
-1.1657341758564144e-15
-1.5654144647214707e-14
-4.9960036108132044e-15
1.27675647831893e-14
-3.9202071927403073
7.2331212694278975
-5.363198925742452
-11.004900954518476
-7.1614884071650025
-4.677465029922575
5.66640818629601
3.5126348244574537
0.4874417407648508
-1.709743457922741e-14
2.248201624865942e-15
-7.632783294297951e-17
-4.440892098500626e-16
-7.66053886991358e-15
1.1518563880486e-15
8.881784197001252e-16
2.7200464103316335e-15
-3.885780586188048e-16
6.995303416918819
-3.5093743184767447
5.578255048219015
-1.055912480756632
-0.6696406959815491
-4.973053836755975
6.658169398642279
4.0963113511103675
0.5829731080974767
-6.017408793468348e-14
-9.006684287271582e-15
2.7755575615628914e-17
-2.220446049250313e-16
-2.220446049250313e-15
-8.881784197001252e-16
-4.440892098500626e-16
-2.886579864025407e-15
5.828670879282072e-16
5.838138095202215
-3.068215743518998
4.484904835408931
-2.4416553105916208
-1.6013850017368405
-4.818345628394001
6.943390953723653
4.315805606209137
0.544302820161505
7.682743330406083e-14
8.201772594418344e-15
4.163336342344337e-17
4.440892098500626e-16
4.6629367034256575e-15
1.3877787807814457e-14
8.881784197001252e-16
3.0531133177191805e-15
-4.440892098500626e-16
8.008651739905643
-6.344091289597387
6.689607942311499
-0.6549386245188948
-0.4358327185342077
-3.0278354697749807
7.353948844615952
4.644022812695363
0.48666198754590795
-5.240252676230739e-14
1.0581813203458523e-15
4.163336342344337e-16
-2.886579864025407e-15
6.439293542825908e-15
-2.7755575615628914e-15
-1.9984014443252818e-15
-8.604228440844963e-16
1.8762769116165146e-14
7.685282745908015
-8.538223174732387
6.649137539681242
-0.25327191158895346
-0.17840040013536296
-3.1650856010853876
6.909668300443265
4.512108182059762
0.2615364546720329
2.6201263381153694e-14
-3.2231162183649076e-15
-1.0685896612017132e-15
-1.1102230246251565e-15
5.551115123125783e-15
1.1102230246251565e-16
-1.5543122344752192e-15
4.1494585545365226e-15
-9.992007221626409e-16
5.7162781523229675
-11.051025874644921
5.287537519092576
0.158341197494412
0.08777181222130181
-2.9167172410359044
5.1390411549979405
3.6542538039570864
-0.21247867596530057
6.727951529228449e-14
1.915134717478395e-15
5.551115123125783e-17
0.0
-6.349087922075114e-15
4.440892098500626e-16
1.1102230246251565e-15
-6.467049118441537e-15
1.1102230246251565e-16
3.4487108052160025
-15.462805819888683
3.861876458930095
2.077849915618195
1.3681812045667243
-1.6657291396254656
1.798833168858657
1.9343801136420624
-0.973951984383021
-4.218847493575595e-14
-4.427014310692812e-15
-1.3877787807814457e-16
-2.220446049250313e-16
-6.661338147750939e-16
-2.220446049250313e-16
-2.220446049250313e-16
-6.716849298982197e-15
2.220446049250313e-16
1.9471580103113835
-21.917073070082665
3.147598220848195
5.566525181804977
3.7265290842746306
-0.5546354371444195
-2.404551422797539
-0.2662075981046996
-1.8914365524495338
2.3314683517128287e-14
3.927413949611491e-15
-5.551115123125783e-17
1.9984014443252818e-15
1.5543122344752192e-15
1.1102230246251565e-16
-4.440892098500626e-16
1.0436096431476471e-14
4.440892098500626e-16
-0.7095960007097659
-26.848513245855003
0.9714431219655353
7.394901338930666
5.048659434189652
-0.10703664557451553
-6.421536326764966
-2.390782487440351
-2.7754278715968184
3.774758283725532e-15
-2.9837243786801082e-15
2.498001805406602e-16
-2.220446049250313e-15
8.881784197001252e-16
4.85722573273506e-17
-1.1102230246251565e-16
-4.3298697960381105e-15
-4.440892098500626e-16
-47.924171320622335
-18.17368075164116
-38.82533213329647
-0.9536498401757072
-0.5019128205616461
-1.2057503234117322
-37.88083073449884
-20.113534022934978
-8.851752130413878
6.661338147750939e-16
-9.366118991493977e-14
4.843625500683402e-13
6.459277557269161e-13
0.0
-1.582067810090848e-14
-1.9462209621678994e-13
-4.978240042419202e-13
5.426770144367765e-13
-1.1474893018257717
0.46934015931265094
-1.0552573914923187
-0.42854770726506075
-0.25552322839985386
-1.6428339806995704
-0.6390968036287781
-0.4322971733798049
-0.1159710924251307
-5.129230373768223e-14
2.3869795029440866e-15
4.440892098500626e-16
1.6042722705833512e-14
-1.7763568394002505e-15
4.343747583845925e-15
-5.3013149425851225e-15
6.772360450213455e-15
0.0
12.879512761653018
-13.86126528734576
8.326552144857331
8.866401616506664
5.846246593766834
-0.009654796051531633
-0.5761494521074084
-0.37828929400250644
-0.08173940916211597
3.2862601528904634e-14
5.134781488891349e-16
1.0408340855860843e-16
8.881784197001252e-16
-6.38378239159465e-15
5.551115123125783e-17
0.0
-5.384581669432009e-15
-1.3322676295501878e-15
-15.849810777139707
-11.7238098391353
-14.997648539488793
-11.920597053191115
-6.09892061425024
-1.6424141634424243
-3.028441055211417
-1.8996897817148621
-0.24608929742866614
3.064215547965432e-14
-3.039235529911366e-15
-5.551115123125783e-17
-2.4424906541753444e-15
-9.880984919163893e-15
1.1102230246251565e-16
-2.220446049250313e-16
2.9976021664879227e-15
-4.440892098500626e-16
30.690247398350444
-49.38344156543866
28.78864432394606
-3.1069341408131095
-0.8485544902057285
2.693761623990568
31.908906539697554
20.282833111863518
2.6060587404393587
-2.4646951146678475e-14
-1.2212453270876722e-15
-5.551115123125783e-17
1.3322676295501878e-15
2.7755575615628914e-16
0.0
2.220446049250313e-16
1.6187051699034782e-13
-3.9968028886505635e-15
24.661356263714094
-46.539437365804076
22.734976326744103
-6.419636112283484
-2.792957803005329
-1.1917186669343778
29.179344188723398
18.575912654032805
2.0537021928500394
3.3306690738754696e-14
1.6375789613221059e-15
-5.551115123125783e-17
1.1102230246251565e-16
-4.440892098500626e-15
2.220446049250313e-16
-4.163336342344337e-16
3.774758283725532e-15
-2.220446049250313e-16
21.140959745397936
-52.197546825087045
19.961464100927653
-19.18112385089271
-10.873586704112668
0.27355299005085953
39.08275691131719
24.662231844031286
2.360795959840633
-6.106226635438361e-14
5.828670879282072e-16
0.0
-3.3306690738754696e-15
6.439293542825908e-15
-2.7755575615628914e-17
7.771561172376096e-16
-1.2878587085651816e-14
8.881784197001252e-16
-135.8063579632451
-17.324428284008746
-111.16809367756224
-16.840076154539112
-10.829565311889102
0.0010533775923420308
-94.27545611277148
-51.08753053324794
-19.93668225707229
3.708144902248023e-14
9.399425682232732e-14
-2.0153323454508154e-13
-7.668310431085956e-13
5.03819208574896e-13
-1.942890293094024e-16
4.177491685908308e-13
7.098766019453251e-13
-4.969358258222201e-13
-11.123610984490455
10.796417819206056
-8.563678401285955
-6.990528351871582
-4.529260388435009
0.11485375861074054
-1.5802315739130854
-1.0053851872098862
-0.08107603128161678
-3.8191672047105385e-14
3.635980405647388e-15
-2.7755575615628914e-17
3.9968028886505635e-15
-4.1217029789208937e-14
3.58046925441613e-15
1.8818280267396403e-14
2.6645352591003757e-15
3.608224830031759e-16
20.009493970714075
-5.62301213182846
17.141848661441998
15.243582756229282
9.245571129805615
-0.31957426361949715
1.8776314132908565
1.1973814334612456
0.15308864972969152
5.3512749786932545e-14
3.809452753245068e-15
1.734723475976807e-16
1.7763568394002505e-15
1.1102230246251565e-15
0.0
5.551115123125783e-16
2.886579864025407e-15
1.6653345369377348e-16
10.754377420915041
-16.30387288412311
9.876848042781461
-0.15329735827953073
0.22591531729274553
-3.2444114707427048
10.003484771074099
6.43433627756994
0.8078786760288725
-6.350475700855895e-14
-2.8553548414578245e-15
-1.5265566588595902e-16
-1.1102230246251565e-16
-3.9968028886505635e-15
0.0
-5.551115123125783e-16
-3.1086244689504383e-15
0.0
16.905293483381733
-11.224342292997989
14.881317636988049
6.858233527309281
3.9757603708126723
-2.9047707739971713
8.021875453500371
5.178668676702671
0.6388594860902881
3.064215547965432e-14
-2.185751579730777e-16
1.5265566588595902e-16
0.0
-1.7763568394002505e-15
0.0
4.440892098500626e-16
4.218847493575595e-15
-1.1102230246251565e-16
6.409393920611187
-12.79620448374412
5.743435316090231
0.08679042642661727
0.35229250093819076
-2.216157924284232
5.6482226378054605
3.6803255255969276
0.4531061415558959
2.731148640577885e-14
-1.2420620087993939e-15
-1.3877787807814457e-16
2.4424906541753444e-15
1.4432899320127035e-15
-4.163336342344337e-17
0.0
-9.992007221626409e-16
-1.1102230246251565e-16
5.8238086286071695
-13.970293552428203
5.200453831252755
-0.3663914276366427
0.24857837768648494
-1.4309723374848886
5.576978016418111
3.6633559347278317
0.4445838775579123
-5.551115123125783e-15
5.214578768786282e-15
1.249000902703301e-16
-1.3322676295501878e-15
-3.0531133177191805e-15
0.0
-2.220446049250313e-16
-6.217248937900877e-15
4.440892098500626e-16
5.039650610454005
-18.89045107979421
4.849656092265528
-3.8765482362322103
-1.639251680944561
0.06432315469886163
8.726155656320884
5.75941105983469
0.6916346878555082
-6.461498003318411e-14
-2.046106339914644e-15
-1.2663481374630692e-15
-3.68594044175552e-14
6.922240558537851e-14
3.9114544936325046e-14
3.3084646133829665e-14
3.1308289294429414e-14
-2.4147350785597155e-14
10.17268083044285
-27.241379283952277
9.41949200662172
-4.532654861441941
-1.8709950281839414
-0.14990071140579175
13.943686117267262
9.258897979666536
1.0532868867023337
6.772360450213455e-14
2.536165721878092e-15
-2.8275992658421956e-16
-6.661338147750939e-16
5.995204332975845e-15
-1.3877787807814457e-17
-1.7763568394002505e-15
-4.9960036108132044e-15
2.220446049250313e-16
7.455841946895006
-34.029700084422515
6.894517167422958
-10.211317568855065
-4.962170169385871
-0.8538087775133079
17.09388276088592
11.429834856092064
1.1405114664081957
-2.90878432451791e-14
-7.771561172376096e-16
-3.122502256758253e-17
4.440892098500626e-16
-2.9976021664879227e-15
-2.7755575615628914e-17
1.5543122344752192e-15
8.881784197001252e-16
-2.220446049250313e-16
5.84270942848115
-34.72833624519647
5.353877202058121
-9.674379983330226
-4.474254723548782
-0.8900502108266366
15.033632084730572
9.994291980561059
0.710498309435005
8.659739592076221e-15
6.786238238021269e-15
-4.7531423241764514e-15
-7.216449660063518e-15
-1.3644640972643174e-13
3.1363800445660672e-15
3.2029934260435766e-14
1.8512968935624485e-13
-7.926992395823618e-14
-60.764264999618895
-43.589501315567986
-51.85154221727893
-75.77471704534803
-42.21411524017793
-13.188774154832997
23.916338595972732
15.916685291434128
1.0054978957831553
-9.547918011776346e-15
2.983724378680108e-16
3.138114768042044e-15
2.248201624865942e-14
-9.325873406851315e-15
1.2802259252708836e-14
-1.1102230246251565e-15
-1.2906342661267445e-14
-5.595524044110789e-14
8.034766703017688
-38.557802635424196
5.663002603139499
-2.710405013208117
-1.7038427199597306
0.41345797928690337
8.38655673890149
7.803589730238663
-2.3648472904683047
8.215650382226158e-15
-8.854028621385623e-15
-1.0408340855860843e-16
4.440892098500626e-16
9.159339953157541e-15
-1.1102230246251565e-16
-5.551115123125783e-16
-8.326672684688674e-17
-4.440892098500626e-16
-0.4160285398990453
-34.45554654525699
-1.112089577097791
-4.545368544704317
-2.9140830593952103
-0.7155759347267896
3.45626680750901
4.8690125818825045
-3.0346148293297404
2.220446049250313e-14
3.552713678800501e-15
-1.3877787807814457e-17
2.220446049250313e-16
-1.1102230246251565e-15
2.7755575615628914e-17
1.4432899320127035e-15
3.469446951953614e-15
-8.881784197001252e-16
-10.209837191802876
-41.139214871157776
-8.301907797823759
-1.9147638421495967
-1.2271112979500955
-1.9298257440688709
-6.381740616042876
-0.2422095082610909
-4.836015891854203
-5.972999872483342e-14
4.218847493575595e-15
-2.6922908347160046e-15
-9.370282327836321e-14
1.6298074001497298e-13
2.78388423424758e-14
-1.0524914273446484e-13
-1.1879386363489175e-14
5.81756864903582e-14
-22.6742291221679
-52.08677094701383
-17.905525698929566
3.5979581895490615
2.284808388376671
-1.4857036211188825
-21.520076790652418
-8.13912276268226
-7.451017084116685
8.393286066166183e-14
6.966649479522857e-15
8.326672684688674e-17
8.881784197001252e-16
-8.43769498715119e-15
-4.163336342344337e-17
-6.716849298982197e-15
4.8183679268731794e-14
0.0
14.668688586762098
-15.319749467043096
13.106947789171862
2.120779926263072
1.3778365412326936
-0.9833985114180528
10.96912255659284
7.489100628596691
1.1838562212726664
-4.3076653355456074e-14
-4.218847493575595e-15
9.540979117872439e-18
-6.106226635438361e-15
8.881784197001252e-15
1.0581813203458523e-15
1.4016565685892601e-15
-4.440892098500626e-15
-4.440892098500626e-16
19.968649487976762
-20.17260717895408
16.149323980776543
11.694749160713585
7.259753511991022
-1.1823436010382369
4.440964334368104
2.9825773025590543
0.44004104725063664
-7.105427357601002e-15
-3.885780586188048e-15
-1.1188966420050406e-16
1.7763568394002505e-15
-3.774758283725532e-15
-1.3877787807814457e-17
-1.3322676295501878e-15
6.938893903907228e-15
-2.220446049250313e-16
16.007300991190164
-40.28159638119334
13.233975663305358
-3.8224365869278643
-1.436834592726031
-2.5594928589380217
17.027967954016944
11.538293214657607
1.6383672924351012
2.220446049250313e-16
-9.783840404509192e-16
-6.591949208711867e-17
-2.1094237467877974e-15
1.0769163338864018e-14
-8.673617379884035e-17
-6.661338147750939e-16
0.0
1.1102230246251565e-15
15.374898558322979
-43.730224195316794
12.84275153651388
-6.450008968461049
-2.7040715167770877
-2.3055695321828438
19.30045140219046
13.088148338443382
1.6972358495562627
1.4654943925052066e-14
1.9758500391375833e-15
-6.562458909620261e-14
1.3034018309099338e-13
-3.368416656712725e-13
-1.2760625889285393e-13
-1.4271916981556387e-13
-3.530509218307998e-14
-4.418687638008123e-14
6.957295198592227
-33.83000770161203
5.6021394433660525
-6.688499110746221
-2.776889145562045
-2.1295470686627453
12.309936248813072
8.303893495782837
0.9293615402995581
-6.661338147750939e-16
-7.16093850883226e-15
-2.0816681711721685e-17
4.9960036108132044e-15
8.215650382226158e-15
8.01581023779363e-14
4.440892098500626e-16
5.773159728050814e-15
9.9253938401489e-14
1.3669343133062561
-26.869007704008723
1.164810422220567
-5.2783662138794085
-1.9991330195366928
-1.9470193836314706
6.454358243441554
4.3286415241857625
0.4070620400321383
6.661338147750939e-15
2.413867716821727e-15
-1.6653345369377348e-16
-3.3306690738754696e-16
5.329070518200751e-15
-1.1102230246251565e-16
-4.440892098500626e-16
0.0
1.1102230246251565e-15
2.7124511805813434
-26.150789033561125
2.6909285774399763
-3.3896839564276107
-0.9863877660170157
-2.4335194384810706
6.071342765413427
4.050814063661782
0.3161720964437231
-1.5987211554602254e-14
-3.073929999430902e-15
9.627715291671279e-17
3.3306690738754696e-16
-5.551115123125783e-16
0.0
1.0547118733938987e-15
-3.552713678800501e-15
-8.881784197001252e-16
0.6161041520017854
-27.424617688288038
1.0051144942918915
-6.4321472024722794
-2.6121803690897933
-4.652493495196893
7.431756683154397
4.939391599695007
0.30925504665708603
-2.9531932455029164e-14
4.385380947269368e-15
4.5102810375396984e-17
0.0
-2.886579864025407e-15
-1.1102230246251565e-16
-3.3306690738754696e-16
-3.552713678800501e-15
3.3306690738754696e-16
4.506035211368367
-28.763048849522875
4.514469437069721
-3.330895094688522
-0.8357151830243151
-1.9991741271195167
7.824108405782461
5.176023127111073
0.22812891058342366
5.3512749786932545e-14
1.5792922525292852e-14
1.1872447469585268e-14
-1.0147438445073931e-13
2.886579864025407e-15
-6.916689443414725e-14
-6.0285110237146e-14
-1.0658141036401503e-14
-7.663314427475143e-14
3.4027898166512074
-28.825676630583356
3.730798235180566
-3.3355476774853656
-0.7091676234583497
0.09133671782192465
7.053829968372106
4.646631357303587
0.10607040728647554
-4.440892098500626e-14
4.6351811278100286e-15
-1.8041124150158794e-16
2.220446049250313e-16
3.497202527569243e-15
-8.326672684688674e-17
2.220446049250313e-15
-1.9984014443252818e-15
-2.0816681711721685e-16
-5.0792386236674005
-24.126091277936624
-3.0862702122826096
-6.399690223896702
-2.1559470577903603
0.0602959427303702
3.326621900515
2.177538383627006
-0.035601661134915474
4.107825191113079e-14
-5.9674487573602164e-15
1.8041124150158794e-16
2.220446049250313e-16
6.106226635438361e-16
2.7755575615628914e-16
-7.327471962526033e-15
4.6629367034256575e-15
2.220446049250313e-16
-11.201934115981004
-21.555368342091807
-6.431361780741494
-5.677464543121729
-1.544730427929828
-0.23412023252495118
-0.755388761731357
-0.516550549593255
-0.05980255232460289
-3.8413716652030416e-14
1.584843367652411e-14
2.3710200469651e-14
2.708944180085382e-14
-5.555556015224283e-13
7.693845560652335e-14
-1.1746159600534156e-13
-4.1522341120980855e-14
9.30904658913434e-14
-2.947663927107868
-19.230713382148863
1.0920206019132834
1.5705884408164221
2.0755581895461788
2.8765907731114524
-0.5330894256278249
-0.3315248773255756
0.004742823240480698
1.5543122344752192e-15
-6.439293542825908e-15
2.7755575615628914e-16
-3.608224830031759e-16
1.3322676295501878e-15
6.38378239159465e-16
-9.769962616701378e-15
2.220446049250313e-15
2.220446049250313e-16
-8.604987862410667
-12.283448970701045
-9.534145630865197
-1.2876632315752943
-0.858384145602237
1.8327526754746428
-8.232123987450464
-4.065414281707195
-2.45863237308906
-3.6637359812630166e-14
-1.219684075959293e-14
-2.6482288584261937e-14
-2.0272672429655358e-13
4.1233683134578314e-13
-1.777744618181032e-14
8.193445921733655e-14
2.5757174171303632e-14
-5.5289106626332796e-14
1.7033409689694494
-8.27307397759273
-0.7004506808641651
-3.696713194784472
-2.4355483724939013
-0.005616471473205209
3.02493052021147
2.375338646153409
-0.7370054122979042
4.729550084903167e-14
-4.253541963095131e-15
0.0
4.440892098500626e-16
9.992007221626409e-16
1.8735013540549517e-15
-1.4432899320127035e-15
-2.4424906541753444e-15
6.661338147750939e-16
1.9333481239471055
-5.758248007727644
-0.14573116844373146
-4.88462002782677
-3.211636999947206
-4.0675602974158185
4.76268229278142
3.2832113516229384
-0.4228666214981587
-2.2648549702353193e-14
-1.6237011735142914e-15
3.3306690738754696e-16
-4.440892098500626e-16
7.771561172376096e-15
-8.326672684688674e-16
1.1102230246251565e-15
-6.661338147750939e-16
-3.3306690738754696e-16
-9.872182975982568
2.164211292955656
-11.17749226440342
-13.717219314609542
-8.895148850926237
-6.003002263937754
2.562286672165498
2.019828411557981
-0.7030158323984637
1.4876988529977098e-14
-6.522560269672795e-16
-3.608224830031759e-16
2.220446049250313e-16
-9.325873406851315e-15
1.6653345369377348e-16
-1.1102230246251565e-15
-3.4416913763379853e-15
0.0
-7.722016960120967
-3.903799605079456
-8.224214322370003
-8.423611619291307
-5.413681434498496
-5.935291385494853
0.20818802317760543
0.7107400691887964
-1.0130619645986485
-2.2870594307278225e-14
4.4297898682543746e-14
1.6653345369377348e-16
-6.661338147750939e-16
-3.774758283725532e-15
-5.551115123125783e-16
-1.3322676295501878e-15
7.771561172376096e-16
-5.995204332975845e-15
-2.6753297762102335
-10.079524546401558
-2.858281299186288
-0.7671640066144444
-0.48685979242289346
-3.6532442412854724
-2.0870205399690605
-0.5833626299100665
-1.3304460135854157
5.706546346573305e-14
1.6930901125533637e-15
1.1102230246251565e-16
2.220446049250313e-16
4.6629367034256575e-15
-5.551115123125783e-16
-1.2490009027033011e-15
-1.3322676295501878e-15
-4.440892098500626e-16
-6.406907958985246
-8.48623934791209
-6.241719513173024
-0.24627123434586906
-0.11390981056357496
-2.7545843505033174
-5.959901249310192
-2.7703915486034987
-1.8201993308941695
-4.263256414560601e-14
5.1486592766991635e-15
-7.771561172376096e-16
1.9984014443252818e-15
3.9968028886505635e-15
8.881784197001252e-16
2.275957200481571e-15
1.7763568394002505e-15
0.0
-8.83663808753716
-0.8098919646304239
-5.788250092271549
-0.40637977223164157
-0.09542460756404658
-3.264671543448555
-5.432093854199842
-3.4730348688778
-0.20943755916648055
3.47499806707674e-14
-1.765254609153999e-14
-4.28129753871076e-15
1.84297022087776e-14
2.531308496145357e-14
3.6637359812630166e-15
-3.8968828164342995e-14
2.1760371282653068e-13
2.1049828546892968e-13
2.353314249476533
-5.032562913216225
1.670569570440854
-0.941603916759778
-0.5026590340577837
-2.4242308319556733
2.581825629062525
1.6528870345570539
-0.0467662525287571
-2.55351295663786e-14
-6.855627177060342e-15
-3.0531133177191805e-16
-2.220446049250313e-15
2.6645352591003757e-15
-3.885780586188048e-15
-6.727951529228449e-14
-1.5265566588595902e-14
-5.329070518200751e-15
11.716667127276764
-42.36735000694014
6.686272688534857
-0.7489100274861524
-0.6634578021533866
-1.4481475729638855
7.4918424696110835
6.710835810473874
-3.762451605032254
2.930988785010413e-14
-7.056855100273651e-15
-1.1102230246251565e-16
1.887379141862766e-15
1.3322676295501878e-15
0.0
6.661338147750939e-16
2.886579864025407e-15
-5.551115123125783e-17
12.530089761190803
-42.012739260157076
8.91224910518066
-0.8034799941470361
-0.572005701734013
-0.5663021361797962
9.738085632645447
7.846218953899012
-2.7431761806276995
-5.784261958297066e-14
6.071532165918825e-15
-1.3877787807814457e-16
8.881784197001252e-16
-6.661338147750939e-16
5.551115123125783e-17
-2.298161660974074e-13
-3.7214675785435247e-13
-1.3337247972700084e-13
13.131020670440883
-42.17800032847225
10.14389311476922
-0.7557649156430983
-0.4657709478897729
-1.6187622009190645
10.904388189626687
8.547685054946438
-2.405142872670865
1.3766765505351941e-14
-2.7269853042355408e-15
2.525757381022231e-15
7.993605777301127e-15
-8.493206138382448e-15
3.4763858458575214e-15
2.5091040356528538e-14
1.9040324872321435e-14
-5.551115123125783e-16
10.648587401580109
-44.32747552194337
8.621696400354178
-1.1754679528351595
-0.7107405543780678
-0.5814087222883023
9.792886919871862
8.121291228711508
-2.8273530523646073
5.595524044110789e-14
-2.42861286636753e-15
5.273559366969494e-16
-1.4432899320127035e-14
1.1102230246251565e-15
1.5432100042289676e-14
4.440892098500626e-16
4.440892098500626e-16
-5.551115123125783e-16
9.695683832589324
-51.15981629960608
8.400570359437236
0.4129628822330176
0.45430303125833177
-2.546966043204793
7.973277659200386
7.3970498010313275
-3.554289746754094
-7.283063041541027e-14
8.597289546941056e-15
-3.885780586188048e-16
-1.7763568394002505e-15
-1.609823385706477e-15
1.3877787807814457e-17
-1.1102230246251565e-16
-8.409939411535561e-15
1.1102230246251565e-16
10.80574780228778
-61.44367689607313
9.893176259419624
4.175859285922307
3.1477193291957404
2.075860511151321
5.691768733468127
6.458714998732011
-4.422616917949959
4.8627768478581856e-14
-9.124645483638005e-15
1.1518563880486e-15
1.1102230246251565e-15
-4.440892098500626e-16
4.163336342344337e-17
-1.1102230246251565e-16
4.191091917959966e-15
6.661338147750939e-16
18.564286071279074
-75.13774374022762
16.70476065453135
12.87789176650365
9.302800481683567
0.46097574692027243
3.782075084107861
5.739205728574586
-5.186533160305409
2.930988785010413e-14
-3.760880495917718e-15
8.049116928532385e-15
1.4432899320127035e-14
1.0519363158323358e-14
2.9781732635569824e-14
3.963496197911809e-14
-9.482414853323462e-13
3.228528555609955e-13
55.66198852691645
-109.35997515491539
49.23231533357648
42.68785259164464
30.125484764217404
7.231219616797011
6.492278942715517
7.721644192235527
-5.080401026150113
1.9206858326015208e-14
4.468647674116255e-15
-8.396061623727746e-16
-6.661338147750939e-16
-7.771561172376096e-15
-5.551115123125783e-17
8.659739592076221e-15
-3.9968028886505635e-15
-3.26405569239796e-14
62.09522489363923
-126.84094247968474
45.10296015836678
47.61309847142458
36.742215814404986
2.0545321608088614
-2.4598437340793993
3.023764179128886
-6.796820751371371
-2.220446049250313e-15
-5.689893001203927e-15
5.967448757360216e-16
6.494804694057166e-15
6.106226635438361e-15
-5.551115123125783e-17
-1.1102230246251565e-16
2.6749435999562365e-15
6.661338147750939e-16
-3.949190705964739
-100.58873526054876
-13.320486647628613
18.23958048352579
18.83937410751838
3.7042404647612712
-31.30715372047474
-13.233220221141565
-11.24232070520723
3.47499806707674e-14
4.121702978920894e-15
-5.342948306008566e-16
-3.941291737419306e-15
2.220446049250313e-15
4.996003610813204e-16
4.996003610813204e-16
0.0
-2.220446049250313e-15
-180.3683587289642
9.744679168162492
-165.99450560800494
-104.02081789473446
-62.99171268888081
-8.182796523402251
-61.57283411857257
-29.93620863511086
-17.42791284382537
-4.440892098500626e-15
-5.218048215738236e-15
1.0269562977782698e-15
-8.049116928532385e-16
-3.9968028886505635e-15
1.5265566588595902e-16
6.661338147750939e-16
-2.1649348980190553e-15
4.440892098500626e-16
100.62495812217512
-154.21883524664332
79.77380694015363
36.16436767544893
32.61679505245023
-3.8082664523863143
43.50483834886754
27.704067470531953
3.721982439162068
-8.881784197001252e-15
4.3298697960381105e-15
-2.7755575615628914e-17
2.1094237467877974e-15
3.774758283725532e-15
-2.498001805406602e-16
-9.71445146547012e-16
-1.887379141862766e-15
0.0
-93.7777639658452
-71.4746087397983
-84.85030583558861
-39.136878945636795
-21.419739272327604
-6.077286182031749
-45.68644136094153
-17.539917434168785
-19.524581404638145
-3.064215547965432e-14
3.4139358007223564e-15
8.326672684688674e-16
5.329070518200751e-15
-8.326672684688674e-15
0.0
-6.661338147750939e-16
1.9984014443252818e-15
1.7763568394002505e-15
169.84453832642745
-163.99344164054713
115.45340900975742
71.93971960663545
56.59413962359416
-2.9549416855972055
43.42969446120366
27.943337656977153
3.5450972849224636
-3.341771304121721e-14
-1.27675647831893e-15
-1.0269562977782698e-15
-2.220446049250313e-15
4.440892098500626e-15
1.1102230246251565e-16
3.122502256758253e-16
-1.5543122344752192e-15
-8.881784197001252e-16
-25.345241662477957
-366.86821785751386
-95.245658265203
-143.97136954881867
-53.89674762167144
-51.37762689740529
48.64249384770363
31.086097835653693
3.940095761834168
-1.3322676295501878e-15
-9.534040223968532e-14
9.020562075079397e-17
3.68594044175552e-14
7.098766019453251e-13
7.992773110032658e-13
8.914535776227694e-13
-5.551115123125783e-16
4.4630965589931293e-13
74.11821198577928
-311.64044987399393
5.078899527873304
-22.09291150604148
17.36543718010414
-17.26166550708715
27.25299623632194
30.762306183376936
-12.616026063277943
6.294964549624638e-14
7.396860901565105e-14
-2.7755575615628914e-16
2.220446049250313e-15
6.994405055138486e-15
6.043672506894637e-13
-5.134781488891349e-16
4.440892098500626e-15
-1.4876988529977098e-14
-259.3946879492247
-187.7400435475995
-258.31412390626815
-260.0837703036054
-128.16746545074463
-41.12170886227886
1.7245737931959653
14.960435589525822
-14.117008340100323
-3.219646771412954e-15
-7.008282842946301e-15
6.661338147750939e-16
7.993605777301127e-15
-5.773159728050814e-15
-2.142730437526552e-13
1.1449174941446927e-14
-1.056932319443149e-13
4.218847493575595e-15
-114.40605230915008
-137.5082316847831
-131.5263267468166
-141.20167833932132
-59.22504975664839
-14.647484082578465
9.615620830259328
18.738029793744715
-11.3672438447174
-1.5654144647214707e-14
3.9343528435153985e-15
5.995204332975845e-15
-6.17284001691587e-14
6.041833700010102e-13
-1.8809953594711715e-13
-8.326672684688674e-16
9.103828801926284e-15
-8.881784197001252e-16
361.0522650519321
-77.35651658950012
264.40458616051205
246.66970730437762
167.48726863865573
56.897387411362104
17.698808392185
23.59002179020056
-8.941240506707247
-4.96269692007445e-14
4.461708780212348e-15
2.220446049250313e-16
-1.27675647831893e-15
3.774758283725532e-15
-7.979727989493313e-17
1.6653345369377348e-16
-6.966649479522857e-15
-4.440892098500626e-16
68.71672644239408
47.78201316129598
18.228001774073192
2.421092440781333
15.064328490344908
28.889283401027274
15.807851155861535
23.177939841778482
-8.68886445408849
3.3306690738754696e-15
-4.440892098500626e-15
5.551115123125783e-17
-4.996003610813204e-16
-5.031530747601209e-13
1.3183898417423734e-16
3.3306690738754696e-16
9.700573677662305e-15
4.440892098500626e-16
409.0697838954835
117.59265296079208
307.8757568568696
297.99263591181125
186.27468736969251
86.36010160314996
9.856777618997768
20.438268660424264
-9.49927299804061
4.574118861455645e-14
6.954159470495824e-14
3.6637359812630166e-15
1.1102230246251565e-15
-7.105427357601002e-15
2.0816681711721685e-17
7.932543510946743e-14
8.136546991721616e-14
-2.398081733190338e-14
455.9363872820437
167.0836624025393
347.2765355772143
340.34477926251003
206.3204956049214
99.47001689290555
6.903428947412606
18.99015918688135
-9.037448454299112
2.7422508708241367e-14
-6.772360450213455e-15
3.0531133177191805e-16
2.4424906541753444e-15
3.552713678800501e-15
-2.7755575615628914e-17
-1.7208456881689926e-15
-5.412337245047638e-16
2.6645352591003757e-15
455.7982363594119
195.73280301257444
347.67139981566095
345.59617626349996
206.20861230410952
103.27392860183531
2.065713208067873
16.155734831231634
-8.750215569241572
-6.505906924303417e-14
2.7200464103316335e-15
-8.326672684688674e-17
-4.9960036108132044e-15
-2.220446049250313e-15
-6.938893903907228e-17
1.27675647831893e-15
-1.4988010832439613e-15
-4.218847493575595e-15
523.2704235757963
273.83714699301316
396.4328376452329
391.9297925527243
227.15278465997284
119.3323654117755
4.532555610576182
17.239112495546813
-7.04168393537054
