0.0
1.1102230246251565e-15
-5.551115123125783e-17
-4.440892098500626e-16
8.881784197001252e-16
0.0
0.0
4.440892098500626e-16
0.0
-9.20868916409745e-05
8.878037766635316e-05
-9.079964792135797e-05
-1.88410173684872e-06
-1.1911275041853742e-06
-3.2670782790233943e-07
-8.925987298358251e-05
-5.5686162223622666e-05
-1.3287593500166395e-05
6.661338147750939e-16
-2.581268532253489e-15
0.0
8.881784197001252e-16
-6.938893903907228e-16
0.0
2.220446049250313e-16
0.0
-4.440892098500626e-16
3.75083699282186e-05
-3.953828596081621e-05
3.002888684022764e-05
-3.930037014043819e-06
-2.6232104204382267e-06
-7.475660299682829e-07
3.419249126501711e-05
1.842106827254497e-05
-2.3121768997214076e-06
-2.220446049250313e-16
-6.938893903907228e-17
0.0
-2.220446049250313e-16
6.661338147750939e-16
0.0
-1.1102230246251565e-16
0.0
8.881784197001252e-16
-1.002767223212686e-05
-5.507714649866103e-05
-7.99257574612966e-06
1.0065338376108457e-06
5.296928424769476e-07
2.713084010785849e-07
-8.981137073149625e-06
-4.528944465675977e-06
-8.771091543735565e-06
-2.220446049250313e-16
2.2343238370581275e-15
0.0
2.220446049250313e-16
-4.440892098500626e-16
4.440892098500626e-16
0.0
8.881784197001252e-16
4.440892098500626e-16
-1.580219789687476e-05
-3.2372611968867204e-05
-5.446532117758807e-06
2.047672653837651e-05
1.2111557090577207e-05
5.0907313156045575e-06
-2.5695430281302833e-05
-1.2889949395855638e-05
-1.0944674095014761e-05
0.0
1.5265566588595902e-15
0.0
-6.661338147750939e-16
-4.440892098500626e-16
-1.5265566588595902e-16
-4.163336342344337e-17
8.881784197001252e-16
0.0
-2.7259718535788124e-06
-5.9971320638396726e-05
-5.680161336840683e-07
-4.784354819209469e-06
-2.823872755186585e-06
-8.827808386513424e-07
5.104243065545688e-06
5.19751807104285e-06
-5.7453716522104514e-06
-4.440892098500626e-16
-7.216449660063518e-16
-1.1102230246251565e-16
2.220446049250313e-16
-4.440892098500626e-16
5.898059818321144e-17
5.551115123125783e-17
-1.1102230246251565e-15
0.0
3.067633779174628e-05
-5.7740630097669055e-05
3.0078234633634793e-05
2.415820989476458e-06
1.3706954886671951e-06
6.899819027239573e-08
2.8087011863853206e-05
1.91011496681881e-05
-6.961336396216211e-07
-2.220446049250313e-16
-1.5543122344752192e-15
2.220446049250313e-16
6.938893903907228e-17
1.3322676295501878e-15
-5.551115123125783e-16
0.0
4.440892098500626e-16
-8.881784197001252e-16
2.8398969718068656e-05
-6.0470613902907644e-05
3.082139765098191e-05
-8.954947894324049e-07
-5.022678166710648e-07
-2.820132500858108e-07
3.191832219684443e-05
2.2452691716523532e-05
1.1215333373115755e-06
1.1102230246251565e-15
-8.326672684688674e-16
-1.942890293094024e-16
-6.661338147750939e-16
-8.881784197001252e-16
2.220446049250313e-16
1.1102230246251565e-16
8.881784197001252e-16
-2.6645352591003757e-15
4.6297561340225e-06
-5.105882962652686e-05
1.0597964799075044e-05
-4.3694144125083767e-07
-2.341411797779358e-07
-1.5695895783096603e-07
1.1208619974389933e-05
1.1227491086174268e-05
-9.854211828752568e-07
0.0
2.248201624865942e-15
8.326672684688674e-17
7.771561172376096e-16
1.4432899320127035e-15
2.185751579730777e-16
0.0
2.6645352591003757e-15
-8.881784197001252e-16
5.470072359514688e-07
6.755640242772643e-07
1.2404878191318858e-07
1.5531923835965245e-07
1.0578154530094253e-07
-8.98973899765565e-08
1.3712464053128315e-08
-3.6111371670699555e-08
-6.649657935398068e-09
-1.5543122344752192e-15
-3.1225022567582528e-15
0.0
-2.220446049250313e-16
-8.881784197001252e-16
-3.3306690738754696e-16
-8.881784197001252e-16
-3.552713678800501e-15
1.7763568394002505e-15
-1.3806373555524942e-06
1.071906012839463e-06
-9.652444941110616e-07
-1.0014180542583517e-06
-6.086333286248191e-07
-8.255809147428295e-08
-1.1449325043599856e-08
-4.9888805975228934e-08
-5.2297815522628355e-09
2.220446049250313e-15
4.718447854656915e-15
5.551115123125783e-17
4.440892098500626e-16
2.220446049250313e-16
0.0
0.0
6.217248937900877e-15
1.3322676295501878e-15
1.8620956154791204e-06
-7.1931293632587776e-06
1.0569497987944487e-07
2.2248898767784908e-07
2.604811388806638e-07
-3.8339002728093874e-07
1.29796838166385e-07
-3.8578491512453184e-08
-5.0633437442826335e-09
-1.5543122344752192e-15
-2.831068712794149e-15
-5.551115123125783e-17
-4.440892098500626e-16
1.6653345369377348e-16
4.440892098500626e-16
4.440892098500626e-16
-4.440892098500626e-15
-7.771561172376096e-16
-1.7872233115667768e-07
-5.892519141070807e-06
-6.798100926630468e-07
-7.44470779245887e-07
-3.44685830988567e-07
-9.006405434774934e-07
-6.118680584421554e-08
-9.786337074046969e-09
-5.324436447295966e-10
-2.220446049250313e-16
2.0539125955565396e-15
0.0
4.440892098500626e-16
-2.7755575615628914e-16
-4.440892098500626e-16
8.881784197001252e-16
-2.6645352591003757e-15
-2.4424906541753444e-15
1.0330480748166337e-05
-5.861568670439965e-06
8.688923116118019e-06
8.603652704053388e-06
4.970926841707524e-06
2.3633319301552547e-07
-1.1940322686143645e-07
-4.26302282363622e-08
-2.436112200854268e-09
4.440892098500626e-16
-4.3576253716537394e-15
1.6653345369377348e-16
-2.220446049250313e-16
1.5543122344752192e-15
-4.440892098500626e-16
-1.5543122344752192e-15
4.440892098500626e-16
8.881784197001252e-16
8.749954211850763e-06
-4.784677898328482e-06
7.451314703033064e-06
7.3692045532425254e-06
4.153085267688539e-06
1.3495096595761424e-07
-9.409214030142721e-08
-4.84734403727316e-08
-2.2183423986632533e-09
1.4432899320127035e-15
2.8033131371785203e-15
-5.551115123125783e-17
-2.220446049250313e-16
-1.887379141862766e-15
8.881784197001252e-16
8.881784197001252e-16
-4.440892098500626e-16
1.3322676295501878e-15
2.871386115543828e-06
-3.633926183965741e-06
2.470824171041386e-06
2.4116958670106214e-06
1.255603752525758e-06
-3.923183982124101e-07
-8.038042942359878e-08
-3.3794156806266074e-08
-1.0423237828405263e-09
-1.4432899320127035e-15
3.0531133177191805e-16
0.0
0.0
7.771561172376096e-16
-7.771561172376096e-16
2.220446049250313e-16
7.105427357601002e-15
-2.6645352591003757e-15
-2.7673141360651243e-06
-3.274804839747958e-06
-2.2812768829538754e-06
-2.316059877216503e-06
-1.4117976654404174e-06
-8.438027805368619e-07
-6.717022316138355e-08
-2.6826922905343054e-09
2.9737812212715653e-10
0.0
3.0617869350990645e-16
0.0
2.220446049250313e-16
-1.1102230246251565e-15
1.6653345369377348e-16
-6.661338147750939e-16
-3.552713678800501e-15
1.7763568394002505e-15
-5.365076184205009e-06
-3.2786514339022688e-06
-4.499067044250182e-06
-4.480249696570127e-06
-2.5885988961249495e-06
-9.85702655498244e-07
-8.151280184165444e-08
-2.3429581386125168e-08
-9.879115747679634e-09
1.1102230246251565e-15
-1.457167719820518e-16
-1.1102230246251565e-16
1.1102230246251565e-16
4.440892098500626e-16
5.48172618408671e-16
2.4424906541753444e-15
-4.440892098500626e-16
-8.881784197001252e-16
-6.584272233434163e-06
-1.9177181087570716e-06
-5.58655340121561e-06
-4.863270802957231e-06
-2.790297841670508e-06
-9.503833808821582e-07
-7.516133031515437e-07
-6.26511794332707e-07
-1.1983754355515686e-07
-1.7763568394002505e-15
-2.886579864025407e-15
1.1102230246251565e-16
1.1102230246251565e-16
3.3306690738754696e-16
-9.43689570931383e-16
2.220446049250313e-16
-2.220446049250313e-15
8.881784197001252e-16
-8.702584981534756e-06
1.4502879110978029e-06
-7.0875407249815225e-06
-4.452741794835902e-06
-2.558753315895501e-06
-8.456259479316941e-07
-2.6404658957090987e-06
-2.1925385030874267e-06
-3.100146559464889e-07
0.0
1.9567680809018384e-15
-1.1102230246251565e-16
0.0
-5.551115123125783e-16
1.1102230246251565e-16
6.661338147750939e-16
0.0
-4.440892098500626e-16
-5.640159024267178e-06
-6.706731863204141e-07
-4.623215614785181e-06
-3.6798523659342663e-06
-2.1264824638933533e-06
-7.097618635043546e-07
-9.34493930238034e-07
-7.622831729725554e-07
-6.792886786399777e-08
1.7763568394002505e-15
1.915134717478395e-15
1.1102230246251565e-16
0.0
9.992007221626409e-16
1.1102230246251565e-16
-3.677613769070831e-15
8.881784197001252e-16
0.0
-3.1313844672808955e-06
-1.8991061381257168e-06
-2.7535175828319325e-06
-2.720969018099595e-06
-1.5860290787372833e-06
-5.572780281681844e-07
-1.0387509519205197e-08
-1.4782907564736547e-08
2.6514112017039793e-09
-2.4424906541753444e-15
-2.609024107869118e-15
-2.498001805406602e-16
0.0
-9.43689570931383e-16
2.220446049250313e-16
-6.661338147750939e-16
8.881784197001252e-16
0.0
-1.9722225417240224e-06
-1.7322575303069243e-06
-1.802779201476312e-06
-1.8236793124515314e-06
-1.074617539842393e-06
-4.136815192623544e-07
4.867692338095254e-08
2.4621451544248885e-08
3.943243287451992e-09
4.440892098500626e-16
2.5604518505417673e-15
3.677613769070831e-16
2.220446049250313e-16
1.3877787807814457e-17
0.0
-8.881784197001252e-16
8.881784197001252e-16
-2.220446049250313e-16
-1.2163471652115734e-06
-1.4997391417637118e-06
-1.1269426094528967e-06
-1.1341023515853976e-06
-6.766807238989259e-07
-2.9802127698985714e-07
3.237945889189575e-08
1.7974803867559785e-08
3.78538682344054e-09
8.881784197001252e-16
2.463307335887066e-16
-4.85722573273506e-16
-2.220446049250313e-16
5.551115123125783e-16
-3.3306690738754696e-16
3.1086244689504383e-15
-1.7763568394002505e-15
0.0
-6.712659939012156e-07
-1.317783272725137e-06
-6.153215847959359e-07
-6.26280998616835e-07
-3.8005123315087985e-07
-2.0902957942325884e-07
3.1465351213455506e-08
3.529521919176659e-08
6.139257824333555e-09
-1.7763568394002505e-15
-3.490263633665336e-15
2.7755575615628914e-16
1.1102230246251565e-16
-8.881784197001252e-16
0.0
-1.1102230246251565e-15
-4.440892098500626e-16
1.1102230246251565e-16
-1.91768052104635e-07
-1.065293410817958e-06
-1.5161392674656327e-07
-1.710296961832114e-07
-1.1302035929361409e-07
-1.2630125922896696e-07
4.026498134912515e-08
6.714528844042889e-08
9.31503252310506e-09
3.9968028886505635e-15
-4.85722573273506e-16
5.551115123125783e-17
7.771561172376096e-16
-2.220446049250313e-16
4.440892098500626e-16
-8.881784197001252e-16
1.7763568394002505e-15
-2.220446049250313e-16
1.5016087218100438e-07
-5.840969237169702e-07
2.3237494395367264e-07
2.2095487128837021e-07
1.1903089358611396e-07
-5.080481457753194e-08
3.872775367064207e-08
7.909629751168269e-08
9.548342672083265e-09
-2.220446049250313e-16
-5.273559366969494e-16
-5.551115123125783e-17
5.551115123125783e-17
1.7763568394002505e-15
-2.220446049250313e-16
2.220446049250313e-16
2.220446049250313e-16
0.0
3.313513730063278e-08
1.0598619226698247e-07
3.0238057746601044e-07
3.0849441134961353e-07
1.7993380310721285e-07
-3.4350442490449495e-08
2.9625403463739982e-08
3.043432883487185e-08
1.1141681466320108e-08
-6.661338147750939e-16
-1.1102230246251565e-16
0.0
-1.2628786905111156e-15
-1.3322676295501878e-15
0.0
1.9984014443252818e-15
-1.3322676295501878e-15
-1.1102230246251565e-16
-3.2420723528048256e-07
2.6480425674435537e-07
1.0652955051426716e-07
1.0863012889217316e-07
8.151376817977507e-08
-8.81911290662174e-08
3.982918617140286e-08
-4.0839753800980816e-08
1.4512982315917355e-08
-3.774758283725532e-15
5.329070518200751e-15
-1.1102230246251565e-16
1.6653345369377348e-16
1.3322676295501878e-15
0.0
-1.2212453270876722e-15
8.881784197001252e-16
2.7755575615628914e-17
-5.128445934587944e-07
-6.067560605060862e-07
-1.241133311680187e-07
-9.89878294888058e-08
-9.128887867859703e-09
-1.564767728723382e-07
2.213067951117864e-08
-5.494561161611955e-08
9.807380574322622e-09
2.220446049250313e-15
-4.3298697960381105e-15
1.942890293094024e-16
6.661338147750939e-16
-8.881784197001252e-16
0.0
1.1102230246251565e-16
-6.661338147750939e-16
2.220446049250313e-16
-3.7855957657484396e-07
-1.625814149974758e-06
-5.7453569013432564e-08
1.270847782564033e-08
1.085522463029065e-07
-1.2663846860050398e-07
-2.5379677470738216e-08
-2.131908694025242e-08
3.480986610071568e-09
2.6645352591003757e-15
1.3322676295501878e-15
-1.942890293094024e-16
-4.440892098500626e-16
-1.7763568394002505e-15
-8.881784197001252e-16
-2.220446049250313e-16
0.0
-8.881784197001252e-16
1.5632224226180824e-05
-1.6942972933975398e-05
1.11189105140852e-05
6.154224152510324e-08
1.0979055531379345e-07
-5.00661414548631e-08
1.1044374124580258e-05
8.004646435466611e-06
2.2228335119223175e-06
4.440892098500626e-16
5.551115123125783e-16
7.632783294297951e-17
-4.440892098500626e-16
4.440892098500626e-15
-8.881784197001252e-16
1.5543122344752192e-15
-1.1102230246251565e-16
0.0
6.357787469823961e-07
-5.009539799871732e-06
2.9324922490303607e-08
2.455244896282238e-10
2.245670593925553e-09
1.2248135838888174e-09
8.831460007741043e-09
4.91951965386761e-07
2.792920241745378e-07
-3.774758283725532e-15
1.8457457784393227e-15
-1.1796119636642288e-16
0.0
-4.440892098500626e-15
-4.440892098500626e-16
-1.9984014443252818e-15
8.257283745649602e-16
2.220446049250313e-16
-1.9152759165308453e-06
-2.3999208451641607e-06
-2.176867798908688e-06
-4.254761876154589e-09
2.1275403661036307e-10
8.569133846947352e-09
-2.2030604966971623e-06
-1.21502751682101e-06
-4.913626732161447e-07
1.1102230246251565e-15
-3.4416913763379853e-15
1.3877787807814457e-17
8.881784197001252e-16
2.6645352591003757e-15
1.7763568394002505e-15
2.1094237467877974e-15
2.220446049250313e-16
-4.440892098500626e-16
-1.0422067759918718e-06
-3.167945692439389e-07
-9.57706795645663e-07
3.575930662691462e-10
-9.480431995001481e-10
4.595656744044163e-09
-9.477703066806954e-07
-5.379924843396111e-07
-1.246498690932185e-07
-1.5543122344752192e-15
-8.326672684688674e-17
1.457167719820518e-16
-4.440892098500626e-16
-3.552713678800501e-15
-9.159339953157541e-16
-1.3322676295501878e-15
0.0
-2.220446049250313e-16
-1.10881671844254e-07
-2.0101271047678893e-07
-1.3200083870401613e-07
4.2156500512646744e-11
2.787032826745417e-10
2.207080074256851e-09
-1.2772786206483033e-07
-6.270430219501577e-08
-2.1733312927096904e-08
3.9968028886505635e-15
-8.881784197001252e-16
7.28583859910259e-17
-4.440892098500626e-16
7.105427357601002e-15
6.661338147750939e-16
0.0
-7.216449660063518e-16
4.440892098500626e-16
6.164787436091501e-08
-1.3429641398943204e-07
3.485883226517217e-08
-4.4080472605401155e-10
7.993730122279885e-10
4.56592985642601e-10
3.602130860258512e-08
2.8055460177256464e-08
-9.605627404596362e-11
-2.4424906541753444e-15
4.440892098500626e-15
-2.3592239273284576e-16
-8.881784197001252e-16
-1.887379141862766e-15
-8.881784197001252e-16
8.881784197001252e-16
-1.3322676295501878e-15
0.0
1.819746628939356e-07
-1.1114708797776983e-07
1.4170251771972175e-07
-5.668852054441231e-10
6.642375538490342e-10
-1.7875898539188029e-09
1.4229472000693022e-07
8.612211743752596e-08
1.1987422610104659e-08
-2.220446049250313e-15
-4.801714581503802e-15
4.163336342344337e-17
1.7763568394002505e-15
-4.385380947269368e-15
0.0
-1.3322676295501878e-15
1.5543122344752192e-15
-3.0531133177191805e-16
2.4717638069660097e-07
-2.4616950256017844e-07
1.9018937003068004e-07
-5.484377396669515e-10
1.8813928193139873e-10
-2.5431797778807667e-09
1.906655864303275e-07
1.1718561232498816e-07
1.1092577523186264e-08
1.9984014443252818e-15
1.6653345369377348e-15
6.245004513516506e-17
-4.440892098500626e-16
-6.661338147750939e-16
4.440892098500626e-16
0.0
4.440892098500626e-16
-3.608224830031759e-16
1.228876485015462e-07
-5.042786028752744e-07
8.1629335957345e-08
-1.6252350576451136e-09
-1.1056551230126388e-09
-4.432539335574859e-09
8.023405584367538e-08
5.6508282497702567e-08
-1.8432920967370592e-08
1.1102230246251565e-15
-3.3306690738754696e-16
5.551115123125783e-17
-8.881784197001252e-16
-2.6645352591003757e-15
-4.440892098500626e-16
6.661338147750939e-16
-6.661338147750939e-16
4.996003610813204e-16
-3.540368709309405e-08
-2.751225451902428e-07
-6.363313254098557e-08
-9.053866101282892e-09
-7.114040023736834e-09
-9.118861665768918e-09
-5.80449626141899e-08
-4.249300467051853e-08
-5.2652950444098685e-08
8.881784197001252e-16
1.797173521111972e-15
5.551115123125783e-17
-1.1102230246251565e-15
6.217248937900877e-15
1.3322676295501878e-15
3.3306690738754696e-16
9.020562075079397e-17
5.551115123125783e-17
-3.839040374487013e-08
-2.494454918178235e-07
-6.018596954149302e-08
-4.7800893021587854e-08
-3.836894801878543e-08
-1.3644227303544199e-08
-1.3709684054674653e-08
-1.582118436260771e-08
-4.7994447527344164e-08
-5.995204332975845e-15
2.060851489460447e-15
-1.1102230246251565e-16
4.440892098500626e-16
8.881784197001252e-16
-8.881784197001252e-16
-4.440892098500626e-16
-8.604228440844963e-16
-2.220446049250313e-16
1.8469093987505403e-07
-4.6156563371368975e-07
1.1497611396293905e-07
8.421530339752792e-08
6.80006131403843e-08
4.225573224658774e-09
3.064864628754549e-08
9.134121015108576e-09
-4.4976161461818265e-08
3.1086244689504383e-15
-2.835405521484091e-15
-1.942890293094024e-16
2.220446049250313e-16
-8.881784197001252e-16
1.3322676295501878e-15
4.440892098500626e-16
6.661338147750939e-16
7.771561172376096e-16
2.4052769020954656e-07
-5.856861662323354e-07
1.4568338002618475e-07
1.0038600173345458e-07
8.262422301896777e-08
-6.216222869781518e-09
4.588527957594124e-08
1.538425742353411e-08
-5.153166426907774e-08
-3.774758283725532e-15
2.480654570646834e-15
1.5959455978986625e-16
2.55351295663786e-15
-8.881784197001252e-16
-6.661338147750939e-16
2.220446049250313e-16
2.220446049250313e-16
-6.661338147750939e-16
9.500003805840151e-08
-6.186356102944046e-07
3.4043744712164425e-08
2.0565052771814862e-08
2.1025259755447223e-08
-1.7971904409108674e-08
1.3433457013434236e-08
-6.964583576518635e-09
-7.081830233346409e-08
7.771561172376096e-15
-1.2212453270876722e-15
7.632783294297951e-17
-2.6645352591003757e-15
0.0
4.440892098500626e-16
2.220446049250313e-16
-7.771561172376096e-16
-5.551115123125783e-16
6.3326400928653825e-09
-4.930925712187673e-07
5.865583796449414e-09
3.799849324082061e-09
-5.09568209849931e-09
-5.057278262832199e-09
6.985354517041742e-10
-1.6209884989848433e-08
-7.823476977364408e-08
-5.995204332975845e-15
-3.316791286067655e-15
-9.71445146547012e-17
6.661338147750939e-16
0.0
-2.220446049250313e-16
0.0
-2.7755575615628914e-16
6.661338147750939e-16
-1.0306735021003986e-08
-6.670226184724015e-07
-2.3358049716648566e-08
-8.538085793929895e-10
3.8778846800369143e-10
-6.9653823264737005e-09
-2.2653285469687034e-08
-3.075544441344391e-08
-9.25581531419084e-08
5.329070518200751e-15
1.9984014443252818e-15
1.3877787807814457e-16
8.881784197001252e-16
-8.881784197001252e-16
-2.220446049250313e-16
2.220446049250313e-16
2.220446049250313e-16
3.3306690738754696e-16
-3.8288106907202746e-08
-4.5706182305593757e-07
6.413361397505923e-09
-1.4714629514855915e-09
-5.156762128422088e-09
-7.67886765284942e-09
7.428558324029666e-09
-1.1164408064701092e-08
-8.280859731257806e-08
-2.220446049250313e-15
5.273559366969494e-16
-9.71445146547012e-17
-3.3306690738754696e-16
-4.440892098500626e-16
-1.1102230246251565e-16
0.0
1.1102230246251565e-15
-8.881784197001252e-16
2.5605366715808486e-08
-5.03473494006812e-07
3.868361098113837e-08
-1.5268879494101382e-09
2.4560975475651503e-10
-3.2333066224410345e-09
4.006610376805497e-08
1.1398769927950525e-08
-6.860146584131144e-08
1.7763568394002505e-15
-2.095545958979983e-15
2.7755575615628914e-17
1.1102230246251565e-15
4.440892098500626e-16
1.1102230246251565e-16
-2.220446049250313e-16
0.0
-8.881784197001252e-16
-4.3864975651786153e-08
-5.109359548782777e-07
-2.2038250335754128e-08
3.515125968078792e-10
1.4771810441516209e-09
-2.2671204913393694e-09
-2.244318508815013e-08
-1.962402773614258e-08
-7.036400972992851e-08
-1.3322676295501878e-15
1.762479051592436e-15
-1.6653345369377348e-16
-1.1102230246251565e-16
2.220446049250313e-16
1.1102230246251565e-16
4.440892098500626e-16
2.220446049250313e-16
2.498001805406602e-16
-2.3696867401667987e-07
-4.987328878769404e-07
-1.6823569737312027e-07
3.2365221613872563e-11
4.4429704360027245e-10
4.56299797946258e-09
-1.6838699146148883e-07
-9.783369270266462e-08
-8.960640229815908e-08
3.774758283725532e-15
6.38378239159465e-16
8.326672684688674e-17
-2.3314683517128287e-15
-4.440892098500626e-16
-6.245004513516506e-17
0.0
-2.220446049250313e-16
1.2212453270876722e-15
-2.552514999365485e-07
-4.6927559083087544e-07
-1.7074545155537635e-07
1.3669728460286024e-08
9.265470168884349e-09
1.6609777553355798e-08
-1.8472406537739516e-07
-1.0417621965075341e-07
-8.880229529495408e-08
-1.1102230246251565e-15
-2.9368868448287344e-15
0.0
1.9984014443252818e-15
-4.440892098500626e-16
4.440892098500626e-16
-6.106226635438361e-16
-8.881784197001252e-16
0.0
-2.7976544458852004e-07
-4.314548931461104e-07
-1.7323971590599285e-07
4.965794353495312e-08
2.7290948612090915e-08
-3.0563568564900834e-08
-2.2313310665822428e-07
-1.2259352111243516e-07
-9.507996878710401e-08
-4.6629367034256575e-15
2.8796409701214998e-15
1.1102230246251565e-16
-2.220446049250313e-16
-1.1102230246251565e-16
0.0
4.371503159461554e-16
0.0
2.220446049250313e-16
-3.8519308986906253e-07
-5.016244131184067e-07
-2.482247403179372e-07
-1.6966311022770242e-08
-9.167593795211815e-09
-1.92642419793998e-08
-2.313322582381261e-07
-1.1942736577452706e-07
-1.0215744339348022e-07
-1.7763568394002505e-15
-7.771561172376096e-16
5.551115123125783e-17
8.881784197001252e-16
8.881784197001252e-16
-3.608224830031759e-16
1.6653345369377348e-16
8.881784197001252e-16
-8.881784197001252e-16
-1.6346124454003075e-07
-5.992468459226075e-07
-8.769117876283872e-08
-1.519108394631985e-09
-7.815685876266798e-10
-7.384226563544871e-09
-8.57687485478209e-08
-3.0360236991100464e-08
-7.557450487638562e-08
-4.440892098500626e-16
-1.4432899320127035e-15
0.0
-2.220446049250313e-15
0.0
0.0
-2.220446049250313e-16
-2.6645352591003757e-15
0.0
-5.110258882723429e-10
-7.082299475769104e-07
8.315908672784644e-08
5.96763243265741e-08
3.5229836825578786e-08
-1.0265843286560994e-08
2.347982297479234e-08
4.105893935957283e-08
-5.716120909937672e-08
6.661338147750939e-15
2.609024107869118e-15
5.551115123125783e-17
1.3322676295501878e-15
-1.7763568394002505e-15
0.0
0.0
2.220446049250313e-15
8.881784197001252e-16
2.1711529285539655e-07
-8.020538473374472e-07
2.4118268271422494e-07
2.53897091795352e-07
1.4654590962948078e-07
-3.539888382420031e-09
-1.2200055188316128e-08
4.5570162754415826e-08
-4.766590677718341e-08
2.220446049250313e-15
-2.831068712794149e-15
0.0
-2.220446049250313e-16
2.4424906541753444e-15
4.440892098500626e-16
0.0
8.881784197001252e-16
0.0
4.45646207936079e-07
-6.156131746593019e-07
3.459816451112374e-07
3.4516220637215156e-07
1.9524208560994794e-07
-9.359538921671628e-09
8.446070509648962e-10
3.186828756440718e-08
2.7979759065210885e-09
-1.021405182655144e-14
1.9290125052862095e-15
0.0
-6.661338147750939e-16
-1.9984014443252818e-15
-2.220446049250313e-16
0.0
8.881784197001252e-16
-1.7763568394002505e-15
2.5091907218666165e-08
-4.2571383573886123e-07
-5.537593850135636e-08
-1.850973063710626e-08
-1.4108998414030795e-08
-6.611823266666761e-08
-3.687615102165864e-08
-7.459119544250825e-09
2.4394498643331985e-09
5.995204332975845e-15
1.1726730697603216e-15
2.7755575615628914e-17
8.881784197001252e-16
1.8318679906315083e-15
-2.220446049250313e-16
-4.440892098500626e-16
-4.440892098500626e-15
1.3322676295501878e-15
-7.830119130858293e-08
-4.847154286835575e-07
-1.3855805125473353e-07
-1.0700314589939808e-07
-6.343679270770508e-08
-8.119765482206276e-08
-3.1574112213661465e-08
-3.13152340170042e-09
2.720827174673701e-09
-6.217248937900877e-15
-2.4771851236948805e-15
4.163336342344337e-17
-4.440892098500626e-16
-2.040034807748725e-15
0.0
8.881784197001252e-16
-2.6645352591003757e-15
0.0
-8.30017157227303e-08
-5.249468131296453e-07
-1.193806911103934e-07
-1.0776978598414644e-07
-6.558747855933689e-08
-7.492241138606914e-08
-1.1602343974459473e-08
1.4754846233699936e-08
4.039671930300415e-09
4.884981308350689e-15
3.039235529911366e-15
-3.8163916471489756e-17
-2.220446049250313e-16
1.3322676295501878e-15
2.220446049250313e-16
0.0
3.1086244689504383e-15
-1.3322676295501878e-15
-6.79885303611627e-08
-4.856184716572898e-07
-8.596395817406233e-08
-1.0526429594648334e-07
-6.926368456561249e-08
-5.369067679339423e-08
1.910653857351008e-08
3.558819905435939e-08
6.145347564157078e-09
3.774758283725532e-15
7.077671781985373e-16
4.163336342344337e-17
4.440892098500626e-16
-2.220446049250313e-16
2.220446049250313e-16
-8.881784197001252e-16
4.440892098500626e-16
1.1102230246251565e-15
1.0163192598611204e-07
-4.4428118428641023e-07
5.1759838415321724e-08
-1.2728396114880525e-10
-7.92541410277181e-09
-3.273346749210759e-08
5.157501448138647e-08
5.024651095197896e-08
8.331349388157605e-09
-7.771561172376096e-15
-4.898859096158503e-15
-2.7755575615628914e-17
0.0
1.3322676295501878e-15
-5.551115123125783e-16
1.3322676295501878e-15
2.220446049250313e-15
0.0
2.457322665350148e-07
-4.051604562960165e-07
1.6723580209543343e-07
9.249089316654135e-08
4.607165493553111e-08
-1.2099121704522986e-08
7.444047334104198e-08
5.7733066327614324e-08
9.095193709285354e-09
1.7763568394002505e-15
1.797173521111972e-15
0.0
0.0
-1.5543122344752192e-15
-7.771561172376096e-16
-8.881784197001252e-16
6.661338147750939e-16
-6.661338147750939e-16
2.2911407882020285e-07
-3.727289055177608e-07
1.536050373562858e-07
5.211586695530457e-08
2.4225368377983614e-08
-6.801300855840965e-09
1.0099668834584463e-07
6.560505116937065e-08
9.040131088156045e-09
1.1102230246251565e-15
1.6800796864835377e-15
5.551115123125783e-17
-2.220446049250313e-16
4.440892098500626e-16
1.3877787807814457e-16
0.0
3.552713678800501e-15
2.220446049250313e-16
1.9918516613870452e-07
-3.145242146729288e-07
1.2975127416936516e-07
-1.966024676391953e-08
-1.5173245770938593e-08
-9.06281627521821e-09
1.4873099551948599e-07
7.921113054365492e-08
1.1030410473900076e-08
-3.3306690738754696e-15
1.6583956430338276e-15
-2.220446049250313e-16
0.0
-7.771561172376096e-16
4.926614671774132e-16
-6.661338147750939e-16
-4.440892098500626e-16
2.220446049250313e-16
2.28929362577901e-07
-2.605487026130504e-07
1.609280428915838e-07
-6.973398747334159e-08
-4.28183675182936e-08
-1.3636750395562558e-08
2.3009654448458147e-07
1.1604872529602517e-07
1.928258430705654e-08
-4.440892098500626e-16
-2.2343238370581275e-15
1.1102230246251565e-16
-1.1102230246251565e-16
8.326672684688674e-16
5.551115123125783e-16
2.4424906541753444e-15
4.440892098500626e-16
-4.440892098500626e-16
3.465727660412199e-07
-3.923806559669174e-07
2.531469491806604e-07
-1.2409414651415318e-07
-7.388380396378125e-08
-2.2346611672219296e-08
3.769376251128165e-07
2.1754623857894728e-07
2.636959628432578e-08
4.218847493575595e-15
-1.817990202823694e-15
1.1102230246251565e-16
1.1102230246251565e-16
-1.3877787807814457e-16
-9.43689570931383e-16
2.220446049250313e-16
-1.7763568394002505e-15
0.0
1.3615254346177608e-07
-4.156172437319583e-07
3.8451826389618304e-08
-1.9160175845911454e-07
-1.133039120304602e-07
-3.6499486100183276e-08
2.2988687398139973e-07
1.0759096591428374e-07
-3.049651536857212e-08
4.107825191113079e-15
2.699229728619912e-15
0.0
0.0
5.843849709696869e-17
-5.551115123125783e-17
-1.7763568394002505e-15
-1.7763568394002505e-15
4.440892098500626e-16
-9.938995795266692e-07
3.8637759303128405e-07
-8.29771066079843e-07
-2.736714233009252e-07
-1.6179932060822466e-07
-5.697472715837648e-08
-5.564015754799811e-07
-4.95285227941622e-07
-1.2170264174216072e-07
-3.1086244689504383e-15
5.48172618408671e-16
1.6653345369377348e-16
-1.1102230246251565e-16
-7.363901155521546e-16
-5.551115123125783e-17
5.828670879282072e-16
-8.881784197001252e-16
0.0
-1.3563955221229662e-06
5.525079345147788e-07
-1.0271900015013102e-06
-3.683381795127616e-07
-2.180778082561119e-07
-8.318048116962018e-08
-6.593629184870053e-07
-5.698787650665338e-07
-9.056952560149156e-08
1.5543122344752192e-15
-2.0539125955565396e-15
-5.551115123125783e-17
0.0
4.440892098500626e-16
1.6653345369377348e-16
-6.661338147750939e-16
2.6645352591003757e-15
2.220446049250313e-16
-1.21404976738404e-06
2.892307406909822e-07
-8.767436305845421e-07
-4.5372575563362716e-07
-2.691400098342456e-07
-1.1087407614240874e-07
-4.236063934071055e-07
-3.8329779261658814e-07
-5.320380702666938e-08
6.661338147750939e-16
-2.310651670001107e-15
5.551115123125783e-17
0.0
-2.983724378680108e-16
3.885780586188048e-16
6.661338147750939e-16
-8.881784197001252e-16
0.0
-1.226547496457897e-06
3.318475734204185e-07
-8.316417172693491e-07
-4.867944021214043e-07
-2.8951722086389964e-07
-1.3138444643345792e-07
-3.453762127403337e-07
-3.101647330083779e-07
-4.948867896731324e-08
-3.3306690738754696e-15
2.2065682614424986e-15
-3.920475055707584e-16
-2.220446049250313e-16
4.996003610813204e-16
3.3306690738754696e-16
-3.3306690738754696e-16
-8.881784197001252e-16
-2.220446049250313e-16
-1.2701553799843168e-06
6.93395691087062e-07
-7.694338544084189e-07
-3.591861670315666e-07
-2.1685781348423916e-07
-1.245034511043741e-07
-4.1021824648268534e-07
-3.2002467609260066e-07
-6.30944662627364e-08
-8.881784197001252e-16
2.3314683517128287e-15
2.498001805406602e-16
4.440892098500626e-16
1.1102230246251565e-16
-2.220446049250313e-16
-1.5543122344752192e-15
2.220446049250313e-15
-5.551115123125783e-17
-1.1575569516253381e-06
1.030736058282855e-06
-5.954026551791003e-07
-7.438080951160941e-08
-5.243957446054992e-08
-8.51062793572055e-08
-5.201698334289517e-07
-3.434447739536495e-07
-8.110910643122082e-08
2.220446049250313e-16
-2.6922908347160046e-15
-8.326672684688674e-17
-1.1102230246251565e-15
4.440892098500626e-16
0.0
2.3314683517128287e-15
-8.881784197001252e-16
-2.220446049250313e-16
-9.936608478255948e-07
9.974217576314004e-07
-4.544166394282456e-07
8.681110941211045e-08
4.3358916457236774e-08
-5.954920823114662e-08
-5.399315635701285e-07
-3.245720101574534e-07
-8.757256952929282e-08
3.9968028886505635e-15
2.4702462297909733e-15
-5.551115123125783e-17
9.992007221626409e-16
4.440892098500626e-16
0.0
-1.1657341758564144e-15
-7.771561172376096e-16
4.440892098500626e-16
-1.2963308932967266e-06
3.906751109283846e-07
-7.67575230042894e-07
-3.5680497312284837e-07
-2.0745597795190918e-07
-1.501464552688958e-07
-4.0989132310542686e-07
-2.4648773866431384e-07
-7.382671662892193e-08
-5.995204332975845e-15
-4.121702978920894e-15
1.3877787807814457e-16
-9.992007221626409e-16
-1.1102230246251565e-15
-4.440892098500626e-16
-1.6653345369377348e-16
1.3322676295501878e-15
0.0
-2.4967902731987124e-06
-7.720910346620258e-07
-1.7852568845455608e-06
-1.5503946393380375e-06
-8.83492520920015e-07
-4.2653955745208805e-07
-2.3465418541590566e-07
-1.6135655034332785e-07
-5.215207876663186e-08
-8.881784197001252e-16
3.608224830031759e-15
1.3877787807814457e-17
1.6653345369377348e-16
-8.881784197001252e-16
0.0
1.2212453270876722e-15
-1.1102230246251565e-15
0.0
-1.8240967136762265e-06
-1.7207125893037298e-06
-1.2894179093336788e-06
-1.1926640652859533e-06
-6.39373631372564e-07
-3.9460590528506145e-07
-9.545508494746002e-08
-8.017111863267701e-08
-3.010299190475685e-08
1.3322676295501878e-15
2.7755575615628914e-17
-1.249000902703301e-16
8.881784197001252e-16
8.881784197001252e-16
4.440892098500626e-16
-1.0547118733938987e-15
8.326672684688674e-16
0.0
-1.876383620924571e-06
-2.2233481331568328e-06
-1.2259171535689006e-06
-7.472090004512211e-07
-3.0543029794216636e-07
-3.284653757873457e-07
-4.7264683900039017e-07
-3.075888925785364e-07
-1.0895664592780463e-07
1.9984014443252818e-15
-1.9984014443252818e-15
2.0122792321330962e-16
-8.881784197001252e-16
-8.881784197001252e-16
0.0
1.1102230246251565e-16
-6.661338147750939e-16
-2.220446049250313e-16
1.0196307350884837e-05
-7.157083075526316e-06
8.620123722380413e-06
-9.827723985722514e-07
-2.988204750309365e-07
-3.8413571346040953e-07
9.619907718416698e-06
6.033485380640968e-06
1.3594863599308837e-06
4.218847493575595e-15
2.581268532253489e-15
-1.7694179454963432e-16
8.881784197001252e-16
2.6645352591003757e-15
8.881784197001252e-16
-4.440892098500626e-16
-9.992007221626409e-16
2.220446049250313e-16
2.2262172123532764e-06
-2.0343284745649726e-06
1.1432785882448115e-06
-5.378694467594868e-08
-1.893395218388605e-09
-2.095972195803597e-08
1.1830953283720191e-06
7.144356857224922e-07
-7.760448905713702e-08
1.9984014443252818e-15
-3.469446951953614e-15
8.608565249534905e-17
4.440892098500626e-16
-5.329070518200751e-15
-1.3322676295501878e-15
-7.771561172376096e-16
1.7763568394002505e-15
-4.440892098500626e-16
-1.1047377483919263e-06
-1.1658834750960523e-06
-1.1130211703402892e-06
2.5916433443740058e-08
1.354350614643507e-08
7.803051538246564e-10
-1.139290780827196e-06
-5.795105124661859e-07
-1.5124538510491448e-07
-1.509903313490213e-14
-3.3306690738754696e-16
-1.1102230246251565e-16
4.440892098500626e-16
3.552713678800501e-15
1.1102230246251565e-15
8.881784197001252e-16
-1.887379141862766e-15
0.0
-4.6265274278312063e-07
-5.57693397240655e-07
-4.829312985066281e-07
2.4313905555573e-08
-3.476765764176548e-09
4.89039697626481e-10
-5.072292594832106e-07
-2.4716798918689165e-07
-7.930985468362906e-08
2.020605904817785e-14
1.6930901125533637e-15
0.0
-4.440892098500626e-16
8.881784197001252e-16
-2.220446049250313e-16
8.881784197001252e-16
1.887379141862766e-15
6.661338147750939e-16
-1.270265741482035e-07
-3.01424677218165e-07
-1.444784381021691e-07
1.2896954615371214e-08
-1.3400560328058475e-08
1.1111732645119332e-09
-1.5749706960832555e-07
-6.109345918048348e-08
-3.46573898468705e-08
-8.215650382226158e-15
2.8033131371785203e-15
5.551115123125783e-17
4.440892098500626e-16
4.884981308350689e-15
-1.1102230246251565e-16
0.0
0.0
-9.992007221626409e-16
-9.740945472458407e-08
-1.644664280320285e-07
-6.182933276477343e-08
-3.0082496493832878e-09
-1.7985931410891e-08
-1.1551997136649561e-09
-5.8515354339760954e-08
-1.4868767550524352e-08
-1.9115812932568588e-08
6.8833827526759706e-15
-3.885780586188048e-16
-1.6653345369377348e-16
0.0
-3.9968028886505635e-15
-1.1102230246251565e-15
4.440892098500626e-16
4.440892098500626e-16
1.1102230246251565e-15
-1.1469889926729592e-07
-1.0637842962069043e-07
-3.001824566695177e-08
-2.2274930344678978e-08
-1.7405745289522656e-08
-2.5531656788757573e-09
-6.842387989536291e-09
7.189650208516696e-09
-1.0813266726472648e-08
-8.881784197001252e-15
-1.609823385706477e-15
1.1102230246251565e-16
8.881784197001252e-16
-3.219646771412954e-15
8.881784197001252e-16
0.0
4.440892098500626e-16
-1.1657341758564144e-15
-1.1936877797324996e-07
-7.194503837126831e-08
-1.065773602704212e-08
-3.9376697458237686e-08
-1.1669904154132382e-08
-4.0696730430056505e-09
2.993996517375308e-08
1.76588539346767e-08
-1.0476689737970446e-08
-5.551115123125783e-15
1.2212453270876722e-15
-2.2551405187698492e-17
-8.881784197001252e-16
4.6629367034256575e-15
-1.7763568394002505e-15
-1.1102230246251565e-15
-1.7763568394002505e-15
4.996003610813204e-16
-1.3353054839626566e-07
-1.972145042827833e-07
-2.795450626535967e-08
-5.746704978548678e-08
-8.220101932465695e-09
-9.822301194617467e-09
3.0736412526266577e-08
1.7321301726269667e-08
-1.2370790614113503e-08
4.440892098500626e-15
-3.164135620181696e-15
4.163336342344337e-17
-4.440892098500626e-16
1.3322676295501878e-15
1.3322676295501878e-15
0.0
5.551115123125783e-16
3.608224830031759e-16
-2.4771505025000806e-07
-1.5089953819824586e-07
-1.9929403460849926e-07
-2.1590391696690858e-07
-1.3220761285737126e-07
-3.900234868403629e-08
1.7589330880696252e-08
9.927646260621259e-09
-1.8189446393535036e-08
1.5543122344752192e-15
3.552713678800501e-15
-1.1102230246251565e-16
-4.440892098500626e-16
-2.6645352591003757e-15
8.881784197001252e-16
2.220446049250313e-16
1.1657341758564144e-15
-9.43689570931383e-16
-2.7455548377020023e-06
2.7809030314074334e-06
-2.341097936842118e-06
-2.3427137385567676e-06
-1.8694540595554088e-06
-3.3353798056801054e-07
2.0267023614906066e-09
1.1426646295831233e-09
-2.6457776414190445e-08
1.1102230246251565e-15
-3.514116081460017e-15
-5.551115123125783e-17
-1.7763568394002505e-15
-1.7763568394002505e-15
-4.440892098500626e-16
0.0
-1.7763568394002505e-15
0.0
-1.3319543583634186e-05
1.392384399423463e-05
-1.0161231482896937e-05
-1.0159905875717357e-05
-8.075053629319484e-06
-1.1265778097069303e-06
-1.2709104879604638e-09
-1.1658132237357677e-09
-3.122936220734118e-08
-7.327471962526033e-15
8.81239525796218e-16
3.469446951953614e-17
4.218847493575595e-15
8.881784197001252e-16
-4.440892098500626e-16
-2.220446049250313e-16
-6.661338147750939e-16
7.771561172376096e-16
1.0373817076470004e-06
-1.347619331681926e-06
7.69041953674332e-07
6.716598979217281e-07
5.66708367344404e-07
3.805862169858898e-08
9.77148255643101e-08
5.373484146531382e-08
-1.837114638192361e-08
-5.329070518200751e-15
2.435551760271437e-15
-1.3877787807814457e-17
1.1102230246251565e-16
8.881784197001252e-16
4.440892098500626e-16
2.220446049250313e-16
1.5543122344752192e-15
1.6653345369377348e-16
-2.3377201472385423e-06
2.1983267828318276e-06
-1.5410346243527329e-06
-1.8197174771472646e-06
-1.34450709099454e-06
-9.727701183459558e-08
2.7826352871906934e-07
1.548800057094013e-07
1.1374602593150485e-08
2.1538326677728037e-14
-3.552713678800501e-15
1.3877787807814457e-16
-2.886579864025407e-15
-8.881784197001252e-16
-4.440892098500626e-16
0.0
-1.1102230246251565e-15
-9.645062526431047e-16
2.813031940718247e-08
4.6710916912218186e-07
1.5788296181540318e-07
-4.0853279337227377e-07
-2.8185700973182293e-07
-6.7400332259826e-09
5.65349535186499e-07
3.159113886042064e-07
5.956034954124335e-08
-1.3988810110276972e-14
2.6038199374411874e-15
-5.551115123125783e-17
2.220446049250313e-15
-8.881784197001252e-16
3.3306690738754696e-16
2.220446049250313e-16
-2.7755575615628914e-16
9.992007221626409e-16
1.1507523121068175e-06
-2.722732546089901e-07
9.542651255856072e-07
-1.4817851834436624e-08
1.543922323321567e-09
-8.111140259448035e-09
9.725130869497889e-07
5.434527347025764e-07
1.0778050807402906e-07
-5.995204332975845e-15
1.6653345369377348e-15
1.6653345369377348e-16
-1.7763568394002505e-15
-1.7763568394002505e-15
-1.1102230246251565e-16
-4.440892098500626e-16
7.771561172376096e-16
-4.440892098500626e-16
1.3255091282360354e-06
-3.0933520633880107e-07
1.1197299230047975e-06
-3.4254235004027574e-09
-2.565876400240086e-10
-6.549907949349176e-09
1.124178680811383e-06
6.293812497837337e-07
1.2273565630493977e-07
6.217248937900877e-15
-1.3600232051658168e-15
-5.551115123125783e-17
1.7763568394002505e-15
0.0
0.0
0.0
4.718447854656915e-16
-4.440892098500626e-16
-3.758886890636859e-08
-5.367275832668383e-07
-1.3909080109897333e-08
-1.1449543535491102e-09
1.8622614561536466e-09
-2.981868085782935e-09
-1.1335671956658189e-08
-1.0652121851251195e-08
-6.312481559689331e-08
6.661338147750939e-15
-4.996003610813204e-16
0.0
-2.220446049250313e-16
0.0
0.0
1.3877787807814457e-16
-8.881784197001252e-16
4.440892098500626e-16
-3.1904672397331524e-06
-7.641163222160685e-07
-2.608559972472335e-06
5.352376319933683e-10
-3.7366021388152143e-10
3.3379405905975545e-09
-2.6080900852321065e-06
-1.4776029324536921e-06
-5.322513345618063e-07
-4.884981308350689e-15
8.049116928532385e-16
-5.551115123125783e-17
-1.3322676295501878e-15
2.220446049250313e-16
1.1102230246251565e-16
2.220446049250313e-16
8.881784197001252e-16
8.881784197001252e-16
-6.418625716264614e-06
-1.2610850959049458e-06
-5.26818983725974e-06
4.631672823052213e-10
-9.691660807220615e-10
1.201600152711535e-08
-5.267224572946816e-06
-2.945215637595311e-06
-1.0949272706284319e-06
8.215650382226158e-15
-1.9984014443252818e-15
0.0
-2.220446049250313e-16
-8.881784197001252e-16
4.440892098500626e-16
0.0
-8.881784197001252e-16
8.881784197001252e-16
-1.6745530295736444e-08
-8.176232313417131e-08
5.17455678306078e-09
-2.261657527924399e-09
1.7726335954648675e-09
-3.52209106324608e-08
6.691621479149035e-09
5.432671201788253e-09
1.0552714257983098e-10
0.0
-1.5265566588595902e-15
0.0
4.440892098500626e-16
-1.3322676295501878e-15
1.1102230246251565e-16
-2.220446049250313e-16
2.220446049250313e-15
4.85722573273506e-16
-3.50327277942597e-06
-5.085998793674662e-06
-4.0682104440747935e-06
-4.080939305595166e-06
-2.3267000202054078e-06
-1.0947903952285287e-06
1.4251448021695978e-08
1.6273471459271605e-08
6.325634460679908e-11
-8.659739592076221e-15
1.6653345369377348e-16
5.551115123125783e-17
1.1102230246251565e-15
1.5543122344752192e-15
2.220446049250313e-16
0.0
-4.440892098500626e-15
-8.881784197001252e-16
2.0718376703143804e-06
-3.777363218659957e-06
1.0364996683165373e-06
1.306672189116398e-06
7.825625267798841e-07
-2.9857906724828354e-07
-2.771969818127218e-07
-1.895151600095346e-07
-2.1585128684442623e-08
-6.8833827526759706e-15
2.8796409701215e-16
0.0
-1.3322676295501878e-15
-7.771561172376096e-16
0.0
0.0
3.552713678800501e-15
0.0
3.5829522886388077e-06
-3.885028263539425e-06
2.482702839756712e-06
2.6321987718347373e-06
1.5253726033392923e-06
-1.4553423000052135e-07
-1.5643344397631154e-07
-1.0938953831640674e-07
-1.8408279123249827e-08
1.4654943925052066e-14
-2.0816681711721685e-17
-1.3877787807814457e-17
0.0
9.43689570931383e-16
0.0
0.0
-2.6645352591003757e-15
0.0
4.404112729616827e-06
-4.437439514504149e-06
3.2064121961994374e-06
3.384734597489114e-06
1.9590830113713764e-06
-1.258462418718409e-07
-1.8372337962091478e-07
-1.1350570261470239e-07
-2.2452470993528092e-08
-1.1102230246251565e-15
1.8457457784393227e-15
0.0
3.885780586188048e-16
4.440892098500626e-16
2.220446049250313e-16
2.220446049250313e-16
-1.6653345369377348e-16
-4.440892098500626e-16
4.51071520046753e-06
-7.744068199144749e-06
3.3858751109505643e-06
2.024034658099083e-06
1.3214150200724362e-06
-4.500951007457843e-07
1.3503540075010536e-06
9.53340624221255e-07
1.4787841884356112e-07
3.552713678800501e-15
7.771561172376096e-16
2.7755575615628914e-17
1.3322676295501878e-15
-8.881784197001252e-16
1.1102230246251565e-16
-1.1102230246251565e-15
5.384581669432009e-15
-1.7763568394002505e-15
-3.583782984151185e-06
-7.230634366806043e-06
-3.189960196436914e-06
-2.488506567033255e-06
-1.0831213268502893e-06
-9.304053953940183e-07
-7.099027570234284e-07
-1.72962387523512e-07
-2.4164203082932545e-07
-3.774758283725532e-15
1.6375789613221059e-15
-1.3877787807814457e-16
-5.551115123125783e-16
1.7763568394002505e-15
-2.220446049250313e-16
4.440892098500626e-16
-2.55351295663786e-15
2.6645352591003757e-15
-4.12677367478409e-06
7.695762604953416e-07
-3.1895515899549305e-06
-1.6696590350306904e-06
-1.0748529319926092e-06
-7.593073503286973e-08
-1.5174537537632204e-06
-6.805308316870651e-07
-3.699703761128603e-07
-1.3988810110276972e-14
-3.747002708109903e-15
2.0469737016526324e-16
-6.661338147750939e-16
-8.881784197001252e-16
1.1102230246251565e-16
-2.220446049250313e-16
4.440892098500626e-16
-1.7763568394002505e-15
-9.933633933201236e-07
-1.2638378166229813e-06
-7.219783952905345e-07
5.923226353843347e-08
2.960504019711152e-08
-1.4865348951786926e-08
-7.782693844937683e-07
-2.818246009894665e-07
-1.833050955468707e-07
1.4210854715202004e-14
-7.216449660063518e-16
-1.6653345369377348e-16
4.440892098500626e-16
-8.881784197001252e-16
-5.551115123125783e-17
-1.3322676295501878e-15
0.0
1.7763568394002505e-15
1.465357399865752e-07
-1.5073259191922261e-06
-5.454126039694529e-11
8.826543940188003e-09
7.085623110469896e-08
-4.0655914190779185e-08
-1.0393513605322369e-08
1.054038634151766e-08
7.445013910922782e-10
-3.1086244689504383e-15
6.106226635438361e-16
0.0
-4.440892098500626e-16
-1.6653345369377348e-16
0.0
1.7763568394002505e-15
8.881784197001252e-16
1.3322676295501878e-15
1.6120225154736545e-09
-7.188585300355044e-07
-6.831366761161917e-08
-3.4523056413604536e-08
-7.288664782834076e-09
-9.756769259183784e-08
-3.19261097558865e-08
1.6689081228093983e-08
-5.085546428418297e-10
4.440892098500626e-16
-9.43689570931383e-16
1.1102230246251565e-16
4.440892098500626e-16
0.0
4.440892098500626e-16
-1.7763568394002505e-15
8.881784197001252e-16
0.0
1.3000280247865703e-06
-5.665913378471998e-07
1.1360753084943553e-06
1.1252388674165559e-06
6.574371722578576e-07
5.0063434287039854e-08
1.1578730862993325e-08
-1.7896082837864924e-08
-1.0763268054603259e-09
-7.105427357601002e-15
-3.7470027081099033e-16
0.0
2.220446049250313e-16
-4.440892098500626e-16
-4.440892098500626e-16
1.3322676295501878e-15
8.881784197001252e-16
-2.4424906541753444e-15
6.911117047536663e-07
-5.053898206597296e-07
6.383525885667041e-07
6.319511172137027e-07
3.6452876450709937e-07
9.771369491318183e-09
7.441041560696249e-09
-1.6805589808654986e-08
-1.3482646110674068e-09
1.0658141036401503e-14
4.735795089416683e-15
-5.551115123125783e-17
-2.220446049250313e-16
-2.220446049250313e-16
-2.220446049250313e-16
-6.661338147750939e-16
-7.105427357601002e-15
1.7763568394002505e-15
-4.964793021144942e-10
-5.547598433963685e-07
4.829132294048577e-08
5.0332179313272725e-08
2.3894283884828837e-08
-6.164073340642062e-08
-4.179554480288061e-10
-1.562739271321334e-08
-1.4548033888672762e-09
-5.773159728050814e-15
2.463307335887066e-16
0.0
0.0
1.7763568394002505e-15
5.551115123125783e-16
9.992007221626409e-16
6.217248937900877e-15
0.0
-9.980297157596851e-07
-8.376432756307395e-07
-7.946343885123498e-07
-7.893539972769759e-07
-4.6553435950613675e-07
-2.044188249783474e-07
-3.1355966711998917e-09
-1.8742753127298784e-08
-1.7770682703144303e-09
-6.439293542825908e-15
-3.8163916471489756e-16
1.1102230246251565e-16
2.220446049250313e-16
-2.220446049250313e-16
-5.273559366969494e-16
1.6653345369377348e-15
-3.552713678800501e-15
-8.881784197001252e-16
-1.562015221168167e-06
-1.2163538869458534e-06
-1.2814658294502124e-06
-1.2632277943680492e-06
-7.48643561365725e-07
-3.0960349306496937e-07
-1.4617427268603933e-08
-1.4267679482315996e-08
-2.403590659838528e-09
1.1546319456101628e-14
-4.128641872824801e-15
0.0
-4.440892098500626e-16
-4.996003610813204e-16
2.498001805406602e-16
-3.3306690738754696e-16
3.552713678800501e-15
8.881784197001252e-16
-1.047356214201045e-06
-1.2664902442338644e-06
-8.542859131210888e-07
-8.315099417899319e-07
-5.044093605022226e-07
-2.435937318523429e-07
-1.8293196291097047e-08
-1.1639073038693937e-09
-1.917826564223901e-09
3.774758283725532e-15
4.690692279041286e-15
-2.7755575615628914e-16
0.0
-1.0269562977782698e-15
3.5388358909926865e-16
-2.6645352591003757e-15
-2.6645352591003757e-15
0.0
-1.4417482745443522e-06
-1.699420884904157e-06
-1.1711793330704268e-06
-1.1673990165661507e-06
-6.957330498380543e-07
-3.327117354956499e-07
2.650830666084403e-10
1.379286063141194e-08
-1.9522214955713935e-09
-1.176836406102666e-14
-2.6645352591003757e-15
2.498001805406602e-16
-2.220446049250313e-16
-3.3306690738754696e-16
-6.106226635438361e-16
2.220446049250313e-16
8.881784197001252e-16
0.0
2.3596584952656485e-07
-6.560764020946408e-07
2.514641326278877e-07
2.6097212035836037e-07
1.34445778954273e-07
-2.1926183535470045e-08
-6.249764927801493e-09
-2.0679217449526277e-08
-2.753143643619005e-09
1.2656542480726785e-14
-1.3322676295501878e-15
-5.898059818321144e-17
0.0
-1.1102230246251565e-16
6.661338147750939e-16
1.6653345369377348e-15
-8.881784197001252e-16
4.440892098500626e-16
8.605407231243589e-08
-2.6623474980169703e-07
1.1741455940850186e-07
1.1683425338304687e-07
6.55626735124315e-08
3.7188385704212124e-10
6.664029328362631e-10
-1.693913098677058e-08
-1.603187249621385e-09
-1.4210854715202004e-14
2.6367796834847468e-15
-1.1102230246251565e-16
4.440892098500626e-16
2.1094237467877974e-15
-2.220446049250313e-16
-2.220446049250313e-16
1.7763568394002505e-15
-5.273559366969494e-16
-1.6631648236398178e-07
-1.0022742102933079e-07
-1.0905406977457233e-07
-1.0760800273068584e-07
-5.983971451684056e-08
-3.121692770946538e-08
-1.7567174381838413e-09
-1.7977205502006655e-08
-3.3388037889992006e-09
-6.217248937900877e-15
-3.552713678800501e-15
1.942890293094024e-16
0.0
-2.4424906541753444e-15
0.0
-1.2212453270876722e-15
-4.440892098500626e-16
2.220446049250313e-16
-6.963303178508795e-08
-2.074293874443356e-07
-7.194598516946371e-08
-4.0119735977839355e-08
-2.1765462765444e-08
-2.7085690135209006e-08
-3.096620737608191e-08
-2.2638033669863944e-08
-1.0450022402963555e-08
1.9539925233402755e-14
2.6229018956769323e-15
-5.551115123125783e-17
-6.661338147750939e-16
0.0
-2.220446049250313e-16
1.3322676295501878e-15
-5.551115123125783e-17
0.0
4.428805766565347e-08
-3.3288115730556456e-07
7.753861730463996e-08
1.9233869075208077e-07
1.184588622749061e-07
-9.455433769289812e-09
-1.1316697978713819e-07
-6.676200392519149e-08
-9.593300376309344e-09
-1.887379141862766e-14
-1.1657341758564144e-15
-1.3877787807814457e-16
7.91033905045424e-16
1.3322676295501878e-15
2.220446049250313e-16
2.220446049250313e-16
2.886579864025407e-15
-1.1102230246251565e-16
-3.047165449743261e-06
-1.4889764976544484e-06
-2.169516499783697e-06
-2.093786619639104e-06
-1.1343367223304313e-06
-5.702360041937027e-07
-7.5119764075815e-08
-5.434145755600639e-08
4.897668937076105e-10
0.0
2.3592239273284576e-15
4.163336342344337e-17
-4.440892098500626e-16
0.0
0.0
2.3592239273284576e-16
-1.4155343563970746e-15
-1.1102230246251565e-16
-2.0314811877142347e-06
-2.306808795538018e-06
-1.2839407759202006e-06
-1.3391175563981506e-06
-6.254752591416946e-07
-4.862679077177745e-07
5.487527410252824e-08
4.553154964170858e-08
2.367406271019945e-11
1.7763568394002505e-14
-1.2212453270876722e-15
5.551115123125783e-17
0.0
2.6645352591003757e-15
0.0
-1.5543122344752192e-15
-5.828670879282072e-16
0.0
2.955501244628067e-06
-3.9329484025074635e-06
2.47937025221745e-06
4.889884941405853e-07
3.827638046516313e-07
-2.5836785155775033e-08
1.9903626711226252e-06
1.4906627701094524e-06
3.789977949253398e-07
-1.9984014443252818e-15
-2.275957200481571e-15
-4.163336342344337e-17
0.0
-5.329070518200751e-15
1.7763568394002505e-15
-4.440892098500626e-16
-4.440892098500626e-16
4.440892098500626e-16
1.0818476104956787e-06
-2.040444918804951e-06
1.0545395152661285e-06
-3.565728690091419e-08
6.200281887913661e-08
-5.4654035963608294e-08
1.0906250693665243e-06
8.335401098236163e-07
2.1727340993038524e-07
-2.220446049250313e-16
3.469446951953614e-15
-6.938893903907228e-18
0.0
0.0
8.881784197001252e-16
1.7763568394002505e-15
6.661338147750939e-16
-4.440892098500626e-16
-6.560389493870389e-07
-1.0410625463919132e-06
-7.727417994374264e-07
-5.8007891823308455e-09
-8.209048996121737e-10
-8.917137694908206e-09
-7.652143168002112e-07
-3.933748260465108e-07
-1.9528300043702984e-07
-9.769962616701378e-15
-2.6367796834847468e-15
-2.7755575615628914e-17
-4.440892098500626e-16
0.0
8.881784197001252e-16
-2.220446049250313e-15
2.220446049250313e-15
4.440892098500626e-16
-3.338647900363867e-07
-1.749003217810241e-07
-2.845477808932628e-07
-1.7293011467245378e-09
1.26062915661862e-09
-5.085483811839708e-09
-2.8254397932414577e-07
-1.519090488955044e-07
-3.443335283570548e-08
-1.5543122344752192e-15
-1.4085954624931674e-15
-2.7755575615628914e-17
-1.3322676295501878e-15
2.6645352591003757e-15
-1.7763568394002505e-15
2.220446049250313e-15
1.1102230246251565e-16
-4.440892098500626e-16
-4.176596490879092e-08
-1.4725316077601747e-07
-4.7613561093839956e-08
2.2153052725570888e-09
1.7152035347578476e-09
-5.144769055220877e-10
-4.981509249546434e-08
-1.8824351855073473e-08
-9.856789162654422e-09
5.995204332975845e-15
2.7478019859472624e-15
4.163336342344337e-17
1.3322676295501878e-15
0.0
1.6653345369377348e-15
-2.220446049250313e-15
1.3877787807814457e-16
2.220446049250313e-16
-3.339198784146902e-08
-1.4833435102445947e-07
-4.2209045147956203e-08
2.733008486188737e-09
-6.587530521073859e-11
-7.822875680574271e-10
-4.4958749612078464e-08
-1.3936855225438194e-08
-1.059337506603697e-08
0.0
-7.771561172376096e-16
4.163336342344337e-17
-4.440892098500626e-16
3.9968028886505635e-15
-1.5543122344752192e-15
4.440892098500626e-16
-2.220446049250313e-15
-6.661338147750939e-16
-7.402841362136314e-08
-1.5930665142604994e-07
-7.048685901622775e-08
1.0247394044426983e-09
-7.673852664424885e-10
-9.717004978426758e-10
-7.154262959829794e-08
-2.8077323577235802e-08
-1.4710476392565399e-08
-2.6645352591003757e-15
-1.8041124150158794e-15
-2.7755575615628914e-17
4.440892098500626e-16
-7.882583474838611e-15
-4.440892098500626e-16
0.0
-1.1102230246251565e-15
9.43689570931383e-16
-9.162343772572967e-08
-1.8150870317867884e-07
-7.875347396435473e-08
-1.0304663788929247e-09
-5.058522489775896e-10
-1.4336758447086595e-09
-7.775573251933565e-08
-3.149643035271765e-08
-1.715670094881716e-08
-3.9968028886505635e-15
3.2751579226442118e-15
-6.938893903907228e-17
-8.881784197001252e-16
7.882583474838611e-15
-4.440892098500626e-16
-4.440892098500626e-16
1.3322676295501878e-15
-1.7208456881689926e-15
-6.36566639400371e-08
-1.5698861943747033e-07
-5.1988978455597135e-08
-2.626865835964054e-09
1.184332631964935e-10
-4.808527798161322e-09
-4.956206911543859e-08
-2.0642137776860636e-08
-1.513711822553887e-08
8.215650382226158e-15
-5.551115123125783e-16
0.0
-8.881784197001252e-16
0.0
1.3322676295501878e-15
4.440892098500626e-16
2.220446049250313e-16
1.6653345369377348e-15
5.478545261894396e-08
-3.872617071465356e-08
4.37422249532915e-08
-4.5673225201881e-09
-8.141585183807365e-10
-6.222001802669297e-09
4.79651314001274e-08
2.6467491309745128e-08
6.842029165454733e-10
-3.552713678800501e-15
-2.192690473634684e-15
8.326672684688674e-17
4.440892098500626e-16
-8.43769498715119e-15
0.0
2.220446049250313e-16
1.0547118733938987e-15
-1.1102230246251565e-15
2.1102021463548226e-08
4.3279300143694854e-08
1.4562937744599937e-08
-6.066751012667737e-08
-4.739493419947394e-08
-1.4145197457793302e-08
7.53150992682805e-08
4.2225178020771637e-08
5.443979489427876e-09
-4.440892098500626e-16
2.609024107869118e-15
0.0
2.220446049250313e-16
1.3322676295501878e-15
8.881784197001252e-16
0.0
-9.159339953157541e-16
1.3322676295501878e-15
-4.1029970532235893e-07
4.351294116133886e-07
-3.1832524882702273e-07
-3.5840793266572746e-07
-2.809871526565644e-07
-5.626101406974726e-08
4.0390325306560726e-08
2.2805059396446836e-08
-4.4141756916360464e-10
-8.215650382226158e-15
-3.4139358007223564e-15
-1.6653345369377348e-16
1.887379141862766e-15
1.3322676295501878e-15
-6.661338147750939e-16
-2.220446049250313e-16
2.220446049250313e-16
-2.220446049250313e-16
1.7584742550980078e-08
-8.80834889471771e-08
1.2103924973416724e-08
9.759198782433032e-09
9.036288162178607e-09
-1.440107988415207e-08
2.414685951190876e-09
1.6511430556143127e-09
-8.134009021887323e-09
0.0
3.0253577421035516e-15
1.6653345369377348e-16
-2.373101715136272e-15
2.6645352591003757e-15
2.220446049250313e-16
0.0
-2.220446049250313e-16
-4.440892098500626e-16
-2.279039890140666e-07
1.0063405753157895e-07
-1.657712758174057e-07
-1.2716700226178546e-07
-9.498027297993872e-08
-1.1185148141024115e-08
-3.805823345359727e-08
-2.123228459716131e-08
-1.5211853110486118e-08
1.3766765505351941e-14
1.0824674490095276e-15
2.7755575615628914e-17
1.3322676295501878e-15
0.0
2.220446049250313e-16
-2.220446049250313e-16
1.6653345369377348e-16
-2.220446049250313e-16
-5.321574825245534e-08
-6.990344658674985e-08
-3.9477374258467535e-08
-6.07142780495451e-10
-7.335101415151257e-10
-8.835581377653057e-09
-4.000583153640491e-08
-2.249743613624844e-08
-1.606177590929292e-08
4.6629367034256575e-15
-9.43689570931383e-16
9.71445146547012e-17
-6.661338147750939e-16
-1.7763568394002505e-15
-2.220446049250313e-16
2.220446049250313e-16
-6.661338147750939e-16
4.440892098500626e-16
3.739121368084852e-08
-8.629706371721113e-08
3.4616917332641606e-08
-3.512052870746629e-10
6.933138507747572e-10
-7.356156961346727e-09
3.393552816532974e-08
1.9561424480230016e-08
-4.833161426631705e-09
2.4424906541753444e-15
-2.42861286636753e-16
2.7755575615628914e-17
1.1102230246251565e-15
8.881784197001252e-16
0.0
2.220446049250313e-16
7.216449660063518e-16
-3.3306690738754696e-16
8.270667528620379e-08
-9.062921435543103e-08
7.873242680034309e-08
1.5093526428699988e-10
-4.4722625602844346e-10
-1.5189585145236608e-09
7.941869206717911e-08
4.564669975337665e-08
2.3960780026754946e-09
-1.4654943925052066e-14
8.326672684688674e-17
-2.498001805406602e-16
-1.7763568394002505e-15
0.0
1.1102230246251565e-16
-2.220446049250313e-16
-1.304512053934559e-15
0.0
-1.0557420537793405e-07
-1.5282193999155425e-07
-4.969481892658223e-08
5.537970082514221e-11
5.547207138079102e-11
4.099776518273757e-09
-4.717459134440105e-08
-1.2560468221067822e-08
-5.884817078083415e-09
2.4424906541753444e-15
-2.6645352591003757e-15
0.0
1.5543122344752192e-15
-8.881784197001252e-16
-1.1102230246251565e-16
0.0
9.43689570931383e-16
0.0
-1.4659065481481548e-06
-1.4804465990891913e-06
-1.024588417664063e-06
-4.9376680522073e-10
-2.3577406693675584e-10
1.2919766145813583e-08
-1.0245656802965186e-06
-5.705415007106751e-07
-3.593382125188782e-07
9.992007221626409e-15
4.496403249731884e-15
-2.7755575615628914e-17
-1.7763568394002505e-15
2.220446049250313e-16
0.0
-1.249000902703301e-16
1.7763568394002505e-15
-1.1102230246251565e-16
-8.174928645132695e-07
-8.23898460566852e-07
-5.239488984898344e-07
-4.208568782360089e-08
-2.7677582892238206e-08
-4.5318760744095243e-08
-4.827189457046188e-07
-2.525729435876034e-07
-1.8692973213774167e-07
-6.439293542825908e-15
-2.886579864025407e-15
5.551115123125783e-17
0.0
6.661338147750939e-16
-1.1102230246251565e-16
-1.3877787807814457e-16
-4.440892098500626e-16
2.220446049250313e-16
-1.6176356893993216e-06
-2.6002394406532403e-06
-1.016050784841127e-06
-2.926472575381922e-08
-1.4455645569455555e-08
-6.207111624689787e-08
-9.80928260840841e-07
-4.6343271531412706e-07
-4.3342847888538927e-07
4.6629367034256575e-15
9.645062526431047e-16
2.220446049250313e-16
1.3322676295501878e-15
-8.881784197001252e-16
0.0
3.0531133177191805e-16
-2.220446049250313e-15
4.440892098500626e-16
-4.313849331083475e-07
1.7936849872057792e-07
-4.316879937960039e-07
2.321398824278731e-07
1.3916534769009559e-07
2.597505499579711e-08
-6.658081075361366e-07
-3.9418418951164824e-07
-7.797235634932065e-08
1.5543122344752192e-15
1.0824674490095276e-15
0.0
-4.440892098500626e-16
2.220446049250313e-16
2.220446049250313e-16
1.1102230246251565e-16
2.6645352591003757e-15
-4.440892098500626e-16
-6.4622724949003896e-09
3.5484731597534847e-08
-6.627288939853315e-08
2.2936443855314792e-07
1.3615225924468175e-07
2.222131456619536e-08
-2.9670868872955225e-07
-1.7352516490376502e-07
-3.572145718111486e-08
-1.3322676295501878e-15
-3.247402347028583e-15
-8.326672684688674e-17
-1.1102230246251565e-16
0.0
-2.220446049250313e-16
0.0
-3.552713678800501e-15
0.0
-6.811818309415685e-08
3.0547482765541645e-07
-1.931860040826905e-07
-7.70190879961774e-08
-4.5698048012354775e-08
-1.4235311596166866e-08
-1.1780604936006966e-07
-1.0400906891305793e-07
-1.6075560549388968e-08
-1.176836406102666e-14
2.0539125955565396e-15
2.7755575615628914e-17
1.1102230246251565e-15
6.661338147750939e-16
-1.1102230246251565e-16
0.0
2.6645352591003757e-15
-8.881784197001252e-16
5.56292462761121e-07
-4.3968487517531685e-07
6.462689299269186e-07
-1.0647670478647342e-07
-6.097856086739739e-08
-1.7057146806109813e-08
7.492228082384145e-07
4.861520990218082e-07
1.8946822971654953e-07
1.5765166949677223e-14
-1.1379786002407855e-15
4.163336342344337e-17
0.0
0.0
1.1102230246251565e-16
4.440892098500626e-16
0.0
1.7763568394002505e-15
-1.512490470645389e-07
7.001169421982922e-08
-1.3779007090874984e-07
-5.842054306981482e-08
-3.3146429601060845e-08
-1.5549780130186264e-08
-8.225279479745495e-08
-5.671115044236785e-08
-4.054395486008389e-09
-4.884981308350689e-15
1.1934897514720433e-15
0.0
-2.220446049250313e-16
4.440892098500626e-16
0.0
-4.440892098500626e-16
-5.329070518200751e-15
-1.7763568394002505e-15
1.5681502674169678e-07
7.325277806558006e-08
6.978015676395444e-08
1.529901538788181e-09
1.4169321271850777e-09
-1.1051078274704196e-08
6.462257040595887e-08
-5.032050331976734e-10
-8.514133842396632e-10
-4.6629367034256575e-15
-4.926614671774132e-16
0.0
-2.220446049250313e-16
7.563394355258879e-16
0.0
8.881784197001252e-16
1.7763568394002505e-15
1.7763568394002505e-15
-3.2526429549761815e-08
-1.9640555137812044e-07
2.956834332934477e-08
-4.919797902402934e-10
1.0741071365671928e-09
-1.3341150406631641e-09
2.9299211945499337e-08
4.5723403729880374e-08
3.2940168370743095e-09
-5.440092820663267e-15
-2.0062076999671774e-15
-1.3877787807814457e-17
2.220446049250313e-16
-1.9984014443252818e-15
0.0
-8.881784197001252e-16
1.7763568394002505e-15
5.551115123125783e-16
-1.54820966713487e-07
-3.8392150258914626e-07
4.282280308132158e-09
-9.851550686335031e-10
8.419802632886331e-10
3.758614752769063e-09
6.836362587137046e-09
8.737436374417484e-08
1.2307973085157187e-08
7.993605777301127e-15
2.9325500361387924e-15
-4.119968255444917e-17
-6.661338147750939e-16
4.440892098500626e-16
7.771561172376096e-16
-8.881784197001252e-16
2.886579864025407e-15
-6.661338147750939e-16
1.170715187015503e-07
-2.9596230888273567e-07
1.412597359085055e-07
2.9966755299426495e-08
1.837609131527529e-08
5.150582182977814e-09
1.1304061686701061e-07
1.0673597472532492e-07
2.352062700161639e-08
4.551914400963142e-15
-1.4346163146328195e-15
6.938893903907228e-17
-2.220446049250313e-16
4.440892098500626e-16
-2.3592239273284576e-16
2.220446049250313e-15
-4.947431353485854e-15
-4.440892098500626e-16
3.8096041521384905e-07
-2.9747218910358697e-08
2.336102817857011e-07
3.0528735095458615e-08
1.8438711446577827e-08
1.0235723379992123e-08
2.0550223567283865e-07
7.907927290773387e-08
2.8484901326564227e-08
-1.6653345369377348e-15
2.4216739724636227e-15
-2.7755575615628914e-17
2.220446049250313e-16
-4.440892098500626e-16
-1.942890293094024e-16
0.0
6.661338147750939e-16
-8.881784197001252e-16
3.0917828297560845e-07
-7.792557710217807e-10
1.7510487770877603e-07
1.9923865224313886e-08
1.2367718182915155e-08
1.4528282576975471e-08
1.5799593455767535e-07
4.866534375480569e-08
2.4264569464804708e-08
-2.55351295663786e-15
4.440892098500626e-16
-5.551115123125783e-17
0.0
-1.2212453270876722e-15
0.0
0.0
7.105427357601002e-15
8.881784197001252e-16
1.4034045214827984e-07
-7.95056696034635e-08
6.561478826938583e-08
4.926025809481871e-09
3.866577835687224e-09
1.3723635561291303e-08
6.298535915050252e-08
1.5150234400351792e-08
1.001629312824548e-08
2.886579864025407e-15
1.8735013540549517e-16
1.1102230246251565e-16
0.0
1.7763568394002505e-15
-3.3306690738754696e-16
-2.220446049250313e-16
-3.1086244689504383e-15
0.0
-1.1494405072198788e-07
1.5209110415526084e-07
-1.5747531101339973e-07
-2.7767712906801023e-08
-1.5080840798376016e-08
7.2264754180650925e-09
-1.282560297966029e-07
-1.4475444531925064e-07
-3.58073570794204e-08
-8.548717289613705e-15
-4.154662724964453e-15
0.0
0.0
-1.4432899320127035e-15
1.1102230246251565e-16
-1.3322676295501878e-15
8.881784197001252e-16
-4.440892098500626e-16
-1.1797944026170626e-06
1.3497790121164144e-06
-1.0075487182348297e-06
-7.293946612668689e-08
-4.136308895397178e-08
-2.3320936293202976e-09
-9.33719869422589e-07
-8.303246972207745e-07
-1.7416462017028067e-07
9.325873406851315e-15
1.6167622796103842e-15
0.0
0.0
1.1102230246251565e-15
2.220446049250313e-16
1.7763568394002505e-15
0.0
-8.881784197001252e-16
-3.3010252167287035e-06
3.475121872043019e-06
-2.4567945420272963e-06
-1.082436891230998e-07
-6.205943092751909e-08
-1.319830289503443e-08
-2.3481911100020625e-06
-1.9579581643780486e-06
-3.0148277441188753e-07
-6.5503158452884236e-15
1.8041124150158794e-16
5.551115123125783e-17
-2.220446049250313e-16
1.0547118733938987e-15
2.7755575615628914e-16
-2.3314683517128287e-15
-1.7763568394002505e-15
4.440892098500626e-16
-2.3740145351780484e-06
2.26069319353428e-06
-1.5800904051843645e-06
-1.3269029763840479e-07
-7.632265042190056e-08
-2.4822448096983862e-08
-1.447426726919332e-06
-1.1657436006506927e-06
-1.043136061973371e-07
-5.10702591327572e-15
2.6367796834847468e-15
-1.3877787807814457e-16
8.881784197001252e-16
-1.6930901125533637e-15
-5.551115123125783e-16
-1.249000902703301e-16
-2.6645352591003757e-15
-4.440892098500626e-16
-8.403565843195793e-07
3.589999977293701e-07
-5.385910490929291e-07
-1.6394435320421508e-07
-9.409519385883414e-08
-3.9204799406888924e-08
-3.745580992031705e-07
-2.7166024629821095e-07
-5.519034007583912e-09
8.43769498715119e-15
-5.162537064506978e-15
1.3877787807814457e-16
-4.440892098500626e-16
8.187894806610529e-16
2.7755575615628914e-16
2.0261570199409107e-15
0.0
0.0
-6.54877965189371e-07
-2.2699462931541348e-07
-4.695261512921433e-07
-2.8020322506705497e-07
-1.6039836836512222e-07
-7.280656433295007e-08
-1.8884838121069333e-07
-1.0707170350343631e-07
-1.296649135285044e-09
-4.884981308350689e-15
1.2490009027033011e-15
2.7755575615628914e-17
-6.661338147750939e-16
-7.355227538141662e-16
5.551115123125783e-17
-1.1102230246251565e-16
1.7763568394002505e-15
0.0
-9.80969332431414e-07
-5.126714626157991e-07
-7.338598955186626e-07
-6.146289805997185e-07
-3.5293954930848415e-07
-1.5938077524424443e-07
-1.1922564269184477e-07
-5.517805590216085e-08
-5.272425496194444e-09
7.549516567451064e-15
3.747002708109903e-15
5.377642775528102e-17
8.881784197001252e-16
-6.106226635438361e-16
-4.440892098500626e-16
1.4085954624931674e-15
-1.3322676295501878e-15
-1.1102230246251565e-16
-1.2131284705674261e-06
-6.972629620349835e-07
-8.877502111204193e-07
-8.129539192935908e-07
-4.6987077118032516e-07
-2.3199020660058522e-07
-7.624890585589128e-08
-3.060505093799293e-08
-7.055253048449117e-09
-9.992007221626409e-15
-2.7755575615628914e-15
-1.1102230246251565e-16
-8.881784197001252e-16
-2.220446049250313e-16
2.220446049250313e-16
-1.5543122344752192e-15
4.440892098500626e-16
2.220446049250313e-16
-6.610681566598942e-07
-6.888897701173846e-07
-4.0754074959181713e-07
-3.5324711689099786e-07
-2.0722079874246901e-07
-1.6483328124650143e-07
-5.659826207704555e-08
-2.6608843128883564e-08
-4.384287155545508e-09
2.0650148258027912e-14
-1.8318679906315083e-15
-1.6653345369377348e-16
1.6653345369377348e-16
2.220446049250313e-15
2.220446049250313e-16
-1.3322676295501878e-15
1.7763568394002505e-15
2.220446049250313e-16
-1.248043020041223e-07
-6.672222667702954e-07
3.4596983944368276e-08
5.318359086459167e-08
3.545927373949098e-08
-8.032316856088073e-08
-1.8588742989322782e-08
-1.1958532830647073e-08
5.1977366855027185e-09
-5.773159728050814e-15
2.914335439641036e-15
0.0
-5.551115123125783e-16
0.0
-4.440892098500626e-16
1.3322676295501878e-15
-1.7763568394002505e-15
-1.1102230246251565e-16
1.300118540115136e-05
-7.797928944341947e-06
9.438911646952874e-06
9.38650295267962e-08
8.168373888395308e-08
-6.375620387188974e-08
9.342433834547137e-06
6.142313884627271e-06
1.5670441300130733e-06
-1.021405182655144e-14
-1.4432899320127035e-15
1.6653345369377348e-16
6.661338147750939e-16
0.0
8.881784197001252e-16
9.992007221626409e-16
4.440892098500626e-16
0.0
6.316904208603091e-06
-1.6348863027815241e-06
5.020727762428123e-06
2.671932257669596e-07
1.7622540227080208e-07
9.028887415496456e-09
4.748968592593883e-06
2.922760403478719e-06
6.276442512387348e-07
-1.2878587085651816e-14
-5.828670879282072e-16
1.1102230246251565e-16
-4.440892098500626e-16
-3.552713678800501e-15
-4.440892098500626e-16
-1.2212453270876722e-15
-4.440892098500626e-16
-2.7755575615628914e-16
1.947261974777348e-06
-5.45447079502992e-07
1.5174331764455928e-06
5.294040761327778e-09
2.2483490624836122e-09
1.8005287039102313e-08
1.5119876195512916e-06
9.451151754547026e-07
2.1752154566456738e-07
1.3100631690576847e-14
-4.787836793695988e-16
-5.551115123125783e-17
4.440892098500626e-16
8.881784197001252e-16
-8.881784197001252e-16
2.7755575615628914e-17
8.881784197001252e-16
2.220446049250313e-16
1.0726116279613505e-06
-2.9472076334968733e-07
8.642093334287893e-07
-6.311054789875925e-09
-3.951551086345262e-09
6.016409592746186e-12
8.726120626079137e-07
5.496036408203508e-07
1.341604090043802e-07
1.7763568394002505e-14
-8.014422459012849e-16
-2.7755575615628914e-17
0.0
1.7763568394002505e-15
0.0
6.661338147750939e-16
-4.440892098500626e-16
-2.220446049250313e-16
5.039132719986128e-07
-2.296201273566112e-08
4.6949445220434427e-07
-3.5297603062645067e-08
-2.2143462174994966e-08
3.7451570733537665e-09
5.060783934141e-07
3.216756923052344e-07
1.071065085511691e-07
-2.020605904817785e-14
-8.326672684688674e-17
0.0
0.0
0.0
2.220446049250313e-16
-2.220446049250313e-16
1.2212453270876722e-15
3.885780586188048e-16
-4.790285199618438e-07
5.637781157474819e-07
-4.2923498000391197e-07
-5.465801535819992e-07
-3.697168082794633e-07
-9.657364641313393e-08
1.1667612653809557e-07
8.744422785866846e-08
6.970135046913128e-08
-1.9317880628477724e-14
1.5265566588595902e-15
5.551115123125783e-17
0.0
-2.220446049250313e-15
8.881784197001252e-16
-2.220446049250313e-16
-1.9984014443252818e-15
-2.220446049250313e-16
-3.240087458777907e-06
2.6746868115878897e-06
-3.411128857822021e-06
-3.191565802751484e-06
-2.261074968146204e-06
-6.349946541917006e-07
-2.181476048690456e-07
-9.46114369071438e-08
-2.906462981400182e-08
4.196643033083092e-14
1.1102230246251565e-15
-1.3877787807814457e-17
-8.881784197001252e-16
1.7763568394002505e-15
2.7755575615628914e-16
8.881784197001252e-16
6.661338147750939e-16
-6.661338147750939e-16
6.859546886062162e-08
-5.68637830156149e-07
9.903784814468965e-08
2.459786472286396e-07
1.787683991949507e-07
6.6709791468611e-08
-1.4652338720111402e-07
-5.5489977057732176e-08
-2.1439266362222043e-08
-9.992007221626409e-15
-6.106226635438361e-16
1.3877787807814457e-17
-8.881784197001252e-16
1.9984014443252818e-15
-1.9984014443252818e-15
-2.220446049250313e-16
1.2212453270876722e-15
0.0
-2.4363714601349784e-08
-4.862167273245177e-07
-1.8267485302203568e-09
1.4310220564084375e-07
1.0615093160026845e-07
3.645410728836396e-08
-1.448422821681561e-07
-5.3102539254723524e-08
-1.9706536846797462e-08
1.9984014443252818e-15
-1.8318679906315083e-15
-1.3877787807814457e-17
1.7763568394002505e-15
-5.995204332975845e-15
2.220446049250313e-15
-1.7763568394002505e-15
0.0
7.771561172376096e-16
-2.2864790594212534e-07
-4.890812590474525e-07
-1.8034809556866094e-07
9.378902277035195e-08
7.271822255461302e-08
2.4804903020481103e-08
-2.741139368822587e-07
-1.2228088053234387e-07
-3.231091127986474e-08
-3.774758283725532e-15
5.023759186428833e-15
-6.938893903907228e-18
-2.220446049250313e-15
8.631984016460592e-15
0.0
1.3322676295501878e-15
-2.4424906541753444e-15
2.220446049250313e-16
-2.5982614282327177e-07
-3.9669374984896416e-07
-1.7839240840089587e-07
8.493813297150155e-08
6.746792280409863e-08
2.0342632467418298e-08
-2.6349401061054323e-07
-1.1140531341879978e-07
-3.692088412776684e-09
4.884981308350689e-15
-1.8318679906315083e-15
0.0
8.881784197001252e-16
-8.382183835919932e-15
-1.3322676295501878e-15
-4.440892098500626e-16
0.0
-8.881784197001252e-16
-1.034421188705892e-07
4.126244732560736e-07
5.045287565508261e-08
4.814441112444001e-08
3.855656061091395e-08
5.656964674471965e-09
2.4230430994975904e-09
3.045660790235161e-08
1.3716877766967173e-07
3.3306690738754696e-15
4.0245584642661925e-16
6.938893903907228e-18
6.661338147750939e-16
5.10702591327572e-15
8.881784197001252e-16
-4.440892098500626e-16
4.440892098500626e-16
9.992007221626409e-16
2.004539041422504e-07
1.2461299832011719e-06
3.490292215246882e-07
3.142831062064033e-08
2.528994613726354e-08
5.408118397554062e-11
3.1637565722775207e-07
2.022562632930658e-07
2.7280782344263343e-07
-3.3306690738754696e-15
-5.828670879282072e-16
-6.938893903907228e-18
8.881784197001252e-16
-3.9968028886505635e-15
4.440892098500626e-16
0.0
2.220446049250313e-16
-7.771561172376096e-16
3.218223305623269e-07
7.608593080021819e-07
3.68893292801431e-07
1.7107163685636806e-08
1.2490151135580163e-08
-6.605908708934294e-09
3.464713440592959e-07
2.4052373071015154e-07
2.1776092173908523e-07
-1.6209256159527285e-14
4.874572967494828e-16
0.0
-1.6653345369377348e-16
2.6645352591003757e-15
-4.440892098500626e-16
0.0
1.9984014443252818e-15
-3.3306690738754696e-16
3.714693974643524e-08
-6.244673613764461e-07
6.35054444586558e-08
3.2395047533384513e-08
2.5134637482437938e-08
-1.5061286440243293e-08
2.7824234472006992e-08
6.086339698896381e-08
7.462496398602525e-09
-3.3306690738754696e-15
-1.7763568394002505e-15
0.0
-3.1086244689504383e-15
2.6645352591003757e-15
-2.220446049250313e-16
-4.440892098500626e-16
-1.1102230246251565e-15
1.4988010832439613e-15
1.6881969679971576e-06
1.5829821222723695e-06
1.0884197774174709e-06
6.163199883779669e-08
5.197169095083609e-08
-1.1690694190491513e-08
1.035662105408619e-06
4.213923932155917e-07
-1.0484843215863293e-08
-1.2434497875801753e-14
1.3461454173580023e-15
0.0
2.220446049250313e-15
-1.7763568394002505e-15
-4.440892098500626e-16
-4.440892098500626e-16
-5.551115123125783e-16
-1.1102230246251565e-16
2.1480261933604083e-06
1.721619037198252e-05
-1.3707800792239766e-06
-4.472496017982053e-08
-3.742917610571883e-08
-7.728324979972001e-09
-1.321320918151736e-06
-1.8714546925480136e-06
-9.248230199432328e-07
1.9317880628477724e-14
1.1657341758564144e-15
-2.7755575615628914e-17
-1.1102230246251565e-15
0.0
2.220446049250313e-16
0.0
3.469446951953614e-16
-1.887379141862766e-15
1.2238420916688142e-06
3.8118386527230545e-06
-1.8439876264819688e-07
-2.8808022634052577e-09
1.006679184456516e-08
-1.498798407606472e-08
-1.890320202591056e-07
-5.136748484346754e-07
-4.071671355632134e-07
-6.217248937900877e-15
4.996003610813204e-16
5.551115123125783e-17
-8.881784197001252e-16
-1.7763568394002505e-15
0.0
0.0
-6.661338147750939e-16
1.1102230246251565e-15
7.535734871666477e-07
-5.549955375272475e-07
5.706556542861563e-07
-4.0045122773335606e-10
-6.16496187433313e-09
-2.7704251115423517e-09
5.698947473931071e-07
2.3266897386520213e-07
-1.289287467898248e-07
-1.2878587085651816e-14
-4.912736883966318e-15
2.7755575615628914e-17
-3.3306690738754696e-16
8.881784197001252e-16
0.0
0.0
1.5543122344752192e-15
1.1102230246251565e-16
2.353657215792282e-07
-5.327498016072241e-07
2.0459182081822291e-07
3.2183384846007357e-09
4.577453083243199e-09
-6.902796112484566e-10
2.0226073971230105e-07
9.555681046435893e-08
-6.509023364742461e-08
3.1530333899354446e-14
2.9976021664879227e-15
-8.326672684688674e-17
2.1094237467877974e-15
2.220446049250313e-16
1.1102230246251565e-16
4.440892098500626e-16
-1.7763568394002505e-15
7.494005416219807e-16
-2.6163549904367756e-07
-5.687175388402466e-07
-2.0932097655190773e-07
7.634348708762673e-08
5.6144987325978946e-08
2.0502877173811385e-08
-2.838455106513038e-07
-1.560395803679171e-07
-9.360722685869405e-08
-8.215650382226158e-15
-1.908195823574488e-15
1.3877787807814457e-16
-9.575673587391975e-16
-4.718447854656915e-16
5.551115123125783e-17
-1.1102230246251565e-15
6.661338147750939e-16
1.6653345369377348e-16
-3.420672740617192e-07
-5.334096613296424e-07
-2.4086807570711244e-07
1.0063889854805552e-07
7.081025099608951e-08
3.569030404548812e-08
-3.39913224678412e-07
-1.8363262732634666e-07
-1.0435297781441477e-07
-2.7533531010703882e-14
3.66720542821497e-15
-1.3877787807814457e-16
1.1102230246251565e-16
6.661338147750939e-16
-4.440892098500626e-16
1.1102230246251565e-16
-2.220446049250313e-16
-1.9984014443252818e-15
-3.692443186764649e-07
-4.241554165673733e-07
-2.357896562443784e-07
-2.833172774163728e-08
-2.09086645774903e-08
-4.6619336169229086e-08
-2.068743931715744e-07
-1.1030194535521787e-07
-9.709107473554468e-08
1.3988810110276972e-14
-4.0245584642661925e-16
8.326672684688674e-17
1.1102230246251565e-16
-6.661338147750939e-16
-4.440892098500626e-16
2.7755575615628914e-16
6.661338147750939e-16
8.881784197001252e-16
-3.852525338743362e-07
-5.003362844036019e-07
-2.5407216242001596e-07
-1.0864257937726052e-08
-6.7556686911274255e-09
-2.536076182391156e-08
-2.4364334194615367e-07
-1.31803648883988e-07
-1.1031561086838337e-07
2.4424906541753444e-14
8.604228440844963e-16
-3.469446951953614e-17
-2.220446049250313e-16
8.326672684688674e-17
4.440892098500626e-16
8.326672684688674e-17
-8.881784197001252e-16
-4.440892098500626e-16
-1.2316331918782453e-06
-5.518068348919769e-07
-9.49218684098696e-07
-2.1970159025386238e-09
5.092717358934351e-10
-1.0800735306126796e-08
-9.482252778525436e-07
-5.185149305475534e-07
-2.3642712676519295e-07
-3.68594044175552e-14
-3.969047313034935e-15
6.418476861114186e-17
-4.440892098500626e-16
-2.220446049250313e-16
-4.440892098500626e-16
-4.440892098500626e-16
3.1086244689504383e-15
8.881784197001252e-16
-1.4341358109959401e-06
-6.165705457306103e-07
-1.0540362467281739e-06
-1.886719225296929e-08
-1.1096229712848071e-08
-3.6505172218426196e-09
-1.0352793538004335e-06
-5.480115810030384e-07
-2.722960772416627e-07
6.217248937900877e-15
2.275957200481571e-15
-3.8163916471489756e-17
1.7208456881689926e-15
1.7763568394002505e-15
3.400058012914542e-16
4.440892098500626e-16
-1.7763568394002505e-15
0.0
-4.283756283030016e-07
-5.503754678670703e-07
4.7641155020983206e-08
8.937121105390133e-07
4.834572395751024e-07
1.3461780312695734e-07
-8.361737666717773e-07
-3.847588629923848e-07
-2.7198446161946777e-07
1.887379141862766e-14
-2.1371793224034263e-15
-6.245004513516506e-17
-1.3322676295501878e-15
2.220446049250313e-16
-8.881784197001252e-16
0.0
-1.7763568394002505e-15
-4.440892098500626e-16
-5.626590962037881e-07
-9.818952548812376e-07
-5.203324966451817e-07
-5.444223702966156e-07
-3.3057770565392275e-07
-1.1115478315559812e-07
3.4714435770411e-08
6.763828697131657e-08
3.080982358127926e-09
-2.6423307986078726e-14
2.9351521213527576e-15
-2.7755575615628914e-17
2.220446049250313e-16
0.0
8.881784197001252e-16
0.0
8.881784197001252e-16
0.0
-7.35575980570502e-07
-7.562253898640847e-07
-5.813326668935304e-07
-5.109045027040793e-07
-2.9535043433170927e-07
-7.566649884438448e-08
-6.561820509176641e-08
4.532910846677396e-08
1.9564957209894374e-08
9.547918011776346e-15
-5.134781488891349e-16
4.163336342344337e-17
0.0
-2.220446049250313e-16
0.0
0.0
-2.6645352591003757e-15
-8.881784197001252e-16
-4.6669586595271545e-07
-1.2913258728985966e-07
-4.0098001097277347e-07
-2.659661539894387e-07
-1.6804285907223715e-07
-5.907266142912704e-08
-1.3695607314900826e-07
-2.381158381581372e-08
1.0692193436190323e-08
1.709743457922741e-14
1.0755285551056204e-15
8.326672684688674e-17
4.440892098500626e-16
-1.1102230246251565e-15
0.0
4.440892098500626e-16
0.0
8.881784197001252e-16
-3.682283988837298e-07
-2.0232491237948125e-07
-3.9861698297727344e-07
-3.9630437598248136e-07
-2.0471049166914668e-07
-4.296139621828843e-08
-1.0183581089506788e-08
-2.823776767968411e-09
4.323996216637482e-09
-1.7763568394002505e-15
-4.066191827689636e-15
-1.249000902703301e-16
0.0
4.996003610813204e-16
-2.220446049250313e-16
4.440892098500626e-16
5.329070518200751e-15
-4.440892098500626e-16
-3.536684545224489e-08
-2.219027805949736e-07
-8.265462625445252e-08
-1.4758437671957836e-07
-7.66572361143858e-08
-1.101105340239883e-08
6.127091700669496e-08
4.9454401185311525e-08
3.735578735231115e-09
6.217248937900877e-15
3.497202527569243e-15
1.1102230246251565e-16
-6.661338147750939e-16
-8.187894806610529e-16
2.220446049250313e-16
-2.220446049250313e-15
-4.440892098500626e-16
1.609823385706477e-15
5.8664504365424364e-08
-3.574767362124476e-07
4.632242500690609e-08
-4.051447177744194e-08
-2.1158240492979985e-08
-4.33179536685202e-09
8.50880596814374e-08
1.0394559701865091e-07
1.3336480364500858e-08
-2.3092638912203256e-14
-3.885780586188048e-15
0.0
-4.440892098500626e-16
1.1102230246251565e-15
1.1102230246251565e-16
1.7763568394002505e-15
2.6645352591003757e-15
-9.43689570931383e-16
1.8373019372575072e-07
-3.403467871976318e-07
1.220494700859831e-07
-2.6187871260408005e-08
-1.5299001177027094e-08
-4.110283668978809e-09
1.480371982776063e-07
1.3467683590562274e-07
2.735215032245719e-08
3.352873534367973e-14
3.316791286067655e-15
0.0
4.440892098500626e-16
-1.3322676295501878e-15
-1.6653345369377348e-16
4.440892098500626e-16
4.996003610813204e-16
-8.881784197001252e-16
4.329638585431894e-07
-1.7134511764993474e-07
2.5619310006774754e-07
-1.1546564537834314e-08
-6.986383027651755e-09
-1.2652634495680104e-09
2.6775888056773667e-07
1.477076132516686e-07
3.1921900012221727e-08
1.7763568394002505e-15
-3.4555691641457997e-15
5.551115123125783e-17
2.220446049250313e-16
-4.440892098500626e-16
2.7755575615628914e-17
-1.5543122344752192e-15
-3.552713678800501e-15
4.440892098500626e-16
5.342236590877292e-07
-6.784781536595119e-08
3.3099276741666017e-07
2.0551708224125775e-08
1.1230703478304349e-08
1.6569288163736928e-09
3.104254235886117e-07
1.3937240916916949e-07
2.9614260377286428e-08
-3.774758283725532e-14
1.27675647831893e-15
0.0
-4.440892098500626e-16
2.3314683517128287e-15
6.938893903907228e-17
1.1102230246251565e-15
-4.440892098500626e-15
-2.220446049250313e-16
5.021750197897745e-07
-1.5876596570763013e-07
3.5283088273274643e-07
2.544294175343964e-08
1.3956906297352134e-08
-3.586407615330245e-09
3.272091606554284e-07
1.592574210285136e-07
3.081389077230767e-08
2.398081733190338e-14
-1.457167719820518e-15
0.0
0.0
-1.4432899320127035e-15
-2.498001805406602e-16
9.992007221626409e-16
7.993605777301127e-15
0.0
5.240181266685795e-07
-3.905017820216017e-07
4.247648544009052e-07
-1.7873482582864142e-08
-1.1204699390532369e-08
-1.6020862858567853e-08
4.425175004207915e-07
2.610381331646927e-07
4.701681244334566e-08
-2.531308496145357e-14
1.6653345369377348e-16
-5.551115123125783e-17
2.220446049250313e-16
-1.1102230246251565e-16
5.551115123125783e-17
-3.4416913763379853e-15
-2.6645352591003757e-15
4.440892098500626e-16
8.215527955712787e-07
-8.290184041470638e-07
6.590932493111268e-07
-6.539756136625385e-08
-3.894846400953611e-08
-2.634856599570412e-08
7.245244559861419e-07
4.793965395766264e-07
6.210845471255055e-08
2.9976021664879227e-14
1.457167719820518e-15
1.6653345369377348e-16
0.0
4.440892098500626e-16
2.220446049250313e-16
-1.6653345369377348e-16
-5.329070518200751e-15
4.440892098500626e-16
3.9341939661596825e-07
-6.617949850351579e-07
2.1659796267670117e-07
-8.325904321537791e-08
-5.053980700608918e-08
-3.157055061819847e-08
2.99922511270978e-07
1.3049514757668135e-07
-8.081341013044252e-08
-1.021405182655144e-14
1.0859368959614812e-15
0.0
0.0
2.220446049250313e-16
1.1102230246251565e-16
1.897787482718627e-15
4.440892098500626e-15
0.0
-1.5804054928070244e-06
8.850361155054998e-07
-1.2367560504600306e-06
-1.1902944585528985e-07
-7.572560889457236e-08
-4.709205114750148e-08
-1.117754274915228e-06
-9.740489397280783e-07
-2.4392493419567174e-07
-2.6645352591003757e-15
1.5300261058115439e-15
5.551115123125783e-17
2.220446049250313e-16
-4.440892098500626e-16
-5.551115123125783e-16
-4.996003610813204e-16
-8.881784197001252e-16
0.0
-1.911224535078304e-06
9.296398104652326e-07
-1.32500845673178e-06
-1.7941587859837682e-07
-1.201648398563293e-07
-7.865282469765589e-08
-1.145859849449593e-06
-9.793313098249712e-07
-1.6878784922513823e-07
-1.7985612998927536e-14
-4.4825254619240695e-15
-5.551115123125783e-17
2.220446049250313e-16
3.3306690738754696e-16
-1.1102230246251565e-16
3.3306690738754696e-16
-3.552713678800501e-15
0.0
-1.4737071367676435e-06
7.219423139304126e-07
-8.717892008291984e-07
-9.549296547950448e-08
-8.181311450528028e-08
-9.021504610018383e-08
-7.769182235328742e-07
-7.033058952998772e-07
-1.0428874555601375e-07
1.5765166949677223e-14
4.107825191113079e-15
-4.440892098500626e-16
-4.440892098500626e-16
-9.71445146547012e-16
8.326672684688674e-17
7.771561172376096e-16
1.7763568394002505e-15
2.220446049250313e-16
-1.2032065441758277e-06
1.0797178404686747e-06
-5.327987988579252e-07
9.850718729609298e-08
2.7550493442163315e-08
-7.523320277869061e-08
-6.320150109928591e-07
-5.680473469382719e-07
-8.53915949061701e-08
2.4202861936828413e-14
-2.5118795932144167e-15
5.551115123125783e-17
0.0
-6.938893903907228e-18
4.996003610813204e-16
8.881784197001252e-16
-8.881784197001252e-16
0.0
-1.3914196799191814e-06
1.636771180812957e-06
-5.872835320275271e-07
1.5113801410393535e-07
6.384785322666175e-08
-7.116304345800017e-08
-7.382123339283453e-07
-5.612316282821439e-07
-9.977122900073354e-08
-2.7755575615628914e-14
-1.4849232954361469e-15
5.551115123125783e-16
6.661338147750939e-16
8.881784197001252e-16
-4.440892098500626e-16
-1.1102230246251565e-16
0.0
4.440892098500626e-16
-1.983839098329554e-06
2.0313173116903727e-06
-1.0508930117225646e-06
1.9688169317078064e-08
-4.518291518706974e-09
-9.332340766832203e-08
-1.068694054140451e-06
-7.036276699068367e-07
-1.601227277436834e-07
8.881784197001252e-15
2.067790383364354e-15
-1.1102230246251565e-16
-4.440892098500626e-16
-1.1102230246251565e-16
0.0
-2.1094237467877974e-15
-1.3322676295501878e-15
-2.0296264668928643e-16
-2.4266507097081553e-06
1.8650796604902098e-06
-1.5295332751463775e-06
8.340673929296827e-09
-7.126391921019604e-09
-1.0091538626966212e-07
-1.5363003136314999e-06
-9.561390807988346e-07
-2.5730098585086125e-07
6.439293542825908e-15
1.1379786002407855e-15
-4.579669976578771e-16
4.440892098500626e-16
2.220446049250313e-16
0.0
2.4424906541753444e-15
-1.1102230246251565e-16
0.0
-2.5947346813381955e-06
9.122433297648058e-07
-1.8827434402624021e-06
-2.7965038285060473e-07
-1.6785285522624704e-07
-1.7039633348758798e-07
-1.601466962597442e-06
-1.018996513835191e-06
-3.121651324100583e-07
-2.3314683517128287e-14
-1.4849232954361469e-15
1.457167719820518e-16
-5.551115123125783e-17
-1.5543122344752192e-15
0.0
-3.3306690738754696e-16
8.881784197001252e-16
0.0
-3.262452953833872e-05
-2.348982702571334e-06
-2.6869458572775784e-05
-2.058616228595156e-06
-1.1749821853257458e-06
-5.556956992336382e-07
-2.480510418578774e-05
-1.4250434091422903e-05
-2.7527695798390543e-06
3.419486915845482e-14
2.914335439641036e-16
4.163336342344337e-17
-1.6653345369377348e-16
1.3322676295501878e-15
0.0
-9.992007221626409e-16
1.3322676295501878e-15
4.440892098500626e-16
-5.5084776761304965e-05
-3.190570176414553e-05
-5.2894275398784885e-05
-2.3150047319120404e-06
-1.2782405720557222e-06
-6.732724031621728e-07
-5.057286064769073e-05
-2.9010267418527746e-05
-9.372176332789195e-06
-3.1308289294429414e-14
-2.095545958979983e-15
-1.249000902703301e-16
-2.220446049250313e-16
0.0
4.440892098500626e-16
-7.771561172376096e-16
0.0
0.0
-1.733911915380304e-05
-1.3432414775138566e-05
-1.623687660767814e-05
-7.406522151143236e-07
-3.0904144487919893e-07
-3.703840487645493e-07
-1.5492818334905678e-05
-8.715549959958935e-06
-3.1203176718008763e-06
1.2212453270876722e-14
-2.7755575615628914e-17
4.3021142204224816e-16
0.0
-1.7763568394002505e-15
0.0
2.220446049250313e-16
-8.881784197001252e-16
0.0
-6.723511532413795e-06
-5.591720736219941e-06
-6.679316371105415e-06
1.5494741489874286e-08
3.594453790167762e-09
-2.132421728084921e-08
-6.700887517752108e-06
-3.701440858705496e-06
-1.4529689167375182e-06
-1.5543122344752192e-15
2.192690473634684e-15
-2.7755575615628914e-17
-8.881784197001252e-16
0.0
0.0
4.440892098500626e-16
-8.881784197001252e-16
0.0
-1.358464174927576e-06
-3.5356498813143844e-06
-1.6935285245267553e-06
2.31256791494161e-10
-3.9078593694341635e-09
-1.02190274020586e-08
-1.7006564263510882e-06
-8.607714345743034e-07
-6.314302964938179e-07
-9.325873406851315e-15
-2.192690473634684e-15
-3.7470027081099033e-16
4.440892098500626e-16
-1.7763568394002505e-15
-4.440892098500626e-16
1.3322676295501878e-15
1.5543122344752192e-15
2.220446049250313e-16
6.118932631693496e-07
-2.8468352581967338e-06
1.5327934477227248e-07
-2.974338997319137e-09
-2.7237901378818208e-09
-3.273997073449664e-09
1.495839185849945e-07
1.7951999531362617e-07
-3.3312169023247407e-07
2.55351295663786e-14
1.3166551182663966e-15
1.3877787807814457e-16
0.0
1.7763568394002505e-15
-6.661338147750939e-16
-1.5543122344752192e-15
-2.0539125955565396e-15
4.440892098500626e-16
9.311772544151608e-07
-2.612277455682488e-06
5.243595921911037e-07
-7.444949545742929e-09
-6.972800115079281e-10
2.571244217541846e-09
5.259162776383164e-07
3.8181029715644854e-07
-2.60629008153046e-07
-2.1316282072803006e-14
4.107825191113079e-15
-2.7755575615628914e-16
0.0
8.881784197001252e-16
2.1840168562548e-15
6.661338147750939e-16
-1.6653345369377348e-16
-4.440892098500626e-16
6.64308178244255e-07
-2.543120444897795e-06
3.7571560085325473e-07
-7.926560741111643e-09
1.362308932328915e-09
1.975516306096381e-09
3.7898491456189737e-07
2.904369118539307e-07
-2.7073546959854866e-07
-4.440892098500626e-16
-2.831068712794149e-15
6.661338147750939e-16
-4.440892098500626e-16
2.6645352591003757e-15
-6.661338147750939e-16
4.440892098500626e-16
1.2212453270876722e-15
-4.718447854656915e-16
3.901464462607862e-07
-2.5402856635992066e-06
2.0678403700458148e-07
-3.8770178178992865e-09
1.900390955711373e-11
9.109348830804719e-10
2.069608200372386e-07
1.855002325079624e-07
-2.9186756478338793e-07
-3.3306690738754696e-15
2.55351295663786e-15
-2.498001805406602e-16
4.440892098500626e-16
-5.773159728050814e-15
2.220446049250313e-16
0.0
-4.440892098500626e-16
0.0
1.07987300879131e-06
-2.607548822197714e-06
8.314264405839822e-07
5.625562238265047e-10
-2.7988544815116256e-09
-5.269227276727406e-10
8.306372301092323e-07
5.31575814921581e-07
-2.106055347894653e-07
2.220446049250313e-16
-1.942890293094024e-15
5.551115123125783e-17
-4.440892098500626e-16
8.43769498715119e-15
4.440892098500626e-16
-1.1102230246251565e-15
-9.992007221626409e-16
6.661338147750939e-16
3.79902616742811e-06
-2.8106055651733186e-06
3.1803642634997682e-06
3.642835366690633e-09
-5.246181267182237e-09
-4.132275410739794e-09
3.1822739536835343e-06
1.8664522549727278e-06
1.1821290968327958e-07
2.4646951146678475e-14
-1.6653345369377348e-15
-2.7755575615628914e-17
4.440892098500626e-16
-4.9404924595819466e-15
-1.3322676295501878e-15
8.881784197001252e-16
1.8041124150158794e-15
0.0
6.2530397642035496e-06
-3.655093394172582e-06
5.406338971170044e-06
2.666144638396872e-09
-5.692718296756993e-09
-5.605674813224937e-09
5.404921649798666e-06
3.175818317990853e-06
4.1669898109830683e-07
-3.064215547965432e-14
1.6653345369377348e-15
-9.020562075079397e-17
8.881784197001252e-16
2.886579864025407e-15
-4.440892098500626e-16
-4.996003610813204e-16
-6.661338147750939e-16
-4.440892098500626e-16
7.412465087952568e-06
-5.745865479411805e-06
6.614825478479247e-06
9.663381206337363e-12
-5.653471468747284e-09
-5.27970200892014e-09
6.6115810655187354e-06
3.987554227258272e-06
4.787064540323627e-07
3.241851231905457e-14
-3.219646771412954e-15
-1.1405806854547507e-16
-2.220446049250313e-16
2.6645352591003757e-15
0.0
0.0
-2.220446049250313e-16
-1.7763568394002505e-15
-6.5347900424228555e-09
-2.4660039343871176e-08
-2.444452817940146e-08
-2.0283010826460668e-09
-2.275441168819725e-09
-1.1739018646039767e-08
-1.1454353909812198e-08
-8.96649865467225e-09
1.7552359565797815e-10
-2.6645352591003757e-14
5.134781488891349e-16
1.6653345369377348e-16
-8.881784197001252e-16
-6.661338147750939e-15
2.220446049250313e-16
4.440892098500626e-16
1.3322676295501878e-15
1.3322676295501878e-15
4.2783161458004315e-08
-8.176505161827663e-08
4.434268063846503e-09
-5.387050805438776e-10
3.2363063340312692e-09
-1.6842141792317022e-08
1.846924213566581e-08
1.7555894515908223e-09
-2.4870270287635776e-09
2.4868995751603507e-14
4.440892098500626e-15
-1.6653345369377348e-16
-1.5543122344752192e-15
1.7763568394002505e-15
2.220446049250313e-16
0.0
-4.440892098500626e-16
-7.771561172376096e-16
-1.4281904547885915e-08
-1.3088617834000615e-07
-2.2875324745541548e-08
4.016322385780313e-09
6.748401837342043e-09
-6.126219864732718e-09
-2.703736967646364e-08
-1.2991512754467749e-08
-1.522388326513635e-09
-3.419486915845482e-14
-2.3314683517128287e-15
-1.1102230246251565e-16
2.220446049250313e-16
0.0
0.0
1.1102230246251565e-16
-3.3306690738754696e-16
4.440892098500626e-16
-5.910251914542641e-06
-1.782096333613481e-06
-4.96393114701732e-06
1.6067916774886726e-08
1.3196339798682287e-08
-4.049853119525437e-09
-4.982755244853365e-06
-2.830952334775816e-06
-9.388486077455126e-07
2.1538326677728037e-14
1.0547118733938987e-15
2.7755575615628914e-16
3.885780586188048e-15
0.0
1.1102230246251565e-16
-1.1102230246251565e-16
-3.191891195797325e-16
1.1102230246251565e-16
2.680196828919179e-07
-9.253048744994885e-07
3.1678871437179623e-07
-8.456109545917911e-08
-6.270178110057145e-08
-7.1855802419307224e-09
4.0231077669261595e-07
2.167775603467703e-07
-9.022849667417177e-08
-8.881784197001252e-16
-2.275957200481571e-15
-5.551115123125783e-17
-4.3680337125096e-15
0.0
1.1102230246251565e-16
0.0
1.4988010832439613e-15
4.440892098500626e-16
2.916912375638958e-06
-1.092003742542147e-06
2.5787523654230426e-06
-1.4015704152825492e-09
-9.226019059838109e-09
-3.2329253718543782e-09
2.577338408471519e-06
1.4352331345612868e-06
1.9370018833342328e-07
-1.509903313490213e-14
3.3861802251067274e-15
-1.6653345369377348e-16
2.7755575615628914e-15
-8.881784197001252e-16
0.0
0.0
-2.192690473634684e-15
-1.1102230246251565e-15
3.704650282543298e-06
-1.5204433907456405e-06
3.230024340439286e-06
1.3053274017238436e-09
6.689457876518645e-10
-1.2855909670150822e-09
3.237467453232057e-06
1.797191634400619e-06
2.55983053421005e-07
5.10702591327572e-15
-8.881784197001252e-16
6.591949208711867e-17
-1.3322676295501878e-15
-8.881784197001252e-16
-1.3877787807814457e-17
0.0
1.5543122344752192e-15
2.220446049250313e-16
3.9830075095892425e-06
-2.7772403257131373e-06
3.3557299019548732e-06
6.265757690471219e-07
4.3275282735066867e-07
1.33664385337795e-07
2.742572092984119e-06
1.5201939373987727e-06
1.6371406275084155e-07
-1.0436096431476471e-14
8.604228440844963e-16
1.3877787807814457e-16
0.0
-3.3306690738754696e-16
0.0
6.938893903907228e-17
-1.7763568394002505e-15
0.0
1.5707087186456192e-08
-5.3091175402641974e-06
3.5104211804082297e-07
-5.410031818087191e-07
-1.270346619008933e-07
1.3547297328386776e-07
8.311542174510578e-07
4.933171684484705e-07
-2.4705538947955574e-07
3.086420008457935e-14
-3.1866870253693946e-15
1.6653345369377348e-16
-2.220446049250313e-16
-1.6653345369377348e-16
4.440892098500626e-16
-5.551115123125783e-17
1.7763568394002505e-15
8.881784197001252e-16
-5.381810709081947e-06
-2.5461091581746582e-06
-6.364106653222734e-06
-1.5869634637510899e-06
-7.879728407544917e-07
-4.705994207654385e-07
-4.786241999177321e-06
-2.7084742111327387e-06
-2.0261824373868365e-07
-1.6209256159527285e-14
3.3306690738754696e-16
-3.885780586188048e-16
8.881784197001252e-16
4.440892098500626e-16
0.0
-2.7755575615628914e-16
-1.1102230246251565e-15
-1.4155343563970746e-15
-3.2616015346320637e-06
-4.388673005450983e-06
-3.99135768702763e-06
-1.8134674917291704e-06
-8.962342299412285e-07
-4.460867089051135e-07
-2.21150588775032e-06
-1.2746686419706776e-06
-1.3566424356126205e-07
9.547918011776346e-15
2.7200464103316335e-15
2.220446049250313e-16
6.661338147750939e-16
-4.163336342344337e-16
-2.220446049250313e-16
6.938893903907228e-17
1.3322676295501878e-15
4.440892098500626e-16
8.007019971500995e-07
-5.542820559867323e-06
-4.861642537434818e-07
8.387218244365614e-07
5.995979179829192e-07
-1.7618331327184933e-07
-1.2881142650300603e-06
-7.379108475369378e-07
-1.1360140556027076e-07
-2.708944180085382e-14
-2.0539125955565396e-15
0.0
4.440892098500626e-16
6.661338147750939e-16
-1.1102230246251565e-16
4.440892098500626e-16
-3.1086244689504383e-15
8.881784197001252e-16
-7.344411372400828e-07
-3.135226066319774e-06
-1.3838986632208616e-06
-3.5505420470371973e-07
-2.502528317904762e-07
-5.064379138275399e-07
-9.987769367114652e-07
-5.074235742696942e-07
-9.513276599815157e-08
4.440892098500626e-16
-1.7763568394002505e-15
-1.1102230246251565e-16
4.440892098500626e-16
-8.881784197001252e-16
-2.220446049250313e-16
-2.220446049250313e-16
1.7763568394002505e-15
-8.881784197001252e-16
-9.974518090416495e-05
-3.117424611787101e-06
-8.163260105931158e-05
-1.2012462704547033e-06
-7.141243614228188e-07
-6.060628976456427e-07
-8.040904138439942e-05
-4.3929419145882775e-05
-1.5878972149330206e-05
3.1308289294429414e-14
4.0245584642661925e-15
0.0
-5.551115123125783e-16
1.9984014443252818e-15
0.0
0.0
-8.881784197001252e-16
0.0
-1.1863244395726724e-05
-2.543380261954553e-06
-1.0502309706339474e-05
-4.0155092051463726e-07
-2.3020800554718332e-07
-5.301688901226953e-07
-1.009988864097977e-05
-5.591376066149678e-06
-2.0082938175652876e-06
-2.6867397195928788e-14
-8.743006318923108e-16
1.1102230246251565e-16
-8.881784197001252e-16
-1.7763568394002505e-15
0.0
-4.440892098500626e-16
1.7763568394002505e-15
0.0
1.1572697786732533e-06
-4.243013080440505e-06
5.910517728580089e-07
1.1389169856101944e-06
6.639729832613739e-07
-3.700515947002714e-07
-5.18866357879233e-07
-1.5191668567560157e-07
1.7753215231230968e-08
3.752553823233029e-14
-3.1502578323738817e-15
-1.1102230246251565e-16
2.220446049250313e-16
-3.885780586188048e-16
-2.220446049250313e-16
-4.440892098500626e-16
0.0
0.0
2.7871895440512162e-06
-3.5383724537041417e-06
1.5368454153730227e-06
1.5956615051493372e-06
9.228771453706486e-07
-3.32194886709658e-07
-3.539681614483925e-08
-1.1992143073014105e-07
3.0214982960075076e-08
-2.220446049250313e-15
2.6298407895808396e-15
0.0
0.0
-3.3306690738754696e-16
2.220446049250313e-16
4.440892098500626e-16
-3.552713678800501e-15
0.0
3.454659591284326e-06
-4.377081779693981e-06
2.1392856357493883e-06
1.7153221847365785e-06
9.788293251489222e-07
-3.7571965094684856e-07
4.342061412643261e-07
1.5579125056675025e-07
4.67259401171205e-08
-7.549516567451064e-15
9.298117831235686e-16
0.0
0.0
1.4432899320127035e-15
-4.440892098500626e-16
-4.440892098500626e-16
7.105427357601002e-15
8.881784197001252e-16
1.7077865450687568e-06
-5.3265150370407355e-06
1.0973609683162522e-06
4.4013088640326714e-07
2.2505378538539842e-07
-6.317679606127058e-07
5.789661994271e-07
3.8293310478110243e-07
9.631878494786861e-08
-7.327471962526033e-15
-1.2073675392798577e-15
0.0
-4.440892098500626e-16
-1.4988010832439613e-15
0.0
0.0
8.881784197001252e-16
-3.3306690738754696e-16
9.753923961852706e-07
-4.806523321576606e-06
7.733657589881204e-07
-6.720663314752073e-08
-7.918316136112935e-08
-7.074502264003968e-07
7.138954938312736e-07
5.300411007880257e-07
1.5797014873975002e-07
1.687538997430238e-14
-1.7069679003611782e-15
5.551115123125783e-17
4.440892098500626e-16
1.1657341758564144e-15
-2.220446049250313e-16
-8.881784197001252e-16
-6.217248937900877e-15
7.216449660063518e-16
1.7814021120443613e-06
-4.671922312127208e-06
1.2931128079429755e-06
2.2604707261564272e-07
7.940024993047246e-08
-6.557776544013905e-07
9.806375889098717e-07
6.031022099506345e-07
1.7323997369977917e-07
-2.3314683517128287e-14
-1.061650767297806e-15
-5.551115123125783e-17
0.0
-1.1102230246251565e-15
5.551115123125783e-16
1.5543122344752192e-15
9.43689570931383e-16
-2.220446049250313e-16
1.9288588077870372e-06
-4.318364304367606e-06
1.3751445544496477e-06
2.1696931185033463e-07
4.075032578043647e-08
-6.539143129202785e-07
1.1073217720536377e-06
6.047600633607431e-07
1.8338983176491297e-07
