0.0
1.6653345369377348e-16
0.0
1.3322676295501878e-15
-3.1086244689504383e-15
4.440892098500626e-16
0.0
-4.440892098500626e-16
-2.4147350785597155e-15
-6.085932868771238e-09
-2.860622316802619e-08
-5.725805163336872e-09
-5.073097497643175e-10
-7.219824738058378e-11
-1.4331580366899743e-10
-7.7984996238456e-09
-4.015772159249309e-09
-2.660671905019285e-09
-6.661338147750939e-16
9.71445146547012e-17
2.192690473634684e-15
-2.886579864025407e-15
8.881784197001252e-16
0.0
2.220446049250313e-16
-1.3322676295501878e-15
-6.106226635438361e-16
3.4154081784976147e-09
-1.1347765394020826e-08
-2.4193438363795394e-09
-2.914362084993627e-10
-3.7275071917974856e-11
-5.154454640887707e-11
-4.276031972949568e-09
-2.0123640531721776e-09
-1.374368216455757e-09
-4.440892098500626e-16
5.134781488891349e-16
-9.367506770274758e-17
-3.3306690738754696e-16
-6.661338147750939e-16
0.0
1.1102230246251565e-16
1.7763568394002505e-15
9.43689570931383e-16
-5.593951024618349e-09
-1.2275449989829212e-08
-1.0510185166623387e-08
9.801937039810582e-11
8.347456059709657e-11
5.413354209338195e-10
-1.2185045861201615e-08
-6.487271830835084e-09
-2.250927430558214e-09
1.1102230246251565e-15
-1.9984014443252818e-15
1.5612511283791264e-17
4.3021142204224816e-16
4.440892098500626e-16
4.440892098500626e-16
1.8041124150158794e-16
-2.220446049250313e-15
0.0
-3.95307442335735e-09
-2.2908125174581073e-08
-7.1998811357332215e-09
1.3470575765950345e-09
3.246931612466142e-10
3.0457258937133247e-10
-1.0170062125780532e-08
-4.7994357377234564e-09
-3.7157121823838683e-09
-2.220446049250313e-16
4.9404924595819466e-15
6.938893903907228e-18
-1.0130785099704553e-15
0.0
4.440892098500626e-16
-1.1102230246251565e-16
-3.552713678800501e-15
-4.440892098500626e-16
-2.0753467879330856e-05
-1.4107643551142246e-06
-1.6955719580380446e-05
-1.603294546015377e-05
-9.333906485053944e-06
-1.9481355715278426e-06
-9.209585467573335e-07
-3.653770970224457e-07
-2.9652827215898014e-07
-8.881784197001252e-16
-6.161737786669619e-15
0.0
3.9968028886505635e-15
-2.6645352591003757e-15
0.0
-2.220446049250313e-16
5.329070518200751e-15
-4.440892098500626e-16
-1.120593054793062e-06
-9.963101348375858e-07
-7.932691499235035e-07
-2.5980632756272826e-08
-2.0404255618444722e-08
-1.3838260315424122e-08
-7.691630461437171e-07
-2.1478942224817388e-07
-1.2872404653307967e-07
1.5543122344752192e-15
3.3306690738754696e-16
8.534839501805891e-16
3.241851231905457e-14
2.250977182427505e-14
2.042810365310288e-14
1.2434497875801753e-14
-2.2470914018413168e-13
2.433608869978343e-13
-7.656572620362567e-08
1.698479081824189e-07
-1.1765671814600864e-07
-5.792623625211491e-08
-3.671524417825367e-08
-1.0029992836280144e-08
-5.973340044818087e-08
7.720033919078606e-08
1.1804795541081603e-07
-1.1102230246251565e-15
1.3530843112619095e-15
-7.868705687030797e-15
8.104628079763643e-15
-1.1102230246251565e-15
-9.325873406851315e-15
0.0
-1.7763568394002505e-15
-8.881784197001252e-16
-1.4283602922660066e-07
-5.371691713662585e-08
-1.1780107200820567e-07
-1.0796502891707861e-07
-5.950643355845386e-08
-1.3541054499910388e-08
-8.632589754142828e-09
-4.138001052922391e-09
-1.2936013857323125e-09
-5.995204332975845e-15
-1.3600232051658168e-15
2.220446049250313e-16
5.551115123125783e-16
-8.881784197001252e-16
-2.220446049250313e-15
0.0
3.552713678800501e-15
8.881784197001252e-16
-6.98592970138634e-08
-2.0343804862932302e-08
-5.60289095119515e-08
-5.410460701682495e-08
-2.9543617330318742e-08
-6.77761846645808e-09
-1.0254872506720858e-09
-9.057110617050057e-11
-1.0070466682776669e-10
8.881784197001252e-16
3.0531133177191805e-16
1.3877787807814457e-17
1.7763568394002505e-15
4.440892098500626e-16
-4.440892098500626e-16
-8.881784197001252e-16
-7.105427357601002e-15
1.7763568394002505e-15
-3.791105029904429e-08
-9.5545118483642e-09
-2.7088749021686453e-08
-2.376114593971579e-08
-1.29321833242102e-08
-3.3258586995543737e-09
-2.7278215242176884e-09
-7.513167865624837e-10
-1.1236112040791113e-10
2.6645352591003757e-15
-1.096345236817342e-15
-2.0816681711721685e-17
-1.5543122344752192e-15
-1.8318679906315083e-15
0.0
0.0
7.105427357601002e-15
1.5543122344752192e-15
-1.7483436920429085e-08
-4.606846459864755e-09
-1.263295601461323e-08
-1.0763564262106229e-08
-5.814429049344484e-09
-1.9581207766350417e-09
-1.390837667258893e-09
-8.217919678088492e-10
-4.6383119567394715e-11
2.220446049250313e-16
-1.0130785099704553e-15
1.3877787807814457e-17
1.3322676295501878e-15
4.163336342344337e-16
7.771561172376096e-16
8.881784197001252e-16
-1.7763568394002505e-15
-1.1102230246251565e-15
-1.2439556940080365e-08
3.709246243488451e-10
-9.15238373977445e-09
-7.314788774692716e-09
-4.167696410206645e-09
-1.777841873717989e-09
-1.4965895189789078e-09
-1.1270193667201056e-09
-1.2594281173505806e-10
-3.1086244689504383e-15
6.0645932720149176e-15
0.0
2.220446049250313e-16
4.274358644806853e-15
-8.881784197001252e-16
0.0
8.659739592076221e-15
0.0
-1.2364054668978497e-08
-1.1481162687232427e-09
-8.172970744624308e-09
-5.799437374776062e-09
-3.331551035046232e-09
-1.6517276435479287e-09
-2.1256507665157187e-09
-1.0704512831694046e-09
-2.4338531190437607e-10
-2.1094237467877974e-15
-1.1199374760906267e-14
-9.46465128492946e-15
-4.884981308350689e-14
4.884981308350689e-15
2.4580164292853368e-14
-2.3092638912203256e-14
2.596534098842085e-14
-1.5987211554602254e-13
-1.0585075926883292e-08
-5.2732573863067955e-09
-6.634093274726638e-09
-5.002311453949915e-09
-2.8424178566410774e-09
-1.5500631889153738e-09
-1.5403278652570407e-09
-2.98665092657302e-10
-2.308202518008784e-10
-1.6653345369377348e-15
1.304512053934559e-15
0.0
-2.220446049250313e-16
1.1102230246251565e-16
3.3306690738754696e-16
1.3322676295501878e-15
-3.774758283725532e-15
-1.3322676295501878e-15
-5.4599240684183314e-09
-9.115531440784252e-09
-4.495242400537336e-09
-4.066684766712569e-09
-2.3649935343428297e-09
-1.4187548913469072e-09
-4.0241765475457214e-10
5.945888226221996e-10
-1.4310996832023193e-10
0.0
0.0
5.551115123125783e-17
2.220446049250313e-16
-3.6637359812630166e-15
3.3306690738754696e-16
2.220446049250313e-16
-1.7763568394002505e-15
0.0
1.6978418670987594e-11
-1.2390060533107317e-08
-2.1898813873377776e-09
-2.4744482018945746e-09
-1.4596857056403678e-09
-1.2017977724099183e-09
2.48192577601003e-10
1.277339789496068e-09
-1.4975065631972484e-10
-3.1086244689504383e-15
2.4147350785597155e-15
-1.1102230246251565e-16
2.220446049250313e-16
3.885780586188048e-15
0.0
4.440892098500626e-16
1.0658141036401503e-14
-4.440892098500626e-16
2.7504256649990566e-09
-1.5851227885832486e-08
-1.5406784736882173e-09
-1.1584271319975414e-09
-7.59929008609106e-10
-9.89260229289357e-10
-3.6191316610256763e-10
1.1880270101016777e-09
-4.95583907245134e-10
8.881784197001252e-16
-1.4016565685892601e-15
1.6653345369377348e-16
-3.3306690738754696e-16
-7.771561172376096e-16
-2.220446049250313e-16
1.5543122344752192e-15
2.220446049250313e-15
4.440892098500626e-16
-1.5439054479315928e-09
-1.198996812945552e-08
-5.556277188345504e-09
2.660067721649284e-10
4.7778669909348537e-11
-7.256772960317903e-10
-5.758857390958383e-09
-3.486829658339019e-09
-1.95149862936006e-09
-5.551115123125783e-16
-4.3021142204224816e-16
-1.6653345369377348e-16
3.3306690738754696e-16
-1.4988010832439613e-15
0.0
-3.1086244689504383e-15
-5.329070518200751e-15
-1.7763568394002505e-15
-2.1287000606662332e-08
1.2735384302686725e-08
-1.88582118809677e-08
1.57613833096093e-09
8.179732446933485e-10
-4.1326586597278947e-10
-2.043660840556072e-08
-1.7390345607992685e-08
-4.5917830648889435e-09
4.440892098500626e-15
2.411265631607762e-15
-1.1102230246251565e-16
0.0
-3.3306690738754696e-16
5.551115123125783e-16
-2.3314683517128287e-15
8.881784197001252e-16
8.881784197001252e-16
-2.984450020449003e-08
3.163356154800567e-08
-2.3765975853962118e-08
2.8849340694137027e-09
1.5855832202760212e-09
-8.551381824872806e-11
-2.6718969481365207e-08
-2.3257054504455255e-08
-4.366904671204708e-09
-4.440892098500626e-16
-1.2906342661267445e-15
1.1102230246251565e-16
0.0
-3.3306690738754696e-16
-4.649058915617843e-16
6.4254157550180935e-15
-4.440892098500626e-15
0.0
-1.2087987499853625e-08
2.3070782617651275e-08
-1.3043316648975178e-08
3.971969420035748e-09
2.2450343806212913e-09
2.2141932731756245e-10
-1.7171195132448247e-08
-1.4395757919061225e-08
-1.8223237918668644e-09
2.220446049250313e-15
6.38378239159465e-16
-1.6653345369377348e-16
0.0
2.7755575615628914e-16
4.440892098500626e-16
-5.329070518200751e-15
4.440892098500626e-15
0.0
6.0827467507351685e-09
9.856904625848983e-09
-2.3097683765627153e-09
4.604875147862231e-09
2.6881661341349172e-09
4.5925219183118315e-10
-7.1913390797817556e-09
-5.551108905876845e-09
-6.0096858045533e-11
-6.661338147750939e-16
-9.71445146547012e-16
1.700029006457271e-16
-2.220446049250313e-16
5.828670879282072e-16
-2.7755575615628914e-16
5.995204332975845e-15
-4.440892098500626e-15
2.220446049250313e-16
1.8036296012269304e-08
-4.1260364014306106e-09
6.471923441608851e-09
4.603882212961263e-09
2.7138771230283965e-09
5.491429533321934e-10
1.5223777793949012e-09
1.528698945207907e-09
1.3031043466504855e-09
2.6645352591003757e-15
7.494005416219807e-16
3.191891195797325e-16
4.440892098500626e-16
3.3306690738754696e-15
-4.440892098500626e-16
-3.774758283725532e-15
3.552713678800501e-15
1.1102230246251565e-16
3.001883186470877e-08
-2.4493978401096683e-08
1.849021202815493e-08
4.516408136368e-09
2.6877273739955854e-09
5.8830806892729e-10
1.364018231697628e-08
1.0371921987939459e-08
3.4616098876227852e-09
-1.3322676295501878e-15
-3.885780586188048e-15
5.35682609381638e-15
4.884981308350689e-15
-9.325873406851315e-15
-7.8236028766554e-16
2.55351295663786e-15
0.0
-6.994405055138486e-15
5.048947571140161e-08
-4.877439430117647e-08
3.7868037594535053e-08
6.9290306825564585e-09
4.055346281006678e-09
9.449081517232116e-10
3.067334564121893e-08
2.1987210274687644e-08
6.854262157851566e-09
3.3306690738754696e-15
-3.885780586188048e-16
2.7755575615628914e-17
-9.992007221626409e-16
-3.3306690738754696e-15
-5.551115123125783e-16
3.1086244689504383e-15
-6.661338147750939e-16
-6.661338147750939e-16
7.040787863843434e-08
-6.004769659284648e-08
5.5192852954633054e-08
1.411297567699421e-08
8.148706820421125e-09
2.02710737084999e-09
4.085938076769935e-08
2.8683366792847668e-08
9.264691902544087e-09
2.220446049250313e-15
1.27675647831893e-15
0.0
-3.0808688933348094e-15
3.552713678800501e-15
-2.220446049250313e-16
-2.8657631823136853e-15
-1.0547118733938987e-15
-3.4638958368304884e-14
6.75817517503674e-08
-4.587123214605526e-08
5.4839970786702e-08
2.2884540484824356e-08
1.3141930210736065e-08
3.18613047056715e-09
3.207968779506132e-08
2.292998857456041e-08
8.304702370232064e-09
-2.220446049250313e-15
1.2628786905111156e-15
5.551115123125783e-17
-3.920475055707584e-16
-8.881784197001252e-16
-4.440892098500626e-16
5.551115123125783e-17
3.3306690738754696e-15
3.5083047578154947e-14
5.591320473286032e-08
-2.4997291347972354e-08
4.9941599300495916e-08
3.522926306231966e-08
2.0342991291499853e-08
4.561854893836426e-09
1.4985309881865305e-08
1.1727207649414595e-08
5.702677330354788e-09
-1.9984014443252818e-15
-8.326672684688674e-17
1.8013368574543165e-14
2.55351295663786e-15
3.9968028886505635e-15
3.9968028886505635e-15
-1.9595436384634013e-14
1.7763568394002505e-15
-2.3092638912203256e-14
3.199698994649225e-08
-1.9829059283438255e-08
3.7957560650170314e-08
3.4469897158828644e-08
2.07145696151656e-08
2.8485374059528112e-09
3.997427278079613e-09
4.002864706365017e-09
3.626111910737251e-09
1.3322676295501878e-15
1.5265566588595902e-16
0.0
-1.3322676295501878e-15
0.0
-8.881784197001252e-16
-1.970645868709653e-15
-6.661338147750939e-16
1.1546319456101628e-14
1.274239025406132e-08
-2.4800790754397894e-08
2.043692859388102e-08
1.4780503931888235e-08
1.06873514482686e-08
2.860382153357932e-09
5.9534066565447574e-09
4.977899425995247e-09
3.1525599908377444e-09
1.3322676295501878e-15
1.304512053934559e-15
2.220446049250313e-16
0.0
-2.6645352591003757e-15
8.881784197001252e-16
8.881784197001252e-16
1.3322676295501878e-15
-3.3306690738754696e-14
1.4817641726949658e-06
-1.5195317359939509e-06
1.0747227143781402e-06
1.2982646069303883e-09
1.954550299387847e-09
1.2515002367763373e-09
1.0729199573233927e-06
7.724011794607578e-07
2.1577941344830265e-07
-1.7763568394002505e-15
2.220446049250313e-15
6.591949208711867e-17
4.440892098500626e-16
4.440892098500626e-15
8.881784197001252e-16
1.3322676295501878e-15
-2.220446049250313e-16
3.1530333899354446e-14
1.6045754591687e-07
1.3249680463900406e-06
2.2246014452775853e-07
-7.16635639719243e-11
-6.318525494486416e-10
-1.6837629068788829e-09
2.2633484064726872e-07
-4.66094363105185e-09
-6.09594273948133e-08
5.10702591327572e-15
-5.162537064506978e-15
-1.426636586643326e-14
-8.881784197001252e-16
5.329070518200751e-15
1.7763568394002505e-15
9.2148511043888e-15
-1.9984014443252818e-15
4.440892098500626e-16
-3.402638810712233e-07
-7.934096402095747e-08
-2.7058604956664567e-07
-3.216751309764731e-10
2.9201646656318303e-10
-1.0108771597572286e-09
-2.722525600518111e-07
-1.4781463875124246e-07
-2.6643809825088738e-08
-5.773159728050814e-15
3.3029134982598407e-15
-3.608224830031759e-16
8.881784197001252e-16
4.440892098500626e-15
-3.552713678800501e-15
2.220446049250313e-16
-1.9984014443252818e-15
2.220446049250313e-16
-3.844247231654663e-08
-5.041442818765063e-09
-2.6724180202108982e-08
-1.658904125179106e-10
1.6371681788029946e-10
-6.432078203388868e-10
-2.7382977663137353e-08
-1.5430181576903124e-08
-3.416045224469144e-09
2.6645352591003757e-15
-1.4155343563970746e-15
2.636779683484747e-16
4.440892098500626e-16
4.440892098500626e-16
1.0824674490095276e-15
3.3306690738754696e-15
1.1102230246251565e-15
0.0
2.6378884854239004e-08
7.3559931479394444e-09
2.352997086063624e-08
-5.442402084554488e-11
2.914068986115126e-11
-4.1022207852847714e-10
2.344842897628041e-08
1.2945360339244871e-08
2.521483466466634e-09
3.774758283725532e-15
5.273559366969494e-16
6.938893903907228e-18
8.881784197001252e-16
3.9968028886505635e-15
-3.3306690738754696e-16
-2.220446049250313e-15
2.220446049250313e-16
-1.1102230246251565e-16
9.811571999307489e-09
2.6768987027026014e-09
8.381721983141688e-09
4.437694656189706e-11
3.3929303810964484e-11
-2.610016647253133e-10
8.367749160242965e-09
4.7012065351736965e-09
1.2393002180033363e-09
-3.552713678800501e-15
-6.022959908591474e-15
1.5265566588595902e-16
-1.7763568394002505e-15
-2.4424906541753444e-15
-1.5543122344752192e-15
-1.3322676295501878e-15
7.549516567451064e-15
-3.164135620181696e-15
-2.8484237191150896e-10
3.030770301393204e-09
-3.2459634979886687e-10
8.777334414844519e-11
4.0893510799833166e-11
-1.6092260857192286e-10
-3.949445215312153e-10
-3.71665365150875e-10
1.984155062473292e-10
4.440892098500626e-15
2.8033131371785203e-15
1.0241807402167069e-14
-1.3322676295501878e-15
-6.217248937900877e-15
-4.440892098500626e-16
0.0
-6.661338147750939e-16
-1.2073675392798577e-15
-1.0532446026445541e-09
6.12672579336504e-10
-8.373914894832524e-10
-5.5990767577895895e-12
-2.9461766359872854e-11
-1.1929746079886172e-10
-8.086100677928698e-10
-3.771498668925233e-10
1.5095480421223328e-10
-3.3306690738754696e-15
6.800116025829084e-16
-3.0531133177191805e-16
1.7763568394002505e-15
-5.10702591327572e-15
8.881784197001252e-16
8.881784197001252e-16
-5.551115123125783e-17
-2.498001805406602e-16
-7.383711420061445e-10
1.2117880032747053e-09
-5.839222438908109e-10
-2.410445176792564e-10
-2.1752821766085617e-10
-1.425037865487866e-10
-3.1753888407592967e-10
-9.780620757737779e-11
7.579359362352989e-11
1.5543122344752192e-15
-6.938893903907228e-17
1.6653345369377348e-16
-2.220446049250313e-15
6.661338147750939e-15
0.0
-1.5543122344752192e-15
2.4147350785597155e-15
6.661338147750939e-16
-2.176726354718994e-09
1.6261481050605653e-09
-1.7896533144323712e-09
-9.995595462441997e-10
-8.294365194672082e-10
-2.6424640253708276e-10
-7.666720591714693e-10
-3.9408831753462437e-10
-7.311484750971431e-11
-1.7763568394002505e-15
1.096345236817342e-15
1.6653345369377348e-16
8.881784197001252e-16
-9.325873406851315e-15
-4.440892098500626e-16
7.771561172376096e-16
-4.85722573273506e-16
-1.1102230246251565e-16
-6.080469461267057e-09
4.209667281429574e-09
-4.7040291661915035e-09
-3.5651996910246457e-09
-2.7958018122831163e-09
-6.180157496871175e-10
-1.1364438279315436e-09
-6.28432417215663e-10
-1.9311130472488003e-10
4.440892098500626e-16
-1.5265566588595902e-16
-3.0253577421035516e-15
4.218847493575595e-15
0.0
0.0
-2.220446049250313e-16
3.3306690738754696e-16
3.219646771412954e-15
-5.723869378471136e-09
2.4552520017095958e-09
-4.21758805657646e-09
-2.4964839084873347e-09
-1.913802449848845e-09
-3.2432656560388295e-10
-1.7180035172259522e-09
-9.860325889121668e-10
-3.4015101846307516e-10
-1.9984014443252818e-15
1.5959455978986625e-15
-6.938893903907228e-17
-1.27675647831893e-15
1.7763568394002505e-15
0.0
-2.220446049250313e-16
6.661338147750939e-16
5.551115123125783e-16
2.0744970186115097e-09
-6.572250299541338e-09
1.000550753360585e-09
3.530829628672904e-09
2.7494984067288897e-09
1.2806833371570292e-10
-2.5285462612600895e-09
-1.460289666965764e-09
-5.18092235779477e-10
3.3306690738754696e-15
-4.704570066849101e-15
-3.469446951953614e-17
-2.7755575615628914e-15
-3.552713678800501e-15
1.3322676295501878e-15
2.220446049250313e-16
-4.440892098500626e-16
-1.1102230246251565e-16
2.850860214564932e-09
-8.421068287134403e-09
9.7942598475953e-10
3.960284544746173e-09
2.9267264167742724e-09
-1.4492940181298763e-10
-2.9953284297334903e-09
-1.7289636389250518e-09
-6.304290423031489e-10
-9.547918011776346e-15
3.552713678800501e-15
5.551115123125783e-17
-2.220446049250313e-15
-1.7763568394002505e-15
-4.440892098500626e-16
0.0
1.2351231148954867e-15
3.3306690738754696e-16
-3.728533926050659e-09
-1.7857573197943566e-09
-3.121378711057332e-09
1.340003663585776e-10
4.106581741325499e-11
9.858502902915234e-12
-3.266502623944234e-09
-1.8841639359834517e-09
-6.777014505132684e-10
1.9984014443252818e-15
3.608224830031759e-16
-2.7755575615628914e-17
8.881784197001252e-16
2.6645352591003757e-15
0.0
0.0
-1.5543122344752192e-15
-7.771561172376096e-16
-6.820481956992808e-09
2.2333637161864317e-09
-4.6803508846338104e-09
-2.4674484677689182e-11
-2.40254927064143e-10
4.1748493551097e-11
-4.644737927606002e-09
-2.6566269184513658e-09
-8.590035349698155e-10
1.2434497875801753e-14
-3.337607967779377e-15
-1.6653345369377348e-16
-4.440892098500626e-16
0.0
-2.220446049250313e-16
0.0
1.2212453270876722e-15
1.6653345369377348e-16
3.3026736900865217e-10
-4.515328555498854e-09
-1.0540013306581386e-10
-1.305853203348306e-10
9.229417230471881e-11
2.2504420549296356e-10
2.998090664618758e-11
-4.7400305902556283e-11
-3.1162983304966474e-10
-8.215650382226158e-15
-1.339206523454095e-15
3.3306690738754696e-16
2.220446049250313e-16
0.0
2.220446049250313e-16
0.0
2.220446049250313e-16
4.440892098500626e-16
3.330143272251007e-09
-3.4955860428453893e-09
2.767070128584237e-09
1.240785252321075e-11
8.00604027517693e-12
1.0565648356219981e-10
2.766317841462751e-09
1.4948913218404414e-09
-1.9312551557959523e-11
2.6645352591003757e-15
1.9984014443252818e-15
-3.3306690738754696e-16
-9.992007221626409e-16
2.220446049250313e-16
0.0
-1.1102230246251565e-16
4.440892098500626e-16
2.220446049250313e-16
4.8707207156439836e-09
-3.494051270536147e-09
4.37619362969599e-09
3.742606224932388e-11
1.2880363442491216e-11
1.0719092280453425e-10
4.360671823633311e-09
2.4075319515759475e-09
1.5930368135741446e-10
-4.440892098500626e-15
1.0824674490095276e-15
2.220446049250313e-16
-1.1102230246251565e-16
-1.6653345369377348e-16
0.0
2.7755575615628914e-16
-3.1086244689504383e-15
-4.440892098500626e-16
4.7360373400806566e-09
-2.7332021090842318e-09
4.194209424213113e-09
-3.318234575999668e-12
-1.0716760812101711e-11
4.364397732103953e-12
4.211511139828872e-09
2.4067494663881916e-09
2.808917543006828e-10
8.215650382226158e-15
9.71445146547012e-16
-5.551115123125783e-17
-7.882583474838611e-15
1.1102230246251565e-15
2.220446049250313e-16
-1.1102230246251565e-16
0.0
4.440892098500626e-16
-1.1232899055357848e-09
-1.6760282051109243e-09
-8.442953003395814e-10
1.1267431432315789e-11
1.9841905896100798e-12
2.344890948080547e-11
-7.743032881535328e-10
-3.773141799001678e-10
-3.1592861660101335e-10
4.440892098500626e-15
2.0261570199409107e-15
4.440892098500626e-16
5.551115123125783e-16
-1.7763568394002505e-15
0.0
4.440892098500626e-16
8.881784197001252e-16
-1.7763568394002505e-15
-5.431655125676116e-11
-1.1175416148034856e-10
2.085265293771954e-11
-5.4569682106375694e-12
-7.999823026239028e-12
6.450635581245479e-10
1.454125708733045e-11
1.397104654188297e-11
-3.6903813338540203e-13
-3.774758283725532e-15
-2.3037127760972e-15
0.0
-9.992007221626409e-16
8.881784197001252e-16
0.0
-2.914335439641036e-16
4.440892098500626e-16
1.7208456881689926e-15
-1.3642771357069705e-09
1.0959411156363787e-10
-8.759339920061393e-10
-1.3776464413695066e-09
-8.041123322755085e-10
2.369542340119324e-10
4.987299462300143e-10
2.913829177941807e-10
1.505401359125358e-11
-2.886579864025407e-15
1.887379141862766e-15
-5.551115123125783e-17
2.220446049250313e-16
-1.2212453270876722e-15
-4.440892098500626e-16
-3.3306690738754696e-16
-1.3322676295501878e-15
-8.881784197001252e-16
-4.7665352553849516e-08
-1.3452208236230945e-08
-4.1029579733731225e-08
-4.685749033228604e-08
-2.722319614179014e-08
-6.323514156747478e-09
5.653923551562912e-09
3.3988385439442936e-09
2.4510171670044656e-10
-1.3322676295501878e-15
7.771561172376096e-16
0.0
3.1086244689504383e-15
-1.942890293094024e-14
0.0
1.554312234475219e-14
-1.3322676295501878e-15
8.881784197001252e-16
-3.0469026057744486e-07
-3.424321448619594e-08
-2.4257299813257305e-07
-2.4596498349183094e-07
-1.325514595862387e-07
-1.582926500987014e-08
3.5186662472597163e-09
2.385775133006973e-09
-3.007016857736744e-11
-1.9984014443252818e-15
-1.3877787807814457e-16
-5.551115123125783e-17
6.661338147750939e-16
-6.661338147750939e-16
-4.440892098500626e-16
-2.220446049250313e-16
4.440892098500626e-15
0.0
3.465602631536058e-07
-7.333509870477429e-07
2.728936721041464e-07
2.747182996643005e-07
2.1023593177460498e-07
8.108955995567158e-08
-2.1737047717351743e-09
-2.3008439598015687e-10
-1.4163887840368261e-09
1.3322676295501878e-15
8.743006318923108e-16
-2.7755575615628914e-17
-1.3322676295501878e-15
1.3877787807814457e-15
-4.440892098500626e-16
6.661338147750939e-16
-2.220446049250313e-15
2.6645352591003757e-15
7.245481015161204e-08
-3.104673851339612e-09
6.414134645638114e-08
6.306425959223816e-08
3.454954367043683e-08
8.15155232203324e-09
6.489440096402177e-10
1.7243078076489837e-09
-5.313012252372573e-10
-1.5543122344752192e-15
2.9004576518332215e-15
3.469446951953614e-17
8.881784197001252e-16
-9.992007221626409e-16
0.0
0.0
1.7763568394002505e-15
0.0
1.2119180325953494e-08
-1.101946089931971e-09
9.602489470239561e-09
9.743462925371205e-09
5.765260269186001e-09
1.0964740226881986e-09
-5.144507042587065e-11
2.4352075911338034e-11
-1.2895240431021193e-12
-6.661338147750939e-16
-5.405398351143731e-15
-2.6020852139652106e-17
-4.440892098500626e-16
-2.248201624865942e-15
-2.220446049250313e-16
4.440892098500626e-16
8.881784197001252e-16
-1.7763568394002505e-15
5.197620112085133e-11
-5.980386852399988e-09
-5.81650283493218e-10
-3.200213427589915e-10
6.388081175145999e-10
-2.1179857867537066e-10
3.4503955248510465e-11
5.758682419809702e-11
1.848632358303348e-12
-1.5543122344752192e-15
-2.983724378680108e-16
2.6020852139652106e-17
4.440892098500626e-16
5.551115123125783e-16
2.220446049250313e-16
-4.440892098500626e-16
5.329070518200751e-15
1.9984014443252818e-15
-1.3372840612646542e-09
-2.2633077634282017e-09
-1.3250271990727924e-09
-1.1859491166887892e-09
-1.6211298969892596e-10
-2.0548895918182097e-10
7.316280914437812e-11
3.644773372002419e-11
6.974421040695233e-13
1.9984014443252818e-15
5.127842594987442e-15
-1.3877787807814457e-17
-6.661338147750939e-16
1.887379141862766e-15
5.551115123125783e-16
8.881784197001252e-16
-2.6645352591003757e-15
6.661338147750939e-16
-1.2723688769256114e-10
-3.3445246572227916e-09
1.8101076193488552e-11
3.7696068488912715e-11
3.3423219747419353e-10
1.2093437362636905e-11
6.986589085045125e-11
2.7549518222258484e-11
5.582201367815287e-13
1.1102230246251565e-15
-2.9698465908722937e-15
2.7755575615628914e-17
4.440892098500626e-16
-1.8041124150158794e-16
2.220446049250313e-16
0.0
-4.440892098500626e-15
-1.3322676295501878e-15
-2.2851054382044825e-10
-8.727596423341312e-10
-2.325517556300838e-10
-2.811746391273573e-10
-1.6482815112794924e-10
-2.4346036298084073e-10
4.381739415748598e-11
9.142908652393089e-12
8.990586053414518e-13
-8.881784197001252e-16
-8.187894806610529e-16
0.0
0.0
-5.169475958410885e-16
-6.036837696399289e-16
-2.220446049250313e-15
9.43689570931383e-15
4.440892098500626e-16
5.508482558980177e-10
-5.496900712387287e-10
4.5330628140050067e-10
4.0268410828048223e-10
2.177014124526977e-10
-1.7932677565113408e-10
3.68869379485659e-11
8.490985692333197e-13
2.395861287141088e-12
2.220446049250313e-16
-1.249000902703301e-16
5.551115123125783e-17
-6.106226635438361e-15
2.7755575615628914e-16
-1.942890293094024e-16
-5.551115123125783e-15
-9.103828801926284e-15
-1.7985612998927536e-14
1.2177636676824477e-09
-3.489049049676396e-10
1.0379159753881595e-09
9.861014227396936e-10
5.684182013965256e-10
-5.1826987146341714e-11
2.042899183152258e-11
-2.7339908115209255e-11
-6.250555628639631e-14
-2.9976021664879227e-15
1.1102230246251565e-15
0.0
9.992007221626409e-16
7.216449660063518e-16
3.3306690738754696e-16
-1.7763568394002505e-15
4.884981308350689e-15
8.881784197001252e-16
6.25458795866507e-10
-2.7397284441121883e-10
4.877387382862253e-10
5.052580576148102e-10
2.907238894067632e-10
-7.788969469402218e-11
-3.235278711599676e-11
-1.1450218551090074e-10
-1.3838707957347651e-11
4.551914400963142e-15
-9.43689570931383e-16
-1.1102230246251565e-16
1.1102230246251565e-16
-1.4432899320127035e-15
5.551115123125783e-17
4.440892098500626e-16
-6.217248937900877e-15
0.0
-3.0047786481190997e-10
1.8454215933161322e-10
-2.3730706288915826e-10
3.7911007666480145e-11
1.376321279167314e-11
-1.284234940612805e-10
-2.731672665845508e-10
-3.4434977091990504e-10
-5.6733950870579974e-11
-3.885780586188048e-15
7.355227538141662e-16
-2.220446049250313e-16
0.0
2.7755575615628914e-16
-8.326672684688674e-16
6.661338147750939e-16
-3.9968028886505635e-15
1.1102230246251565e-15
-1.5655041707418604e-09
1.2157954643043922e-09
-1.1071068506396387e-09
-6.361045024050327e-11
-4.802203079634637e-11
-1.2007461691609933e-10
-1.0399814343031721e-09
-9.015764246278479e-10
-1.5908574457768054e-10
2.4424906541753444e-15
-3.5388358909926865e-16
1.1102230246251565e-16
0.0
9.341485918135106e-16
-3.217912047936977e-16
4.440892098500626e-16
6.217248937900877e-15
-1.3322676295501878e-15
-3.60108254326974e-09
2.9531008749472676e-09
-2.540890164937082e-09
4.661782071480047e-11
1.5271339748323953e-11
-8.116529670587624e-11
-2.5821318416774375e-09
-1.9831917219548245e-09
-3.03315872418608e-10
1.2212453270876722e-15
-3.1988300897012323e-15
2.220446049250313e-16
0.0
-2.220446049250313e-16
5.551115123125783e-17
-2.1094237467877974e-15
0.0
0.0
-5.299520822177328e-09
4.807077402801951e-09
-3.6128735558804692e-09
8.198597356567916e-11
3.944755633256136e-11
-3.704059281517402e-11
-3.6884992837826754e-09
-2.789460884500272e-09
-3.0047447863168486e-10
-3.3306690738754696e-15
1.4016565685892601e-15
-2.7755575615628914e-16
2.220446049250313e-16
6.175615574477433e-16
-5.551115123125783e-17
8.049116928532385e-16
-1.7763568394002505e-15
0.0
-4.336985881536748e-09
4.4290260348134325e-09
-2.7430697713271e-09
-2.772004847884091e-12
-9.212186569129699e-12
-7.219114195322618e-12
-2.7366773291959134e-09
-2.0923933696792574e-09
-1.0916573200958624e-10
-7.993605777301127e-15
2.4147350785597155e-15
2.220446049250313e-16
-2.220446049250313e-16
-8.81239525796218e-16
1.6653345369377348e-16
2.7755575615628914e-15
2.6645352591003757e-15
2.220446049250313e-16
-2.2118555875749735e-09
2.5939641545846825e-09
-1.3353105288160805e-09
-8.36974933804413e-11
-5.204014996706974e-11
2.4925839170464315e-11
-1.255454851190052e-09
-9.445866311352802e-10
1.322653098156934e-11
1.354472090042691e-14
3.747002708109903e-15
3.3306690738754696e-16
4.440892098500626e-16
6.245004513516506e-17
-8.326672684688674e-16
-8.215650382226158e-15
3.552713678800501e-15
0.0
-4.644107320928015e-10
6.642295602432569e-10
-3.438600515437429e-10
7.869993545739362e-11
4.240519047016278e-11
6.73381350679847e-11
-4.3446579667261176e-10
-2.512443586510926e-10
3.975231949171487e-11
-1.4432899320127035e-14
-2.220446049250313e-15
-4.0245584642661925e-16
-2.220446049250313e-16
-3.885780586188048e-16
6.522560269672795e-16
-1.1102230246251565e-16
-4.440892098500626e-15
-5.551115123125783e-16
5.340012876331457e-10
-8.416449759351963e-10
2.179980640448775e-10
2.3190427356212242e-10
1.290150208888008e-10
8.978418009064626e-11
-1.8525625478105212e-11
8.957101726991823e-11
5.7374188733305687e-11
1.2656542480726785e-14
-1.915134717478395e-15
-8.326672684688674e-17
-6.661338147750939e-16
-2.220446049250313e-16
2.498001805406602e-16
2.7755575615628914e-15
8.881784197001252e-16
0.0
1.4218812793842517e-09
-2.089858952558643e-09
9.073559681382903e-10
2.546816091353321e-10
1.418047901324826e-10
9.637801667849999e-11
6.466631674584278e-10
5.208633524489414e-10
1.54777135552564e-10
1.7763568394002505e-15
2.4147350785597155e-15
-2.498001805406602e-16
2.1094237467877974e-15
1.1102230246251565e-15
-4.440892098500626e-16
-1.1102230246251565e-15
-8.881784197001252e-16
4.440892098500626e-16
1.8036701021628687e-09
-4.698762268162682e-09
1.0592628996164422e-09
-1.4283649818480626e-09
-8.369651638417963e-10
-1.6565593341510976e-10
2.5181714491395724e-09
1.7574368627037986e-09
5.129408009452163e-10
-5.551115123125783e-15
-2.7200464103316335e-15
-4.163336342344337e-17
-9.992007221626409e-16
2.220446049250313e-16
-4.440892098500626e-16
6.106226635438361e-16
1.9984014443252818e-15
5.10702591327572e-15
1.070503685696167e-10
-6.9328365270848735e-09
-4.93979968041458e-10
-4.673704978586102e-09
-2.7035134131381255e-09
-7.019878012215486e-10
4.206079040613986e-09
2.879749771977913e-09
8.544074336924722e-10
6.661338147750939e-16
-1.1032841307212493e-15
-6.908536243077634e-16
0.0
-1.5543122344752192e-15
4.440892098500626e-16
-4.163336342344337e-16
-6.661338147750939e-16
-5.551115123125783e-15
-4.3802685922855744e-09
-4.808882181350782e-09
-4.040053624976281e-09
-6.9696071136604595e-09
-4.043969159539529e-09
-1.0755911716842093e-09
2.956757505501173e-09
2.0589627780509545e-09
5.986884876740817e-10
-7.327471962526033e-15
3.8441472227646045e-15
-2.7755575615628914e-17
-7.771561172376096e-16
0.0
-4.440892098500626e-16
5.551115123125783e-16
-8.881784197001252e-16
-2.220446049250313e-16
-5.506649358721916e-09
2.1025670093877122e-10
-4.866890002119817e-09
-4.996952185365444e-09
-2.9427198455778125e-09
-5.976090733383899e-10
1.3878320714866277e-10
1.768274415780979e-10
3.4440450491501906e-11
8.659739592076221e-15
-5.568462357885551e-15
7.398595625041082e-16
4.440892098500626e-16
1.7763568394002505e-15
-8.881784197001252e-16
3.0531133177191805e-16
2.6645352591003757e-15
-1.1102230246251565e-16
1.790364478893025e-08
3.6027643091074424e-09
1.5887334114950136e-08
-1.6962928839348024e-09
-1.1230536500761445e-09
2.098943241435336e-11
1.7587577616495764e-08
1.0319041621187353e-08
2.5383677382251335e-09
5.10702591327572e-15
3.12944115066216e-15
-2.636779683484747e-16
8.881784197001252e-16
8.881784197001252e-16
0.0
-1.1102230246251565e-15
-8.881784197001252e-16
0.0
1.3168337531510588e-08
1.017738782138622e-09
1.0411895345896482e-08
4.210313875319116e-09
2.3419346462105754e-09
4.1654502069832233e-10
6.106439798259089e-09
3.5644145413016304e-09
7.578790928164381e-10
-6.661338147750939e-15
1.6792123247455493e-15
-1.2212453270876722e-15
2.6645352591003757e-15
-4.440892098500626e-15
9.769962616701378e-15
-2.4424906541753444e-15
4.440892098500626e-15
-4.440892098500626e-15
2.337586124667723e-09
-1.1588170423237898e-09
1.7629524506901364e-09
-1.5781509432599705e-10
-4.190023328298764e-11
1.4014422955455075e-10
1.9125678818454617e-09
1.1331211524634455e-09
1.0538059314058046e-10
2.6645352591003757e-15
-5.1035564663237665e-15
-4.440892098500626e-16
0.0
2.6645352591003757e-15
8.881784197001252e-16
4.440892098500626e-16
5.551115123125783e-16
0.0
-2.0345964912849013e-09
-1.1543477285158588e-09
-1.8379253674538631e-09
-5.53583845430694e-11
2.266919985061122e-11
1.6950429948536794e-10
-1.7900489979183476e-09
-1.0089555857462074e-09
-3.362998768352554e-10
1.532107773982716e-14
4.496403249731884e-15
2.7755575615628914e-16
8.881784197001252e-16
8.881784197001252e-16
-1.5543122344752192e-15
1.3322676295501878e-15
7.771561172376096e-16
-4.440892098500626e-16
-2.454200398460671e-09
-6.647553618677193e-10
-2.1716246578762366e-09
-2.4780177909633497e-11
1.2985390540620756e-11
1.5499357353121468e-10
-2.1477788436641276e-09
-1.2210508160137579e-09
-3.334150733280694e-10
-4.6629367034256575e-15
-3.941291737419306e-15
1.6653345369377348e-16
-4.440892098500626e-16
3.552713678800501e-15
2.7755575615628914e-16
2.220446049250313e-15
2.220446049250313e-16
1.1657341758564144e-15
-1.3557865941038472e-09
-1.8030732462648302e-10
-1.2485728007050056e-09
2.790656594697793e-12
-1.0047740417462592e-11
1.304615304675849e-10
-1.2434711038622481e-09
-7.120384282188751e-10
-1.7888623915496282e-10
-2.6645352591003757e-15
5.551115123125783e-16
0.0
0.0
-4.440892098500626e-15
-2.4424906541753444e-15
-2.6645352591003757e-15
-1.5543122344752192e-15
-1.2212453270876722e-15
-1.567244112266053e-10
5.39159827894764e-10
-1.7541168517709593e-10
2.6505020400691137e-11
-3.01381142264745e-11
1.121301940187891e-10
-1.88677518053737e-10
-1.2956213879533607e-10
2.7981172934232742e-11
-1.5765166949677223e-14
6.827871601444713e-15
0.0
1.3322676295501878e-15
5.329070518200751e-15
4.440892098500626e-15
0.0
1.4432899320127035e-15
6.661338147750939e-16
-4.215294779896794e-10
2.1934454252914293e-09
-2.672564392014465e-10
3.97140098584714e-11
-5.149303206053446e-11
8.731482203927499e-11
-2.958024936106085e-10
-2.1607071687412827e-10
1.916049541250686e-10
6.661338147750939e-15
-3.885780586188048e-16
-3.0531133177191805e-16
-8.881784197001252e-16
9.43689570931383e-16
-3.774758283725532e-15
0.0
-3.219646771412954e-15
-4.440892098500626e-16
-9.899547848135626e-10
3.008906901413866e-09
-6.951026421120332e-10
4.6766146510890394e-11
-6.760458859389473e-11
4.941957953974452e-11
-7.305587246264622e-10
-4.700098088505911e-10
2.2201618321560093e-10
-1.3100631690576847e-14
-3.608224830031759e-15
1.3183898417423734e-15
0.0
-1.3322676295501878e-14
2.220446049250313e-15
-8.881784197001252e-16
2.6645352591003757e-15
8.881784197001252e-16
-7.926974632255224e-10
3.562647066246427e-09
-5.259366275822686e-10
3.0806468487298844e-11
-8.553868724447966e-11
1.0882406087375784e-11
-5.502811539770391e-10
-4.2566861147008694e-10
2.6921043172478676e-10
2.020605904817785e-14
-2.7755575615628914e-15
-2.498001805406602e-16
1.5543122344752192e-15
1.2878587085651816e-14
0.0
2.220446049250313e-16
-1.7763568394002505e-15
-1.7763568394002505e-15
-1.2559131512546173e-10
2.800106813083403e-10
-3.510969293074595e-11
-2.581668212542354e-11
-1.1011724865284123e-10
-3.1694424862394044e-11
-2.757793993168889e-12
1.3020695632803836e-11
7.620570841027074e-13
-1.4654943925052066e-14
4.035834166860042e-15
1.5612511283791264e-16
-1.9984014443252818e-15
-4.884981308350689e-15
-4.440892098500626e-16
-6.661338147750939e-16
1.7763568394002505e-15
8.881784197001252e-16
-4.033142708692594e-10
9.496261554886587e-10
-2.5931612412932736e-10
-1.0970513386610037e-10
-1.6863666019162338e-10
-9.037681714119117e-11
-1.4196288589118922e-10
-1.1380052455933766e-10
1.8088308628705363e-12
8.43769498715119e-15
-4.0245584642661925e-15
2.7755575615628914e-17
0.0
-3.552713678800501e-15
4.440892098500626e-16
0.0
-2.220446049250313e-15
-1.1102230246251565e-16
-6.053975099007403e-10
9.870291250990704e-10
-3.416982252701928e-10
-3.599649467389554e-10
-3.288485039831812e-10
-1.4824697025517253e-10
2.4524382524759855e-11
1.3027134926346662e-11
9.307554726945e-13
1.887379141862766e-14
7.549516567451064e-15
2.7755575615628914e-16
6.661338147750939e-16
2.6645352591003757e-15
-4.440892098500626e-16
5.551115123125783e-16
3.4416913763379853e-15
0.0
2.0053505522810156e-09
1.4443628515437013e-09
2.0406076828294317e-09
-1.6104925171234186e-09
-1.2125253023853588e-09
-1.9466561695935525e-10
3.65738772600821e-09
2.0501045305820753e-09
3.241495960537577e-10
-1.7541523789077473e-14
-3.2751579226442118e-15
-1.249000902703301e-16
-7.771561172376096e-16
1.7763568394002505e-15
0.0
-2.220446049250313e-16
-3.9968028886505635e-15
6.661338147750939e-16
-1.2162232110313198e-08
1.3906587881251653e-08
-8.064596102030919e-09
-9.143227508445761e-09
-6.570208599399052e-09
-2.929846365518074e-10
1.085440182180264e-09
6.084661663408042e-10
1.9515766780386912e-10
-5.329070518200751e-15
-1.8318679906315083e-15
-1.2923689896027213e-16
-3.3306690738754696e-16
-3.552713678800501e-15
0.0
-2.220446049250313e-16
3.3306690738754696e-16
0.0
8.148077768055373e-10
9.935376965586329e-10
8.572591525535244e-10
-5.998366248149978e-10
-3.4132430215549903e-10
1.1710343805759749e-10
1.4705920925450755e-09
8.303446819013516e-10
2.333422344236169e-10
2.2426505097428162e-14
-3.608224830031759e-15
1.6653345369377348e-16
-1.887379141862766e-15
-1.7763568394002505e-15
-2.220446049250313e-16
-2.220446049250313e-16
-7.216449660063518e-16
-8.881784197001252e-16
1.864715493127278e-09
-1.0662404292816063e-09
1.2978382812889322e-09
1.6575096850601767e-10
1.680771077872123e-10
1.4108869628159937e-10
1.1319007398036263e-09
6.362883553379106e-10
1.545998884466826e-10
-3.708144902248023e-14
-5.551115123125783e-17
5.551115123125783e-17
-8.881784197001252e-16
8.881784197001252e-16
4.440892098500626e-16
-2.220446049250313e-16
4.385380947269368e-15
-5.551115123125783e-16
5.38715738684914e-10
-1.0049348020402249e-09
1.7325163526038523e-10
3.9469760793053865e-11
4.2447823034308385e-11
6.50065556939694e-11
1.3386314279273392e-10
7.472955587672914e-11
3.723243935382925e-12
2.3314683517128287e-14
1.9012569296705806e-15
-2.498001805406602e-16
2.4424906541753444e-15
1.7763568394002505e-15
0.0
0.0
-3.219646771412954e-15
8.881784197001252e-16
-6.458549250965007e-10
-6.446327915909933e-10
-6.943920993762731e-10
-2.049560521300009e-11
-2.601474591301667e-11
3.7162717347882796e-11
-6.710436650791962e-10
-3.7612490899618933e-10
-1.2209966371301562e-10
-3.1086244689504383e-15
-1.5404344466674047e-15
-6.938893903907228e-16
-3.1086244689504383e-15
-1.3322676295501878e-15
5.551115123125783e-16
2.220446049250313e-16
3.552713678800501e-15
3.0531133177191805e-15
-2.0264039335415873e-09
-2.7398527890909463e-10
-1.6005472502911289e-09
-2.7112267986240113e-10
-6.630429538745375e-11
-1.7654633310826284e-10
-1.3222134498391824e-09
-7.369574950288893e-10
-2.205808868893655e-10
7.771561172376096e-15
5.826394054719852e-15
1.1102230246251565e-16
1.887379141862766e-15
5.551115123125783e-16
-5.551115123125783e-17
-4.440892098500626e-16
2.220446049250313e-16
1.1102230246251565e-15
-2.7323974194359838e-08
2.7462448315418442e-08
-1.804851024189702e-08
-1.7439035993049856e-08
-1.1268833866040495e-08
-3.421765093492013e-09
-6.341984715163562e-10
-3.4708413920725434e-10
-9.916334420267958e-11
-1.7319479184152442e-14
-1.9359513991901167e-15
-2.220446049250313e-16
-1.3322676295501878e-15
-1.1657341758564144e-15
0.0
0.0
-6.661338147750939e-16
4.440892098500626e-16
-1.969183927030826e-09
-6.653380069110426e-10
-1.7052315115506644e-09
-1.6683010528595332e-10
-9.304823578304422e-11
5.857092588712476e-10
-1.5337526804160009e-09
-8.335980794527131e-10
-2.8316549105511513e-10
9.547918011776346e-15
-1.457167719820518e-15
1.3877787807814457e-16
6.38378239159465e-16
0.0
-4.440892098500626e-16
-2.498001805406602e-16
0.0
-4.440892098500626e-16
-7.102829613359063e-08
-4.769262318404799e-09
-5.989000895212371e-08
-5.876910069702034e-08
-3.405344450868597e-08
-6.393886087252554e-09
-1.1409078126689565e-09
-5.999982732873832e-10
-3.1666047561884625e-10
2.886579864025407e-15
1.5543122344752192e-15
-2.1649348980190553e-15
6.5503158452884236e-15
-2.6645352591003757e-15
9.603429163007604e-15
4.440892098500626e-16
-4.440892098500626e-16
-9.769962616701378e-15
5.9775544514195644e-09
6.250104434002424e-09
7.377444433132041e-09
7.297224158264726e-09
4.467640479788315e-09
9.489937724538322e-10
1.3296652667804665e-10
1.4778400725390384e-10
-1.5226930827338947e-10
-7.105427357601002e-15
1.6653345369377348e-15
-5.551115123125783e-17
1.1102230246251565e-15
0.0
2.220446049250313e-16
4.440892098500626e-16
-8.881784197001252e-16
0.0
2.9776288101857062e-09
9.267466793971835e-10
3.2398403959632564e-09
3.778819035460401e-09
2.1185142529134282e-09
6.279918807194917e-10
-5.446083584104144e-10
-2.1360602175946042e-10
-2.070343896320992e-10
-1.1546319456101628e-14
2.3592239273284576e-16
0.0
-2.6645352591003757e-15
1.9984014443252818e-15
0.0
-4.440892098500626e-16
-8.881784197001252e-16
2.220446049250313e-16
6.4677578848204575e-09
1.0528822258493165e-10
5.491832766324478e-09
5.495277122236075e-09
3.111451318815739e-09
6.400213692359102e-10
-2.7267077484793845e-11
-6.536993168992922e-13
-3.2034375152534267e-12
1.0658141036401503e-14
-1.790234627208065e-15
1.3877787807814457e-16
-4.440892098500626e-16
-1.7763568394002505e-15
0.0
4.440892098500626e-16
3.552713678800501e-15
-1.7763568394002505e-15
2.2144348577057826e-09
-9.367795428261161e-11
1.8172015003870001e-09
1.8443380156440983e-09
1.0199971978153144e-09
2.425437628517102e-10
-2.1573853814516042e-11
-1.1829648371985968e-11
-6.519229600598919e-13
7.771561172376096e-15
-2.949029909160572e-15
0.0
1.7763568394002505e-15
2.220446049250313e-16
4.440892098500626e-16
4.440892098500626e-16
-4.440892098500626e-15
2.6645352591003757e-15
-3.1247537890521926e-10
-2.1998403099132702e-11
-3.114228874778746e-10
-2.7823432446894003e-10
-1.913582625689969e-10
-2.1515234038815834e-11
-7.647216193618078e-12
-8.7944929116901e-12
-2.8987923172962837e-13
-3.774758283725532e-15
2.886579864025407e-15
5.551115123125783e-17
4.440892098500626e-16
-3.885780586188048e-16
0.0
0.0
-8.881784197001252e-16
8.881784197001252e-16
-1.3464713788380323e-09
-1.7126922102761455e-10
-1.1696297264052191e-09
-1.120410431099117e-09
-6.612022318552846e-10
-1.8359003206569469e-10
-1.8902213128058065e-11
-6.9686478809671826e-12
8.453238109495942e-13
2.6645352591003757e-15
3.9968028886505635e-15
6.938893903907228e-18
-2.220446049250313e-16
5.325601071248798e-16
-6.661338147750939e-16
4.440892098500626e-16
5.329070518200751e-15
9.853229343548264e-16
-9.05828301256406e-10
-2.037303659108147e-10
-7.740119656318711e-10
-7.486073982931885e-10
-4.349238746925721e-10
-1.5360512861661846e-10
-9.659828492658562e-12
-5.4711790653527714e-12
1.873390331752489e-12
-1.6209256159527285e-14
-5.800915303666443e-15
0.0
0.0
-1.942890293094024e-15
0.0
8.881784197001252e-16
2.6645352591003757e-15
-3.774758283725532e-15
-9.425988878319913e-10
1.5279510989785194e-10
-7.4836581376303e-10
-7.282636715899571e-10
-4.1321257526760746e-10
-8.553513453080086e-11
-1.4066969811210583e-11
-1.9397816686250735e-11
1.773026170326375e-12
1.687538997430238e-14
-2.42861286636753e-16
0.0
0.0
3.552713678800501e-15
-2.220446049250313e-16
-1.3322676295501878e-15
-1.1712852909795402e-14
0.0
-7.870895046835358e-10
4.376659035187913e-10
-5.647007861320219e-10
-5.136655545356916e-10
-2.874149807041704e-10
-1.3443468560581094e-11
-4.7423398541468487e-11
-4.551292676069352e-11
-1.5476508963274682e-13
5.773159728050814e-15
2.858824288409778e-15
0.0
2.220446049250313e-16
-3.3306690738754696e-15
-4.0245584642661925e-16
0.0
6.8833827526759706e-15
1.3322676295501878e-15
-6.817515441071009e-10
5.839950745212263e-10
-4.278506438026852e-10
-3.314597485370996e-10
-1.8287016345652773e-10
3.893774191965349e-11
-9.342659978983647e-11
-7.613021324459623e-11
-4.034661493790281e-12
1.5543122344752192e-15
2.123301534595612e-15
-1.6653345369377348e-16
-4.440892098500626e-16
1.3322676295501878e-15
1.1102230246251565e-16
-4.440892098500626e-16
-7.993605777301127e-15
-1.7763568394002505e-15
-7.214993047455209e-10
6.060503210392199e-10
-4.4549608446686756e-10
-3.229740919152846e-10
-1.738571508980158e-10
7.894129794294713e-11
-1.2895018386416268e-10
-8.760525638251693e-11
-8.072431612049513e-12
-1.509903313490213e-14
-1.942890293094024e-15
1.1102230246251565e-16
2.220446049250313e-16
-6.661338147750939e-16
2.220446049250313e-16
-2.220446049250313e-16
7.993605777301127e-15
1.3322676295501878e-15
-3.509192936235195e-11
6.56392273867823e-10
4.54054571719098e-11
1.50187806635671e-10
8.561862330225267e-11
1.9203127976652468e-10
-1.0767564617708558e-10
-5.304479078205304e-11
-8.009481966553267e-12
9.325873406851315e-15
1.609823385706477e-15
0.0
0.0
-4.440892098500626e-16
2.220446049250313e-16
-1.5543122344752192e-15
-3.9968028886505635e-15
0.0
1.6448904460730773e-09
9.588347893441096e-10
1.297273399814003e-09
1.1151335410630736e-09
6.404521357694648e-10
3.970370698880288e-10
1.7105428185004712e-10
1.0314660237042972e-10
1.6450174555870944e-11
1.9984014443252818e-15
-4.3021142204224816e-15
-1.6653345369377348e-16
0.0
1.1102230246251565e-16
3.3306690738754696e-16
4.107825191113079e-15
2.6645352591003757e-15
-1.3322676295501878e-15
2.5077575571685884e-09
1.7057288914656965e-10
1.8561312487008763e-09
8.338090218273918e-10
4.891544946872273e-10
3.291376060587936e-10
1.0067434108584905e-09
6.394098583939467e-10
9.246625687353571e-11
-2.9976021664879227e-14
1.3877787807814457e-15
2.7755575615628914e-16
2.220446049250313e-16
6.661338147750939e-16
-1.2212453270876722e-15
1.5543122344752192e-15
1.7763568394002505e-15
-4.440892098500626e-16
1.0692495777675504e-09
-2.0674093548223027e-09
3.7342040570820245e-10
-7.550984976179009e-10
-4.3377035296998656e-10
-1.4520651347993407e-10
1.115224357306488e-09
8.781588789474882e-10
7.588984995976489e-11
3.197442310920451e-14
-1.5300261058115439e-15
-5.551115123125783e-17
-2.220446049250313e-16
9.43689570931383e-16
1.7763568394002505e-15
-1.942890293094024e-15
1.7763568394002505e-15
-4.440892098500626e-16
1.7890471326609259e-09
-8.763834102865076e-10
1.164345952986423e-09
9.5741192751575e-10
5.484181997417181e-10
1.1583267678361153e-10
2.05737649139337e-10
2.9247715360725124e-10
4.634820305327025e-12
-1.4876988529977098e-14
4.996003610813204e-16
-1.6653345369377348e-16
2.220446049250313e-16
-5.828670879282072e-16
-1.3322676295501878e-15
4.3298697960381105e-15
-6.217248937900877e-15
0.0
1.4254837310545554e-09
1.162732132797828e-10
1.0783747228515494e-09
1.071720934220366e-09
6.278151332139714e-10
2.0725821059386362e-10
4.5643488988389436e-12
5.943689984633238e-11
-3.287620176095629e-12
4.440892098500626e-16
3.0253577421035516e-15
2.914335439641036e-16
2.220446049250313e-16
1.1934897514720433e-15
6.661338147750939e-16
-2.842170943040401e-14
2.6645352591003757e-15
-3.6637359812630166e-14
-1.3929621900388158e-09
2.361844053666573e-10
-1.0479972445409658e-09
-1.0481908674364604e-09
-5.887095255729946e-10
-1.3603340676127118e-10
-2.3598900611432327e-12
-2.7339908115209255e-11
-3.84481335657938e-12
2.2426505097428162e-14
1.887379141862766e-15
-3.3306690738754696e-16
-1.1102230246251565e-15
1.1102230246251565e-16
1.1102230246251565e-16
8.881784197001252e-16
2.6645352591003757e-15
8.187894806610529e-16
-7.927809519969742e-10
5.798099778075994e-10
-4.2199843619528105e-10
-4.034497180782637e-10
-2.351883132689636e-10
-1.8175683180743363e-11
-1.9236168213865312e-11
-6.643219307989057e-11
-4.217515225946045e-12
-1.9539925233402755e-14
-2.3592239273284576e-15
1.6653345369377348e-16
1.1102230246251565e-15
-9.992007221626409e-16
0.0
-1.4432899320127035e-15
4.440892098500626e-16
1.1102230246251565e-16
4.306031087253359e-10
7.53409779008507e-10
5.494982247000735e-10
5.99886362806501e-10
3.3877234351109564e-10
1.794688841982861e-10
-5.1881166029943415e-11
-8.547118568458245e-11
-1.1925571641313581e-11
-3.9968028886505635e-15
-7.077671781985373e-16
-6.938893903907228e-17
-1.1102230246251565e-15
-2.886579864025407e-15
-2.220446049250313e-16
-6.661338147750939e-16
-5.551115123125783e-16
0.0
2.2036488189769443e-09
6.168505706227734e-10
1.8256507416936074e-09
1.6695231863650406e-09
9.368319453528784e-10
4.439328904481954e-10
1.5478107684430142e-10
8.29878388231009e-11
3.18035597857147e-11
9.769962616701378e-15
1.582067810090848e-15
-6.938893903907228e-18
1.5265566588595902e-15
3.1086244689504383e-15
-4.440892098500626e-16
1.0269562977782698e-15
-1.7763568394002505e-15
-8.881784197001252e-16
-2.4906114504119614e-08
-2.4419222199867363e-09
-2.0275948031667212e-08
-2.4939943443769153e-09
-1.4496590594603733e-09
-5.515161660696322e-10
-1.7781420780238477e-08
-9.725431127094453e-09
-2.138166976806133e-09
-1.2878587085651816e-14
-2.615963001773025e-15
2.8449465006019636e-16
0.0
-8.881784197001252e-16
0.0
-1.3183898417423734e-15
1.7763568394002505e-15
-4.440892098500626e-16
-8.344557045347756e-09
2.0123707145103253e-09
-4.856250512830229e-09
-4.1160674868478964e-10
-2.3140245275499183e-10
-2.6706459266279126e-10
-4.4520156450289505e-09
-2.479671579180831e-09
-1.0873435485336813e-10
1.509903313490213e-14
2.3939183968479938e-15
-4.718447854656915e-16
-4.440892098500626e-16
0.0
-8.881784197001252e-16
-5.551115123125783e-16
-4.440892098500626e-16
0.0
-3.0737901113297994e-09
2.135465138053405e-09
-7.755609487958282e-10
2.0614780993355453e-09
1.1028689073100395e-09
4.0884096108584345e-10
-2.8361242243590823e-09
-1.6668644242656683e-09
8.694200914760586e-11
-4.440892098500626e-16
-3.3306690738754696e-15
-1.0408340855860843e-17
0.0
-1.7763568394002505e-15
8.881784197001252e-16
0.0
1.1102230246251565e-15
4.440892098500626e-16
-1.183423137263162e-09
4.2119978616028675e-09
-6.017586429152288e-11
4.323037927633777e-09
2.3970203599787965e-09
8.965906905800125e-10
-4.38117098155999e-09
-2.638985918679282e-09
-7.846523430998786e-11
-3.9968028886505635e-15
4.649058915617843e-15
-5.551115123125783e-17
4.440892098500626e-16
0.0
4.440892098500626e-16
2.220446049250313e-16
2.609024107869118e-15
8.881784197001252e-16
-9.064095252142579e-09
3.774061951844487e-09
-6.629036874983286e-09
-1.6937562463681388e-11
3.5648373142294076e-11
-8.821610109066569e-11
-6.612118852444837e-09
-3.919157443021959e-09
-2.9690738756471546e-10
6.661338147750939e-16
-3.164135620181696e-15
2.7755575615628914e-16
4.440892098500626e-16
2.6645352591003757e-15
0.0
1.1102230246251565e-15
-3.0808688933348094e-15
-8.881784197001252e-16
-1.1176446435001708e-08
4.420471100274881e-09
-8.540119722511008e-09
1.170619157164765e-11
-1.2937206861352024e-11
1.76690884146069e-11
-8.551765517950116e-09
-4.996709268567656e-09
-4.3716852360375924e-10
-5.995204332975845e-15
4.3021142204224816e-15
-1.3877787807814457e-17
-2.6645352591003757e-15
-3.552713678800501e-15
-4.440892098500626e-16
4.440892098500626e-16
-3.3306690738754696e-15
-6.661338147750939e-16
-1.4841859297121118e-08
4.811994358533411e-09
-1.1540322475411811e-08
6.7910121970271575e-12
-2.2031265700661606e-11
7.167288984533116e-11
-1.1546944733709099e-08
-6.62625621039581e-09
-6.611173830606276e-10
1.0658141036401503e-14
-5.93275428784068e-15
-1.0408340855860843e-16
8.881784197001252e-16
8.881784197001252e-16
1.9984014443252818e-15
4.440892098500626e-16
6.439293542825908e-15
8.881784197001252e-16
-1.1630810092810862e-08
4.8379718009528005e-09
-8.970062026492087e-09
1.8030021919912542e-12
-1.6550316672692134e-11
5.2463589028661766e-11
-8.979498034022981e-09
-5.118881651888785e-09
-3.0733815492567373e-10
-9.992007221626409e-15
2.5500435096859064e-15
9.367506770274758e-17
-8.881784197001252e-16
-6.217248937900877e-15
-3.9968028886505635e-15
8.881784197001252e-16
-3.774758283725532e-15
-3.3306690738754696e-15
-3.604441189963836e-09
4.577714207698591e-09
-2.563915302289388e-09
2.900790718740609e-12
-1.63051794288549e-11
2.8265834117746635e-11
-2.566885370924865e-09
-1.5207206605083456e-09
3.637126155808801e-10
-5.10702591327572e-15
2.0539125955565396e-15
2.949029909160572e-17
-8.881784197001252e-16
5.773159728050814e-15
3.1086244689504383e-15
-1.1102230246251565e-15
5.551115123125783e-16
1.4155343563970746e-15
2.529738196699327e-09
4.313321255722258e-09
2.2828388068774075e-09
-3.906208689841151e-12
-2.0158097413514042e-11
7.279732372467151e-12
2.2851693870507006e-09
1.1677214750704934e-09
8.490417258144589e-10
1.1102230246251565e-14
1.734723475976807e-15
-5.620504062164855e-16
0.0
-4.440892098500626e-16
8.881784197001252e-16
-1.3322676295501878e-15
-4.440892098500626e-16
1.3322676295501878e-15
6.0076228436400925e-09
4.097444161743624e-09
5.015397874785776e-09
-1.6566303884246736e-11
-2.7672086844177102e-11
-2.2217783168798633e-11
5.027803950952148e-09
2.6964994681577537e-09
1.1433485269662924e-09
-5.10702591327572e-15
3.0531133177191805e-16
1.5265566588595902e-16
8.881784197001252e-16
-4.440892098500626e-16
-1.7763568394002505e-15
-8.881784197001252e-16
-1.9984014443252818e-15
-8.881784197001252e-16
5.413582471192058e-09
3.982933094448526e-09
4.491019112151662e-09
-3.966249551012879e-11
-4.6357584437828336e-11
-6.793898776891183e-11
4.526718555553089e-09
2.45224862638338e-09
1.0895888635786832e-09
1.3766765505351941e-14
-4.3021142204224816e-15
2.0816681711721685e-16
0.0
8.881784197001252e-16
8.881784197001252e-16
4.440892098500626e-16
4.440892098500626e-16
1.1102230246251565e-15
-1.8324186612517226e-09
4.061917024955619e-09
-1.5117622709226453e-09
5.908162847845233e-12
-4.608424752916562e-12
-1.1231016117108084e-10
-1.5139463016566879e-09
-8.847582666504651e-10
3.2447644571220735e-10
-1.0880185641326534e-14
8.326672684688674e-16
-8.326672684688674e-17
-1.1102230246251565e-15
5.329070518200751e-15
-4.440892098500626e-16
0.0
1.1102230246251565e-15
0.0
-9.95196103303897e-09
4.346958348833141e-09
-8.482636815188016e-09
6.234825988826742e-10
4.81959472331539e-10
-5.484390719345811e-11
-9.094167197076786e-09
-5.14736855916631e-09
-6.703402277707937e-10
-1.5543122344752192e-15
-1.1657341758564144e-15
0.0
3.6637359812630166e-15
-2.6645352591003757e-15
2.220446049250313e-16
0.0
3.885780586188048e-16
-8.881784197001252e-16
-2.6089423954545055e-09
5.372768896449997e-09
-2.664419351816605e-09
6.386344786335485e-10
4.847853229961174e-10
2.0235368936027953e-11
-3.299372330900496e-09
-1.9533743511601642e-09
2.2443202851718524e-10
-6.661338147750939e-16
5.329070518200751e-15
-1.214306433183765e-16
-2.157996004115148e-15
-1.7763568394002505e-15
0.0
-5.551115123125783e-17
-2.6645352591003757e-15
4.440892098500626e-16
2.7802897761830536e-09
6.176264832902234e-09
1.7754411274495396e-09
1.0405010186786967e-12
-4.511946372076636e-13
9.424472313668275e-11
1.7667911578200801e-09
8.508003190854652e-10
9.832135106080386e-10
1.2212453270876722e-14
-2.5118795932144167e-15
3.209238430557093e-16
-9.992007221626409e-16
7.105427357601002e-15
-2.220446049250313e-16
0.0
2.4424906541753444e-15
1.7763568394002505e-15
1.351376788250036e-10
1.651869752095081e-10
-2.1715962361668062e-11
-2.2867041593599424e-11
1.3525625064403355e-11
1.3703677081977617e-10
-8.817835350782843e-12
-2.5277557824665564e-11
1.6431300764452317e-13
-3.1308289294429414e-14
-4.85722573273506e-16
6.938893903907228e-17
2.0539125955565396e-15
-3.552713678800501e-15
0.0
-4.440892098500626e-16
0.0
-1.3322676295501878e-15
2.1719737119951787e-10
6.82462086842861e-10
3.488054289846332e-11
1.3061551840110042e-11
1.9113599591946695e-12
6.067940594434162e-11
1.3734791082242737e-11
-1.0416556506243069e-11
5.429323657324403e-12
2.375877272697835e-14
1.1102230246251565e-16
-2.7755575615628914e-17
1.7763568394002505e-15
-8.881784197001252e-16
-2.220446049250313e-16
-5.551115123125783e-16
2.220446049250313e-15
-2.7755575615628914e-16
-3.9238479132563953e-10
8.886900104698725e-10
-2.0374812947920873e-12
1.893596390800667e-11
-4.1442405063207843e-11
4.3390124826458987e-11
-1.1286971357549191e-11
4.7206683007061656e-11
1.414532277118144e-11
-1.1102230246251565e-14
4.440892098500626e-16
2.5673907444456745e-16
-2.6645352591003757e-15
-8.881784197001252e-16
0.0
3.3306690738754696e-16
-1.7763568394002505e-15
1.3322676295501878e-15
3.490887934276543e-08
5.097473376736161e-08
2.4873386905710504e-08
-3.354472255523433e-11
-5.524469770534779e-13
1.4059420294643132e-11
2.492410189347538e-08
1.468819377237196e-08
1.031579088817125e-08
1.3322676295501878e-15
-4.440892098500626e-16
2.7755575615628914e-17
1.7763568394002505e-15
1.3322676295501878e-15
-2.4424906541753444e-15
-1.1102230246251565e-16
-1.3322676295501878e-14
4.440892098500626e-16
2.2191827042661316e-08
5.585951612374629e-08
1.0480079026820022e-08
4.369248074453935e-09
2.807114540814837e-09
2.3050183983741587e-10
6.0816418567810615e-09
3.2688021178728377e-09
8.868703105235909e-09
1.3766765505351941e-14
-7.771561172376096e-16
-1.1102230246251565e-16
-2.220446049250313e-15
-6.38378239159465e-16
-8.881784197001252e-16
-3.686287386450715e-16
4.440892098500626e-16
-9.159339953157541e-16
-6.750454417669972e-09
9.244689636034309e-08
-2.0203883011049584e-08
-3.5863791936208145e-09
-2.0413486456760666e-09
-4.686908638973364e-10
-1.6594704277395067e-08
-1.0599291222490592e-08
9.51657241898829e-09
-1.1324274851176597e-14
-1.734723475976807e-18
-2.7755575615628914e-16
2.6645352591003757e-15
0.0
3.9968028886505635e-15
1.6653345369377348e-16
8.881784197001252e-16
2.498001805406602e-16
-6.641045047217631e-09
7.182620720413979e-09
-6.3081273538045934e-09
-1.3584866564997358e-09
-8.589076117004879e-10
-2.255262643302558e-10
-4.932551700420618e-09
-2.8453293055008544e-09
-2.2647617115012508e-10
-7.105427357601002e-15
2.914335439641036e-15
-1.6653345369377348e-16
-1.1102230246251565e-15
4.440892098500626e-16
-4.440892098500626e-16
2.914335439641036e-16
-4.440892098500626e-16
-8.881784197001252e-16
7.281987279839086e-08
1.85852741196868e-07
2.1373587344442058e-08
-2.5124791136477146e-11
1.0077272349917621e-11
2.1309176645445405e-11
2.135892085419755e-08
3.5359977168525347e-09
2.49419382924998e-08
2.4424906541753444e-15
-7.299716386910404e-15
1.6653345369377348e-16
8.881784197001252e-16
1.2212453270876722e-15
-2.220446049250313e-16
-3.1086244689504383e-15
-1.7763568394002505e-15
2.220446049250313e-16
-1.9261534589531948e-09
-3.691127403726568e-09
-7.701075332988694e-10
7.2319039645663e-11
6.855316314613445e-11
-3.9321434996963944e-11
-8.354721359182804e-10
-5.644107403668386e-11
-3.650924007558842e-11
4.6629367034256575e-15
7.216449660063518e-15
0.0
-2.55351295663786e-15
-1.7763568394002505e-15
0.0
0.0
6.217248937900877e-15
0.0
1.4499335065920604e-10
-1.4292425021267261e-09
5.843148187523184e-10
-9.425349389857729e-11
-7.124967282834405e-11
1.4495071809506044e-11
6.769695914954355e-10
3.3000269183958153e-10
6.17204065633814e-11
-7.993605777301127e-15
-5.259681579161679e-15
8.326672684688674e-17
1.0547118733938987e-15
-8.881784197001252e-16
2.220446049250313e-16
-4.440892098500626e-16
-5.329070518200751e-15
-8.881784197001252e-16
-5.9473848068591906e-09
-1.1337988325976767e-09
-4.242139084453811e-09
-4.133013931095775e-10
-2.375024621414923e-10
6.866684998385608e-11
-3.81999321064086e-09
-1.9101902282159244e-09
-8.46092279571664e-10
1.9095836023552692e-14
-5.516420653606247e-16
-1.942890293094024e-16
-4.440892098500626e-16
1.3322676295501878e-15
-2.220446049250313e-16
0.0
1.7763568394002505e-15
-8.881784197001252e-16
-8.966409836830281e-10
-8.81698269949993e-10
-4.129105946049094e-10
-1.4487255839412683e-10
-9.099876407958618e-11
1.4836842865406652e-10
-2.6000002151249646e-10
1.2354384182344802e-10
2.2958746015433462e-11
-1.7763568394002505e-15
-4.579669976578771e-16
2.1649348980190553e-15
2.220446049250313e-16
-1.887379141862766e-15
4.440892098500626e-16
3.1086244689504383e-15
-6.217248937900877e-15
1.7763568394002505e-15
6.767351123926346e-10
-1.3434942047751974e-10
5.429092730935281e-10
6.240199468265928e-10
3.4594149767031013e-10
1.9321788613524404e-10
-6.774669714104675e-11
4.043920753815655e-11
3.2329583454782096e-11
-1.3322676295501878e-14
3.5110803153770576e-15
-8.326672684688674e-17
-1.5543122344752192e-15
-6.800116025829084e-16
2.220446049250313e-16
-8.881784197001252e-16
-3.552713678800501e-15
-2.220446049250313e-16
7.772413823659008e-10
4.879723292106064e-10
7.319180816978132e-10
9.76145386744065e-10
5.387477131080232e-10
2.4935786768764956e-10
-2.245919006327313e-10
-7.810907476368811e-11
1.1833423130269694e-11
1.4654943925052066e-14
-2.6506574712925612e-15
0.0
0.0
2.220446049250313e-16
0.0
2.6645352591003757e-15
-3.1086244689504383e-15
-9.992007221626409e-16
1.23656462847066e-09
9.926353072842176e-10
9.36131172579735e-10
9.407798984284454e-10
5.273408376638145e-10
2.589075620562653e-10
-1.460875864722766e-11
-4.660449803850497e-11
1.3943957100082116e-11
-1.7208456881689926e-14
1.169203622808368e-15
3.469446951953614e-17
4.440892098500626e-16
-2.220446049250313e-16
1.5265566588595902e-16
-1.3322676295501878e-15
1.4210854715202004e-14
1.3322676295501878e-15
1.285588524524428e-09
8.309370969072915e-10
9.123340416472558e-10
6.605587188346362e-10
3.643796375740748e-10
1.922444425872527e-10
2.411120192391536e-10
6.506617467039177e-11
2.0795809518858732e-11
7.66053886991358e-15
2.095545958979983e-15
-2.7755575615628914e-17
-4.440892098500626e-16
6.661338147750939e-16
-8.326672684688674e-16
-1.3322676295501878e-15
-1.1591422266477025e-14
0.0
6.270219898851792e-10
4.449418611329748e-10
3.195042008741211e-10
-1.4367262934911196e-10
-9.213430018917279e-11
2.710009994189022e-11
4.546620857581729e-10
1.9335288925503846e-10
2.46525022618016e-11
2.9976021664879227e-15
-5.828670879282072e-16
-2.7755575615628914e-16
-1.3322676295501878e-15
-2.4424906541753444e-15
7.771561172376096e-16
0.0
1.5543122344752192e-15
-8.881784197001252e-16
3.2589131393478965e-10
1.5637624528608285e-10
-1.6559908999624895e-10
-7.821741032643104e-10
-4.446460977192146e-10
-1.0834355634870008e-10
6.079190484342689e-10
2.8111291072718814e-10
2.420807998504415e-11
1.0325074129013956e-14
-3.3584246494910985e-15
1.6653345369377348e-16
2.220446049250313e-16
-4.440892098500626e-16
-1.1102230246251565e-16
3.1086244689504383e-15
-8.881784197001252e-16
8.881784197001252e-16
1.4773959833291883e-10
7.704059612478886e-12
-5.829470239859802e-10
-1.1322267567948074e-09
-6.550986419995297e-10
-2.1195489807723789e-10
5.465707886287419e-10
2.3097923573800472e-10
-6.4469540816958215e-12
-2.5202062658991053e-14
2.3592239273284576e-15
5.551115123125783e-17
0.0
2.4424906541753444e-15
-2.220446049250313e-16
-3.1086244689504383e-15
7.549516567451064e-15
0.0
-8.902958370526903e-10
6.984279821153905e-10
-1.5449170831516312e-09
-1.4117258473334005e-09
-8.132672313365674e-10
-3.234035261812096e-10
-1.333795296432072e-10
-3.2117841719525586e-10
-1.5673362607770969e-10
1.942890293094024e-14
1.2073675392798577e-15
-1.6653345369377348e-16
-4.440892098500626e-16
-3.774758283725532e-15
0.0
1.1102230246251565e-15
3.552713678800501e-15
-4.440892098500626e-16
-5.845848249919072e-09
4.245592322149605e-09
-5.176969963827105e-09
-1.445542352485063e-09
-8.320714117715511e-10
-3.9312908484134823e-10
-3.728933606339524e-09
-3.0546623008831375e-09
-7.600771123605909e-10
-3.9968028886505635e-15
-3.714205592392217e-16
-5.551115123125783e-17
-4.440892098500626e-16
3.3306690738754696e-15
1.1102230246251565e-16
2.1094237467877974e-15
-7.105427357601002e-15
-4.440892098500626e-16
-1.9263289630089275e-08
1.4689845784232604e-08
-1.469222432604056e-08
-1.2017324912960703e-09
-6.908078553635733e-10
-3.7610448089253623e-10
-1.3492996941977253e-08
-1.0327305427493272e-08
-1.8198497153676385e-09
-1.199040866595169e-14
-1.8457457784393227e-15
1.1102230246251565e-16
1.1102230246251565e-15
-1.27675647831893e-15
0.0
-1.4432899320127035e-15
-8.881784197001252e-16
0.0
-1.8467822826551128e-08
1.5958960375428433e-08
-1.3082917860174346e-08
-9.441256665354558e-10
-5.409708236925326e-10
-3.3517721931275446e-10
-1.21419394538691e-08
-9.249258914323377e-09
-9.260778810471493e-10
9.992007221626409e-15
1.3877787807814457e-15
-1.1102230246251565e-16
-8.881784197001252e-16
2.248201624865942e-15
-1.1102230246251565e-16
6.38378239159465e-16
1.7763568394002505e-15
-2.220446049250313e-15
-5.2210609169378586e-09
5.836852778884349e-09
-3.548546345655268e-09
-7.592158013380867e-10
-4.320420687875526e-10
-2.838476120814448e-10
-2.7964162097049443e-09
-2.2846640135298912e-09
6.631062365869411e-11
-5.773159728050814e-15
1.0269562977782698e-15
0.0
2.220446049250313e-16
-3.606490106555782e-15
-3.885780586188048e-16
-2.0539125955565396e-15
-1.7763568394002505e-15
1.7763568394002505e-15
-9.99875737761613e-10
1.7947456854017219e-09
-8.031904030758596e-10
-6.19662543499544e-10
-3.4939234838660127e-10
-2.33946195749013e-10
-1.911213409755419e-10
-2.9458924188929814e-10
1.5335921421666399e-10
3.552713678800501e-15
5.551115123125783e-16
-3.608224830031759e-16
0.0
-1.1102230246251565e-16
6.106226635438361e-16
5.551115123125783e-15
4.440892098500626e-15
-1.7763568394002505e-15
1.1938539046241203e-10
2.8889246550534153e-10
-6.03073146976385e-11
-5.397051694444599e-10
-3.034978934834953e-10
-1.843574182203156e-10
4.716322887787783e-10
2.665476728225258e-10
1.5105844353158204e-10
1.9984014443252818e-15
-3.3861802251067274e-15
3.885780586188048e-16
-2.220446049250313e-16
9.992007221626409e-16
2.220446049250313e-16
-4.468647674116255e-15
4.440892098500626e-16
1.4432899320127035e-15
1.1562377721929804e-09
-6.015454800945008e-10
7.91857246440486e-10
-1.7979218114305695e-10
-9.99778038135446e-11
-7.624834097441635e-11
9.642788789676615e-10
6.634266469518479e-10
2.0396184741144907e-10
-3.9968028886505635e-15
-1.5543122344752192e-15
5.551115123125783e-16
7.771561172376096e-16
-1.5543122344752192e-15
-2.220446049250313e-16
1.7416623698807143e-15
-6.661338147750939e-15
-1.1102230246251565e-16
1.3942837995273294e-09
-2.003790910976022e-09
1.2536993665435148e-09
-2.503917073681805e-10
-1.3001333343254373e-10
-1.6079582110251067e-10
1.498547064215927e-09
1.0201279820876152e-09
3.0327829136922446e-10
-1.199040866595169e-14
5.662137425588298e-15
-1.3183898417423734e-16
-6.661338147750939e-16
3.9968028886505635e-15
2.220446049250313e-16
-2.6645352591003757e-15
-1.3322676295501878e-15
-3.7470027081099033e-16
9.907779485729407e-09
-1.445157238322281e-08
7.451298245086946e-09
-1.2675407390361215e-09
-6.853984046983896e-10
-5.88578075166879e-10
8.710284049584516e-09
6.319978318458652e-09
1.8414958447010574e-09
4.574118861455645e-14
-2.7755575615628914e-15
-6.938893903907228e-16
9.992007221626409e-16
-1.3322676295501878e-15
4.440892098500626e-16
5.10702591327572e-15
1.1324274851176597e-14
0.0
-1.1507836461532861e-08
-2.356443928874796e-08
-8.748692437166028e-09
-2.5691271332561882e-09
-1.3480168092883103e-09
-1.405652483299491e-09
-6.172282240868299e-09
-2.081832484179813e-09
1.7320544998256082e-10
3.774758283725532e-15
3.9968028886505635e-15
-1.3877787807814457e-16
6.661338147750939e-16
-3.552713678800501e-15
0.0
-1.5543122344752192e-15
0.0
-1.491862189340054e-16
3.5571133594203275e-08
-5.2037876230315305e-09
3.308390006395712e-08
5.952394133146299e-10
4.3172043717731867e-10
-8.690470565397845e-10
3.249287772177922e-08
1.8501093990153095e-08
3.299817308288766e-09
-3.3084646133829665e-14
-6.63358257213531e-15
-2.0816681711721685e-16
-4.440892098500626e-16
-8.881784197001252e-16
0.0
-1.1102230246251565e-16
4.6629367034256575e-15
0.0
-6.6263936560062575e-09
9.158043212664779e-10
-5.384073631375941e-09
6.290719056778471e-10
4.4421089029356153e-10
1.0194876054470114e-09
-6.032024657542934e-09
-3.9882834812488e-09
-1.6100329958135262e-09
-1.887379141862766e-14
2.4340338772299575e-15
1.3114509478384662e-15
0.0
1.7763568394002505e-15
-8.881784197001252e-16
1.1102230246251565e-16
-3.1086244689504383e-15
0.0
1.116065462269944e-08
1.3071542070974829e-08
1.1047013970255648e-08
9.811529366743343e-11
8.192694092579167e-11
-1.8017159986172262e-10
1.0965806040985626e-08
5.364618971270829e-09
1.317591369343063e-09
-1.3322676295501878e-15
-2.0816681711721685e-15
-3.365363543395006e-16
4.440892098500626e-16
1.7763568394002505e-15
4.440892098500626e-16
1.6653345369377348e-15
-1.1102230246251565e-15
4.440892098500626e-16
4.163283051639155e-09
1.0967596608679742e-08
4.52295267905356e-09
9.020695301842353e-11
2.786126884757323e-11
-1.176007069503271e-10
4.438490464053757e-09
1.664439253090677e-09
6.07169425848042e-10
-1.3322676295501878e-15
6.411537967210279e-15
3.400058012914542e-16
-4.440892098500626e-16
-8.881784197001252e-16
-7.771561172376096e-16
-4.440892098500626e-16
-6.661338147750939e-16
-2.220446049250313e-16
-2.3610962074371855e-09
1.1210261163796531e-08
-7.224372211567243e-10
4.658673447011096e-11
-7.27129467748e-12
-2.2552515410723117e-11
-7.73319186464505e-10
-1.3190657455197652e-09
8.637002224531898e-11
3.530509218307998e-14
-2.706168622523819e-15
-1.942890293094024e-16
4.440892098500626e-16
1.7763568394002505e-15
1.1518563880486e-15
6.661338147750939e-16
1.9984014443252818e-15
-2.220446049250313e-16
-8.727493394644625e-09
1.3606396009890885e-08
-5.624393395464722e-09
-5.758593601967731e-11
-1.357931544987423e-10
2.9869662299120137e-11
-5.5601816484340816e-09
-4.170061629338306e-09
-3.439506457425523e-10
8.881784197001252e-15
2.3314683517128287e-15
0.0
1.3322676295501878e-15
5.773159728050814e-15
8.881784197001252e-16
-2.220446049250313e-15
8.881784197001252e-16
4.440892098500626e-16
-4.438268419448832e-09
1.3606978654934208e-08
-2.7381545919524797e-09
-1.0121681270902626e-11
3.603339848723408e-11
-2.7145397041294927e-11
-2.7345237185727456e-09
-2.585423430900846e-09
1.566977658740143e-10
-2.4424906541753444e-15
-2.7755575615628914e-16
5.551115123125783e-17
-1.7763568394002505e-15
-1.4654943925052066e-14
-2.4424906541753444e-15
2.220446049250313e-15
-3.552713678800501e-15
-7.771561172376096e-16
-6.15643358514717e-09
1.5740511116746347e-08
-4.142808762708228e-09
-1.8594903394841822e-11
-2.0325074956417666e-11
1.0380141191035364e-11
-4.1255923122207605e-09
-3.353882505052752e-09
1.5441692369222437e-10
-1.176836406102666e-14
9.71445146547012e-16
5.551115123125783e-17
4.440892098500626e-16
5.218048215738236e-15
2.220446049250313e-15
-8.881784197001252e-16
3.1086244689504383e-15
1.1102230246251565e-15
1.8416201896798157e-10
1.5306909517676104e-08
4.896074656812743e-10
6.73239242132695e-13
-1.1972645097557688e-11
-8.491651826147972e-12
4.753637483645434e-10
-5.671694225384272e-10
7.542624302914192e-10
6.661338147750939e-16
-3.7192471324942744e-15
5.551115123125783e-17
-8.881784197001252e-16
7.771561172376096e-16
1.3322676295501878e-15
0.0
-8.881784197001252e-16
-2.7755575615628914e-16
-9.394938160767197e-10
1.5449899137820466e-08
-4.3895198587051704e-10
-7.893241615875013e-12
-7.482015007553855e-12
-2.2500445950868198e-11
-4.390692254219175e-10
-9.140634915638657e-10
7.664624490644201e-10
-3.9968028886505635e-15
3.7470027081099033e-16
-3.0531133177191805e-16
2.6645352591003757e-15
1.9984014443252818e-15
-1.3322676295501878e-15
8.881784197001252e-16
-1.3322676295501878e-15
-1.3877787807814457e-17
8.454179578620824e-10
8.843031196192896e-09
1.8002488388901838e-09
-4.143618781426994e-11
1.0905054637078138e-11
-3.2295055518716254e-11
1.8509173083103292e-09
1.0181988585600266e-09
1.3878747040507733e-09
2.2870594307278225e-14
-3.733124920302089e-15
-1.3877787807814457e-16
-2.886579864025407e-15
-2.220446049250313e-15
-4.440892098500626e-16
-6.661338147750939e-16
-2.220446049250313e-16
-1.1657341758564144e-15
3.063377107537235e-09
8.727631950478099e-09
2.916288655008259e-09
5.607145858732565e-10
3.3411629019042266e-10
1.9928281247416638e-11
2.340847959914072e-09
1.3075798221962032e-09
1.4387069313670506e-09
-5.861977570020827e-14
2.858824288409778e-15
2.706168622523819e-16
2.4424906541753444e-15
8.881784197001252e-16
-4.440892098500626e-16
2.220446049250313e-16
3.83026943495679e-15
5.551115123125783e-16
6.002935748483651e-08
-4.9293175763409636e-08
4.495159799944303e-08
4.350936655406201e-08
3.499734929635068e-08
5.262902114111512e-09
1.4459855535164934e-09
8.18801249025114e-10
1.2945093885718961e-09
3.042011087472929e-14
-1.429412144204889e-15
5.551115123125783e-17
-3.6637359812630166e-15
-8.881784197001252e-16
0.0
4.440892098500626e-16
-4.107825191113079e-15
8.881784197001252e-16
2.1080310830257076e-09
9.789449251229598e-10
2.219415762283461e-09
2.2495574292236142e-09
2.188433545491364e-09
-8.089118264109629e-11
-2.8347102443149197e-11
2.525402109654351e-11
1.0942073913611239e-09
-3.552713678800501e-15
5.745404152435185e-15
2.7755575615628914e-17
3.885780586188048e-15
6.217248937900877e-15
-2.220446049250313e-16
8.881784197001252e-16
-4.440892098500626e-16
-1.4432899320127035e-15
-1.1160992130498926e-09
7.049578698570259e-09
-1.3769856366252498e-09
2.099547202760732e-10
8.796541273170533e-11
-5.5136395449295605e-11
-1.5899797034535368e-09
-8.147917895939826e-10
8.042064791879966e-10
-2.4868995751603507e-14
-2.5604518505417673e-15
-1.5612511283791264e-16
-3.774758283725532e-15
-3.552713678800501e-15
8.881784197001252e-16
0.0
3.2751579226442118e-15
7.771561172376096e-16
-2.542391186466375e-09
6.879815828142455e-09
-2.6444340051057225e-09
9.93143345340286e-11
5.867306640539027e-12
7.789552336490146e-11
-2.73818301366191e-09
-1.4435022066550118e-09
5.927418555984332e-10
2.7755575615628914e-14
-2.8449465006019636e-15
1.6653345369377348e-16
2.55351295663786e-15
-8.881784197001252e-16
-4.440892098500626e-16
2.220446049250313e-16
-4.440892098500626e-16
4.440892098500626e-16
-3.3428300127980037e-09
7.906407972768648e-09
-3.346563914874423e-09
6.153300091682468e-11
-3.3079317063311464e-11
1.3256717945608898e-10
-3.397531145310495e-09
-1.819861594754002e-09
5.752305298756255e-10
2.886579864025407e-14
2.7755575615628914e-16
-9.71445146547012e-17
-6.661338147750939e-16
-1.7763568394002505e-15
0.0
-4.440892098500626e-16
-2.4424906541753444e-15
-2.6645352591003757e-15
1.1125589338689679e-09
-7.994458428584039e-10
8.590124167540125e-10
6.859579571028007e-11
-9.851675031313789e-12
9.715939164323116e-11
7.971934223860444e-10
4.236753170516749e-10
-2.823652422989653e-11
-3.042011087472929e-14
2.7755575615628914e-15
5.551115123125783e-17
-2.220446049250313e-15
0.0
0.0
0.0
6.661338147750939e-16
4.440892098500626e-16
8.027427611523308e-09
-7.174151051003719e-09
6.946763164705771e-09
7.405297708373837e-09
5.286544535465509e-09
1.6773054056784529e-09
-5.034124228586734e-10
-2.3919355385260133e-10
3.594036179777049e-11
8.881784197001252e-15
-1.1657341758564144e-15
-5.551115123125783e-17
2.4424906541753444e-15
9.992007221626409e-16
4.440892098500626e-16
0.0
-6.106226635438361e-16
3.4555691641457997e-15
6.561489840350987e-08
-9.282632618123898e-08
3.8413778824519795e-08
3.5128749686919036e-08
2.4418573163487164e-08
4.5549661820132314e-09
3.3115838959929537e-09
1.69573688424407e-09
-1.6322410090197081e-10
-2.220446049250313e-15
-2.040034807748725e-15
1.6653345369377348e-16
-2.220446049250313e-16
-8.881784197001252e-16
0.0
1.429412144204889e-15
1.3322676295501878e-15
-1.7763568394002505e-15
-6.002407815230981e-08
-1.1293172974546906e-07
-6.433104715597437e-08
-6.08424812753583e-08
-2.8936196772022527e-08
-9.416486257407541e-09
-3.677190107964634e-09
-2.059062254033961e-09
-6.16786621776555e-10
-3.774758283725532e-15
7.216449660063518e-16
3.774758283725532e-15
1.7763568394002505e-15
-1.887379141862766e-15
-1.6653345369377348e-16
-5.218048215738236e-15
-1.7763568394002505e-15
-1.7763568394002505e-15
-1.9262401451669575e-08
-1.156363396148663e-07
-3.120192104688613e-08
-2.6029780997305352e-08
-1.0243034864743095e-08
-8.003326001926325e-09
-5.273690817375609e-09
-2.935206744325569e-09
-1.0336123068555025e-09
4.440892098500626e-16
4.9960036108132044e-15
-1.1102230246251565e-16
0.0
1.3877787807814457e-16
-1.3877787807814457e-16
0.0
0.0
0.0
-1.9202389012207277e-08
-6.03671423959895e-08
-2.9053325079075876e-08
-2.7889065279396167e-08
-1.6584678519393492e-08
-1.0256513860440464e-08
-1.065355803575585e-09
-4.863167646362854e-10
-4.802700459549669e-10
-1.7319479184152442e-14
-4.218847493575595e-15
0.0
0.0
-6.661338147750939e-16
1.6653345369377348e-16
-2.220446049250313e-16
1.7763568394002505e-15
-8.881784197001252e-16
-1.5722637414228302e-08
-6.374028771460871e-08
-2.580787850092747e-08
-2.5606020415125382e-08
-1.4840860984577377e-08
-1.0729721111601975e-08
-1.0129141969628108e-10
-9.012168789013231e-11
4.60964599824365e-12
2.3092638912203256e-14
4.9960036108132044e-15
-1.1102230246251565e-16
0.0
1.1102230246251565e-16
1.6653345369377348e-16
0.0
-3.9968028886505635e-15
8.881784197001252e-16
-1.5188515334330077e-08
-6.73688020924601e-08
-2.3952132721660746e-08
-2.3833731432887362e-08
-1.2942091842660375e-08
-1.0834284580596433e-08
-4.2096104380107136e-11
-1.0235545744308182e-10
1.3344492177935763e-11
-2.6645352591003757e-14
-5.245803791353865e-15
1.942890293094024e-16
3.3306690738754696e-16
1.3322676295501878e-15
-3.608224830031759e-16
0.0
6.772360450213455e-15
4.440892098500626e-16
-2.537663057466943e-08
-6.989228040765738e-08
-3.0086468427725777e-08
-3.006530935323326e-08
-1.4145449256375286e-08
-1.1270422817233339e-08
6.217248937900877e-13
1.6562751170567935e-11
-6.09690076203151e-12
5.995204332975845e-15
2.4841240175987878e-15
-6.938893903907228e-17
4.440892098500626e-16
-4.440892098500626e-15
5.551115123125783e-17
0.0
-3.774758283725532e-15
0.0
-2.1596065380435903e-08
-5.5629925554967485e-08
-2.264749809910427e-08
-2.3463673670676144e-08
-8.22154078150561e-09
-7.809308755213351e-09
7.92550913786272e-10
5.337952302397753e-10
5.218314669264146e-11
2.4424906541753444e-15
-6.369904603786836e-15
9.71445146547012e-17
-1.7763568394002505e-15
-4.440892098500626e-16
-1.1102230246251565e-16
-2.220446049250313e-16
1.1102230246251565e-15
-8.881784197001252e-16
-2.3869238141571714e-08
1.3833272305419086e-08
-1.7576049060608057e-08
-8.681979579705512e-09
-6.025381082963577e-09
8.700316023180221e-10
-8.952913965742937e-09
-5.031331795635197e-09
-1.843311281390925e-09
1.3100631690576847e-14
4.2674197509029455e-15
2.220446049250313e-16
9.992007221626409e-15
4.440892098500626e-15
3.9968028886505635e-15
-3.9968028886505635e-15
-4.440892098500626e-16
2.6645352591003757e-15
-4.137490350331063e-09
-7.526921308453893e-10
-3.4418334848851377e-09
-5.128484303895675e-10
-2.704325652302941e-11
4.029256928106406e-10
-2.9550761837526807e-09
-1.7142625097221753e-09
-5.270237579679815e-10
-1.7763568394002505e-15
-4.3298697960381105e-15
1.1102230246251565e-16
-1.3322676295501878e-15
2.220446049250313e-16
1.6653345369377348e-16
4.440892098500626e-16
8.881784197001252e-16
-2.9976021664879227e-15
-2.8815350106015103e-09
6.489813131338451e-09
-1.6949570635915736e-09
-1.7059953449916065e-09
-1.208285027587408e-09
-1.2727774389986735e-10
1.3538503651489009e-11
-1.1016965117960353e-11
-1.5307755063531658e-12
3.3306690738754696e-15
1.2212453270876722e-15
4.996003610813204e-16
1.3322676295501878e-15
2.609024107869118e-15
0.0
4.440892098500626e-16
-1.7763568394002505e-15
3.1086244689504383e-15
7.0591710255030185e-09
1.2526299997261958e-09
6.018204601332401e-09
6.058594959057473e-09
3.4756979516714633e-09
8.582006216784066e-10
-2.513195901387988e-11
3.1956659540810506e-12
1.128208637624084e-12
-4.551914400963142e-15
9.992007221626409e-16
-7.216449660063518e-16
-1.7763568394002505e-15
-4.107825191113079e-15
-2.6645352591003757e-15
-8.881784197001252e-16
7.993605777301127e-15
-1.887379141862766e-15
4.072887804795755e-09
2.0053916305329267e-09
3.294903905270985e-09
3.3478917416118747e-09
1.888221135004642e-09
6.729479196110333e-10
-3.630207245919337e-11
1.653065228104933e-11
2.5974777884130162e-12
2.1649348980190553e-14
2.4702462297909733e-15
5.551115123125783e-17
-2.220446049250313e-16
-4.718447854656915e-16
-8.881784197001252e-16
-2.220446049250313e-15
8.881784197001252e-16
1.1102230246251565e-16
2.708695490127866e-09
1.8221442132926313e-09
2.1798651772542144e-09
2.219305628159418e-09
1.2502372470635237e-09
5.018563342673588e-10
-2.6117774609701883e-11
1.2033041230097297e-11
1.20614629395277e-12
-7.105427357601002e-15
-4.135580766728708e-15
-5.551115123125783e-17
1.7763568394002505e-15
5.551115123125783e-17
2.220446049250313e-16
2.6645352591003757e-15
-2.886579864025407e-15
-1.887379141862766e-15
1.574882446675474e-09
1.7674466334938186e-09
1.2803393900640003e-09
1.300966445683116e-09
7.452971573229661e-10
3.7859138046769653e-10
-1.107736125049996e-11
4.227729277772596e-12
5.395683899678261e-13
-5.229150445984487e-14
4.926614671774132e-16
5.551115123125783e-17
-6.661338147750939e-16
-2.220446049250313e-16
-3.3306690738754696e-16
-8.881784197001252e-16
-4.218847493575595e-15
-1.1102230246251565e-15
2.0430945824045918e-10
2.0246417875569023e-09
1.788054149187701e-10
1.850555264581999e-10
1.284554684843897e-10
2.715978553169407e-10
-1.91491267287347e-12
-6.370015626089298e-12
-9.015010959956271e-13
2.7644553313166398e-14
1.9480944635219544e-15
-5.551115123125783e-17
0.0
2.6645352591003757e-15
-2.220446049250313e-16
-6.661338147750939e-16
-2.220446049250313e-15
0.0
-6.407780972494947e-10
2.3305304353016254e-09
-4.860387647909192e-10
-4.633751160554312e-10
-2.2446222658345502e-10
2.360849293836509e-10
-2.071232074740692e-11
-3.106848112111038e-12
-2.0958790258873705e-12
-3.9968028886505635e-15
2.8727020762175925e-15
0.0
0.0
-5.551115123125783e-16
9.43689570931383e-16
-2.7755575615628914e-15
-5.773159728050814e-15
-2.220446049250313e-16
-8.265708117960457e-10
2.499628948271493e-09
-6.899609772403892e-10
-6.756462056500823e-10
-3.33448824108018e-10
2.1665869098796977e-10
-1.0963674412778346e-11
-1.3745449223279136e-11
-3.2858160636806133e-12
1.2545520178264269e-14
-2.033095913844818e-15
0.0
0.0
-4.440892098500626e-16
5.551115123125783e-17
3.4416913763379853e-15
4.440892098500626e-15
1.7763568394002505e-15
-7.204983276665189e-10
2.322416037259245e-09
-6.430668220147595e-10
-7.042899596854113e-10
-3.4786751257342985e-10
1.8204104890173767e-10
5.483613563228573e-11
1.0473399925103877e-11
7.351230735253012e-12
-6.661338147750939e-15
1.339206523454095e-15
-2.220446049250313e-16
2.220446049250313e-16
-3.3306690738754696e-16
3.3306690738754696e-16
-6.494804694057166e-15
-8.881784197001252e-16
-1.3322676295501878e-15
2.2487185447062075e-09
-8.595009148848476e-10
1.6185737194973626e-09
-5.367315480953039e-10
-2.6407853681575943e-10
1.5090506622073008e-10
2.1428423480074343e-09
1.6636141353387757e-09
2.5742141751550207e-10
2.275957200481571e-14
-4.760081218080359e-15
2.220446049250313e-16
2.220446049250313e-16
1.3322676295501878e-15
4.996003610813204e-16
7.605027718682322e-15
7.105427357601002e-15
-8.881784197001252e-16
1.0991243470925838e-09
-3.979039320256561e-11
6.453646506088262e-10
-1.8980017557623796e-10
-8.14459610865015e-11
1.610658273420995e-10
8.120117911403213e-10
6.368878757712082e-10
1.7277734798426536e-11
-1.887379141862766e-14
3.191891195797325e-16
-5.6066262743570405e-15
-1.7763568394002505e-15
9.992007221626409e-16
-2.55351295663786e-15
-1.609823385706477e-15
8.881784197001252e-16
1.7763568394002505e-15
-9.697060932012391e-10
2.675712096333882e-09
-6.142979458445552e-10
4.3990588949327503e-10
2.717612801461655e-10
2.3952395622472977e-10
-1.089077272808936e-09
-8.316899391402899e-10
-6.993530754506594e-11
2.1316282072803006e-14
2.1649348980190553e-15
1.6653345369377348e-16
0.0
0.0
8.604228440844963e-16
-3.3306690738754696e-16
-5.329070518200751e-15
8.881784197001252e-16
5.540314873542229e-10
1.5034302691674384e-09
5.256133306374977e-10
8.31901214581876e-10
4.891873572887562e-10
3.014690719282953e-10
-3.319744479313158e-10
-2.5814861359663155e-10
-1.0930694717414813e-11
-2.042810365310288e-14
1.6653345369377348e-16
1.6653345369377348e-16
6.661338147750939e-16
5.551115123125783e-17
2.42861286636753e-16
8.881784197001252e-16
2.6645352591003757e-15
0.0
6.547153930114291e-10
9.792096022920305e-10
5.511289202786429e-10
6.68360922162492e-10
3.88778786941657e-10
2.8632030080188997e-10
-1.264710558501747e-10
-1.0795986327138962e-10
-1.0927141136374274e-11
6.661338147750939e-15
1.6375789613221059e-15
5.551115123125783e-17
-6.661338147750939e-16
1.106753577673203e-15
-1.3877787807814457e-15
-6.661338147750939e-16
-4.440892098500626e-15
-4.440892098500626e-16
-2.3040058749757009e-10
5.468123731589003e-10
-1.6935075564106228e-10
5.616662690499652e-11
2.8121505124545365e-11
1.6559908999624895e-10
-2.227524831255323e-10
-1.6416024095633475e-10
-4.103659079213173e-11
1.6209256159527285e-14
-3.858025010572419e-15
-4.440892098500626e-16
5.551115123125783e-16
-9.43689570931383e-16
1.4432899320127035e-15
6.661338147750939e-16
1.3322676295501878e-15
4.440892098500626e-16
-2.207286797784036e-09
-4.481393034438952e-10
-1.9821264629626967e-09
-1.7547385766647494e-09
-1.0274554540501413e-09
-1.6142109870997956e-10
-2.0101964537388994e-10
-1.0520473381347983e-10
-4.9373496610605194e-11
-2.7755575615628914e-14
5.773159728050814e-15
2.498001805406602e-16
-6.772360450213455e-15
2.7755575615628914e-16
-2.220446049250313e-16
7.771561172376096e-16
3.9968028886505635e-15
-1.0325074129013956e-14
-5.0824269237637054e-09
-1.489070200477727e-09
-4.485706028845016e-09
-5.0703334864010685e-09
-2.963842504755121e-09
-6.985629852351849e-10
5.961329208048483e-10
4.347704418705689e-10
1.0924516846699817e-10
-9.103828801926284e-15
-6.1547988927657116e-15
2.42861286636753e-16
-1.1102230246251565e-16
-7.771561172376096e-16
0.0
-2.7755575615628914e-15
5.551115123125783e-17
-2.220446049250313e-16
-1.2277240557523328e-08
-8.104450444079703e-10
-1.0259057603434485e-08
-1.0563010022224262e-08
-6.1807297058180666e-09
-1.7389965023539844e-09
3.3717384440024034e-10
1.858886378158786e-10
1.3252177133438183e-11
2.6867397195928788e-14
3.885780586188048e-16
-6.453171330633722e-16
-9.992007221626409e-16
1.1102230246251565e-15
-4.440892098500626e-16
4.440892098500626e-16
5.551115123125783e-16
9.769962616701378e-15
-3.165644102409715e-08
-8.352415648005262e-09
-2.6290557730845873e-08
-2.214347460949284e-08
-1.2955543304826733e-08
-4.513765361480182e-09
-4.1041516851691995e-09
-2.374399343807454e-09
-7.569642690441469e-10
2.5091040356528538e-14
-2.4980018054066022e-15
8.666678485980128e-15
7.993605777301127e-15
-1.3322676295501878e-14
-3.1086244689504383e-15
1.8318679906315083e-15
-1.3322676295501878e-15
-7.993605777301127e-15
-2.8071980295862886e-08
-8.734062362236727e-09
-1.8276196556143987e-08
-2.368520668483143e-08
-1.384768566481398e-08
-6.402736119071051e-09
5.425849991524956e-09
2.776275209726009e-09
1.8133796686470305e-09
-6.661338147750939e-16
4.427014310692812e-15
2.498001805406602e-16
-6.661338147750939e-16
0.0
8.881784197001252e-16
-1.4432899320127035e-15
4.440892098500626e-16
2.220446049250313e-16
-1.195231646988759e-08
-1.6385218515324596e-08
-7.713296668043767e-10
-5.3862336812926515e-09
-2.8189575118631183e-09
-4.065338288228304e-09
4.547885623651382e-09
2.202177995513921e-09
1.984794550935476e-09
-2.842170943040401e-14
-6.106226635438361e-16
-9.2148511043888e-15
-7.327471962526033e-15
6.217248937900877e-15
-2.220446049250313e-15
-5.995204332975845e-15
-1.7763568394002505e-15
6.217248937900877e-15
2.7960709303442854e-09
1.0946877182504977e-08
3.6823095683757856e-09
2.5068302988984215e-10
1.5409495901508308e-10
4.917976581531036e-10
3.502023560031376e-09
1.6041106221109658e-09
1.8415988733977429e-09
-3.752553823233029e-14
-9.992007221626409e-16
2.7755575615628914e-16
0.0
-1.7763568394002505e-15
-1.7763568394002505e-15
4.218847493575595e-15
-8.881784197001252e-16
0.0
1.4918555280019064e-10
1.1543420441739727e-08
1.1728005233635486e-09
1.1677858680059217e-10
7.064215878926916e-11
2.7359281506988964e-11
1.070233679456578e-09
2.1064394672976053e-10
1.5211583104246529e-09
3.441691376337985e-14
7.494005416219807e-16
-4.996003610813204e-16
4.440892098500626e-16
-1.7763568394002505e-15
1.7763568394002505e-15
-1.3322676295501878e-15
-6.106226635438361e-16
2.636779683484747e-16
4.7970516448003756e-09
1.1516817721712869e-08
4.675271725318453e-09
1.5001155873051175e-10
1.524202986047385e-11
5.3224147311681236e-11
4.559318256269761e-09
2.1733512767241336e-09
1.9897328229490086e-09
1.354472090042691e-14
4.551914400963142e-15
0.0
0.0
-2.6645352591003757e-15
-1.2212453270876722e-15
-1.7763568394002505e-15
1.2490009027033011e-15
-2.220446049250313e-16
2.9486812991308398e-09
1.2301427432248602e-08
3.022179839717864e-09
1.2085443756859604e-10
-1.7437329358216402e-11
1.3032019907655013e-11
2.8929463269378175e-09
1.1682770306720158e-09
1.7997621171161882e-09
-3.6193270602780103e-14
-1.4988010832439613e-15
3.3306690738754696e-16
0.0
0.0
2.6645352591003757e-15
6.661338147750939e-16
-6.661338147750939e-16
-4.440892098500626e-16
1.2150369599339683e-09
1.2796419923688518e-08
1.3163372614144464e-09
8.36699598494306e-11
-5.624389842751043e-11
1.2639445046147557e-11
1.2357119771877478e-09
8.770417725401103e-11
1.5619150417478522e-09
6.17284001691587e-14
1.3877787807814457e-15
-1.942890293094024e-16
-4.440892098500626e-16
1.7763568394002505e-15
-2.220446049250313e-16
-4.614364446098307e-16
1.7763568394002505e-15
0.0
-2.9291449266111162e-09
1.37882736339634e-08
-2.402231302767177e-09
2.8848035071860064e-12
-5.708322703412705e-11
-7.084555164738049e-12
-2.4125164088673046e-09
-2.2426327461744222e-09
9.62174340202182e-10
-2.9753977059954195e-14
-7.729927808952652e-15
-8.326672684688674e-17
4.440892098500626e-16
6.661338147750939e-15
-3.774758283725532e-15
1.1102230246251565e-15
-6.661338147750939e-16
0.0
-3.9706438137443456e-10
6.791651685489342e-10
-2.4709567725267334e-11
-4.632383365787973e-11
-4.714451051768265e-11
-2.6483704118618334e-11
-1.5718981671852816e-11
4.938272013532696e-12
-5.360156762890256e-13
-3.197442310920451e-14
5.079270337660091e-15
6.938893903907228e-16
-3.9968028886505635e-15
-2.4424906541753444e-15
1.7763568394002505e-15
-1.1546319456101628e-14
-4.440892098500626e-15
3.552713678800501e-15
-4.4681813804459125e-10
7.33393790142145e-10
-1.0141576467503909e-10
-1.1456791071395855e-10
-7.265832380198844e-11
-3.547606652887225e-11
1.1127765375817944e-11
-1.8687273950490635e-12
1.9703128018022653e-12
-1.84297022087776e-14
-3.0531133177191805e-15
1.700029006457271e-16
-1.7763568394002505e-15
-7.494005416219807e-16
0.0
8.881784197001252e-16
4.440892098500626e-16
-2.6645352591003757e-15
-5.686269233251551e-10
3.9005954022286455e-10
-2.1102941616391038e-10
-1.6368417732337548e-10
-7.195843920726475e-11
-5.619793519429095e-11
-2.4686586108657593e-11
-1.9375612225758232e-11
2.297051437949449e-12
6.661338147750939e-16
2.831068712794149e-15
0.0
0.0
-4.218847493575595e-15
8.881784197001252e-16
2.220446049250313e-16
-8.881784197001252e-16
4.440892098500626e-16
3.113598268100759e-10
1.0977430520142661e-08
3.368683110238635e-10
-1.6589218887475e-10
-4.165023881341767e-11
-9.6265440063803e-11
5.183702356248432e-10
2.1528911986479213e-10
1.5668959463255305e-09
6.350475700855895e-14
-1.942890293094024e-15
-1.942890293094024e-16
1.7763568394002505e-15
5.329070518200751e-15
0.0
-1.3322676295501878e-15
1.9984014443252818e-15
-2.6645352591003757e-15
9.040341808486119e-10
9.382148391523515e-09
3.884821353494772e-10
-1.234603530519962e-10
-2.4482638139033952e-11
-1.3215784022690968e-10
5.354117149636295e-10
2.4282376109852066e-10
1.4122747415967753e-09
-2.9753977059954195e-14
7.771561172376096e-16
2.942091015256665e-15
-2.6645352591003757e-15
-7.105427357601002e-15
0.0
0.0
2.0539125955565396e-15
-3.3306690738754696e-16
-1.3046914659753384e-09
1.1890932682945277e-08
-2.040955848769954e-09
-1.1630731933109928e-09
-9.613854157208834e-10
-2.1517454484865084e-10
-8.648317617598877e-10
-5.326323826437829e-10
1.288739781557524e-09
2.6423307986078726e-14
2.498001805406602e-16
8.326672684688674e-17
2.6645352591003757e-15
3.9968028886505635e-15
-2.220446049250313e-16
-2.220446049250313e-16
-2.9976021664879227e-15
-1.1657341758564144e-15
3.2384470216584305e-08
-2.0824131752306126e-08
2.2206631200560878e-08
2.466583559623814e-08
1.923800953262944e-08
2.4503815643228677e-09
-2.4447679436434555e-09
-1.4233814127351254e-09
1.1295213653284009e-09
1.84297022087776e-14
-3.2578106878844437e-15
1.942890293094024e-16
-3.552713678800501e-15
-2.6645352591003757e-15
4.440892098500626e-16
0.0
2.9976021664879227e-15
1.6653345369377348e-15
5.663125079991005e-09
2.606952875794377e-09
1.9515304927608668e-09
6.2349134744010826e-09
4.647145557257204e-09
6.448207523490623e-10
-4.266237141337115e-09
-2.546901800570822e-09
5.233857791608898e-10
-3.863576125695545e-14
3.3029134982598407e-15
4.163336342344337e-17
-1.1102230246251565e-15
-3.552713678800501e-15
0.0
2.220446049250313e-16
-3.3306690738754696e-16
-8.881784197001252e-16
-4.891560934083827e-09
5.601691555057187e-09
-6.310957090249758e-09
5.373035349975908e-10
5.623230769913334e-10
6.543832142824613e-11
-7.0562151677222565e-09
-4.670780207050029e-09
-1.397211235598661e-09
2.4868995751603507e-14
-2.373101715136272e-15
-3.833738881908744e-15
3.6637359812630166e-15
1.7763568394002505e-15
-2.220446049250313e-16
2.220446049250313e-15
-9.43689570931383e-16
1.7763568394002505e-15
2.0811631884498635e-07
-1.531708448965219e-08
1.6978384564936277e-07
-2.4595436798335868e-11
-2.225775119768514e-12
6.837230781542303e-11
1.697519813603776e-07
9.021980074130909e-08
2.3820689420972485e-08
-3.1086244689504383e-15
2.3592239273284576e-15
6.938893903907228e-18
-2.220446049250313e-16
3.552713678800501e-15
-2.220446049250313e-16
4.440892098500626e-16
1.3322676295501878e-15
3.3306690738754696e-16
1.235362496743164e-06
-1.0044715281765093e-08
1.0189692112305693e-06
-9.600853445590474e-11
-2.5933033498404257e-11
-3.823497074506577e-12
1.0186765670994191e-06
5.344541742502429e-07
1.6140974423706211e-07
-3.774758283725532e-14
8.326672684688674e-17
3.677613769070831e-16
-2.6645352591003757e-15
-8.881784197001252e-16
-2.220446049250313e-16
-2.220446049250313e-16
-1.6653345369377348e-16
8.881784197001252e-16
9.942182632727281e-09
1.7565184862178285e-08
3.529862624418456e-09
-3.3796965226429165e-11
-2.7988278361590346e-11
6.695288767843977e-11
3.3290348255832214e-09
2.8117419503814745e-10
1.907505264853171e-10
7.549516567451064e-15
2.220446049250313e-16
-2.0816681711721685e-16
3.1086244689504383e-15
0.0
0.0
6.661338147750939e-16
-1.1102230246251565e-16
6.661338147750939e-16
-4.043068102532743e-09
3.0026967579033226e-08
-7.688903735925123e-09
-1.8422952052787878e-10
-1.1091927376583044e-10
3.2383429271476416e-11
-8.104620974336285e-09
-5.640544031848549e-09
-2.695985656941957e-10
-1.865174681370263e-14
2.609024107869118e-15
-2.7755575615628914e-17
-3.774758283725532e-15
2.220446049250313e-16
0.0
2.7755575615628914e-17
-2.220446049250313e-16
1.5543122344752192e-15
5.036790184931306e-08
9.591309435563744e-08
4.0942737200566626e-08
1.8211608221463393e-08
4.9366839505182725e-09
-3.09286285471444e-09
2.3607402255265697e-08
3.2925218107493492e-09
-2.855663067125036e-09
4.196643033083092e-14
-4.3298697960381105e-15
3.885780586188048e-16
2.4424906541753444e-15
3.3306690738754696e-16
-1.3322676295501878e-15
-9.992007221626409e-16
2.220446049250313e-16
-2.6645352591003757e-15
2.370885425762026e-07
-4.269782039045822e-07
3.721362276110085e-07
-3.131506218778668e-07
-1.8067662388432384e-07
-2.308705404630018e-08
6.834902226415807e-07
3.45001228474473e-07
-1.8536688184411787e-08
-2.886579864025407e-15
-1.848781544522282e-15
-3.0531133177191805e-16
-2.7755575615628914e-17
0.0
1.1102230246251565e-15
8.881784197001252e-16
1.7763568394002505e-15
-1.9984014443252818e-15
-9.220884749083779e-07
1.1255593790338025e-06
-8.384797425264878e-07
1.0695374896840804e-07
5.450196383094408e-08
1.7054631484825222e-08
-9.419839086532988e-07
-7.759511304605837e-07
-1.9568468673236694e-07
-1.532107773982716e-14
1.2490009027033011e-15
-2.7755575615628914e-17
-1.27675647831893e-15
0.0
-4.440892098500626e-16
-4.440892098500626e-16
2.6645352591003757e-15
2.6645352591003757e-15
1.0317731664599705e-06
3.884842101342656e-06
3.3640290553194063e-07
3.2220654588854813e-08
1.2634579604764442e-08
7.694211490161251e-09
3.0534842476726e-07
-8.853540973685625e-07
4.075019610638719e-08
1.354472090042691e-14
1.3322676295501878e-15
1.6653345369377348e-16
-3.3306690738754696e-15
2.1094237467877974e-15
4.218847493575595e-15
-2.886579864025407e-15
-8.881784197001252e-16
-1.687538997430238e-14
4.7073997251345645e-06
1.7303530626122663e-06
3.7433647506190937e-06
4.1464289779469254e-09
-2.461909787143668e-09
4.206484049973369e-09
3.739762453491835e-06
9.213753666692526e-07
3.62569663181489e-07
-4.218847493575595e-15
-1.942890293094024e-15
-5.551115123125783e-17
-2.220446049250313e-16
7.216449660063518e-16
-2.220446049250313e-16
4.440892098500626e-16
-3.552713678800501e-15
1.0658141036401503e-14
-4.054506916872924e-07
-3.340056622391785e-07
-2.3187345021824513e-07
1.484630018921962e-08
4.01668742711081e-09
5.097909649975918e-09
-2.462829336025152e-07
-9.770014219867562e-08
-8.86198640026592e-08
1.3322676295501878e-15
5.9674487573602164e-15
-1.1102230246251565e-16
1.3322676295501878e-15
9.992007221626409e-16
-2.220446049250313e-16
4.440892098500626e-16
-4.440892098500626e-15
0.0
2.9410294644094392e-08
7.323596662445198e-08
4.2810590628050704e-08
2.3703421447862638e-08
9.033115588863438e-09
6.057948809257141e-09
1.854559528169375e-08
1.9311420906831245e-08
3.68088554081325e-09
1.7763568394002505e-14
-1.3877787807814457e-16
0.0
0.0
4.996003610813204e-16
0.0
0.0
8.881784197001252e-15
0.0
1.9494283520771205e-08
1.1773423125305271e-07
2.6025951171959605e-08
2.364841122926009e-08
9.193064087753555e-09
6.818879683123669e-09
1.7152483877680427e-09
4.928197183673433e-09
9.726030536505448e-10
-2.930988785010413e-14
-6.4254157550180935e-15
1.1102230246251565e-16
4.440892098500626e-16
-1.915134717478395e-15
0.0
0.0
8.881784197001252e-16
1.7763568394002505e-15
1.8858401062971097e-08
1.3035391077664826e-07
2.15146869209093e-08
1.901631918599378e-08
6.9525594170727345e-09
7.272323188090013e-09
2.26346053011639e-09
2.0026160729713638e-09
4.173726919631804e-10
1.554312234475219e-14
8.465450562766819e-16
-1.1102230246251565e-16
-1.3322676295501878e-15
2.2898349882893854e-16
3.3306690738754696e-16
-8.881784197001252e-16
-3.552713678800501e-15
-1.3322676295501878e-15
4.950273080339684e-09
1.2097880386363613e-07
9.03704844290587e-09
6.409468511492378e-09
1.0108234249628367e-09
7.176687688570382e-09
2.564187084885816e-09
1.300021423844555e-09
2.867988069255034e-10
2.6645352591003757e-15
-7.077671781985373e-16
0.0
2.220446049250313e-16
8.326672684688674e-16
-2.220446049250313e-16
2.6645352591003757e-14
-1.0658141036401503e-14
5.10702591327572e-15
5.852228923686198e-09
7.413247971044257e-08
1.2689653772213205e-08
1.0458446553229805e-08
6.6507901408385806e-09
1.0190902344220376e-08
2.332223303369574e-09
7.279519209646423e-10
2.354305639329368e-10
-2.0872192862952943e-14
-1.9984014443252818e-15
-1.1102230246251565e-16
-6.661338147750939e-16
-1.3322676295501878e-15
0.0
-8.881784197001252e-16
-2.6645352591003757e-15
-7.771561172376096e-16
4.94027574404754e-09
6.965717513907066e-08
9.817348711749219e-09
7.418659464519806e-09
4.970388545189053e-09
9.749413720783195e-09
2.7701023697090936e-09
1.1306706682034928e-09
2.9345836871641495e-10
4.596323321948148e-14
4.746203430272544e-15
-2.220446049250313e-16
0.0
1.887379141862766e-15
1.942890293094024e-16
-1.1102230246251565e-15
5.218048215738236e-15
1.2212453270876722e-15
-2.3081838662619703e-09
6.895146853480583e-08
-1.219309098132726e-10
-2.6192097379862393e-09
-7.077041175307386e-10
8.551467090001097e-09
3.3829099521653916e-09
2.026251166853399e-09
4.23106438773857e-10
