2.7608551000923853e-09
-4.544548626306266e-10
-1.6942609537551334e-09
1.830340323749624e-10
-7.436140592176343e-11
6.599132351681192e-11
-8.134604101428522e-11
3.572074858126939e-10
1.9111756621725817e-10
1.0613610694183535
-1.2428473617886198
0.8633168229895034
0.0012881721863786666
-0.0002538308570860792
-0.05836358814730924
0.8611652930992149
0.4788368507822299
-0.024997775991193905
5.53693491056606e-09
6.615159011957861e-07
4.0817655366787164e-08
3.2983615838588776e-10
-1.6818990644651421e-10
5.336644570697047e-09
4.38780883849077e-08
2.1406361128128992e-08
8.069150947420667e-08
-1.8632668111485202
0.6732803519890922
-2.0201429633970065
0.02041013222511623
-0.002423007880990924
-0.047877643180717966
-2.0373165416305525
-1.3927457039894584
-0.27896296406830157
8.329046563559928e-09
-4.428431867598004e-07
-9.892315544490771e-08
7.584750605360568e-10
-3.44380968186897e-10
1.0829101393383667e-08
-9.449121773918989e-08
-5.7524493612959304e-08
-6.213820905043299e-08
3.0393386152051676
-4.209051139284327
2.082447125416394
-0.06870446972479982
-0.04185715929839051
0.026133163053014274
2.143720939462918
1.3133361489157007
-0.012043906844944276
1.111888980886988e-08
1.188647199140691e-07
-7.701349846733763e-08
1.0006506734328013e-09
-5.897320409786744e-10
1.521513359747928e-08
-7.179219752018184e-08
-6.231150262436813e-08
-6.918713602033222e-09
0.6243298494830061
-2.0840714757442527
-0.05673245090817858
-0.14168510362066122
-0.07536940778730772
-0.026863993436882616
0.0878588402856515
0.11916960198730386
-0.007677415167421486
1.388398396251489e-08
3.249072253463936e-07
-7.992779427201668e-08
1.3273013799164346e-09
-1.1940166633195304e-09
2.0279437351611307e-08
-7.33602849578574e-08
-7.284837644228048e-08
1.1052137427469688e-08
-1.626084225379552
0.004922999703012465
-1.5398831627600096
-0.1602533142276421
-0.0675814949564062
-0.022991936690865744
-1.3761173224573364
-0.7963964265153968
-0.18812021889998665
1.662418269710031e-08
1.6240360667385545e-08
-1.041047911209958e-07
1.7738717161819295e-09
-1.8728354422847815e-09
2.6146624920730943e-08
-9.679721102440197e-08
-7.173192040355048e-08
-2.4546702448446922e-08
-2.1371563854368816
-2.853438633753825
-1.9719218130456868
-0.29126292863956493
-0.12858702828042112
-0.019835114284007194
-1.674726958453391
-0.802580098499674
-0.5016039478480678
1.9350115065819296e-08
2.402206431828535e-07
-1.0354378493504512e-07
1.95913285594429e-09
-2.968637335953872e-09
3.302344797617707e-08
-9.445601367730205e-08
-8.020669417518889e-08
-2.4548025834292275e-09
-1.9958211040204696
-1.7979375854032185
-1.7417415294539005
-0.13266879907148876
-0.05611384659676588
0.013787722726075646
-1.6059567937187398
-0.7840269386140335
-0.41160295142439907
2.205453419890091e-08
7.386412941012832e-07
-1.0797127408812557e-07
3.264864822938307e-09
-3.1333522443333095e-09
4.1110624224294234e-08
-9.882863793997387e-08
-1.216328127107147e-07
3.699705297677269e-08
-57.55274837730748
55.75654771757479
-51.34939588704371
-51.21415702012774
-32.25353282752891
-2.8307434700111465
-0.1326047232647518
0.09274647344762599
-0.12225475991067469
2.4751717342397228e-08
-2.335402123854191e-06
-5.8166801208958674e-08
4.511715445687514e-09
3.091099332053204e-08
-4.75460569734909e-08
-4.82029758330782e-08
1.481461993080302e-07
-9.772789777429125e-08
-8.453978796422987
8.346101181268757
-8.558591387648022
-9.748004701211341
-5.772754482147464
-0.7117625061232351
1.1853346999775365
0.8529658719238569
0.1721600232200018
2.7434586824526264e-08
1.5970121905461987e-06
-2.9420627029042024e-07
-8.566930720377286e-09
4.3081890055418626e-08
-7.945713467738535e-08
-2.656199353801014e-07
-5.598529395633989e-07
3.107804591451213e-08
-26.811422812418968
25.680943496019665
-18.98486696376645
-18.86416440972633
-11.254963010242943
0.515910931292693
-0.11569134045722683
0.10729519200676663
-0.06847083121048492
3.013670712981309e-08
1.3296773648252547e-06
-3.1884103957047216e-07
-5.676636027907023e-08
6.9295222893117625e-09
-1.180740532985558e-07
-2.4171684875895494e-07
-5.161928022801021e-07
2.8500680038234805e-08
-2.5438607693639597
2.121230434975189
-2.56657862821487
-2.8807876257408225
-1.5001396418363466
-0.24051267285801
0.31913494177748447
0.2773161870801424
0.03382618714597552
3.284629834787722e-08
-3.979340954807231e-07
-6.547623054853347e-08
-1.2820803196866848e-08
2.8949880492845637e-08
-1.0188511068154327e-07
-2.996040948666234e-08
-4.3230676149974556e-08
4.065629299887519e-08
-1.3466568969633386
-4.971804237629499
-1.8645807173281383
-1.8386026957958421
-0.9598792077352928
-0.7567229184952282
-0.0021195412193506513
-0.019046122648148867
-0.026726231125390854
3.5568752165815454e-08
-4.830286033929987e-07
-1.5137430831035914e-07
-2.5327755448500966e-08
3.064543119268848e-08
-1.2749328215377886e-07
-8.946221607963878e-08
-7.17904913294376e-08
3.181829288934068e-08
-0.10771128757201609
-2.5392615321272842
-0.22701269034536867
-0.25810271810730967
-0.13823717787513345
-0.3143790748874835
0.027412171949976027
-0.0004954221250308422
-0.023236309190937554
3.829752714956669e-08
-3.3959020379059623e-07
-1.7753911329965177e-07
-7.346455443979494e-09
4.164085165569986e-08
-1.3021003827939914e-07
-1.243546187690292e-07
-8.657059380468013e-08
2.906370966115901e-08
-0.4595133348860258
-2.6631880982207576
-0.4593558850324193
-0.5547730730081497
-0.3035373098124019
-0.3725179101028715
0.08459739700486325
0.033639203538875506
-0.015283846851066318
4.101979844683967e-08
1.5011149040455862e-07
-1.5793077234871333e-07
4.012025933697316e-08
6.862845941535411e-08
-9.182084079531472e-08
-1.4622135013908633e-07
-9.817034207770803e-08
2.70550681857884e-08
-0.2728195895925367
-1.7719789769596803
-0.24917117954374923
-0.4604474922812045
-0.2326490944807933
-0.2465160797860619
0.20704598828463006
0.1288967555655276
-0.0013443904187941946
4.3751813061376765e-08
7.032089388014917e-07
-1.2386202918879263e-07
1.01281208753079e-07
1.0120942117719522e-07
-8.86043929892999e-09
-1.707534649231235e-07
-9.06890407215144e-08
5.63803553843556e-09
0.27158545809325574
-2.2415286502365035
0.15408447868777841
-0.36362167870550977
-0.16223413495746364
-0.23243602047060108
0.5161141080643219
0.3530684622100999
0.0301045428074036
4.64806104716331e-08
1.7619726644380052e-07
-1.7116634826175314e-07
1.2791772574516358e-07
1.1280694625637189e-07
4.7389214469228946e-08
-2.4317922719951923e-07
-3.011602656144419e-08
-7.332076579213975e-08
0.5081694684876084
-2.447039718322344
0.3472486606338663
-0.12289928009145613
-0.025043322409182167
-0.22427733397582017
0.4709416773616777
0.32862435678583424
0.03239570633883737
4.920564933286187e-08
-7.068316200745106e-07
-2.3951200892047275e-07
1.3525170139416787e-07
1.1572368063816896e-07
8.484473054681807e-08
-3.1702622704798955e-07
3.9615931105019264e-08
-1.530904677471412e-07
0.1109393206190461
-2.460455931410678
0.05910934983335636
-0.15811798752332074
-0.053983752456350675
-0.2696635841169659
0.21809929217529067
0.1569869069486618
0.018052674161063376
5.192658059094413e-08
-2.7879758891791173e-07
-1.9629265084197822e-07
1.3351849292853046e-07
1.1436327906899635e-07
9.989206867233591e-08
-2.705985663320476e-07
3.7898964189153617e-08
-1.0840513109400263e-07
-0.4082249458932572
-2.3671875839134486
-0.29637908139152636
-0.2006948449221957
-0.07856674426912802
-0.31088977333950396
-0.09512555207874307
-0.06975049770079211
-0.008053828467190494
5.464770436169886e-08
6.13140661853695e-08
-1.391093191263626e-07
1.3265564913211847e-07
1.1228840837707033e-07
6.149320808113146e-08
-2.1376483605450858e-07
2.0379969378758744e-09
-3.478348231666928e-08
1.3806908888497098
-0.8017836499489306
1.2470043978017609
1.298067594043249
0.8121322445198329
0.0808340465987456
-0.047798928060350576
-0.03046588776721393
-0.0036134012439692498
5.734626551401334e-08
-1.7528715870462896e-07
-1.3033550219990198e-07
1.3239723495317435e-07
1.0932174568378805e-07
2.5115442003897925e-08
-2.045230602376602e-07
-6.641319622718855e-09
-1.8234922904980522e-08
-4.351959817421644
-1.1398049484034125
-3.620301084172538
-3.465578018034259
-1.891855530033525
-0.6475395085929847
-0.156189123203184
-0.10451080560690373
-0.010424679979482876
6.002846797414918e-08
-4.416545072022382e-07
-1.3049579471180461e-07
1.3681087829287009e-07
1.1108876504795084e-07
-1.0724194254851938e-08
-2.0577471540605963e-07
-1.0269875450052979e-08
-1.2666186322007889e-08
-2.479755439078886
-1.5042714056773523
-1.9623178440567903
-1.7247300151160623
-0.8533561296188974
-0.4445896938594629
-0.24190366394326188
-0.16463297821366973
-0.015556708048191592
6.268078345250672e-08
-6.617834292232949e-07
-1.39035281121469e-07
1.3905282736370594e-07
1.140794266829559e-07
-3.793646408123408e-08
-2.1155932444782977e-07
-9.374249002047641e-09
-1.4140358051140112e-08
0.2625187824940838
-0.5766606960711247
0.3543150353577422
0.5951776911939906
0.5753038335274092
0.028781399271935015
-0.23985568874746477
-0.16551998819525204
-0.016773001693155376
6.529280649480995e-08
-8.471014614902517e-07
-1.5359252381053068e-07
1.3494409428771448e-07
1.1445740688564854e-07
-6.150972864382709e-08
-2.1783511533479682e-07
-5.383599566144426e-09
-1.931238058361373e-08
-3.7094442872915607
-0.07448289894726656
-2.3863447439027556
0.5976500106714839
0.5828603159567007
-0.29715681113363956
-2.996014388548837
-2.1150661668442217
-0.19455525003609198
6.78530276410072e-08
-9.842222367245634e-07
-1.3998498685219296e-07
1.2771040147629975e-07
1.1053601767230248e-07
-8.278134699946094e-08
-1.9470269060906098e-07
2.7750072684185056e-08
4.9494255360826855e-09
-5.844680761149945
3.4872939104028826
-4.066036739108794
0.1927195963897539
0.18313975659152604
-0.20049295548653845
-4.248894915781385
-2.9798168715068325
-0.2217981813524117
7.035620819273447e-08
-3.118324535533734e-07
-1.442798488529573e-07
9.462775674151658e-08
8.681935215193448e-08
-9.197379935432792e-08
-1.6358494005219715e-07
3.0369919912232035e-09
4.510596562923297e-08
-6.631032516345144
3.8968123098886807
-4.593189128465237
-0.3945774510188107
-0.1990603753914506
-0.287431724463346
-4.175527384679608
-2.9099063892110406
-0.16233223536070496
7.281102765155367e-08
9.100986121113319e-07
-2.720567482683567e-07
-5.62771966805542e-08
-1.3983647573212465e-08
-5.110217415893459e-08
-1.370989556881419e-07
-1.1570923830195312e-08
7.368335686042116e-08
-8.66124416929047
4.268237380967776
-5.775714601693004
-0.7317142559265938
-0.367519750067153
-0.4375245563617369
-5.023575236171734
-3.515619735251279
-0.16176755454548195
7.520890865642116e-08
3.28482203368341e-06
-3.80661317699732e-07
-2.768264617536431e-07
-1.413051498033724e-07
2.4817690014167226e-08
-2.0278662304917816e-08
-4.456526414564621e-08
1.8071203530811708e-07
-12.396826067310663
7.7859305956724825
-8.245471650580988
-0.08268176845712105
0.05627489400900387
-0.324947719931167
-8.12647946164532
-5.47102630117619
-0.17775005911737163
7.75516220130612e-08
2.911307108416361e-06
-7.11342323822528e-07
-4.1335427214406195e-07
-2.1223216872812145e-07
8.966787778952323e-08
-2.1089452229006156e-07
-9.726944449894859e-08
4.937281339323363e-08
-3.2833224686483184
1.1542649675032521
-1.7271968762957537
0.40908694226802567
0.28606591120629776
-0.1024831344193764
-2.1464617674971365
-1.3997472745958621
0.007658839963624043
7.98472328256139e-08
9.845709406097747e-08
-7.813796646105597e-07
-1.5870520719829528e-07
-9.260735922556051e-08
3.001553383619182e-08
-5.335158859143263e-07
-2.146144622017232e-07
-1.7390812789841448e-07
9.021154738318131
-4.131380926579482
7.044727335193805
0.47851113687235625
0.27001045019986236
0.08613022384661795
6.549966935175733
4.082938474989784
0.5151783563743209
8.20872452234056e-08
-1.7657310935059733e-06
-8.929213520109114e-07
-1.7433530508093042e-08
-1.2794412196370786e-08
3.6442053263918694e-09
-7.723033994544437e-07
-2.781901654036467e-07
-3.4251100222704167e-07
3.1550411030260364
-2.72861882403879
2.348502398122335
-0.004931049735539261
-0.003429782605694598
-0.001882904741901337
2.3622059583873067
1.5237751585390986
0.0657998334938128
8.4275671441425e-08
-1.3316929544648914e-06
-8.46323602303467e-07
1.8276158586516544e-08
1.512109593093669e-08
-1.2201125942912228e-09
-7.530952781387157e-07
-2.892513266683494e-07
-3.067917151433619e-07
3.541990692593032
-2.605720436394392
2.737406119644376
-0.005356531703652578
-0.0013333505630438447
-0.0016980697227474972
2.7540357167106895
1.758646546600906
0.17133145229098545
8.642203952469174e-08
-7.123722090829343e-07
-8.103511720397583e-07
3.6083529941777215e-08
3.075260046614403e-08
-2.9104968435333944e-09
-7.3092478969361e-07
-3.112541391292467e-07
-2.5617662702259736e-07
1.207336483632275
-1.2994378135496731
0.8837207357216742
-0.007886598800375566
-0.0002728544246259901
-0.0016896739891066326
0.9002978606445922
0.5797572086411726
0.019392732968269044
8.852573973872069e-08
6.960528719495568e-07
-6.437140537066122e-07
4.337892756112183e-08
3.3313629632658603e-08
-6.005425490229754e-09
-5.713336547197301e-07
-2.884042881179383e-07
-8.961713371391511e-08
-0.3619846093843453
0.14262891033502
-0.2543511641634192
-0.008764174672620584
-0.00169090355680801
-0.0019745458460039833
-0.23658489925279724
-0.14755950097066162
-0.002361158744470515
9.059780570197518e-08
7.765757167321752e-07
-6.293621675011046e-07
4.835396913427381e-08
3.441203011433913e-08
-8.955047037240149e-09
-5.622795611337494e-07
-2.874272922448462e-07
-7.657746414757582e-08
0.43102955405581866
-0.8257578059827324
0.3515538376315277
-0.028833291260082383
-0.013487338150441341
-0.0036624605066183924
0.3640298060476512
0.24168757867207713
-0.011617303433397286
9.265014766501878e-08
2.832154315061952e-07
-6.774246728569189e-07
5.449732198847812e-08
3.788201796695034e-08
-1.1729943460991876e-08
-6.16458009750076e-07
-2.9907406817741844e-07
-1.3632287876319538e-07
6.576948581355552
-2.9618702863862154
5.295360406509118
-0.030155714784376286
-0.02192922763443736
-0.00429523318755809
5.325364361624594
3.225904225921237
0.4983992176082524
9.467145545283273e-08
-6.757075748653474e-07
-8.374532110277944e-07
6.718612377554223e-08
5.1880659768244186e-08
-1.6340231501210667e-08
-7.776866155495554e-07
-3.136713794260615e-07
-2.4033369860898546e-07
7.307360406891114
-3.076865830954489
5.974755671705594
-0.02104645002488026
-0.016928708993087405
-0.003240396510521104
6.002943139636699
3.621385237348539
0.6070628258540296
9.666159450638645e-08
-9.4087826492395e-07
-9.26865629857776e-07
7.822735059725971e-08
6.10474013562623e-08
-2.1600454591652607e-08
-8.684506218603616e-07
-3.4313600083546447e-07
-2.7966697402348473e-07
1.322143304517411
-1.7154018665037256
1.0362601784977628
-0.05955395729124646
-0.036096842185254996
-0.00628393687099392
1.0964491453858223
0.6970892643990858
-0.00825281643424769
9.860851446497065e-08
-3.505894506095064e-07
-8.847708774795127e-07
8.075554713826705e-08
6.177684674923967e-08
-2.9059254169627735e-08
-8.27944955261728e-07
-3.3689678891057895e-07
-1.9936271281051354e-07
4.906735235249149
-4.2015501234710655
3.939416431855275
-0.11243211321431401
-0.07102523924669368
-0.010517698347220772
4.053365668384702
2.4906590314403267
0.14795243102311417
1.0050897947255777e-07
-3.4378861881421974e-07
-9.297409504505083e-07
8.712943699862308e-08
6.814581121616925e-08
-3.8825779646867176e-08
-8.725112167207172e-07
-3.5778296159083567e-07
-2.021404064619925e-07
8.253496000614325
-5.132030567491327
6.804650123589211
-0.1435396278449641
-0.08730098416044997
-0.0121888968503161
6.955076096159324
4.183445812583238
0.48833547530215066
1.0236442937738843e-07
-1.3105647643507634e-07
-9.847716380129157e-07
9.301002901196398e-08
7.431888526809871e-08
-5.207815445551489e-08
-9.244995662349709e-07
-3.872479803906925e-07
-1.8130660439652502e-07
9.5697442607508
-6.081727997231198
7.948828035810166
-0.14463995225483828
-0.08170783477394039
-0.01010894164138465
8.100558418799771
4.863224599917756
0.5615338661710183
1.0417634666026743e-07
8.804264340842027e-08
-1.0408226628344508e-06
9.854743154846801e-08
7.890892961270879e-08
-6.962315285408138e-08
-9.768128785281327e-07
-4.176710214909285e-07
-1.5936832145624358e-07
11.326795026388574
-7.564520113159848
9.421017655122348
-0.025421238048068062
0.0035270509586373677
0.0012202089455333187
9.449291117276687
5.687113748412266
0.6273216157679826
1.0593728949626069e-07
2.468034807773245e-07
-1.1019389615229969e-06
1.0300835961984944e-07
7.925925082918894e-08
-8.92400003338345e-08
-1.0324056305688334e-06
-4.4957797087907814e-07
-1.4909525647421873e-07
16.43049080214528
-9.899727747600764
13.756396764936447
0.11065368983075885
0.08570304831060584
0.004504820596343384
13.649447386618903
8.197374605814039
1.0820800624173614
1.076502101904353e-07
2.147872183444477e-07
-1.188535699636617e-06
9.64882049814264e-08
6.161989829500669e-08
-1.0666748473386889e-07
-1.0998209099000178e-06
-4.771736407116478e-07
-1.776473772530096e-07
30.17329426771943
-13.42593462999588
25.785642507155565
-0.05057092736186064
-0.03475295181194582
-0.010637460186520231
25.845873728713862
15.390537270108332
2.7695327370743996
1.0931821103898898e-07
5.067893142918223e-07
-1.3322631288170683e-06
4.8461198165483665e-08
-8.389169492417636e-08
-4.9077785724271905e-08
-1.1794743280946207e-06
-4.839127729638903e-07
-2.8772125970633056e-07
64.82440276266057
-19.494454423555624
56.43361990271383
-0.07391922650388238
-0.06589991819258856
-0.0073041669373390405
56.51552375025677
33.415585807744286
7.490188251595298
1.1093941731932233e-07
-8.83194222256467e-07
-1.3910118470128463e-06
6.315082856644949e-08
-1.3731358672330884e-07
-7.736302487515445e-09
-1.2373952499311613e-06
-4.4729983050828537e-07
-5.202481836441564e-07
114.61070533807492
-33.30803287440699
101.38579808915692
0.002398557811063018
-0.020114287744950943
1.0133424597547071e-05
101.37430936763602
60.16824427629243
14.480189819752098
1.1250499720727447e-07
-5.531831109739649e-06
-1.2756262643964789e-06
7.671903312633788e-08
-1.3950959143471664e-07
-5.6860665620384054e-09
-1.1358904150604587e-06
-2.453437875776787e-07
-1.0170847857260412e-06
-6.995049253847188
6.667702405627438
-6.005588972224438
-0.025253651942676925
-0.0001707218528288479
0.000849306396474736
-5.986650930626482
-3.6415843277197517
-0.26150864604064106
1.1402649202629789e-07
5.15880064776153e-06
-1.7743189503899304e-06
8.335330131670204e-08
-1.330871857163629e-07
4.6297250755333863e-10
-1.6413453782782028e-06
-9.283181032770926e-07
7.905850307743378e-08
-0.3706351241777748
-0.31532258039521827
-0.1127432823054697
-0.0010040626533651675
0.013958977042840104
0.0030068914129715014
-0.11315666094004938
-0.041168433024655116
-0.004523693350205971
1.1550535183868504e-07
5.771136286414347e-06
-1.794135252336515e-06
8.097253934025161e-08
-1.3158733080942397e-07
4.4841180629751065e-09
-1.6596393720424985e-06
-9.626017889452498e-07
1.434592943327928e-07
-0.6381400629884375
0.638756372490775
-0.3531045914499451
0.06073091986237955
0.03727550344926911
0.00796222317575257
-0.4152425163767006
-0.27889629922306725
-0.014334681425439477
1.1695273660627947e-07
2.840985265151197e-06
-1.8147466518958488e-06
8.327836864552296e-08
-1.2902445067908275e-07
8.967075679211511e-09
-1.6830128288791713e-06
-8.930098285286903e-07
-2.2412731509602324e-07
49.998501523029134
-52.927855513859356
40.87901461422861
0.10778786317320765
0.040807296881134825
0.04138498508989635
40.79145490511621
24.770998211031213
1.1484857154095647
1.1834165025703669e-07
-1.264529970582129e-06
-1.6871311316335458e-06
1.1236180252893746e-07
-1.1597920313022314e-07
3.033412727948548e-08
-1.579015581065768e-06
-6.508532081617169e-07
-7.17893506863021e-07
44.75561178165208
-52.12295586637049
37.2858607517837
-0.4629021935691151
-0.2704484998939549
0.0928663912976857
37.7587792547781
23.096188627046516
-0.11281602070559416
1.196848700146802e-07
-1.74368468929334e-07
-1.8960346507279624e-06
1.254718342558192e-07
-1.1055866888654009e-07
4.3104089408885216e-08
-1.7785030912431665e-06
-8.154175714647494e-07
-6.82954799810509e-07
18.667298313234625
-40.07232373027904
15.40588936168376
-0.722542034884821
-0.36379675390188937
0.07858376947322565
16.13991563101078
10.399170905063134
-1.6626440645242582
1.2098538793026137e-07
-1.0893290293551017e-06
-2.523199500670259e-06
-2.632273448099909e-07
-3.537471964243366e-07
-2.1102478503509658e-07
-1.9976585403647107e-06
-1.0005282410352478e-06
-6.645510736147386e-07
1.5174093599359963
-34.71346794650576
0.4660362256219344
-0.015033193414687673
-0.022297842799178014
-0.04365229113742952
0.5512275025542834
1.1784025562558824
-3.3419743474847365
1.2221729117634084e-07
5.192209315968421e-07
-1.974720518882478e-06
2.658977011626984e-07
-6.047668987818611e-08
3.503621051614836e-08
-1.9632022929538806e-06
-8.898356597120127e-07
-9.64429375804876e-07
-3.3597588167089896
-33.10726604130295
-3.2799456816574093
0.1222360468483572
0.08548545520956807
-0.029898903022428813
-3.376884200439122
-1.1136795822039858
-3.8166570080476987
1.2332299581530037e-07
-2.0577359666276718e-06
-2.4168467114282777e-06
6.639534194663455e-08
-9.685189472641298e-08
-1.2712240579637601e-08
-2.1944319716915572e-06
-1.1150321398423202e-06
-9.656356159681856e-07
-2.8137848362946016
-31.08398346471334
-2.1652701791444002
-0.085797262982382
-0.04004057887841128
-0.022348821160608878
-2.026320760018052
-0.30701082438659455
-3.3841586415971894
1.2428201956460327e-07
-4.0051503293753177e-07
-2.570600032614223e-06
1.332406138754294e-07
-6.539257174642543e-08
1.0744824530117825e-08
-2.404376327036495e-06
-1.30594778546822e-06
-1.0166756012619516e-06
3.464090265119495
-32.68683369535937
4.368028871990987
-0.04834955028120902
-0.019259204621709713
-0.01082445788636921
4.462287758386466
3.859969454629123
-2.2789880888283633
1.250826076049094e-07
1.2481750068710218e-05
-4.327608033816155e-06
1.4544237258995452e-07
-6.330866125781043e-08
1.2214986300218555e-08
-4.164347989110695e-06
-3.2010843504792774e-06
-3.536802903880698e-07
0.21147439672110388
-0.5668037131543997
0.26698461545387886
-0.06001819309737755
-0.01623498137052337
-0.031216293727277744
0.3437910461029041
0.24859827236085863
0.018003453474994657
1.2569711294041497e-07
1.5473988114744763e-05
-4.552891423315053e-06
1.2864620702046636e-07
-9.555375446446135e-08
-2.581914401722507e-08
-4.36939565018335e-06
-3.3637085161686286e-06
-1.3606307636138126e-07
17.926711413840422
-45.616610322564895
18.327693543366095
0.06065979127820497
0.07156906908669569
0.03372297932630852
18.246302859820673
11.2645030265702
-1.8852871227605021
1.2605394861253671e-07
3.881300574332114e-05
-8.051706557710148e-06
1.3314683622311918e-07
-9.37392736766185e-08
-1.6597151451802628e-08
-7.901923587905202e-06
-6.73590583755157e-06
1.2046564643597435e-06
-22.105284408758365
-46.14695783792001
-14.335891305208857
0.02553197331951651
0.14165635546776656
0.05303928973722627
-14.685169395815848
-8.016815795353157
-7.1007676585397235
1.2568697138615192e-07
1.856945659783893e-05
-4.758370336144235e-06
1.918717611459897e-07
-4.562470135027752e-08
-2.127129111739734e-08
-4.916761602913322e-06
-4.421167446533314e-06
-1.9251352334492822e-07
-104.06265125008116
-47.65997171762888
-86.62929003684486
-0.04134694465447808
0.119986760479172
-0.05680972463906997
-86.13509714359692
-49.40614402483543
-19.420718284168828
1.2532870496961834e-07
6.166620459213679e-06
-2.1683183724641175e-06
1.041056298944909e-07
-8.858919953169675e-08
-7.251869660329646e-10
-1.918505204479004e-06
-1.214989805653488e-06
5.6264561010266334e-08
3.340061521474297
-33.170176275673825
5.935046823785328
-0.1405314129537274
0.02162953789545341
-0.5362625366545055
6.008406987319649
4.716015219317559
-0.5555701518966956
1.2486248346377238e-07
1.0720021125787405e-06
-8.884657474172997e-07
1.270978258194333e-07
-3.126689973598218e-08
-2.853272035308052e-09
-6.952387521241832e-07
-4.923211194274302e-07
3.417848493114661e-08
12.257141472913133
-15.768508364809518
11.77807201219943
-0.219957043077045
-0.06889179484390695
-0.5496784664503753
12.0080020146042
7.711997814414161
1.7256269597347895
1.2427769191525329e-07
1.242537758905371e-06
-9.538577353529476e-07
1.3753373284686177e-07
7.421513542864994e-08
-8.67350732902672e-10
-7.582566450281547e-07
-7.886713977445226e-07
1.2997473541886961e-08
1.280456285875097
-6.097238662843438
1.235013604349172
-0.4307432894861308
-0.158778713366452
-0.4724353578787212
1.6875090873766112
1.1602522535265436
0.2478625035547264
1.235869739879547e-07
1.3511258919463032e-06
-1.0369279136446252e-06
1.416431514300598e-07
3.6414087973245246e-08
-3.821003441168563e-09
-8.259519388431613e-07
-8.632476690140223e-07
3.966445172309818e-09
11.358877857036013
-13.958173505385162
10.46650459928744
-0.42789466449777086
-0.17032003174337973
-0.28721700875272216
10.89351952853329
7.262854225211875
1.608655179077525
1.227973209783073e-07
1.4644156286023474e-06
-1.0700861053924982e-06
1.5392027163940725e-07
4.151925325508038e-08
-3.2523744045165337e-09
-8.747358313243581e-07
-9.251305606028382e-07
-6.041555256075526e-09
28.136758937224243
-29.9944905124334
23.36776089969075
-0.2914527654584731
-0.12437419582937537
-0.25049626209253884
23.65796661676903
15.792151339158352
3.4786088081514315
1.2189042153387675e-07
1.6321506646627126e-06
-1.118727264604047e-06
1.6271189329231106e-07
5.066625932692581e-08
-2.700501478686279e-09
-9.151451314526327e-07
-9.762909964905475e-07
-1.505756763720001e-08
41.15667472988804
-42.67109793830787
32.6869450053816
-0.2374355577702687
-0.12239575268132086
-0.22904925235897933
32.91871230480581
21.97315323599412
4.602872488054956
1.2087322187603888e-07
2.0239893331330805e-06
-1.193422598966265e-06
1.676160965580209e-07
5.7499945145750644e-08
-2.632118988044052e-09
-9.604207622526673e-07
-1.0503298075725809e-06
-2.3459906017819776e-08
27.064867081186947
-28.978205153199895
20.098657778653347
-0.16981785476777134
-0.09408294416045493
-0.18434989191987805
20.26920398490978
13.39023467141945
2.6781641303790664
1.1974964597705196e-07
3.238776548286637e-06
-1.2466355143181396e-06
1.699885858741368e-07
6.306975841585682e-08
-3.21221660382065e-09
-9.788891432993552e-07
-1.1498172692858688e-06
-7.412098268488876e-09
23.026978079618402
-26.700122320538895
16.07785526802857
-0.22430371440331953
-0.10959535303056711
-0.16220671583534396
16.31877359668843
10.789594576576889
2.2560849237864637
1.1852359949049429e-07
-1.3751784371185405e-05
-2.7525138230899415e-06
1.6939533820092834e-07
6.761228221741078e-08
-4.997626090741392e-09
-2.4466285509783248e-06
-1.1729984350505873e-06
-6.769178613197369e-07
1.3829425456934246
-3.642719946172093
0.9521280281727799
-0.2188050641018151
-0.08941999168091286
-0.1275469245352201
1.2498093515742426
0.9867673877882908
0.37964394976429716
1.172022378037596e-07
2.544933034198671e-06
-2.5084088639548696e-07
1.684157990844426e-07
7.476635754954941e-08
-4.954579302385298e-09
8.554128461124577e-08
-2.7790751322420704e-07
9.091941333139175e-08
8.544037301388187
-13.405350119321838
3.991421100922452
-0.27628369774792816
-0.05467965979820377
-0.12353649676504297
4.195623058865209
2.3279619740603863
0.07241563396530104
1.157809812468713e-07
1.5256061824953093e-06
-4.266485129633679e-07
1.6992148044181477e-07
9.349801644020772e-08
-8.03939459448344e-09
-6.951672260058217e-08
-3.399441217410981e-07
-2.0919552312648193e-08
15.10676861119515
-12.364781220877333
10.172884805160152
-0.25527958971497355
-0.024375187626105795
-0.1482628708353957
10.369922270391555
6.0824969001672
0.7825683204064546
1.1425089696537327e-07
-5.129613261600774e-06
-1.9045150583263393e-06
1.7105457761346088e-07
4.2449101123054334e-08
-1.1099222929633612e-08
-1.5170807001751996e-06
-9.87331502777522e-07
-7.80304173275681e-07
23.139723826325195
-8.461049864377117
18.707648881024937
0.2857406032620986
0.46986476187166204
-0.0656817225259374
18.43908253505009
10.557575735889799
1.7946065974884533
1.1261438059850803e-07
1.758663092710222e-06
-4.132786214361417e-07
1.7140473707044634e-07
5.150096371586699e-08
-1.4329211539543252e-08
1.3855461555856152e-08
-3.2196934096617724e-07
-1.7900089677169717e-07
-4.373686833478132
-8.600159333969543
-2.944119519188064
-2.3573594383303202
-1.4148576302207942
-1.0542004330665833
-0.5825753486002867
-0.43254678794877327
-0.41049506705430083
1.108719055453733e-07
-1.2190167231418414e-05
-3.535619018224523e-06
1.715244350997125e-07
5.2409929063301774e-08
-1.694376494665306e-08
-3.069349968409796e-06
-1.7394082618693574e-06
-1.7900242545998424e-06
3.122648746407279
-14.68422922811817
2.190726727641021
-1.877455752191743
-0.9324636520384217
-0.8708950218072573
4.096164977484772
2.387165215427725
-0.36467206269134067
1.0902253055888877e-07
-1.530123340609535e-05
-4.108479097597595e-06
1.640762998800227e-07
4.69412113623946e-08
-1.4092783606756143e-08
-3.5945375853607686e-06
-1.900135938370795e-06
-2.114415933895941e-06
4.290612443196743
-9.137520854145805
3.62245854741942
0.7318269460125482
0.5423259335768176
-0.032901944729778254
2.862841805233871
1.8355350838205948
-0.13901290364827457
1.0708003084225481e-07
-4.680726724548556e-07
-1.8037540380211325e-06
-9.472298767576603e-08
-4.668595288137567e-08
9.660370403619112e-08
-1.0261745040374137e-06
-6.108967083306993e-07
-3.6551106941118405e-07
2.152775609682749
2.859323581017904
4.1965257876588
-3.1623693008384564
-1.6836847087137556
-1.2511180875968932
7.349945550751922
3.925421281261677
1.7397636760378212
1.0504401171118616e-07
-4.229962894369832e-06
-1.356035585375892e-06
5.366922803951013e-07
2.915911290202189e-07
-6.1379366034231e-08
-1.2078274651550203e-06
-6.651703623461458e-07
-5.118119797975496e-07
-1.8261234598359621
-10.047041480691405
-1.9739598530500333
2.0431430867251343
1.1953217208325455
0.17112499668122183
-4.02040277330277
-2.1486378999312556
-1.649694519385946
1.0291945767848532e-07
-2.431708912037367e-06
-1.225351454858803e-06
4.1557844099315844e-07
2.2089995077578806e-07
-3.881069976507945e-08
-9.429042184816439e-07
-5.289665678809286e-07
-3.7060982528702713e-07
-3.2305576304631174
-5.471121638869988
-3.4912610937602646
-0.18034165171702202
-0.13767741597972005
0.0017810651627820917
-3.303175831205891
-1.675246013009021
-1.1763472663558474
1.0072182465847845e-07
-1.8879858045238451e-06
-1.6872330200756736e-06
1.3634241735616115e-08
-7.094353859926628e-08
7.054423489805117e-09
-1.0044949445564555e-06
-5.112065140089328e-07
-4.912131657541785e-07
-2.947036285476042
-4.810619906591285
-2.9556994424652245
-0.09391933612790027
-0.05932310042912725
-0.006077914442244925
-2.8517357187497367
-1.4182677430776014
-0.9624941908054154
9.845500481553415e-08
-3.2981076440175006e-06
-1.6336662111982037e-06
1.2238554392141054e-07
1.681834005395899e-08
1.1825171397639167e-10
-1.0588761895635734e-06
-4.799240547193051e-07
-5.997274066249503e-07
-2.531336513790727
-4.387574320889144
-2.5338594907484975
-0.043184266784717096
-0.024690446471096195
-0.004665573367757414
-2.479401065328503
-1.205968329458214
-0.8490493089345961
9.611363172012943e-08
-5.443412231298517e-06
-1.546033456867324e-06
3.062859113001082e-07
1.8090798281633624e-07
-1.784157999118463e-08
-1.1510472353593038e-06
-4.4424575873502903e-07
-7.400534729473662e-07
-1.439918577717851
-4.578418556152656
-1.625514740417536
-0.01662023166442239
-0.007112086600966627
-0.00242050515702652
-1.5986859599850545
-0.6887222772550174
-0.7352964001314035
9.368544140464508e-08
-5.928810189570477e-06
-1.3489548663925266e-06
4.300882121555105e-07
3.1709946379798737e-07
-3.9846584587444056e-08
-1.0709726427915456e-06
-3.873756582173371e-07
-6.858627132899642e-07
8.538056901992555
-7.545381678816398
6.656459194135638
-0.015219749959380913
-0.008050277835539354
-0.002071154324643394
6.675678444000525
4.150931608683482
0.14131548223653567
9.115036903040163e-08
2.5771440528565837e-06
-4.409459082310718e-07
4.573903500393328e-07
3.670795043486663e-07
-5.749337994576109e-08
-1.900891068717936e-07
-2.63435091296671e-07
3.4932701398204813e-07
6.234176038802908
0.7588535548006803
5.3655533841792735
-0.02877956510688051
-0.012807204446561471
-0.002900834637483918
5.38569408480177
3.0421351816622173
0.8421826802655129
8.851234656326312e-08
-7.590303183896419e-08
-5.838888897102823e-07
4.602318985913456e-07
3.767585257108408e-07
-7.844518279398471e-08
-3.336180673940703e-07
-2.1668617433689974e-07
4.286719490487201e-08
1.9806475339865628
0.8902464146631246
1.754356110117726
-0.12084889687359635
-0.07544365356401528
-0.011117160298430795
1.8433067686830213
1.0051637516432734
0.35111062962482154
8.575877252781083e-08
-5.767521643329498e-07
-5.766286932940012e-07
4.6585699176038275e-07
3.900002591983309e-07
-1.0818443885174389e-07
-3.2485210721411306e-07
-1.957787345574502e-07
-6.922535322750889e-09
-1.182762532340293
1.05453121728101
-1.11508757075066
-1.6380291109274099
-1.028596577545643
-0.16172693770660285
0.523315273394001
0.33590654610922943
0.05800868040279271
8.288248332100068e-08
4.343261540751264e-06
-1.2040794000675592e-06
-1.6796943880237336e-07
-3.215366226605454e-07
1.2653424030784066e-07
-3.1694666602355426e-07
-2.1766406055334642e-07
4.7082109766449776e-08
-21.924410569300928
18.391496165936644
-20.762054146376343
-18.939467701336355
-12.855990056869176
-2.2219902207073146
-1.7233600984605104
-0.8632736838681119
-0.43425433916506506
7.997686202187992e-08
2.2737216267623706e-06
-8.718421203451898e-07
1.4255016411723886e-07
3.5791729591228005e-07
-1.0164616082164457e-07
-4.579269013982312e-07
-4.4196966131337945e-07
3.1120716603716403e-07
-15.713320753215646
14.123178099464099
-14.469106890865119
-13.916757860033421
-9.544870739717544
-1.5258588438311804
-0.45845227192926075
-0.18675386203704214
-0.16978681148850683
7.713423966215771e-08
-4.731041903072164e-06
-5.672492236069582e-07
5.204631472466303e-07
1.3007130370001896e-06
-5.353465727386819e-07
-7.175199652209585e-07
-6.43415809076231e-07
2.1981419262573354e-07
-1.0189501649672366
0.3805762270355899
-0.8681710717393827
-1.3445742552698903
-0.9108449467124
-0.10363495598867001
0.4701328731722754
0.3367193114335354
-0.030085964053085945
7.431765969290183e-08
3.4016783731494193e-06
-9.157295946249366e-07
2.0950414736375933e-07
2.2338532512655718e-07
8.419905439538411e-09
-8.356136312892559e-07
-7.652061295715384e-07
1.2111795033575845e-07
0.42732045210077274
-2.115154479365799
0.4133688708468845
-0.014490583614193753
-0.022398145235205114
-0.0019579784026783065
0.4233639309518012
0.38545252326372825
-0.09963795939410147
7.149761915847819e-08
3.5268821449163656e-06
-9.077021152215092e-07
2.38518599093851e-07
1.7819326199319807e-07
4.143413101509452e-08
-8.739752883624163e-07
-8.18868393370753e-07
1.320371041391155e-07
1.515804545088585
-0.42798778346173094
1.3126504421233847
-0.0115111443003002
-0.009154452085573084
-0.0009466197876437654
1.3217701456992188
0.7694793329275598
0.1876348873223419
6.866702262353641e-08
2.6728835761033465e-06
-8.988342977550579e-07
2.3975834628764403e-07
1.7753347270055286e-07
6.999163543186526e-08
-8.609193651309965e-07
-7.768373651365068e-07
3.6366882533167555e-08
0.11923996641694856
0.043957681869585485
0.10448035698718172
-0.011127853449153235
-0.004669901935894671
-0.0006299642746314671
0.11420048159017425
0.052842571616764644
0.013806814093458184
6.582284561851282e-08
3.505671513637232e-06
-9.146094177570063e-07
2.3690272143994662e-07
1.7664347234935818e-07
9.689654917321988e-08
-8.655791458936357e-07
-8.122418186928826e-07
1.2927618597835533e-07
-0.8587184409489765
2.6963928778117747
-0.7494706382239897
-0.004443253039305262
0.0008168004129149864
-0.0002791977195566453
-0.7579619882853095
-0.5418211907453632
0.19272689294369294
6.296751642320686e-08
2.6818313915155656e-06
-8.808995906883776e-07
2.3710852445346653e-07
1.769987357791436e-07
1.2701672061354863e-07
-8.230335530323707e-07
-7.493413367587465e-07
3.955291338897382e-08
-0.15502156865944983
0.46471171124039756
-0.16064175072065723
-0.0012734344342568704
0.0027171991360503966
0.0001368207125622689
-0.156432674025357
-0.11022178815569106
0.03604294934047969
6.011023645502434e-08
1.940127094868238e-06
-8.188357242533417e-07
2.473901180022331e-07
1.7527688989105172e-07
1.716767353554527e-07
-7.622127042861138e-07
-6.692643714778512e-07
-4.562962008236582e-08
-0.16951121771636934
-2.943506456731086
-0.15815009269182667
0.07002331054231803
0.04759721266504635
0.0017823285305310632
-0.22006244237500464
-0.016317977970665254
-0.35615232151084797
5.72409274424146e-08
2.578624446552668e-06
-8.089678071518391e-07
2.8501233034772255e-07
1.605085275802054e-07
2.7303694902225395e-07
-7.610325944984453e-07
-6.655937248023491e-07
-1.9114874127978965e-08
0.46435849059918155
-2.83225570699841
0.38221147316243886
0.3027768322275435
0.21220184115668417
0.006552634793642653
0.09614227866694591
0.15081750419874052
-0.24830316276880635
5.435572114631526e-08
9.754962143615487e-09
-1.2498119068629632e-06
-7.487591476007527e-08
2.7192441676149315e-07
-4.460588481913774e-09
-7.949768423554104e-07
-7.015148129063675e-07
6.023388254838835e-08
-0.15806558434488238
-2.450830523945285
-0.0411756480586547
-0.042931846594910894
-0.023702671796140606
-0.003331742251134528
0.017245643890547058
0.11385608566226679
-0.2568674754215437
5.145024950525823e-08
-3.7595068141937915e-07
-1.4738715721773765e-06
-2.2354122855561265e-07
2.762656046151335e-07
-1.140928961862464e-07
-8.213998354822394e-07
-7.267958351819814e-07
1.1329724625142035e-07
0.03088324457729641
-2.6480744348336884
0.20549534770117361
0.012946938328980195
0.0011524048476196924
-0.00042834599346730506
0.20559083148968682
0.2404518526312147
-0.23818603618809675
4.85215324586008e-08
-6.500656392627313e-07
-1.4982905735538843e-06
-2.575242786517773e-07
2.909635199443983e-07
-1.5362313210420808e-07
-7.687039321746525e-07
-6.840817835529478e-07
9.202992856671699e-08
0.3400332614682213
-2.9727498207000167
0.5971949406741146
0.009218557405276329
-0.00421319070876347
0.00015641142056072033
0.5949969478360266
0.5017880960655638
-0.17438304796689863
4.556073540662453e-08
-2.762342378864746e-06
-1.2194333718629213e-06
-2.6527206596627106e-07
2.978515629692424e-07
-1.9242789552065265e-07
-4.6145749083015275e-07
-4.2339126563040175e-07
-5.566415595126273e-08
0.01484929907364041
0.049260815423508575
0.002698129365787949
0.002263525026364732
-0.003785940823149758
-0.00015470646019832834
0.01217790340864866
0.006349592999740139
0.0009932581634259918
4.2575388992105445e-08
-2.5617469752783895e-06
-1.2501388854946338e-06
-2.5957987104252567e-07
3.024045296395883e-07
-2.3965152090577035e-07
-4.860260369721203e-07
-4.4801859533372124e-07
-3.650371294128263e-08
-0.09866965187797039
0.15572562547026791
-0.08797766049454836
-0.0029469314329375607
-0.005382115895645967
-0.003041395025286775
-0.08087709296177081
-0.05036632596512902
-0.004346584060717973
3.956209437827596e-08
-2.497671987594652e-06
-1.2614911004127372e-06
-2.555914622170974e-07
3.0599724465396605e-07
-2.873894197064075e-07
-4.915263853710883e-07
-4.5729884221024086e-07
-2.9740882201423346e-08
-8.107434457278906
8.014859985146416
-7.2754671903468235
0.002518868299262067
-0.0020157437857850624
-0.0023616518752824778
-7.26329626672934
-4.41277814923901
-0.32687242660374205
3.6517041168693254e-08
-2.2692711798555365e-06
-1.336534605211881e-06
-2.5314789420249895e-07
3.085488589071872e-07
-3.4461805045737925e-07
-5.596147650832606e-07
-5.375003597762884e-07
-6.260115657796828e-08
0.8874513349954896
-1.1829818029449939
0.7634877539283877
0.00966994089624662
0.005734116092897867
-0.0029155320258756334
0.7745542821176734
0.5122774015748774
0.05378439489132569
3.342503618330994e-08
-2.1284092676931987e-06
-1.336373974356042e-06
-2.437334264415725e-07
3.131958283830727e-07
-4.1041200854810556e-07
-5.591138791116723e-07
-5.371236102558186e-07
-5.169437500285312e-08
-2.126153695101465
-1.044304704159174
-1.8034163567781185
0.08922186925993003
0.053400514861627
-0.0018861772111548047
-1.8634084050460018
-1.0086040567426124
-0.4282598216781821
3.028402839611033e-08
-1.8969085521063078e-06
-1.3493923143939601e-06
-1.8262309131600318e-07
3.36549371593442e-07
-4.5438507983996956e-07
-6.046580826313264e-07
-6.514620183306619e-07
-1.0369246616903638e-07
-0.4420036901532569
-1.2942014621702926
-0.3466339619212786
0.1290341323594646
0.07662425464042855
-0.005643438906861864
-0.4469496022157671
-0.18177108376892548
-0.18420497213573128
2.7096060506437425e-08
-9.259796513588769e-07
-1.2725564375939968e-06
-1.1226118146190345e-08
3.9908594284820964e-07
-4.2115891740746036e-07
-6.682531963342342e-07
-8.613138253732444e-07
-1.9595442823927556e-07
-1.3404245203878986
-1.3388445519924517
-0.9580835065208984
-0.08630267023058025
-0.06237878081995163
-0.002070931299966272
-0.852425919024146
-0.36939280772104865
-0.287536115076378
2.385659803039175e-08
3.2070847960641302e-06
-1.973805982741217e-06
4.5567407021274153e-08
4.229033853109243e-07
-4.7282900440814846e-07
-1.39507813667894e-06
-1.8056411870137623e-06
-2.0438234127340138e-07
-2.7000111791246866
-2.1427705648490587
-1.93519683328309
-0.0385710874303129
-0.02484213120136758
0.0015002646842781076
-1.877410127841692
-0.8587733670151252
-0.5343856860373748
2.057140968680926e-08
1.4706892867852317e-05
-4.291840728552765e-06
6.815607456883699e-08
4.328098875960862e-07
-5.638913068289897e-07
-3.7100841233650428e-06
-4.393675566705113e-06
-2.3174683505544635e-07
-2.0151717209715514
-2.1387098389593007
-1.2905078401445573
-4.6190107073851294e-05
0.00048484612447108333
-0.0008597471018684244
-1.2732641577810853
-0.4656575202701845
-0.35600019235307556
1.724588338802846e-08
-4.637865608309033e-06
7.689538422672726e-09
8.749824809139994e-08
4.39937045293437e-07
-6.760519483672844e-07
5.930199659109903e-07
5.768986754972616e-08
-1.0515140225209052e-07
-0.3824378544411857
-0.11524039295466083
-0.1467711256952171
-0.5722272310038932
-0.3015863435947743
-0.007806074440303678
0.4529147517482386
0.3145643038093304
0.07634189289355575
1.3895200989821888e-08
2.6314418292705533e-06
7.054361861706659e-07
1.0754293968684436e-06
8.539813808328134e-07
-1.716198458345808e-08
3.181138632513125e-07
-2.525105766704172e-07
-1.584742159721486e-07
-1.1532111599966655
-4.635576627919562
-1.3101637237448536
-1.6662453516793647
-0.7573199288802108
-0.6470105889779205
0.3698452173046718
0.2518823748315029
0.05853779692687855
1.0499500824323604e-08
6.828606154285141e-06
5.772346612885337e-07
1.4530809278046064e-06
1.0688815484938274e-06
2.8753683511961725e-07
-1.2869596788256388e-07
-7.023049057863773e-07
-1.7039076816161014e-07
0.36254705986253555
-4.681617906053276
-0.009717076638281696
-0.6771072189811491
-0.23200229204702083
-0.5169413147051216
0.6722519103085459
0.459680979690809
0.10063516872300848
7.020245051947427e-09
1.0692206271645244e-05
5.974567683069559e-07
1.8467170130875843e-06
1.3678821615403791e-06
7.238681893340093e-07
-4.252704324247958e-07
-9.523722398485646e-07
-1.8997421635802425e-07
0.3859362356727658
-4.91168600744524
-0.08688793888463664
-0.785007615756072
-0.3283666020303073
-0.5795694808367529
0.7010032066673091
0.4817183014473301
0.09658655685281747
3.415885352353598e-09
1.033779551887215e-05
5.32761838908935e-07
1.8881975059059641e-06
1.471904947480951e-06
8.898937755574821e-07
-4.7647009693285725e-07
-9.177708774066318e-07
-2.410366024552246e-07
-0.37518322724621633
-5.290257009091405
-0.8210747831659653
-1.3900496120986503
-0.683200146833638
-0.7252570903975624
0.5633734861909687
0.3895019663885435
0.06827133284219578
-3.529811998248533e-10
-4.495152800737534e-06
9.608589893808639e-07
1.4676973687510753e-06
1.3553718028608275e-06
3.7995086601960715e-07
3.858929509270581e-07
4.822049954888996e-07
-6.769000235884448e-07
-1.4142122550231697
-3.6489544712781434
-1.6589542560336499
-1.443057481789097
-0.7318187289259193
-0.6585578376178702
-0.2324516922502724
-0.15793051999499141
-0.05233501704035959
-4.317454393998332e-09
-2.2055816606081358e-05
9.95333136591392e-07
7.802550667790342e-07
1.2134553618314836e-06
-1.0587039732667947e-06
1.083165392823382e-06
1.2926411825375794e-06
-6.786258737179196e-07
-5.434469901763414
0.8347937045533911
-5.224495903074867
-1.2398620749441207
-0.6340285758837076
-0.5949198208352016
-3.989999227536039
-2.737218396822719
-0.5320788642128313
-8.464123846252392e-09
-3.660781054269646e-05
3.1568377889534815e-07
2.7485767306600906e-07
1.2423804451322518e-06
-3.095652448104058e-06
8.457140392437168e-07
5.958428208607813e-07
-1.123509134448586e-06
-10.838726521613182
6.239583807916105
-9.78950497182533
-1.146744013898072
-0.5859035220951707
-0.5785258613016708
-8.736901935718016
-5.944359710332826
-1.0608570055993969
-1.2885197575585039e-08
-2.8292300330343134e-05
-1.461919800896383e-06
1.5004246511907127e-07
1.3164115573172097e-06
-4.6714402822112255e-06
-8.910794020433599e-07
-2.997469818299958e-06
-2.063302843857695e-06
-16.62126854315829
11.552135059886467
-14.369462845424708
-1.3086880268710424
-0.6432215848298171
-0.6134030035738505
-13.197926840998853
-8.969149632055839
-1.491470734728472
-1.774097335704994e-08
2.406290302854608e-06
-4.51204579632325e-06
-3.3392931331199804e-07
5.375156628684152e-07
-4.016354673841427e-06
-3.6108347433727594e-06
-7.434666791539257e-06
-4.1600099909833155e-06
-18.160330326097732
13.220528839237744
-15.108662219344014
-1.494738261147745
-0.6495281035349008
-0.5490810191350022
-13.309728747012425
-9.118560415183103
-1.4809075110994323
-2.25397600583932e-08
3.6433490870207974e-05
-2.7998231701686915e-06
-2.7295906892543798e-06
-2.1226408533081553e-06
-1.064237974746085e-06
1.3549983718386116e-07
-2.666102944859361e-06
9.16417407736958e-07
-27.32331435115003
24.518127274740124
-22.36582102409677
0.0999611119170396
0.2729791797135488
-0.2516200793865977
-22.26245255431684
-15.24557324289782
-2.040582682455511
-2.7019527060190285e-08
2.809477978921171e-05
-5.1695945349761185e-06
-5.945756926362122e-06
-5.395638725813612e-06
1.64842916672292e-06
5.656352939087395e-07
2.7491366658694005e-06
1.2011181835802631e-06
-32.416479487167024
30.45187297157517
-26.033009628498895
-1.2984022976321654
-0.5783479760441241
-0.2317993835248302
-24.611348029881334
-16.828051054052253
-1.784230174119454
-3.09718606317233e-08
-8.938762161708746e-06
-6.301076687226237e-06
-7.016669153703248e-06
-6.488896056255911e-06
2.074013956798737e-06
2.1114591586268716e-07
7.079482304606088e-06
9.298816823211098e-07
-21.394345860423797
19.232337081688865
-16.20059762288634
0.9050160981056744
0.7258909819447448
-0.1008261428800239
-17.092280026671922
-11.600565335758807
-0.8107946243557772
-3.437477635870323e-08
-9.370819735843305e-06
-7.195314062374836e-06
-4.453616868405064e-06
-4.071913393022264e-06
8.471340184890153e-07
-3.4764002559972695e-06
9.03721891321041e-07
-2.872472770532042e-06
-5.984841797339186
5.006383833179825
-4.110234119366881
0.8650754276401217
0.5818182849130444
-0.011590236634653195
-5.016105273388867
-3.3716008982664887
-0.11295082091354802
-3.7286835841143784e-08
7.177437016947508e-07
-3.708712028191452e-06
-2.9967529375785062e-06
-2.7567342564260855e-06
3.672041759550382e-07
-1.5198520001424853e-06
4.412901972727923e-07
-1.1118453693281793e-06
0.15966005579966236
-0.9716164924376969
0.3696584716835077
0.5718085920151132
0.40613619097867826
-0.024428246866861514
-0.25831689018049175
-0.18282117707594736
0.0026614174636497845
-3.979911711304851e-08
-8.020550590071007e-07
-2.4733851965580422e-06
-2.293952559906387e-06
-2.1341980189770737e-06
2.3401511539677955e-07
-1.022057912414276e-06
5.695793152682427e-07
-7.11290152471955e-07
0.14925870294105437
-1.5140929232653857
0.24592763587939714
0.20000436207390315
0.21417889937874435
-0.09521011802031865
-0.00023944419417887275
-0.012423894107900678
0.0010184149403843767
-4.20397645584103e-08
-4.8329314754624875e-06
-1.511012396621103e-06
-1.4602162794474793e-06
-1.4305670553160788e-06
1.3365610657123383e-07
-8.977332841691998e-07
6.139896883139428e-07
-6.322147324544503e-07
3.0103289251250764
-4.255936720964897
2.0765795655663055
0.09824938578288211
0.14010351517312003
-0.0821592212258615
1.957754347922158
1.2741586955433435
-0.069292492174724
-4.4094293327745504e-08
8.405930719837529e-06
3.5256294932117793e-06
-1.574747733323889e-07
-3.685176630519038e-07
-1.6746238618026155e-08
2.839921956709901e-06
2.02657179682042e-06
1.931349673953142e-06
3.9226369678764286
-3.856407253399084
2.667538913033198
-0.004821514810068095
-0.003999097794851636
0.005434943337116582
2.6727145955035496
1.7236244187005783
-0.04815413107506572
-4.600343594951539e-08
6.361357890666622e-06
2.963773373498846e-06
-1.282307742211941e-07
-3.3144799393980406e-07
-1.1718539583149834e-08
2.2433899098395216e-06
1.6047154705045585e-06
1.677777641484468e-06
2.0357084585973055
-2.858005754261967
1.3150773614643043
-0.0029012592797670322
-0.00010147498760204599
-0.001594982986824256
1.3327161371016842
0.9086449651207626
-0.11412389852526417
-4.779977169633298e-08
2.7567556157431783e-06
2.267163077468437e-06
-1.1715003700452087e-07
-2.9323953176785267e-07
-4.071281367590274e-09
1.5662315835385243e-06
1.3078308690461782e-06
1.2278797894005322e-06
1.2484039660014545
-2.40143463514994
0.763920005895514
-0.0062096407642329154
-0.0029580945219080945
-0.0017483099217618925
0.7866108467633097
0.5718803180220178
-0.14786995428192995
-4.950002141512755e-08
6.552225668976508e-08
1.817777003892962e-06
-1.0694887908613282e-07
-2.5508175816035816e-07
-2.4971479883895142e-09
1.1430400783662975e-06
1.1494022553182326e-06
8.809477070048644e-07
0.9314832226231645
-2.261829805959323
0.5447109412070716
-0.02288684198733648
-0.015630064262845522
-0.003682142473359518
0.5813903323939087
0.4481830901020545
-0.165425470634176
-5.112672751828029e-08
-1.2293693046894205e-06
1.5935470174532895e-06
-8.505806881053957e-08
-2.227916953700948e-07
-8.193983047632969e-09
9.237552538454707e-07
1.0418543300305672e-06
7.024061166871487e-07
-0.05555756298341663
-1.5578997497225942
-0.3208300862057385
-0.7953450805791071
-0.5186548401146407
-0.08748750255025595
0.4723934823185161
0.38679869604805517
-0.1827047703827276
-5.270611413976667e-08
-1.572338867439349e-08
1.7988225973486482e-06
9.849147541984848e-08
-2.7304673570760496e-08
-6.175148514753204e-08
9.495351960264742e-07
8.791052000800548e-07
9.199136300486188e-07
-9.263205290070907
7.896819396188462
-9.200509515349006
-9.69349423062313
-6.366399902234557
-1.0317521020632339
0.5814752986949188
0.4565508485714522
-0.1555509726107971
-5.416119308598866e-08
-2.407692150874219e-06
1.893001912500747e-06
3.34676062196948e-07
3.961536616248207e-07
-2.3039328633789324e-07
7.610756416198683e-07
6.964979614200451e-07
8.734472033422591e-07
-3.894285784353515
2.5177338368163262
-3.7473123795499186
-4.259044765203864
-2.8177979854697957
-0.396020799101583
0.54180062751775
0.4285079148652535
-0.148769269212238
-5.5469857818124524e-08
5.92715524150994e-07
1.3638451481640113e-06
-7.014217939804723e-08
-9.665186406770943e-08
-5.77314646088567e-08
6.163765391420384e-07
5.850551209052313e-07
7.635473211475841e-07
-1.2783167902839807
0.12202957301849439
-1.029103713882634
0.363551707896736
0.2554050907731833
0.03831209588746809
-1.3943059578900758
-0.8284545418622749
-0.18035167993706658
-5.6648945978565735e-08
2.8366002518265265e-06
1.122265490136054e-06
-2.1034918007423187e-07
-3.320784818239275e-07
4.2614723805289856e-08
5.297489531486121e-07
4.6216987115155206e-07
7.646377899739321e-07
8.097376600299654
-0.9097816057243905
6.73862512333055
-0.04584599700068459
-0.025224497777559307
-0.005770098605001994
6.791624499860804
3.880362360395095
0.9917441128695259
-5.771783873065317e-08
-2.7384127537777303e-07
1.0582077524801115e-06
-2.1988394860450455e-07
-3.4969216289315597e-07
6.581052358622941e-08
4.987545627610501e-07
5.794779375234427e-07
3.689349734603553e-07
-0.11315471970908675
-2.7398564094455367
-0.03732308955878949
0.10105708408056557
0.0686083360875358
0.00975144714989451
-0.12186241333291292
0.05749560378106988
-0.3124982972459378
-5.866927521580578e-08
2.2016650648437608e-07
9.378301301064818e-07
-1.9972816533986304e-07
-3.0383920058413283e-07
6.073129232841978e-08
3.9737624146773953e-07
4.331315732741814e-07
3.980012972526481e-07
0.5803108997982775
-2.726855106302338
0.6004444773937045
0.15088031730521578
0.10210600252950995
0.013290960517183148
0.4561816352829666
0.39309562962822153
-0.19368979681439671
-5.9511928496291944e-08
-1.6333598900769575e-06
9.041856035446084e-07
-1.5641394646159767e-07
-1.5750991577689888e-07
-2.06867071250727e-08
3.720804475637607e-07
3.932433608813679e-07
2.7911273248193424e-07
0.24569935844507995
-2.998198257833309
0.3744194653069499
0.14489847477557305
0.09964241455796241
0.01107450041921787
0.23245079821681003
0.2944646177429675
-0.24320261932851395
-6.025669652132137e-08
-4.099608987118142e-06
8.611385042545106e-07
-1.6068619146381025e-07
-1.3586824554323584e-08
-1.6849111333927524e-07
3.895144908838688e-07
3.75528138307768e-07
1.3441652102486046e-07
1.7828106762368918
0.521811586065823
1.5222705857424685
0.06340447018285289
0.04145662600621236
0.0030730246939709716
1.4774390337492775
0.8439016522422915
0.3056273925279811
-6.090569337757756e-08
-4.012309909484646e-06
7.836299096702914e-07
-1.5629520944138164e-07
-2.1723985277333213e-08
-1.9936724551805618e-07
3.417636977448568e-07
3.245178366029222e-07
7.976358418204654e-08
3.76769704874971
1.5399117167690406
3.1191148475446906
0.01193718565784252
0.007821013574197622
0.0002510107033060205
3.1185007886828995
1.6963726823573566
0.6952141213083891
-6.145035946758526e-08
-1.2388054760059664e-06
4.0717076618679293e-07
-1.4040937112991259e-07
-2.238717566882542e-08
-2.3503811494296478e-07
-2.963933765087745e-08
-6.894804416290867e-08
2.106171212989949e-07
-5.506360576971161
5.303698422875527
-5.482946707936989
0.22187411290855863
0.15310581995050665
0.002850664353058363
-5.7030041950060735
-3.650909945646095
-0.5742208353469289
-6.190360557489782e-08
1.640762835104781e-06
8.914962998790577e-07
2.8162785259411294e-07
2.0321792387756332e-08
1.2953161532269775e-07
4.865480596194516e-08
3.354384081610817e-08
1.5819245002823834e-07
-10.382808819205508
9.550642728699206
-10.10178617173311
-0.3257324197286948
-0.16220083484362924
-0.09951180620452504
-9.764107891649218
-6.364207526646261
-0.999522614303217
-6.226675530740522e-08
6.296694269104265e-07
7.777080223286825e-07
1.7822127773570173e-07
-4.1043741294544134e-08
4.049748103529538e-08
7.175121119473715e-08
8.182256416855438e-08
1.2251054526402072e-07
-3.040446217547938
2.5033274099069445
-2.851915460701804
-0.30635977354332056
-0.15703603866248272
-0.07949680955707095
-2.534870273738562
-1.6904671626432446
-0.23640854569884961
-6.254438122965666e-08
5.217521830552796e-08
7.759183313152396e-07
1.3688817324108982e-07
-6.819089681808777e-08
6.777717509454106e-08
1.449466271452593e-07
2.0364109021286936e-07
4.785059504186506e-08
-17.49623312046171
17.200803986233893
-15.05438076822692
-0.004036211900881881
0.027632476381729276
-0.04542445494882941
-15.039256353819441
-9.82525623376371
-0.7657215119850083
-6.273961905556291e-08
-9.076181218814483e-07
6.652410662055797e-07
9.535635014934485e-08
-8.311400301330707e-08
1.3305275806119177e-07
1.0333463551503996e-07
2.732630752788623e-07
-1.1767094365566777e-07
-6.770449881645131
5.88627125078585
-5.229183101234362
-0.04835594168493529
0.03587279866572324
-0.0901899167044391
-5.178132994232072
-3.242575412683774
0.012835781889268372
-6.28583405326566e-08
3.3013874370033114e-07
7.729749986751244e-07
4.111398710371361e-08
-5.764138366615157e-08
7.052477385416367e-08
2.8852022637693153e-07
3.070535297411414e-07
1.5186944413159154e-07
1.217554119187298
-3.274146585887138
0.8556951908640258
0.05168876974536829
0.06992628671917701
-0.034350799295499
0.8194356751677105
0.5916425780434764
-0.17676408327083948
-6.291204046604548e-08
6.521606466108887e-07
8.151570005665576e-07
3.9006063948243686e-08
-6.63995036731535e-09
6.271295038828839e-09
3.5157536870666917e-07
2.9469981255303423e-07
2.77769524936744e-07
0.10603068740866028
-1.4931973959677407
-0.08660236575503877
0.08952376403442486
0.06338140311698481
0.001840940162455951
-0.1289070417617495
-0.012933689466866127
-0.1606756356755028
-6.290883836079786e-08
1.1497980980934575e-06
7.770017019514963e-07
4.04224788086438e-08
4.732902958437535e-11
-2.284372746519381e-09
3.284368523259751e-07
2.2297749913136045e-07
3.232697720623179e-07
0.19097574911602067
-1.1449254583403032
0.05479076816810391
0.07485245920533146
0.04821072403962034
0.000621656609701482
0.015008093416980728
0.06774133729868836
-0.0971791885111486
-6.28666319002491e-08
7.100879483162847e-07
7.242848364952259e-07
4.0682947011205783e-08
-3.877463905510581e-10
-3.1317221038662524e-09
2.895532293933911e-07
2.1365392965932983e-07
2.7306908223501125e-07
0.044051507998332795
-1.2265166979657636
-0.008771366997848418
0.05154727437624729
0.02943977204807169
0.0008953286149555595
-0.03567379579470753
0.059110280456899034
-0.10995019162336207
-6.279323971902784e-08
4.1913766024581633e-07
6.879772856648037e-07
4.035501266486108e-08
5.189688678797211e-10
-6.50025408499566e-09
2.6723685819796117e-07
2.1039538999900742e-07
2.4122532371606553e-07
-0.4919490860675779
-1.7400927711633472
-0.39869272863037253
-0.0024042755634567925
-0.00858844550747051
0.002561628004424499
-0.3743740356130445
-0.072796290504904
-0.2137622167993385
-6.269263197467012e-08
9.87631444994419e-08
6.692185865256328e-07
4.0365525810770464e-08
7.718321537453221e-10
-9.940118700368927e-09
2.616581959991038e-07
2.2644795016901753e-07
2.0984431348125554e-07
-0.550223003881527
-2.008756250548714
-0.3302392979315485
4.1634475181240305e-05
-0.005180535197362168
0.0028918169070469846
-0.326131861924857
0.022522627318549482
-0.19173813798798992
-6.256220563827242e-08
7.979774976907272e-07
5.932294730032206e-07
4.276265030966897e-08
1.3438583579272745e-09
-1.2411969702030845e-08
1.9649177650238325e-07
1.1051331227918126e-07
2.354544126337288e-07
0.45254063039068626
-0.3744771962468576
0.42065411496859895
-0.010022628395795152
-0.01295457201821648
0.0016696522386801527
0.44069437315839716
0.30144776735277645
0.051257197652475384
-6.240039152061172e-08
-2.742861975796318e-06
8.667107852522449e-07
4.4428958290154696e-08
1.2883414335362886e-09
-1.5858485746811368e-08
4.758474134725077e-07
6.500904656814299e-07
5.595511165523703e-08
0.20059708818798327
-3.046021340144648
0.4989989058932629
-0.006498824985529339
-0.008052967072535111
-0.00022532824420126718
0.5169987458474843
0.6329579412035002
-0.08951512039787346
-6.21994786786928e-08
-4.190959365490965e-06
9.89007228363592e-07
4.9112930847194924e-08
1.5328760483157566e-09
-1.9286233277071574e-08
6.135613840330123e-07
8.880640682829011e-07
-9.32141652754126e-09
-0.33265376971600347
-2.825703639421174
0.08266245385527782
-0.014178475467527818
-0.00417170995453553
-0.002996086606488424
0.10099552746267192
0.4168062318736645
-0.08281332528314778
-6.195474600012574e-08
1.0105200393684122e-06
2.394727912913286e-07
5.381257461856137e-08
2.1358834145779326e-09
-2.311842065005898e-08
-1.2427727713593129e-07
-2.532720930759069e-07
-2.138353405456428e-08
0.8378674809241033
1.1645780881008818
1.0919369154728429
0.7222124707338651
0.3816513462542801
0.2539098622490634
0.3726287945542168
0.2650589468665814
0.060169211490697094
-6.165896282439576e-08
4.1617432412766053e-07
4.555543615808455e-07
1.5193547286962428e-07
4.3232372626267335e-08
4.1917600113183795e-08
2.2676827082790396e-09
-3.181370455962451e-08
-3.4141387716957183e-08
-0.049533127335195104
-1.8123763617383017
-0.3265151571813538
-0.4885131135566212
-0.24147144182337854
-0.23735868673514915
0.1744811402668489
0.1253407405042708
0.028239639899977576
-6.132558971749802e-08
1.1726064128025904e-07
4.3565090279695795e-07
1.2938485016711354e-07
9.640560350021588e-09
3.1447144110963166e-08
4.6526340335972804e-08
3.981947287179377e-08
-4.5389977332277454e-08
1.8260276652590761
-2.3788397058408464
1.2453896099710562
1.0490751423467515
0.6592899806379897
-0.08424641304864622
0.20766603433190056
0.1537372565578785
0.032702709371839056
-6.096602267469109e-08
2.4827357378298665e-07
3.7801060223663363e-07
1.2077185052028483e-07
1.8073923913064505e-08
3.692156391732482e-08
4.657771113247833e-08
2.2781524444681622e-08
-4.550974108674666e-08
0.9498404797110283
-3.443890727733674
0.43182019403518623
0.26017984876315836
0.23331688613156132
-0.30230696136780466
0.1818895918231611
0.13566880041895502
0.026768359085702187
-6.058903623262779e-08
1.7767782251043585e-07
3.3762296158118543e-07
1.1305769187508474e-07
2.4415838073554852e-08
4.105622330996539e-08
5.419049753374594e-08
3.057059094757619e-08
-4.99603092229961e-08
0.1466402901093815
-3.1105686181905057
-0.12823772196135863
-0.3179334461021952
-0.07007132227948709
-0.35302943192061775
0.19529640338164003
0.1426665042355726
0.024521804160366756
-6.018807985341823e-08
2.9336813422986552e-08
3.0799556833410735e-07
1.0474271272542524e-07
2.451175795670224e-08
3.96546317726898e-08
5.795550314657838e-08
3.864011510756882e-08
-5.5611606653016565e-08
0.3052988314171472
-2.099912250420445
0.1762780027702604
-0.14579175432093194
-0.0202627221307653
-0.21474744773703236
0.3267200987452181
0.23272884482361178
0.034475827860061425
-5.977547568036812e-08
-2.2153110801337306e-07
2.8236621923971583e-07
9.477535312107932e-08
2.2905364382985738e-08
2.7591051499076258e-08
5.590267992960918e-08
4.429192612676047e-08
-6.410509112431129e-08
0.6953477088465618
-2.112942147309667
0.5598105628154926
-0.016853166898216365
0.026978799318365
-0.17477698340500325
0.5809275264561138
0.41080095491036506
0.0547021868804447
-5.934114311045846e-08
-4.4497352401362544e-07
2.583173454341614e-07
8.476317048256021e-08
2.378668345626167e-08
8.883447866203653e-10
5.3034329039469696e-08
3.290151417978393e-08
-6.714347122738218e-08
0.7397308212545468
-1.870570282948023
0.6220389235598063
0.02765966569752662
0.0422506231043549
-0.14230709333307345
0.5982539855675342
0.42236691680302263
0.04985479795490422
-5.8887974496713014e-08
-6.610174165880278e-07
2.3008154327684022e-07
7.770432652876025e-08
3.041144647220051e-08
-4.1452335952651964e-08
4.355545718537357e-08
2.6717755785554687e-09
-7.366212195769606e-08
0.11616567971787538
-1.0381032934761834
0.11803721197917484
0.026338045859167103
0.054313120688201266
-0.11063986475329556
0.095797386310021
0.06976102939765716
0.0051252274337010295
-5.841701011810585e-08
-5.414320615008961e-07
2.22204122060643e-07
7.305249605238373e-08
3.43011965497908e-08
-6.786789841228824e-08
5.358852522840962e-08
-2.2372581787166723e-08
-5.972137984144865e-08
-0.22467809977390463
-0.8739477936990596
-0.15465217116193486
-0.05913304757846926
0.030580323723983227
-0.1190404400225944
-0.09284009507536695
-0.059713309955168103
-0.008165816274262938
-5.7929846253301776e-08
6.303313269950817e-08
2.1512308219506782e-07
5.52923168362085e-08
2.0979377346463934e-08
-6.68355015776001e-08
7.80983508419375e-08
-4.98706217433309e-08
-2.917899366572385e-08
-0.8404152201268076
0.8777393912635887
-0.6765977627660678
0.040923681142961854
0.09382161227331132
0.005376474431692202
-0.7113694324992696
-0.48254972090817994
-0.04838028463941413
-5.743271502822722e-08
9.856252610046523e-07
1.8111273297760633e-07
5.930405833076691e-09
-2.2152989442858484e-08
-4.072325721082848e-08
1.04141759965648e-07
-7.22415454679215e-08
6.720524359238311e-09
-0.9937257382282425
2.314829752040169
-0.6282311412518169
1.482771786910698
0.9423192422949818
0.24245071422816267
-2.097690785244893
-1.4246597780729227
-0.11973259983192142
-5.691850923916775e-08
5.591322392028975e-07
1.598664610968914e-07
-7.580043534516356e-08
-9.306922388319094e-08
-5.226281962755763e-09
1.7140310572087702e-07
1.1999118765260164e-07
7.474300978138615e-08
-0.8130413046208603
-0.28994252394454634
-0.5792223112902537
-0.16246040421696506
0.050663415704965686
-0.08877311614894978
-0.4100232057665351
-0.27495752341719637
-0.015627002092536868
-5.639479905283906e-08
-3.722090234359321e-07
2.981170146854062e-08
-9.263926165070657e-08
-1.0539520145513848e-07
-2.7242228473056684e-09
6.910831837347864e-08
1.2430396933993393e-07
-4.306408563081732e-08
-0.19105452945858303
-2.163118700237746
0.10340262552013302
0.018684275753726
0.1445879198908422
-0.18316408295265063
0.08832244625631348
0.05629359346490759
0.0015069050646590032
-5.5863212500284476e-08
-4.3780406278060013e-07
8.610923141194604e-09
-9.671215295270486e-08
-1.0775354936098935e-07
4.09482003860262e-10
6.472694058512474e-08
1.2552495043394174e-07
-5.1340398599108994e-08
-0.1323347639484922
-1.4029979038736826
0.09185537229558172
-0.0010863363597337639
0.06816336499203501
-0.12222036083171872
0.10161093695071699
0.060916441297416135
0.0003227535909086088
-5.53282450965753e-08
-4.833909422463645e-07
1.6608615593938225e-09
-9.636409425972658e-08
-1.053547251661513e-07
1.737664900858249e-09
6.737176028170921e-08
1.259891919680456e-07
-5.2219260207597706e-08
-0.2634282031704487
-1.3806099125283142
0.003969383633704027
-0.09596269005847713
0.018260843456147313
-0.13677837872761955
0.11291674101545725
0.06804526226540908
0.006514575851425786
-5.479431397503731e-08
-4.765964538300249e-07
-1.6026880572672653e-08
-1.0701778352384395e-07
-1.1399289434610438e-07
5.592027341183581e-09
6.984540279475482e-08
1.2634634993791138e-07
-5.307535233534111e-08
-0.46836016680529724
-1.5652163532091876
-0.13873340797171885
-0.1810432209633861
-0.009306126386473322
-0.1603764011799882
0.05797718932618955
0.040587813866638456
0.003168653507605867
-5.426543281394913e-08
-4.1137955059111775e-07
-4.2058745652884255e-08
-1.2783542313599128e-07
-1.333913510759288e-07
1.37238879149848e-08
7.321194384068974e-08
1.2684078998237425e-07
-5.313356421510207e-08
8.599720563967221
-10.014572189583873
6.351429071436151
0.02053455647287095
0.07432311598399899
-0.06905930023093276
6.335574827190559
4.127799455753033
-0.1659254787803972
-5.374352518572323e-08
-8.979935832709174e-07
1.4031058565011634e-08
-4.464272129744984e-08
-6.740200442223454e-08
-8.140931928579676e-09
5.321888307818767e-08
1.1873261029915483e-07
-6.791839557429569e-08
5.2766691837439765
-14.296957655312895
3.079661775399636
0.002639497268432933
0.0017684383216369781
-0.0008023921498860886
3.0745693403631122
2.532913743593822
-1.1729469357552773
-5.3235243546723154e-08
-1.8059924044890041e-06
1.91201415811193e-09
4.496512406859665e-08
2.8674838503661704e-08
-1.875950239593749e-08
-3.6916695478339534e-08
9.457077215779819e-08
-1.222322758565042e-07
2.021786771180743
-12.081309053543805
0.8394111571824397
-0.006734964238276575
-0.0015553659994935742
-0.0016518921805208642
0.8415207316431436
1.131631617323464
-1.2296431349613215
-5.275454428854687e-08
-1.8548843609272891e-06
1.867316360565363e-08
8.297672016155389e-08
8.062783019013864e-08
-2.9362915876518514e-08
-4.960416277732804e-08
7.768561538501473e-08
-9.724023042334551e-08
-0.04041070901652688
-11.294288996066058
-0.6106897290514013
-0.04794199100435037
-0.028742927965627274
-0.0065203829429481
-0.588201871649062
0.27679767518807097
-1.3729277401073006
-5.23351026959773e-08
1.869324871478506e-06
3.8658693040163894e-07
1.4750941890184777e-07
1.496426836472553e-07
-5.49794297310946e-08
2.4554916655539216e-07
3.823113742251749e-09
3.8578790906296234e-07
-16.543144512978238
4.989841010038475
-16.562535683582702
-16.080346111049273
-10.723193302646454
-1.9402638388880753
-0.36429038055045737
0.4336559852021047
-1.3836280551527125
-5.185101659144209e-08
-5.604503821865503e-07
4.183995539822072e-07
2.6717987822166833e-07
5.344959961295359e-07
-1.7639249855205819e-07
1.0567514951986823e-07
-9.760349140019997e-08
2.9967123685303854e-07
0.7633384473679481
-13.613439639683321
0.667395779310759
0.8789051231448965
0.5973314738788247
0.10822859805984565
-0.2397184232870586
0.5393086174041173
-1.5016701097829355
-5.133625058384439e-08
1.1692171721783273e-06
6.446281550220867e-08
-3.1481198092819795e-08
1.0576027886788353e-07
-9.199499073631046e-08
4.190881330856655e-08
-1.282450545203595e-07
2.2716880954121166e-07
0.13826443019308954
-14.85307687670152
0.33121230475537233
0.5718962076229843
0.4062512451857323
0.06445380942091905
-0.24169622608770422
0.6097812206994393
-1.6512726967969513
-5.0789705774434424e-08
1.0120322906093104e-06
-5.142750458819734e-08
-1.0663533300814265e-07
-2.1591695570366554e-08
-6.394268381448853e-08
8.123077988031469e-09
-1.0682898088365533e-07
1.3172642265857348e-07
-0.4920677873023891
-16.389323230494455
0.10974995643788789
0.5459500207424384
0.3903595988699031
0.05487087052350414
-0.43102423252680916
0.5711444778139894
-1.8022677655525854
-5.022982163538359e-08
3.405896159824895e-07
-5.406810291846975e-08
-9.291388902710196e-08
8.202586387895394e-09
-9.063078992843643e-08
7.998999906888571e-09
-8.125032385786213e-08
9.85210788506663e-08
-0.2882628959311404
-17.80136805505191
0.6674476775746001
0.2824629582069065
0.20134021317262452
0.02219858792179963
0.39252450235724723
1.1399456436239248
-1.7544577631176281
-4.965627664610395e-08
3.800065633691174e-07
-6.606316102497622e-08
-9.276460444240797e-08
-1.0308432774053244e-08
-9.701207975831849e-08
1.6587960338654284e-08
-6.461686619108065e-08
1.0082029966440587e-07
2.045031786923232
-6.053816843541654
2.3151828442391853
0.19007954355024023
0.1291698623405857
0.009548842036983807
2.1189995251826907
1.4942303668355414
-0.21861095528333185
-4.906993034126117e-08
3.682204224031427e-07
-5.505115707044039e-08
-7.641861055063259e-08
-2.7139506642015476e-08
-9.384325366790236e-08
2.331757942286572e-08
-4.8374080519053564e-08
6.884167835785604e-08
3.2632739333093603
-3.437586765749984
3.0272881781278116
0.12366741881051269
0.09312881018328856
-0.0006556804306436792
2.9044145972743354
1.7508960516477021
0.11722235496724166
-4.847611934089002e-08
1.2227706147061035e-06
2.0571128397928184e-08
5.6310265894587985e-09
-3.993841746208204e-08
-2.8280113084644398e-08
2.307441571147706e-08
-5.1283269797419706e-08
7.485107700322402e-08
15.042613841354978
-43.871961990536605
16.05405168580009
5.672931478077352
3.9900427409831103
0.10027108183453315
10.384811220053649
7.135511471922488
-2.4940676055346636
-4.78711554841027e-08
1.930702346220059e-06
-1.0320737207913933e-07
-4.0441416881975556e-08
-3.4884822142089433e-08
-8.195797029930674e-08
-4.179359480716016e-08
-1.3171522805777158e-07
1.9912039284086802e-07
10.0393687363416
-42.72707841357373
14.410680112038648
-4.178346343910519
-1.8792685694916147
-1.3223254582086668
18.589018362394043
11.616263994916778
-0.9937642105963622
-4.7265703129184544e-08
2.2373141142506547e-07
1.863539124957736e-07
5.051321738669401e-08
-6.416771847206348e-08
1.7871608970487785e-08
1.8886669217454966e-07
7.716989580686118e-08
-8.525645001089543e-08
-6.371381744593307
-3.787263661414215
-6.370067617977405
-4.27795973963098
-1.8244917810708436
-1.4659960095861635
-2.101387590736179
-1.4020089771738062
-0.06982572283873001
-4.6666452035992734e-08
9.996623387409365e-08
1.3117426322928338e-07
5.0805796680819526e-08
-5.0499535220183134e-08
1.534907628775173e-08
1.5564567057424483e-07
4.124945082728537e-08
-8.337107804123889e-08
1.4187433538244747
-5.152780520712278
0.17527311289690672
-3.614321583688266
-1.510431847791864
-1.2026685433608009
3.792040932102047
2.070035648448158
0.9124901517450891
-4.607400194700517e-08
-4.945815293682515e-07
7.660471496029331e-08
3.117375113603771e-08
2.0893002883326517e-09
-3.9342541807707576e-08
1.3823594469108968e-07
2.3368466939288624e-08
-7.633795551242883e-08
-1.7712751798479471
-8.275068828050621
-0.3163272831039592
1.4509963925445248
1.0134642456160563
0.07172378837631621
-1.7473937697948683
-0.6427120599064224
-0.961342463624618
-4.548520138314416e-08
-4.4404522467345053e-07
6.857177664576497e-08
3.6699263628037215e-08
-9.378438886598062e-09
-3.4011291283331246e-08
1.4462762593092648e-07
3.399373027512809e-08
-7.719858974297722e-08
-4.031767398078102
-6.410527149169667
-1.5039598919330501
0.06712098159063373
0.05617056763345829
-0.0013985795819824178
-1.55193624700064
-0.6186815380691826
-1.0717619060155386
-4.490500371545636e-08
4.153893403899267e-07
-1.5578651986480896e-07
4.919392049274052e-08
-1.5780593720648994e-08
-2.5558715421869493e-08
-7.770654808503252e-08
-1.4282224225503626e-07
-6.388004969437588e-08
-7.712437192678862
-3.889033332941793
-5.245186400884457
0.0004940248661000624
0.0031060122492831965
-0.0008971461437154993
-5.2342893004144315
-2.7807171132260344
-1.4206098753433167
-4.4321355474608026e-08
-2.2039085373348755e-07
1.4356032466966706e-08
5.410613157508237e-08
-1.5476472103870265e-08
-2.7632489511819625e-08
9.819102475550068e-08
5.164303207294552e-09
-6.265052743259503e-08
0.023966972037946732
-0.2510091239965959
0.06304121065491941
0.0014551667545696922
0.004920598466630288
-0.001276604160063699
0.062354227862274174
0.05020678303638527
0.007333786225238059
-4.3741311905876046e-08
-2.460613123811406e-07
1.566020658982925e-08
5.413105878815383e-08
-1.5922943630286568e-08
-3.49118181169894e-08
1.0473793743415172e-07
9.15502074150254e-09
-6.33600993893424e-08
0.17475737503019673
-0.5905785363383416
0.07310722922690616
0.07585294266885256
0.08391401971545065
-0.03898485069406732
0.00643785572763278
0.007259162060531565
-0.0024957328471351126
-4.316452639763213e-08
1.8640210597276052e-08
6.188184215050185e-08
1.0413417439458783e-07
-4.718544777126965e-09
-8.077540247786175e-09
1.0904740643802313e-07
1.1380648423653383e-08
-6.355735254759409e-08
-0.1712882789740604
-0.5584721243067179
-0.24891295433783256
-0.28631591041533966
-0.12677934869145702
-0.10870923242298147
0.04703555967967077
0.021828032766993744
0.008897119026840983
-4.2602548155912245e-08
1.6085486501116186e-07
6.29199902318911e-08
1.1958204204631784e-07
-6.899227855683421e-10
8.522846095537773e-09
1.118085135587421e-07
1.149500161723438e-08
-6.373702232664868e-08
0.3683449607891589
-0.5926957097965442
0.24403736218246763
0.09879011355951661
0.08858200652014503
-0.04003229855405266
0.16873205006608316
0.09686589336270046
0.026855354266549725
-4.205729453587992e-08
2.528037083004975e-07
5.2912307320351903e-08
1.2026148610289056e-07
-2.533656839887044e-09
1.900500354312662e-08
1.1533519206352594e-07
1.1831260415817724e-08
-6.40134205642795e-08
0.5646354903138402
-0.965801039789767
0.4747263889559008
0.16826086030066278
0.1239027718611112
-0.03902455427076745
0.3217067512900087
0.2110652066498684
0.04445623190874537
-4.1538006811947525e-08
2.207219934602378e-07
3.071053503167498e-08
1.0774105407840295e-07
-8.51308512572757e-09
1.55986028191335e-08
1.16446032816242e-07
9.697821129472928e-09
-6.394685880817264e-08
0.7615995339744153
-1.398948792017908
0.6921815646271554
0.049171445796613256
0.06151750208427487
-0.06778691439500051
0.6496580752215237
0.4254492197089563
0.07926034980332375
-4.104561290851905e-08
7.81396341242857e-08
-5.909613493004784e-09
8.572886045499217e-08
-1.4659389702131875e-08
-6.7398453762468336e-09
1.0946047929172309e-07
-2.345187377628122e-09
-6.15818721155792e-08
8.648371309828434
-1.839556710598117
7.5765949018960725
6.13193736967628
3.578385714635843
0.9040446718885786
1.4456969207715247
0.9481844794913314
0.16469771370658215
-4.0585068639131805e-08
-1.812489334659939e-07
-4.4302548185548574e-08
6.10922972210659e-08
-1.130539839522271e-08
-4.6159662855926875e-08
1.0313951825935419e-07
-1.4458173103193417e-08
-5.902660316081665e-08
-4.478663434919213
-5.013350018897824
-2.9792324132469616
0.024241298033217618
0.015000906752874243
0.0017973751758866285
-2.9947727610923778
-1.2807935898979892
-1.0187379429755623
-4.014499332960497e-08
-1.6959461450472002e-06
1.5289005965424263e-07
4.087453486789627e-08
-1.4457745223239726e-08
-7.884035532756961e-08
3.2717224851541715e-07
2.3051472447521704e-07
-1.0047782428301844e-07
-11.038758946664359
-1.0183987446985157
-9.190339445206632
-0.003994274313953383
-1.874042260396891e-05
0.0009698078379991593
-9.179066508394328
-5.095846527267376
-1.9531933151139145
-3.97175849986553e-08
-7.0617855688071e-07
-4.946365105007455e-08
3.777347851174895e-08
-1.642139757507266e-08
-9.85963273664181e-08
1.3449632246809173e-07
1.542666971943163e-08
-8.958065300657125e-08
0.37282198954409296
-0.45770116404298733
0.2688705626730439
0.26202617502799797
0.16715744375157016
-0.004127061264089349
0.011400138517551284
0.01381529124578762
0.004060690905726583
-3.929425762549954e-08
-1.92514125058052e-07
1.8863042100525362e-08
1.125653263933657e-07
9.213087626136485e-09
-5.366793137673298e-08
1.362034252605504e-07
4.046014190350888e-09
-8.978071797116627e-08
-0.08011407146477723
-0.35969223834092645
-0.10725789216253645
-0.09297520586925145
-0.03929891271859809
-0.04351407722461431
0.0009121273964325383
0.005582660302644982
0.00020876497211153033
-3.887259092394402e-08
1.537787138183866e-07
3.7603658603613255e-08
1.4896190214663818e-07
2.1964479512970314e-08
-2.802168103110958e-08
1.3365100093309934e-07
-2.068999194193566e-08
-9.056434624454823e-08
0.2902392030418248
-0.5221897324776705
0.18985008234741937
0.20152428063798308
0.1403908961832787
-0.015038674933904874
0.00535171346123775
0.010027388215689825
0.001977204015137346
-3.84548739518209e-08
5.129151877947269e-07
5.587013926500184e-08
1.8616854369213343e-07
3.915411073140973e-08
5.716743960160198e-09
1.3433829826325905e-07
-3.29209399740904e-08
-9.057203520512758e-08
0.5131903865345971
-0.8493228776086426
0.3522143359620671
0.36254462084617955
0.24799424006579865
-0.03178357283232458
0.007643451573734694
0.0034221908560159164
0.0009518353728561468
-3.803855852524407e-08
8.08962461074092e-07
6.5032166152168e-08
2.1248512371840889e-07
5.233776678714719e-08
3.8057682658076963e-08
1.3532327258758414e-07
-4.670913156257228e-08
-9.098605802115856e-08
0.25384018576751866
-1.454991895317491
0.11506190259618876
0.12565609548912704
0.13386844694806754
-0.133318360037336
0.005660238526090212
-0.0018267575464729902
0.00017103549080810243
-3.762554112718419e-08
9.011086442300975e-07
5.905029276664919e-08
2.2136812072304224e-07
5.9517382022811205e-08
5.279441636640847e-08
1.3621798333751656e-07
-5.6927891289859645e-08
-9.110812349000241e-08
-0.07006748981775313
-2.0104840218102424
-0.1389494376387006
-0.13375523478429585
0.0034631639214222076
-0.23889935708993448
0.004276763580119081
-0.005557163224750639
-0.0004511309851793488
-3.7220473148025235e-08
6.488930180403862e-07
3.868128053974296e-08
2.1440417419249513e-07
6.437209509879693e-08
3.144731007542756e-08
1.3694703671074393e-07
-6.29467609147838e-08
-9.076287998954768e-08
-0.05890287590579746
-1.4646484898721326
-0.058334071516701336
-0.06434898484277962
0.019120381249229546
-0.18103516144790177
0.00590226259670512
-0.00760673085729513
-0.0009907315557707852
-3.68220922641882e-08
-3.327106619377407e-08
1.5947831916163224e-08
2.0273556033956197e-07
7.675940602580589e-08
-4.25132403308881e-08
1.374438980406012e-07
-6.790535345135851e-08
-9.029263559057199e-08
-0.04653172723258714
-1.3398035080642217
-0.011310713365797587
-0.018096020741210417
0.029919491414280408
-0.16707679033797262
0.004790089389014263
-0.008409655311712783
-0.0010984379682744128
-3.6435981232152415e-08
-1.0878587508710708e-06
7.958406739172474e-09
2.0581426962706928e-07
1.0704468456079752e-07
-1.708248862919426e-07
1.3748752469844305e-07
-7.405529411919076e-08
-8.962768094367135e-08
-0.11416317297284628
-1.3925320817515683
-0.03785351218734423
-0.03857450466314383
0.01870465100273666
-0.17483380845141028
-5.835321251090875e-05
-0.007837276434892848
-0.0010715738447303336
-3.606242637843593e-08
-2.172675699435578e-06
2.3423359779561892e-08
2.3428604789543783e-07
1.5267860459244886e-07
-3.257944466428242e-07
1.3636800311189745e-07
-8.231793180435432e-08
-8.798915607233226e-08
-0.2416835149188259
-1.3063707859478058
-0.12402199596211805
-0.09392656948022626
-0.0022341239635137455
-0.17028023186718855
-0.02930599984701487
-0.02204227527910252
-0.0040435377623903035
-3.5705024936660834e-08
-2.4367089611204706e-06
2.8138250521281272e-08
2.555912474999644e-07
1.7508162944435135e-07
-4.29841358978722e-07
1.321400915355042e-07
-9.73510755342133e-08
-8.251818361948438e-08
-2.214747844794566
0.30841975736199245
-1.8719743454494147
-0.6134321753529157
-0.2833955083988635
-0.2153049642681708
-1.2549885996120835
-0.8745645875703545
-0.149436180828183
-3.536460035924449e-08
-2.626653095583187e-07
-1.0048767529885483e-07
1.7742205726811733e-07
9.885556973010523e-08
-3.95295304711496e-07
9.212315776885305e-08
-2.2223897322426467e-07
-4.042598122921959e-08
-5.154303523545238
3.498744795781029
-4.298089832339783
-0.16341934807109126
-0.003055893654893671
-0.1702831970105052
-4.130815226698491
-2.8799436737185378
-0.4116191967541303
-3.505952161919623e-08
1.95300928898523e-06
-5.349413687658761e-07
-5.638833278087674e-08
-1.201398078798377e-07
-2.3004809240889657e-07
-1.0172994580059935e-07
-3.749337269542963e-07
-2.851515037427532e-07
-9.771063930748225
7.341560825751088
-7.727426661958172
-0.10608215549677169
0.05444498350596971
-0.2323929662265627
-7.576523888994004
-5.260176354487251
-0.5725673640919688
-3.475069387803842e-08
3.627837130953937e-06
-4.4016379507905157e-07
-4.062784938474451e-07
-4.411913097079889e-07
-2.5082304899726182e-08
3.3059733151041826e-07
2.2904053231798116e-07
1.7152972020539892e-07
-6.480761168422056
4.808245256166856
-4.744314731113988
0.06073367037762444
0.10121149296860033
-0.15475092552075154
-4.787116288654282
-3.275602989506858
-0.19787626964849414
-3.4410749805147134e-08
6.917251599569685e-07
-9.282784699110591e-07
-5.866487569061718e-07
-6.04120405436892e-07
6.676957564621944e-08
1.5034749667464098e-08
4.072209733863019e-07
-1.6489007809150635e-07
-2.1619050721125603
0.4137131244102932
-1.3517345653463444
-0.014444150591164995
0.05105151719384438
-0.14205268033590812
-1.3382024914694597
-0.907413780350522
-0.020243211666696515
-3.405191018046594e-08
1.584880079091855e-06
-8.75751160089866e-07
-5.940019394135021e-07
-6.149284927925436e-07
1.0413368689565772e-07
8.149909080934492e-08
3.6932302460712663e-07
-1.201744741496924e-07
-0.9662368684135743
-1.7731612174894735
-0.4151028182974308
-0.28486696314823856
-0.06584222672992013
-0.2505202133936919
-0.12831542899560944
-0.08798764422278849
0.0006885975633942887
-3.368444789764169e-08
1.4577313975083772e-06
-8.423459162687497e-07
-5.59081714701648e-07
-5.918359615719737e-07
1.3860759040529302e-07
9.173695980635443e-08
3.7106098682571087e-07
-1.1556160561809747e-07
-0.29795408705412285
-2.427219748980548
0.2752429819193907
0.30725123016585343
0.3007588421445391
-0.17777012022559546
-0.031087324760527224
-0.01790517075941489
-0.00027813704266152484
-3.331433373610082e-08
1.6554965281967426e-07
-5.724948727130197e-07
-2.840407449244964e-07
-3.934167833730129e-07
1.1431259017147255e-07
1.0025696409177165e-07
3.732647422260982e-07
-1.1285553536133364e-07
-0.2630819802052855
-1.5297273402255485
0.1125236497252935
0.12539400529201572
0.16529163158131155
-0.11599874670154264
-0.007544367864753098
-9.373452504313208e-05
-0.0009220493567829724
-3.2929670767956054e-08
-2.460130412648698e-06
2.5309736348400058e-08
3.1843949099830127e-07
4.3469976507282126e-08
6.6616735461266785e-09
1.0457124355323089e-07
3.733686469997721e-07
-1.145732730911675e-07
-1.0210125609975762
-0.3026152129920945
-1.111939878623346
0.023836542336511002
0.004189002161425037
0.02614201047277298
-1.1183168743083485
-0.6412691160135982
-0.21546946443419301
-3.255700176119092e-08
-1.0863286455109478e-07
6.275077994027933e-07
3.662234533408082e-07
8.356682945631633e-08
-1.1192324844699897e-10
6.759956744373241e-07
5.919865305736849e-07
1.68509341147427e-07
-0.9536761798829474
-0.28633598031802876
-0.8963987372669492
-7.316252984423954e-05
-0.007616923960309663
0.002871981912717647
-0.8817940730144329
-0.5116232804588776
-0.1579819168209724
-3.222301403482675e-08
1.7897731552363183e-07
6.886211319778734e-07
3.822098415540154e-07
9.395053424121613e-08
-2.3815709404573226e-09
7.405895149359409e-07
6.032427809499197e-07
1.9719809532525723e-07
-0.43736898055719564
-0.22468635736183273
-0.4562116787306394
-0.033740949029102296
-0.023242762984752474
0.0025693953204601883
-0.3945075489253469
-0.22247285234333347
-0.0851423062438812
-3.193885200758473e-08
-6.911003628817802e-07
5.295878381106345e-07
3.9236417992416506e-07
9.944612777701423e-08
-4.548941077986424e-09
5.867802073331041e-07
5.530874740422576e-07
9.725976601870912e-08
-0.21118403170289213
-0.20454163999758634
-0.24205793162747113
-0.047738673302653474
-0.028895539949760355
0.003422076121054829
-0.1763865047348645
-0.0904303533739319
-0.050133586000015384
-3.171501050669434e-08
-2.7134933110670167e-06
1.902096282424548e-07
3.9295823583973544e-07
9.725204597188508e-08
-5.248293966086948e-09
2.61276624780038e-07
4.83591282129936e-07
-1.251517538491953e-07
-0.5021967855503426
0.425726188172348
-0.37388772118947244
-0.13725422528339593
-0.0841653922369412
-0.005915676983933582
-0.2331137982926208
-0.15467277724316375
0.002719297436231116
-3.156019079408878e-08
-2.7631720226923423e-06
1.477019372433941e-07
3.819380665071037e-07
8.468747170198299e-08
-2.3638079271748325e-09
2.4028176903723164e-07
4.732780571892192e-07
-1.4306918671991298e-07
-0.33202679522506173
0.11170741275580554
-0.39832126860990513
-0.4226266421814078
-0.26123131204313044
-0.047108047804129805
0.032872325203891606
0.030410402644843515
-0.024119237979782326
-3.1471228512103266e-08
-3.3113178250186726e-06
-2.4600270154273574e-09
3.5206935933285166e-07
5.678725234492532e-08
5.840953498648105e-09
1.3324529035685373e-07
4.4423859318909464e-07
-2.2207102634563824e-07
-0.7093996725639472
0.501041681907239
-0.7537734350871297
-0.7900695514809585
-0.4936194200942362
-0.08650821419258148
0.03692099464183585
0.03178330429559306
-0.016670397464906728
-3.1473261330461355e-08
-5.399183063081736e-06
-1.6112262461731586e-07
4.321369690973853e-07
1.302185812512846e-07
-1.672381222395103e-08
-9.226164809916781e-08
3.9278234492678976e-07
-3.996669318828694e-07
-2.7470397565126703
2.5047842852586655
-2.755550049846981
-2.992065410387911
-1.8738229158132405
-0.31549935540699203
0.2347508738907642
0.14920492622700365
0.012787984804134567
-3.158849459783397e-08
-7.480852381773484e-06
-1.7733111257189904e-07
5.764771575655914e-07
2.672696504113503e-07
-7.602033480491599e-08
-2.568791879209442e-07
3.4123356405790783e-07
-5.227399434426516e-07
-13.22706096459946
13.417483125329127
-13.188748957589715
-13.621595567422503
-8.70039736951026
-1.3858276802543692
0.4234289227486414
0.2622023504640598
0.03752160148103911
-3.1855918569689834e-08
-7.351324512322455e-06
-1.0616619694481244e-08
6.744867157015833e-07
3.874714110119193e-07
-1.540456779913768e-07
-2.1992552290406309e-07
2.802097736204212e-07
-3.9936112272709323e-07
-22.730464353815393
23.253447630806747
-22.268205920210193
-22.743578048790734
-14.615743632412288
-2.191561162673148
0.48401550083347894
0.3049295662221869
0.03781028499820849
-3.226494438290928e-08
-3.887614237710335e-06
1.5468170960764027e-07
5.949532836391214e-07
3.8816779629469167e-07
-1.9886417146341984e-07
-4.591648927743108e-08
1.6010014852740895e-07
9.036148163055202e-09
-9.093805532030487
9.111163631414975
-8.69463430715227
-9.130222283539702
-5.849052388313977
-0.8127544583597479
0.4952484444053855
0.3207060976886851
0.02686104551958834
-3.277744231588997e-08
3.225934536998931e-07
1.798144189102402e-09
3.0569461684226695e-07
2.476542973472995e-07
-1.650860530499898e-07
-2.646592611732501e-08
-3.502085582640646e-08
3.672370881557807e-07
-9.025998003829983
8.920427719302598
-8.444172624730275
-8.823509062073807
-5.659669050537579
-0.7214710422878197
0.45299503164902966
0.3018937927550347
0.007104489712759231
-3.332908815600888e-08
3.2634228170486113e-06
-2.3242801805434254e-07
2.4319594671418088e-08
1.776446238443974e-07
-1.6004640679412319e-07
-1.2221793599387354e-07
-2.701151449735484e-07
6.391873475786181e-07
-12.95181985893932
12.690990721467628
-11.873023178243793
-12.207305476331737
-7.863330056264111
-0.9249704654605808
0.40199027842385865
0.2767060319247907
-0.01514572037226003
-3.386280233996786e-08
4.036701184671754e-06
-4.408534745037329e-07
-1.7287977216451367e-07
2.3545954941361913e-07
-2.5531056879746217e-07
-2.798874843001897e-07
-5.045996457897495e-07
8.048650371322852e-07
-14.504804122324703
14.041945076806625
-13.005405747079612
-13.303618730689259
-8.60681766519699
-0.9252263693063327
0.3429356330633766
0.24619956051708772
-0.03982498521362032
-3.436123408029346e-08
4.079319192376238e-06
-6.031084602287073e-07
-3.1230721697639297e-07
3.336776840390243e-07
-4.241831095819215e-07
-4.317820521126947e-07
-7.199776933530799e-07
9.468967126780026e-07
-12.610060137977818
11.902357291133484
-11.032636838422182
-11.281463666020542
-7.333779733166085
-0.7070875635308046
0.30102627982965124
0.22673009395882815
-0.06654057341107489
-3.4784642610752314e-08
2.0403140911437467e-06
-7.592497144881527e-07
-4.395755870412188e-07
3.1697658497975567e-07
-5.190603190596832e-07
-5.657926782642875e-07
-7.497988540050571e-07
7.349904021514142e-07
-9.528179035796061
8.615249852272541
-8.104743124548357
-8.387455492315718
-5.486382763229103
-0.46249399549633163
0.28296656506006723
0.21395635982373665
-0.09035294834330897
-3.5146027976828975e-08
2.145498941105717e-06
-7.737755841619176e-07
-4.817849788008033e-07
1.2949101113601813e-07
-4.0219084446180275e-07
-5.920644634560546e-07
-6.873228639014961e-07
4.979273495187009e-07
-7.097997379428499
6.147312303484789
-5.860136012559501
-6.136855426444054
-4.0704995639952
-0.2994284736421786
0.2545877821796696
0.2019470048395231
-0.11080612594854956
-3.548406579678698e-08
2.7021742440153096e-06
-6.728772135727867e-07
-4.297365392424979e-07
-1.8061333095786836e-08
-2.5866456693224293e-07
-5.534526028583286e-07
-6.464698206615216e-07
3.161645339977426e-07
-4.941697299692255
3.9481579328243015
-3.9580474282545604
-4.102767476417489
-2.7747907068511246
-0.17787283892778494
0.14369153240583188
0.14145678474981338
-0.13956019167694222
-3.586443186875954e-08
3.099149951432678e-06
-5.167353454710311e-07
-3.36147632840067e-07
-1.0706645087177336e-07
-1.1537112801218719e-07
-4.888260035640357e-07
-5.704746896973562e-07
1.780670976780918e-07
-2.5734117768785154
1.2031808356535905
-1.9648896372457179
-1.8837971698108902
-1.2886370618827714
-0.06833263083955687
-0.07551054841286842
0.015675355822587278
-0.17363217170743184
-3.628870803851214e-08
1.9302340112242744e-06
-3.937737827405807e-07
-3.030041262341854e-07
-1.2393737008897787e-07
-8.637418269508146e-08
-3.885451104190807e-07
-4.6089216487743556e-07
3.4142838223338856e-08
-0.14856719369703342
-1.5870546906293581
-0.05544693733115303
0.21090504657446377
0.16886419911686446
0.017020748427272192
-0.2620917259749369
-0.09434703977063075
-0.18836405627904185
-3.67708982151882e-08
1.3894633312805382e-06
-3.718601843602509e-07
-3.074221724963522e-07
-1.2235408974881068e-07
-1.0642154203710508e-07
-3.469220586915789e-07
-4.1583589815985533e-07
8.42514311094611e-09
-0.3112502242684485
-1.6043497037192829
-0.24746698274522316
0.17176953206868006
0.15085885353977702
-0.0015345698040989397
-0.41041599089210123
-0.18356093037053856
-0.1904436803832681
-3.7346021941608853e-08
9.447968311177002e-08
-4.7273742527498275e-07
-4.172224428167226e-07
-1.1188058746114393e-07
-2.5198063574594087e-07
-3.119644608196026e-07
-3.7609550562756056e-07
1.0324536781070037e-08
-1.6567998607413017
-0.3375613006854792
-1.2674305894167954
-0.5963318247403677
-0.4003940705763505
-0.021904454369184645
-0.6639916090929248
-0.33244190628832015
-0.2130580537970559
-3.805215964547415e-08
1.7525493004599824e-06
-4.644648356200154e-08
-5.506658740106474e-08
-1.094591972616854e-08
-6.141702077466782e-09
-2.173052293663602e-07
-2.7634434762724425e-07
-2.8305899846259308e-08
-1.4175332237140879
-0.7690270511051266
-1.1260808353637195
-0.04850688019429583
-0.03974382212317096
-0.0016238837811077822
-1.0709874884238246
-0.5687670631142332
-0.2746311043045466
-3.893263689214166e-08
1.547882696378844e-06
-3.1881333267813616e-08
-4.6266300013364514e-08
-9.037262049815808e-09
-4.332722347566431e-09
-1.8087050979165298e-07
-2.2493425277936296e-07
-8.781633198395866e-10
-1.3813709241332788
-0.7352828870541543
-1.1207792775520176
0.004487820914910401
-0.002586501085638737
-0.0021629286124000835
-1.1027203036381437
-0.5920500961566475
-0.27405263029902466
-3.9961836062474276e-08
1.230282316411202e-06
-6.804670049653794e-09
-3.803417547576515e-08
-9.156824187783741e-09
-3.707750551029676e-09
-1.3276866861477998e-07
-1.590477221036224e-07
2.25377538853877e-08
-0.793057425790181
-0.7314539635647179
-0.5880268630953722
0.002621557975437838
-0.0020302249830077557
-0.0015257335704002006
-0.5744287557179781
-0.2844874704284077
-0.17439097774324352
-4.125232688778624e-08
1.4804800738121848e-07
1.4713503335150868e-07
-3.259828018631339e-08
-8.784811988959973e-09
-2.9255715627840573e-09
4.097468642161317e-08
1.2372925795034462e-08
3.999249820196837e-09
0.014295768407136755
-0.01789305243164563
-0.0339948082635253
-0.008680224228029942
-0.005043227043698195
-0.0021105213450591243
-0.0065517862680977155
-0.002840963178806888
-0.0007896603141896996
-4.286183341584149e-08
6.909771704810552e-08
1.5734701964975617e-07
-2.963630607588641e-08
-8.064138912189378e-09
-2.0522323285199207e-09
5.550440707047244e-08
2.3400041238019753e-08
-1.2273955185548857e-09
0.004183796927659245
0.006574632036290495
-0.03079918994012498
-0.0072527836709816995
-0.004664462073058928
-0.00048402178561457454
-0.0087561656988413
-0.005289014562983141
-0.000852119352464431
-4.495020122785576e-08
2.8943665353331482e-08
1.597115721063691e-07
-2.683073963005711e-08
-7.54632123456389e-09
-1.3246307800640622e-09
6.302305799454899e-08
2.9307874349626672e-08
-4.016202481693654e-09
-3.7047452128577447
3.6407740514015927
-3.5079383408936593
-0.0059523210427556705
-0.0005112206132658059
0.004999632383073216
-3.4869507649302136
-2.1710413274583686
-0.23615647334116474
-4.7310247497378555e-08
-3.635365679686281e-07
1.8684716721062422e-07
-2.3710518881614462e-08
-7.310319904973994e-09
-1.2102195079410905e-09
9.584649324212435e-08
7.573055482712476e-08
-3.162951678348236e-08
-3.127870649257268
-0.8939986026606448
-2.691994291115634
0.0014502335821724444
0.005166118871052561
0.003227926966524741
-2.6730469152103637
-1.485924347433908
-0.5595559907386445
-4.8898724624990564e-08
-2.856977122100979e-07
1.6002685818139462e-07
-1.9226490843848865e-08
-7.009455682549515e-09
-1.0957268148370503e-09
9.27628845126538e-08
6.040679087493395e-08
-2.0694717051128464e-08
-1.7378839600518177
-0.9891286361739731
-1.4868751072618878
0.003140513766432207
0.006661868417213057
0.0016624672025266074
-1.4693700829731284
-0.7860968902289613
-0.3398887447253429
-4.619409321726664e-08
-1.0090477673974085e-06
2.3678378811842204e-07
-1.5416329435247178e-08
-6.831915477789607e-09
-8.254589442535654e-10
1.9358734393293275e-07
1.8098187171133873e-07
-2.0618477591938245e-08
-0.7243222155993152
-0.7083372522797049
-0.6322072160167143
-0.0022620577844811862
0.0009259419854164008
-0.0009347189886630414
-0.6080621214993975
-0.30406228007970526
-0.13668301716617037
-3.463929365565832e-08
-1.4065590228928837e-06
2.879362635266336e-07
-1.2031780127763625e-08
-6.013407549687599e-09
-4.635417674703213e-10
2.5559102811989476e-07
2.9400794510081596e-07
2.1689755935749844e-08
0.08695939137813014
-0.2886213965476827
0.05421288756662079
-0.03482215518946319
-0.004168797531924895
-0.008527809236814843
0.09090799207704947
0.06539051696923082
0.01301005591814608
-7.619053610241622e-09
-1.3787302854603722e-07
1.0907578007479657e-07
-9.458044070154159e-09
-5.7884501636351615e-09
-2.1318913301371367e-10
8.295287479143099e-08
6.812719277604629e-08
5.6510379708996084e-08
-0.0679751360121692
0.04514792133466017
0.015880530126644032
-0.029383004518138023
-0.02206464070846792
-0.013357732636191777
0.04350560785294278
0.034026753481978034
0.006698217735235712
2.153040945529483e-08
5.204962649218992e-07
2.2355730294743026e-08
-8.001297180371125e-09
-5.2977917990026935e-09
-7.881317820590539e-11
3.930177516764388e-09
-4.6613386261995515e-08
7.543716407099055e-08
0.15744026694643765
-0.09406568940192983
0.2554236044233278
-0.0030692294559955258
-0.022993815291040054
-0.013320742998557122
0.25428013177516107
0.17736030875985875
0.03631415404256089
1.7588190015516147e-08
1.4055576984528528e-06
-1.0365795491407148e-07
-6.3669904903917995e-09
-3.819965677109849e-09
9.165970760172115e-11
-1.1445213643490604e-07
-2.1750778311790953e-07
8.364689318973717e-08
0.520748902971846
-0.18888355711618487
0.5873518040000079
0.008379071544453609
-0.019715714903628667
-0.010225632867341516
0.574529608911142
0.4064561992030775
0.0851470195996118
9.432719272339796e-09
-8.141847790965606e-07
1.1238097097354682e-07
-3.953420257829521e-09
-2.2191795068238207e-09
8.631339115661163e-10
1.0896266522397724e-07
1.640939193414681e-07
-2.396983056485169e-08
-0.12698989011678918
-1.61296675652045
-0.6629479319477554
-0.7019748417322322
-0.30889151210356314
-0.27311498028336256
0.01631634963922579
0.009352682855912064
-0.0016440159223325423
