0.0
5.551115123125783e-17
0.0
0.0
4.440892098500626e-16
4.440892098500626e-16
2.220446049250313e-16
2.220446049250313e-16
8.881784197001252e-16
5.47567395869919e-07
4.808707672054879e-07
4.160241076078819e-07
-2.0624284502446244e-09
2.4365931494685356e-10
2.736483484255814e-09
4.1842958298232697e-07
2.0127849253981367e-07
1.2927039705346033e-07
6.661338147750939e-16
0.0
7.216449660063518e-16
-1.9984014443252818e-15
1.4432899320127035e-15
0.0
-2.220446049250313e-16
1.1657341758564144e-15
-1.3322676295501878e-15
-2.114734471092561e-06
1.4967770312068754e-07
-1.7728056889154686e-06
-2.582325464572932e-09
-1.9348185276157892e-09
1.574882446675474e-09
-1.7705602997075687e-06
-9.970180130380868e-07
-2.3479882571564303e-07
-1.1102230246251565e-15
9.992007221626409e-16
0.0
4.996003610813204e-16
-2.4424906541753444e-15
-4.440892098500626e-16
-1.1102230246251565e-16
-8.881784197001252e-16
0.0
1.0972224870897662e-06
1.209035644933465e-07
8.842409044973465e-07
9.946108718850155e-07
5.765001418467364e-07
9.99824614211775e-08
-1.1546177702825844e-07
-6.610203939771964e-08
3.2816416251080227e-10
2.220446049250313e-16
-5.273559366969494e-16
4.163336342344337e-17
6.661338147750939e-16
-8.881784197001252e-16
0.0
2.636779683484747e-16
-4.440892098500626e-16
8.881784197001252e-16
-2.1886700807272064e-07
-3.0652870464109583e-07
-2.2531666843406128e-07
-1.1412034695013062e-07
-4.741400516650174e-08
-1.7252737904982496e-08
-1.1453630399671509e-07
-6.251862849637746e-08
-1.6635610222692776e-08
-6.661338147750939e-16
-3.559652572704408e-15
1.1102230246251565e-16
2.220446049250313e-16
-8.08242361927114e-14
-4.440892098500626e-16
1.1102230246251565e-16
1.7763568394002505e-15
0.0
-1.8041059135498472e-07
-2.116867108270526e-07
-1.9298370546039223e-07
-1.256320203424366e-07
-6.167315902416703e-08
-2.0622707097572857e-08
-6.68022064331808e-08
-3.916150248528538e-08
-1.0747619683115772e-08
2.220446049250313e-16
1.3877787807814457e-16
-2.220446049250313e-16
1.5543122344752192e-15
-1.7763568394002505e-15
4.440892098500626e-16
-2.220446049250313e-16
-8.881784197001252e-16
0.0
-6.3237806102733884e-09
-1.203232500301965e-07
-4.693393407251278e-08
-4.728435243350759e-08
-2.780963725967922e-08
-1.68947593692792e-08
3.04248182203537e-09
1.7838743815445923e-09
9.24956111703068e-10
3.3306690738754696e-15
1.426636586643326e-14
1.9539925233402755e-14
7.993605777301127e-15
5.218048215738236e-14
-2.1815882433884326e-14
1.199040866595169e-14
-3.108624468950438e-14
3.9968028886505635e-14
5.541275527320977e-08
-1.1026514812328969e-07
1.608102451200466e-08
1.7043724653831305e-08
9.231387210206776e-09
-9.04768171494652e-09
5.694547056123156e-10
-3.2589042575636995e-11
-1.0612177803182021e-11
-6.661338147750939e-16
2.942091015256665e-15
0.0
1.7763568394002505e-15
-8.881784197001252e-15
5.551115123125783e-16
4.440892098500626e-16
4.440892098500626e-15
-1.7763568394002505e-15
1.2411419447744265e-07
-1.0224272273262613e-07
8.230007253473559e-08
8.163748432821194e-08
4.595399438755976e-08
-1.499927293480141e-09
1.4274759152499428e-09
6.671232455346399e-10
3.128778902627971e-10
-8.881784197001252e-16
-3.1086244689504383e-15
1.1102230246251565e-16
-4.440892098500626e-16
1.2212453270876722e-15
6.661338147750939e-16
4.440892098500626e-16
8.881784197001252e-16
1.7763568394002505e-15
2.0858909977050644e-07
-1.1209203876205719e-07
1.6034524108476944e-07
1.6073406605698892e-07
9.12106237205279e-08
7.023828629826312e-09
-1.9965185060755178e-10
-1.7882395564328135e-10
-3.505540302484178e-11
-6.661338147750939e-16
1.2212453270876722e-15
1.6653345369377348e-16
-4.996003610813204e-16
2.220446049250313e-16
1.9984014443252818e-15
-4.440892098500626e-16
-3.552713678800501e-15
-1.7763568394002505e-15
1.883166227401034e-07
-1.3150571831488378e-07
1.4803027426069093e-07
1.4721162244768493e-07
8.627702108299218e-08
4.807084508229309e-09
5.514122491945272e-10
2.439684010369092e-10
8.36353208910623e-12
-5.551115123125783e-16
-1.8318679906315083e-15
-1.6653345369377348e-16
4.440892098500626e-16
-2.6645352591003757e-15
0.0
0.0
1.7763568394002505e-15
0.0
6.862848422883872e-08
-1.1811670219685766e-07
5.271782921312252e-08
5.1625292485368846e-08
3.511841129011373e-08
-5.47242606785403e-09
3.1450397841581434e-10
1.822648698635021e-10
2.7635227439759547e-11
1.887379141862766e-15
-2.248201624865942e-15
-1.1102230246251565e-16
-2.220446049250313e-16
2.9976021664879227e-15
-1.1102230246251565e-16
-8.881784197001252e-16
-2.9976021664879227e-15
3.219646771412954e-15
-1.215404346055493e-07
1.240418896486517e-07
-9.48167944159195e-08
-9.511272480722255e-08
-6.011738662436983e-08
-1.7763204240850428e-09
2.566720169738801e-10
1.616484723854228e-10
2.0839330261424038e-11
-2.3314683517128287e-15
2.366162821232365e-15
1.1102230246251565e-16
8.881784197001252e-16
7.993605777301127e-15
2.220446049250313e-16
1.7763568394002505e-15
7.105427357601002e-15
-3.3306690738754696e-15
-6.685999665023701e-08
5.644989187203464e-08
-5.0758696801267433e-08
-5.1066955109035916e-08
-3.017692051798804e-08
-2.2283908052145307e-10
-2.7854163420215624e-11
5.4937387972131546e-11
-1.2551071293387395e-12
2.1094237467877974e-15
2.4980018054066022e-15
-2.375877272697835e-14
-1.0436096431476471e-14
-4.884981308350689e-15
1.7763568394002505e-14
1.7763568394002505e-15
1.1601830607332886e-14
-3.552713678800501e-14
7.554001513199182e-08
7.16158865543548e-09
6.586944323316857e-08
6.55314567055143e-08
3.750593435825067e-08
9.439226289487124e-09
1.474756428088142e-11
6.973710497959473e-11
-7.967265736041895e-12
-3.3306690738754696e-16
3.774758283725532e-15
0.0
2.220446049250313e-16
-2.220446049250313e-15
-2.220446049250313e-16
-1.3322676295501878e-15
9.43689570931383e-16
-1.3322676295501878e-15
-3.99251831595393e-09
7.376002031378448e-09
-2.5344899512447228e-09
-2.8175881627845456e-09
-1.5879104697802404e-09
3.113527213827183e-10
4.931888231141102e-13
2.2194912574491354e-11
-1.8754719999236613e-11
0.0
-1.27675647831893e-15
-1.1102230246251565e-16
-2.220446049250313e-16
-8.881784197001252e-16
4.440892098500626e-16
0.0
-1.7763568394002505e-15
2.6645352591003757e-15
3.2656863879765297e-09
7.955318181984694e-09
2.9427438263951444e-09
2.633079532188276e-09
1.65527858086989e-09
1.3338734561330057e-09
1.376383451656693e-10
-1.683468919821962e-10
-5.1370907527825693e-11
1.5543122344752192e-15
-1.8596235662471372e-15
-1.1102230246251565e-16
0.0
2.4424906541753444e-15
-2.220446049250313e-16
-1.7763568394002505e-15
1.2434497875801753e-14
-2.220446049250313e-15
8.988382704799847e-09
8.653188388052513e-09
7.227694887035341e-09
7.831518544776372e-09
4.6306674050811125e-09
2.2354527118295664e-09
-5.852296425246095e-10
-8.503722170871697e-10
-1.710475094895969e-10
-2.220446049250313e-16
2.4702462297909733e-15
0.0
0.0
-2.3314683517128287e-15
-4.440892098500626e-16
0.0
-2.6645352591003757e-15
4.440892098500626e-16
5.8216258480570104e-09
9.669108180787589e-09
4.545787857246353e-09
8.555088193418214e-09
5.06043740244877e-09
2.3919000113892253e-09
-3.875651799489788e-09
-3.026096789815469e-09
-5.505947919814957e-10
1.2212453270876722e-15
1.4849232954361469e-15
0.0
0.0
2.886579864025407e-15
1.6653345369377348e-16
-2.220446049250313e-16
-2.6645352591003757e-15
8.881784197001252e-16
-1.0469999978113265e-08
1.708131946998037e-08
-8.455943500962348e-09
4.644102880035916e-09
2.838049795172992e-09
1.7556658349349163e-09
-1.2951224981350151e-08
-9.45881639680124e-09
-1.3600661707968698e-09
-2.3314683517128287e-15
-1.6583956430338276e-15
5.551115123125783e-16
-2.220446049250313e-16
-1.3322676295501878e-15
5.551115123125783e-17
2.0261570199409107e-15
1.7763568394002505e-15
0.0
-2.061354820170891e-08
2.5330358255359897e-08
-1.497345092360547e-08
-1.8392487532992163e-10
9.734435479913373e-13
7.964899850776419e-10
-1.4603666720347517e-08
-1.1553967560473666e-08
-9.40048650033276e-10
2.55351295663786e-15
-5.398459457239824e-15
0.0
2.220446049250313e-16
-1.1102230246251565e-15
8.326672684688674e-17
-1.0824674490095276e-15
-4.440892098500626e-15
0.0
-3.3752129979802703e-09
1.185621245625157e-08
-1.3490648598235566e-09
4.3471448663012785e-10
2.4574120516263065e-10
6.167084620756214e-10
-1.556819118064823e-09
-2.2922130860081324e-09
5.4808296789943256e-11
-1.9984014443252818e-15
2.1094237467877974e-15
-8.326672684688674e-16
-2.220446049250313e-16
8.881784197001252e-16
6.245004513516506e-16
3.552713678800501e-15
8.881784197001252e-16
-4.440892098500626e-16
1.1322853765705077e-09
5.218041110310878e-09
1.6375913958199815e-09
1.2381593528232315e-09
7.063469809054368e-10
5.62025093131524e-10
5.680530490437263e-10
-1.1542677924580858e-10
-2.0949825207949857e-11
1.7763568394002505e-15
4.038436252074007e-15
2.220446049250313e-16
2.220446049250313e-16
-7.216449660063518e-16
-5.689893001203927e-16
-3.1086244689504383e-15
0.0
2.220446049250313e-16
-1.047084197125514e-09
3.6783234236281714e-09
-3.682121274550809e-10
-3.375177914932692e-11
-1.566746732351021e-12
2.615223593238625e-10
-2.733329118598249e-10
-2.2392576681795617e-10
-8.183044519771698e-11
-3.774758283725532e-15
-6.13398221105399e-15
-2.220446049250313e-16
-4.440892098500626e-16
1.942890293094024e-15
3.3306690738754696e-16
6.661338147750939e-16
1.7763568394002505e-15
-6.661338147750939e-16
-1.4975825024521328e-09
2.2232526930565655e-09
-1.1252776488390737e-09
-3.4088820655142626e-10
-1.900808399568632e-10
1.4787815416639205e-10
-7.793854450710569e-10
-2.624354067393142e-10
-1.1197637261872728e-10
4.440892098500626e-16
4.191091917959966e-15
7.549516567451064e-15
1.0325074129013956e-14
-1.9984014443252818e-15
1.1102230246251565e-15
-1.6653345369377348e-15
8.881784197001252e-16
-3.6193270602780103e-14
-1.5752874560348575e-09
5.925038237819535e-10
-1.5330599012486346e-09
-3.850892937862227e-10
-1.9867485434588161e-10
5.3432813729159534e-11
-1.2066578847225173e-09
-4.180087387339882e-10
-1.9707835363647064e-10
-6.661338147750939e-16
-1.2351231148954867e-15
-3.3306690738754696e-16
6.938893903907228e-17
-1.1102230246251565e-15
2.220446049250313e-16
-2.3314683517128287e-15
-2.220446049250313e-16
4.440892098500626e-16
-1.3544507737606182e-09
7.820375458322815e-10
-1.309398811599749e-09
5.637446065520635e-11
4.04192235237133e-11
3.1874947126198094e-11
-1.2913243807588515e-09
-6.211529068878008e-10
-2.4107449370092127e-10
5.329070518200751e-15
1.5681900222830336e-15
-3.885780586188048e-16
-1.8957058145474548e-14
3.552713678800501e-15
-4.440892098500626e-16
1.7243151351209463e-15
-1.5543122344752192e-15
-2.886579864025407e-14
4.0407144297205377e-10
-4.1247005810873816e-10
8.787282013145159e-11
4.4224179873708636e-10
2.3113111424777344e-10
6.393463536369381e-11
-3.596056785681867e-10
-2.02888372768939e-10
-6.24122975523278e-11
-5.329070518200751e-15
-1.9220736113823023e-15
4.996003610813204e-16
1.0658141036401503e-14
-1.7763568394002505e-15
0.0
-2.5587171270657905e-15
1.3322676295501878e-15
4.6407322429331543e-14
2.64001016603288e-08
-1.9016624719370157e-08
1.7091743131913972e-08
-1.824179918230584e-09
-1.0131699923476845e-09
-4.3716852360375924e-10
1.889100076368777e-08
1.1287482948318939e-08
4.5107029222890565e-10
3.774758283725532e-15
1.0668549377257364e-15
-6.838791550200715e-15
-3.885780586188048e-15
5.773159728050814e-15
4.440892098500626e-16
-8.215650382226158e-15
8.038014698286133e-14
2.220446049250313e-14
1.1388721077310038e-09
-6.49535536467738e-10
4.2157566326750384e-10
4.079687698776979e-10
1.8053292194508685e-10
-5.388756108004599e-11
6.838973831690964e-12
7.156053527523909e-11
-5.4225068879532046e-11
-1.1102230246251565e-15
-9.293781022545744e-16
1.3877787807814457e-17
6.661338147750939e-16
-2.6645352591003757e-15
8.881784197001252e-16
8.881784197001252e-16
6.661338147750939e-16
2.220446049250313e-16
4.24089741102307e-09
2.288029321562135e-09
4.2065302352511935e-09
8.13422218470805e-10
3.604512244237412e-10
7.831957304915704e-12
3.2103812941386423e-09
1.8265868817479711e-09
6.632561166952655e-10
-1.1102230246251565e-15
4.163336342344337e-17
9.107298248878237e-17
-1.3322676295501878e-15
8.881784197001252e-16
-3.552713678800501e-15
2.886579864025407e-15
2.1649348980190553e-15
-2.4646951146678475e-14
3.593349617858621e-09
3.4940299542540743e-09
3.736190024028474e-09
-2.1229240587672393e-10
-1.0715428544472161e-10
-1.955252626473225e-10
3.900545664237143e-09
2.1554704687787307e-09
8.749481139602721e-10
8.881784197001252e-16
1.6757428777935957e-15
3.400058012914542e-16
0.0
5.329070518200751e-15
3.1086244689504383e-15
-2.4424906541753444e-15
-2.9976021664879227e-15
-4.440892098500626e-16
-3.7911007666480145e-09
4.617653814875666e-09
-2.4380426566494857e-09
4.4716230718222505e-11
-1.7270629371068935e-12
-1.1868378502200017e-10
-2.551310274157004e-09
-1.5513919038312451e-09
2.0814638901356375e-10
2.886579864025407e-15
-6.239800343088575e-15
8.93729534823251e-15
6.661338147750939e-15
2.220446049250313e-14
-2.6645352591003757e-15
-5.329070518200751e-15
-1.4865886299730846e-13
4.6629367034256575e-15
-1.9712835808149975e-09
4.256690999682178e-09
-1.0186127497036068e-09
2.2520652009916375e-11
4.3712145014751513e-11
-6.844147470985718e-11
-1.0347704915147915e-09
-6.669047536433935e-10
4.706777190222056e-10
2.220446049250313e-16
-1.5890067039947553e-15
-1.942890293094024e-16
4.440892098500626e-16
-2.6645352591003757e-15
4.6629367034256575e-15
-8.881784197001252e-16
-1.2212453270876722e-15
-2.220446049250313e-16
-2.338623517061933e-09
5.368946176531608e-09
-1.4361276612362417e-09
3.6889602483825e-11
7.417177982915746e-12
-3.537126147534764e-11
-1.4730261455042637e-09
-9.143228396624181e-10
5.127276381244883e-10
6.661338147750939e-15
3.885780586188048e-15
1.3877787807814457e-16
-1.3322676295501878e-15
7.105427357601002e-15
-1.2212453270876722e-15
8.881784197001252e-16
6.217248937900877e-15
-3.3306690738754696e-16
-1.204194660653357e-10
5.728679752792232e-09
2.972200263684499e-10
1.6196821661651484e-11
-3.1299407510232413e-12
-2.0161650127192843e-11
1.9466028788883705e-10
4.2582826154102804e-11
7.975415883265669e-10
-5.995204332975845e-15
-3.3029134982598407e-15
1.6653345369377348e-16
2.6645352591003757e-15
-4.6629367034256575e-15
-3.0253577421035516e-15
1.1102230246251565e-15
-1.4432899320127035e-15
-3.3306690738754696e-16
2.083760719528982e-09
6.086310122555005e-09
2.020428269133845e-09
-3.810285420513537e-12
-2.959588130124757e-11
-9.279244039817058e-13
2.0265744637981697e-09
1.09445608131864e-09
1.0358434110457893e-09
3.3306690738754696e-15
1.2490009027033011e-15
-1.1102230246251565e-16
-1.7763568394002505e-15
1.1102230246251565e-16
1.5543122344752192e-15
8.881784197001252e-16
-1.6653345369377348e-15
1.1546319456101628e-14
3.1297275882025133e-09
6.278980890783714e-09
2.8969751042495773e-09
-1.049826892085548e-11
-3.440270290866465e-11
2.5619728560855037e-11
2.8996787193591445e-09
1.5887611226617082e-09
1.1794014653787599e-09
6.661338147750939e-16
1.942890293094024e-15
2.7672308888782027e-14
-1.021405182655144e-14
-1.8207657603852567e-14
8.881784197001252e-16
-1.3322676295501878e-15
-1.4988010832439613e-15
-4.440892098500626e-16
5.4108788560824905e-09
6.274660790950293e-09
4.720696722415596e-09
-1.4050982599655981e-11
-2.0016432955571872e-11
4.734057590383145e-11
4.744965309555482e-09
2.6426185684158554e-09
1.4455991959039238e-09
-4.440892098500626e-16
-4.440892098500626e-16
-9.54097911787244e-16
-4.440892098500626e-16
4.440892098500626e-16
1.7763568394002505e-15
9.992007221626409e-16
1.3322676295501878e-15
-4.440892098500626e-16
8.30017654607218e-09
6.161371857160702e-09
7.248546651794641e-09
-8.174794174919953e-12
1.9593215938584763e-12
5.626055177287981e-11
7.216998554326892e-09
4.114284468670348e-09
1.8274164403919715e-09
-8.881784197001252e-16
-4.274358644806853e-15
4.579669976578771e-16
1.1102230246251565e-15
-3.9968028886505635e-15
-8.881784197001252e-16
-4.440892098500626e-16
-1.6653345369377348e-15
0.0
8.732641276765207e-10
6.211291037061528e-09
6.613980474412529e-10
1.9406698470447736e-12
1.1399770016851107e-11
6.120881579363413e-11
6.721391221375939e-10
2.849640523550079e-10
7.928164791337623e-10
2.220446049250313e-16
5.828670879282072e-16
-2.7755575615628914e-17
-8.881784197001252e-16
1.3766765505351941e-14
-6.661338147750939e-16
-2.220446049250313e-16
3.9968028886505635e-15
-8.881784197001252e-16
-1.1077627704025872e-10
-7.630660547874868e-10
4.6345149939952535e-12
7.111200517329053e-12
6.4487304385352226e-12
6.906913929682901e-11
-1.255884285455977e-12
2.8208546609675977e-11
-3.437694573449335e-12
-7.771561172376096e-15
3.648123469979225e-15
-3.0808688933348094e-15
1.3322676295501878e-15
-3.9968028886505635e-15
2.220446049250313e-16
-1.5543122344752192e-15
-1.7763568394002505e-15
-5.329070518200751e-15
6.31441565701607e-11
-3.736886355909519e-10
4.850697621350264e-11
9.325873406851315e-12
2.227107387398064e-13
7.062839202376381e-11
3.550937321961101e-11
-1.1048939541069558e-11
-6.826317289210238e-12
8.215650382226158e-15
-5.995204332975845e-15
-9.992007221626409e-16
-1.5543122344752192e-15
1.7763568394002505e-15
-4.440892098500626e-16
0.0
4.440892098500626e-16
-2.4424906541753444e-15
-8.561151787489509e-12
1.4586021279683337e-10
1.5411671938636573e-11
7.922551503725117e-12
3.856470698337944e-12
4.412145648835519e-11
-8.988365607365267e-13
1.3307577262366976e-11
2.7275959268990846e-12
3.1086244689504383e-15
-1.3600232051658168e-15
0.0
2.886579864025407e-15
-1.7763568394002505e-15
-2.220446049250313e-16
-1.3877787807814457e-15
2.220446049250313e-16
0.0
-4.625420046977524e-09
-1.0353184620726097e-07
-4.475708692552871e-10
-4.192202140984591e-13
-2.3918644842524373e-12
6.218886516862199e-11
-5.065743380328058e-10
-5.102797739908738e-09
-1.3405312415670778e-08
-4.440892098500626e-15
4.996003610813204e-16
6.522560269672795e-16
-1.3322676295501878e-15
6.217248937900877e-15
4.440892098500626e-16
5.551115123125783e-17
-1.7763568394002505e-15
-2.220446049250313e-16
3.3906815133377677e-09
-1.392645074815846e-07
1.0897309721258353e-08
4.37012204201892e-10
2.881708205393352e-10
1.65658153861159e-10
1.0456965071625747e-08
3.525286729200161e-10
-1.568802332485575e-08
-2.4424906541753444e-15
4.3298697960381105e-15
-5.828670879282072e-16
0.0
-2.220446049250313e-16
1.7763568394002505e-15
-1.1102230246251565e-16
1.734723475976807e-15
8.881784197001252e-16
1.177511421701638e-09
3.0192950362106785e-09
4.799574071512325e-10
6.445262101806293e-10
4.1210146406456255e-10
1.3380940799834207e-10
-1.1326761750751757e-10
-3.7404745967251074e-10
-7.743139462945692e-12
-4.218847493575595e-15
-2.3037127760972e-15
2.7755575615628914e-16
4.440892098500626e-16
-8.881784197001252e-16
-4.440892098500626e-16
1.1102230246251565e-16
-1.5543122344752192e-15
-8.881784197001252e-16
-1.5944578990456648e-10
2.986269009852549e-09
-5.799876134915394e-10
-4.658886609831825e-10
-3.4226843581564026e-10
-2.553406375227496e-10
-1.1796785770457063e-10
-1.5769430206091783e-10
1.2196132992414732e-11
4.440892098500626e-15
-3.4139358007223564e-15
5.967448757360216e-16
-1.7763568394002505e-15
-1.3322676295501878e-15
4.440892098500626e-16
-5.551115123125783e-17
1.7763568394002505e-15
1.3322676295501878e-15
2.3809754168269137e-09
2.015866584770265e-09
1.7456258660786263e-09
1.3556729072661255e-09
8.192131417672499e-10
2.1259438653942198e-10
3.147668792280456e-10
1.8312196203851272e-10
1.6935508551085832e-11
4.440892098500626e-16
7.827072323607354e-15
4.579669976578771e-16
1.3322676295501878e-15
1.9984014443252818e-15
-8.881784197001252e-16
0.0
1.3322676295501878e-15
-2.55351295663786e-15
1.3902692330702848e-09
5.389608759287512e-10
1.2442598062989418e-09
1.6158452353920438e-09
9.389111710333964e-10
2.573870006017387e-10
-3.169216000742381e-10
-1.5838752531749378e-10
1.9669266215771586e-12
-6.661338147750939e-16
-1.0685896612017132e-15
-8.326672684688674e-16
-1.5543122344752192e-15
-1.942890293094024e-15
2.220446049250313e-16
1.1102230246251565e-16
-1.5543122344752192e-15
2.7755575615628914e-16
1.7592860501736139e-09
-5.252758228380117e-10
1.7556658349349163e-09
2.0008599221910117e-09
1.1320437920403492e-09
3.390283609405742e-10
-2.2260060461576359e-10
-8.782263805073853e-11
-9.976297565827963e-12
-3.774758283725532e-15
9.71445146547012e-17
5.551115123125783e-16
7.549516567451064e-15
3.3306690738754696e-16
0.0
-2.7755575615628914e-16
8.881784197001252e-16
-4.440892098500626e-16
3.4429739059760323e-09
-1.025483697958407e-09
3.186578112490679e-09
3.214729815681494e-09
1.8989680938830134e-09
5.420019988378044e-10
-1.0455636356709874e-11
7.568612403474617e-11
1.0092038316145135e-11
-1.5543122344752192e-15
-1.6375789613221059e-15
-1.1102230246251565e-16
0.0
-5.551115123125783e-16
-1.1102230246251565e-15
2.654126918244515e-16
-1.7763568394002505e-15
2.6645352591003757e-15
-9.09916053615234e-09
4.940829967381433e-10
-7.649340716398001e-09
-7.092886278314836e-09
-3.928725789137388e-09
-1.172509200841887e-09
-4.587814572687421e-10
-2.340039273462935e-10
2.086586459171258e-11
1.199040866595169e-14
2.9976021664879227e-15
0.0
-5.551115123125783e-17
-8.881784197001252e-16
-8.881784197001252e-16
0.0
1.1102230246251565e-15
-1.7763568394002505e-15
6.342470015852086e-08
-3.301136075606337e-08
5.769928890231313e-08
-1.9149624108649732e-09
-9.888090346521494e-10
-4.945661657984601e-10
5.923362067505877e-08
3.335986686892056e-08
4.911477446967184e-09
-5.329070518200751e-15
-4.718447854656915e-15
1.1102230246251565e-16
8.881784197001252e-16
5.329070518200751e-15
0.0
-5.551115123125783e-17
-4.440892098500626e-16
8.881784197001252e-16
1.0804726002788811e-08
-2.861730763470405e-08
1.26224364294103e-08
2.2471544625091155e-09
1.3792558206660035e-09
5.738343133998569e-11
1.0265761574146381e-08
6.009203468160251e-09
-1.3874910109734628e-09
-8.881784197001252e-16
-1.1102230246251565e-16
1.1102230246251565e-16
8.881784197001252e-16
3.1086244689504383e-15
8.43769498715119e-15
1.3655743202889425e-14
-6.661338147750939e-15
-1.7763568394002505e-15
-7.362046972048119e-09
-3.7969329014231334e-08
-1.1669811783576733e-09
3.6265035419091873e-09
2.3522943592979573e-09
3.363203049389085e-10
-5.106258527121099e-09
-1.8398296219857002e-09
-4.084611759935797e-09
2.4424906541753444e-15
3.885780586188048e-16
0.0
-8.881784197001252e-16
8.881784197001252e-16
1.6653345369377348e-16
2.220446049250313e-16
-1.3322676295501878e-15
-8.881784197001252e-16
-8.739647228139802e-09
-3.291518169135088e-08
-3.366402268056845e-09
2.4087398742267396e-12
-3.2017055673350114e-11
-1.0157208407690632e-11
-3.3681093469795083e-09
2.1669954719527593e-10
-2.9707507565035485e-09
-3.3306690738754696e-15
3.969047313034935e-15
-1.1102230246251565e-16
4.440892098500626e-16
8.881784197001252e-16
2.7755575615628914e-17
0.0
5.329070518200751e-15
1.7763568394002505e-15
1.4200729481217422e-10
3.739728526852559e-09
-6.872724611639569e-12
-2.5654145474618417e-11
-1.7326584611510043e-11
-1.0541079120685026e-10
2.9819702263012005e-11
-1.1165113278366333e-10
7.879097374541288e-11
-8.659739592076221e-15
-3.677613769070831e-15
5.551115123125783e-17
4.440892098500626e-16
-8.881784197001252e-16
-4.163336342344337e-16
8.881784197001252e-16
0.0
0.0
-2.9189095585024916e-10
-3.167428985761944e-09
-4.0397551970272616e-10
-5.352767118438351e-10
-3.121174430020801e-10
-1.6113321787969426e-10
1.6795453916529368e-10
2.3998047993245564e-10
1.070521449264561e-11
1.0436096431476471e-14
1.942890293094024e-15
0.0
-3.608224830031759e-16
1.7763568394002505e-15
4.996003610813204e-16
0.0
1.7763568394002505e-15
-4.440892098500626e-16
2.8466118351389014e-10
3.091713551839348e-09
-2.5490951571782716e-09
-3.1063684957644e-09
-1.7546240016486083e-09
-2.3494811651758596e-10
9.050840077406974e-10
8.903255910297503e-11
1.7290807674541497e-10
1.1102230246251565e-15
3.2751579226442118e-15
-5.551115123125783e-17
-1.1102230246251565e-16
-2.4424906541753444e-15
0.0
4.440892098500626e-16
5.329070518200751e-15
-4.440892098500626e-16
-3.8162113469297765e-09
4.296452971175313e-09
-1.985341668842011e-09
-2.3531114834440814e-09
-1.5405277054014732e-09
2.2147617073642323e-11
1.6319567919254038e-10
1.7622525660954125e-10
-9.27766752312209e-11
-3.9968028886505635e-15
-5.2735593669694936e-15
2.7755575615628914e-17
-3.3306690738754696e-16
-4.440892098500626e-16
-8.881784197001252e-16
-1.3322676295501878e-15
-7.993605777301127e-15
1.9984014443252818e-15
-3.280547389294952e-09
-8.213021374103846e-10
-3.152962335661869e-09
-3.695089123567641e-09
-2.146103739164573e-09
-3.083755473198835e-10
5.785540935221434e-10
8.023981479254871e-11
1.6546097825198558e-11
-5.551115123125783e-15
-2.220446049250313e-16
-8.326672684688674e-17
0.0
4.440892098500626e-16
0.0
1.5543122344752192e-15
0.0
-1.7763568394002505e-15
5.395548896558466e-09
-1.2804832749679917e-09
5.781785716862942e-09
5.719141604743072e-09
3.2127136506687748e-09
6.568399157913518e-10
2.941469290362875e-11
1.5062973091062304e-10
-8.150391472838692e-11
6.661338147750939e-15
4.274358644806853e-15
-2.7755575615628914e-17
2.220446049250313e-16
-1.4988010832439613e-15
0.0
1.7763568394002505e-15
4.551914400963142e-15
0.0
1.98386373995163e-09
-6.248228601180017e-10
2.7595632445809315e-09
2.62637467329796e-09
1.468147159400246e-09
1.5836576494621113e-10
2.476028271303221e-10
1.4149392768558755e-10
-1.634581359155618e-11
-2.220446049250313e-15
-2.220446049250313e-15
5.551115123125783e-17
8.881784197001252e-16
6.661338147750939e-16
0.0
-2.886579864025407e-15
-4.6629367034256575e-15
-4.1300296516055823e-14
-2.997438741658698e-09
-1.3679937183042057e-09
-2.1925554705148897e-09
-2.7228121979305797e-09
-1.541556216011486e-09
-4.881002269030432e-10
7.180389616223692e-10
4.4515946484580127e-10
3.860245456621669e-11
6.661338147750939e-16
-2.0886070650760757e-15
-3.3306690738754696e-16
-1.6653345369377348e-15
1.2212453270876722e-15
-1.887379141862766e-15
0.0
-4.884981308350689e-15
-2.220446049250313e-16
-1.52975587752735e-09
-1.9344383872521576e-09
-1.5101440098419516e-09
-2.6877629011323734e-09
-1.5256915730788023e-09
-4.5922377012175275e-10
1.2387424419557647e-09
8.916869465025457e-10
1.2660572590306174e-10
6.661338147750939e-16
5.717648576819556e-15
-1.1102230246251565e-16
0.0
1.5543122344752192e-15
6.661338147750939e-16
-6.661338147750939e-16
5.773159728050814e-15
2.220446049250313e-16
2.292285472549338e-09
-2.6554971555015072e-09
1.1247065501152065e-09
-1.0735554667462566e-09
-6.317897316421295e-10
-2.601154847070575e-10
2.19904094933554e-09
1.6199297458996398e-09
2.806150867229462e-10
-2.7755575615628914e-15
-6.689093723366568e-15
-1.1102230246251565e-16
0.0
-3.1086244689504383e-15
1.7763568394002505e-15
2.6645352591003757e-15
-1.7763568394002505e-15
1.1102230246251565e-15
5.175539108392968e-09
-3.9478322833019774e-09
3.348523236468282e-09
1.2651524272655479e-09
6.900435778334213e-10
9.620748642191757e-11
2.0423707169925365e-09
1.8148522684668933e-09
1.4922058033661756e-10
6.439293542825908e-15
3.191891195797325e-15
1.1102230246251565e-16
-1.1102230246251565e-16
-3.3306690738754696e-16
4.440892098500626e-16
-3.3306690738754696e-15
0.0
-4.440892098500626e-16
1.0575291753411875e-09
-1.8907955201541427e-09
2.4315527369367373e-10
3.1438496250757453e-09
1.7688179809738358e-09
4.3937120608461555e-10
-2.948618238463041e-09
-1.2834879825618373e-09
-5.852936468819792e-10
-4.773959005888173e-15
4.496403249731884e-15
0.0
2.220446049250313e-16
1.1102230246251565e-16
-8.881784197001252e-16
-2.7755575615628914e-15
0.0
0.0
-6.427740117942449e-09
3.6729943531099707e-09
-4.742807480084821e-09
1.893312173706363e-09
1.04916964005497e-09
2.4922996999521274e-10
-6.718807288308426e-09
-4.2255807741753415e-09
-7.560580495002966e-10
-1.7763568394002505e-15
-7.91033905045424e-16
-4.440892098500626e-16
0.0
2.220446049250313e-16
6.661338147750939e-16
9.159339953157541e-16
-1.7763568394002505e-15
-2.220446049250313e-16
-7.0658252582234135e-09
7.452598538293387e-09
-4.152261201539886e-09
1.0463310218256083e-09
5.638298716803547e-10
4.6554760047001764e-11
-5.2913631254369875e-09
-3.883505073076776e-09
-2.794145470552678e-10
3.3306690738754696e-15
-2.0261570199409107e-15
-1.1102230246251565e-16
-2.220446049250313e-16
1.2212453270876722e-15
-2.498001805406602e-16
1.3322676295501878e-15
1.7763568394002505e-15
-2.220446049250313e-16
-5.822510473763032e-09
8.022880138014443e-09
-2.99091595934442e-09
-9.561418323755788e-11
-9.559997238284268e-11
-2.28283170145005e-10
-2.9389733424700637e-09
-2.5385840096703305e-09
1.0108050507717792e-10
-7.105427357601002e-15
-1.1102230246251565e-15
4.440892098500626e-16
4.440892098500626e-16
-8.881784197001252e-16
3.0531133177191805e-16
6.661338147750939e-16
8.881784197001252e-16
-2.220446049250313e-16
-2.987384561947692e-09
4.949697540723719e-09
-1.4530838754467368e-09
-7.44897477034101e-10
-5.025739824304765e-10
-3.370530521351611e-10
-6.92641582977771e-10
-8.631917403079115e-10
2.47481375670322e-10
3.3306690738754696e-15
2.7755575615628914e-15
2.42861286636753e-16
-8.881784197001252e-16
8.881784197001252e-16
-5.551115123125783e-17
1.5543122344752192e-15
-8.881784197001252e-16
4.440892098500626e-16
3.378836765932647e-09
3.6641267797676846e-10
2.5026842820352613e-09
1.334313992629177e-09
7.323137651837897e-10
1.9961987618444255e-10
1.210910594018344e-09
6.848948075344197e-10
2.8359441184289125e-10
-1.1102230246251565e-15
-2.220446049250313e-15
-7.632783294297951e-16
1.1102230246251565e-15
2.220446049250313e-16
-3.3306690738754696e-16
-1.1102230246251565e-16
-8.881784197001252e-16
2.7755575615628914e-16
6.849873557257524e-09
-4.3059174004156375e-09
4.1863721378376795e-09
1.4498970912768527e-09
9.004459400330234e-10
4.708766709882184e-10
2.7393953772048008e-09
1.9443850973743793e-09
4.226667349449542e-10
0.0
2.4980018054066022e-15
5.828670879282072e-16
0.0
-1.3322676295501878e-15
3.608224830031759e-16
-3.3306690738754696e-16
4.440892098500626e-16
-1.1102230246251565e-16
2.899739115491684e-09
-4.117055141250603e-09
7.027360915401459e-10
-1.9594836864200715e-09
-1.1018350676295086e-09
1.2718714970105793e-10
2.6034774336380906e-09
1.884678191288458e-09
3.9820946540203295e-10
2.4424906541753444e-15
-1.4710455076283324e-15
-1.3877787807814457e-16
-5.551115123125783e-16
-2.220446049250313e-16
4.440892098500626e-16
-1.4988010832439613e-15
1.1102230246251565e-15
6.161737786669619e-15
-1.611061861694907e-08
1.0845838005479891e-08
-1.2950069461226121e-08
-6.609614189301283e-09
-4.098144046338348e-09
-7.516689493058948e-10
-6.350034942315119e-09
-4.237616479940698e-09
-1.2116017356067488e-09
3.774758283725532e-15
1.942890293094024e-16
1.1102230246251565e-16
-1.6653345369377348e-16
-4.440892098500626e-16
0.0
4.08006961549745e-15
-1.887379141862766e-15
-5.773159728050814e-15
1.8265779999637743e-09
7.40146788302809e-09
1.2720211550742988e-09
1.9511583460030124e-09
1.0505640801738991e-09
5.912568212806946e-10
-6.547509201482171e-10
-5.892832888321209e-10
-7.775202703896866e-11
-8.881784197001252e-15
3.469446951953614e-17
-2.220446049250313e-16
1.1102230246251565e-15
8.881784197001252e-16
4.440892098500626e-16
-4.9404924595819466e-15
-8.881784197001252e-16
1.7763568394002505e-15
-1.0199059374826902e-08
-7.35855110178818e-09
-1.0898764557509821e-08
5.261996172123418e-09
2.325861281349262e-09
7.302389803953702e-10
-1.6155553339558537e-08
-9.73420810623793e-09
-2.474621396686416e-09
3.3306690738754696e-15
1.6653345369377348e-16
1.1102230246251565e-16
4.440892098500626e-16
-1.7763568394002505e-15
-8.881784197001252e-16
3.6290415117434804e-15
0.0
-8.881784197001252e-16
-9.095508346490533e-09
-1.3699263945454732e-09
-8.64356941576716e-09
1.1934453425510583e-10
-5.574234407390577e-10
-5.287041915380541e-10
-8.74942784889754e-09
-5.335877739653938e-09
-1.3072849469608627e-09
4.218847493575595e-15
9.992007221626409e-16
-2.7755575615628914e-17
-8.881784197001252e-16
8.881784197001252e-16
8.881784197001252e-16
5.551115123125783e-16
8.881784197001252e-16
3.774758283725532e-15
3.753298472020106e-08
4.2724934701254824e-11
3.1653343057769234e-08
4.100619799274341e-08
2.310204338940025e-08
8.089362069085837e-09
-9.320359595221817e-09
-5.7909135264822e-09
-1.2050662689944147e-09
2.220446049250313e-15
-1.4840559336981585e-15
-2.0435042547006788e-15
2.6645352591003757e-15
1.7763568394002505e-15
8.881784197001252e-16
6.217248937900877e-15
4.440892098500626e-15
-4.884981308350689e-15
-3.4967840178978804e-08
5.611127562588081e-09
-2.8172923549618645e-08
3.443823004545265e-10
1.9465529188522623e-10
2.7398305846304538e-11
-2.854266689666929e-08
-1.7503023919118732e-08
-3.6813219139730786e-09
6.661338147750939e-16
-3.3306690738754696e-15
-1.3877787807814457e-17
0.0
8.881784197001252e-16
-4.440892098500626e-16
1.3322676295501878e-15
-3.885780586188048e-15
-8.881784197001252e-16
1.6034595873293258e-10
-6.758682502550073e-10
1.183924069891873e-10
1.2353140732557222e-10
1.2360379386677778e-10
-1.8903101306477765e-11
-2.8901325777042075e-12
4.160938260611147e-11
1.617372902273928e-12
-9.769962616701378e-15
2.9976021664879227e-15
-1.6653345369377348e-16
-4.440892098500626e-16
-4.440892098500626e-15
4.440892098500626e-16
1.7763568394002505e-15
8.881784197001252e-16
4.440892098500626e-16
-2.25150671440133e-08
2.2685298972646706e-08
-1.8694123582463362e-08
5.975309136374563e-11
6.3107741254953e-11
-3.979261364861486e-11
-1.8764525933079312e-08
-1.3379917618294712e-08
-3.853219965321841e-09
-3.1086244689504383e-15
-2.6922908347160046e-15
1.942890293094024e-16
1.3322676295501878e-15
-1.7763568394002505e-15
-1.1657341758564144e-15
-1.7763568394002505e-15
1.1102230246251565e-16
4.440892098500626e-16
-6.548475539602805e-09
3.051468411285896e-09
-4.078791526751502e-09
-6.976108579692664e-11
-4.388489571738319e-12
-4.339240078365947e-11
-4.036358802750328e-09
-2.1272512640280183e-09
3.7542380315613855e-10
1.687538997430238e-14
-8.534839501805891e-16
6.58501031480796e-15
-4.440892098500626e-16
2.220446049250313e-15
2.7755575615628914e-15
8.881784197001252e-16
2.55351295663786e-15
-1.1102230246251565e-15
5.009752612750162e-10
3.3281821743003093e-10
4.476277126741479e-10
3.925038072338794e-11
2.2229329488254734e-11
-1.2808865079705356e-11
4.381917051432538e-10
2.503597329450713e-10
6.545253228296133e-11
-1.1102230246251565e-14
-1.8041124150158794e-16
-6.245004513516506e-17
-3.552713678800501e-15
3.9968028886505635e-15
-1.7763568394002505e-15
-2.220446049250313e-16
-3.524958103184872e-15
6.661338147750939e-16
-4.751399274027789e-11
4.5935166781418957e-10
4.89421836391557e-11
5.063327535026474e-11
3.561684280839472e-11
1.5215828597092695e-11
5.165645688975928e-12
1.9554136088117957e-11
2.1383783632700215e-11
-6.661338147750939e-16
1.9984014443252818e-15
3.0531133177191805e-16
3.552713678800501e-15
-5.218048215738236e-15
-2.886579864025407e-15
4.440892098500626e-16
4.440892098500626e-16
-3.885780586188048e-16
1.913527114538738e-09
-1.2808811789000174e-09
1.3621317407341849e-09
1.475513045079424e-10
7.197265006197995e-11
4.487787919060793e-11
1.2263043913662841e-09
7.760299070014298e-10
1.156443829586351e-10
1.3322676295501878e-15
1.6653345369377348e-15
-5.2735593669694936e-15
0.0
-4.829470157119431e-15
2.4424906541753444e-15
6.661338147750939e-15
4.440892098500626e-15
-6.661338147750939e-16
1.4384413660195605e-09
-4.972534384251048e-09
1.1089440477007884e-09
2.3497293000218633e-10
1.935891447146787e-10
7.588707440220333e-11
8.558806996461499e-10
6.885798597977555e-10
-1.0597744903861894e-10
2.4424906541753444e-15
1.6653345369377348e-15
2.0816681711721685e-16
2.6645352591003757e-15
9.547918011776346e-15
-1.1102230246251565e-15
-4.440892098500626e-16
2.6645352591003757e-15
5.551115123125783e-17
7.503331289626658e-10
-6.321627665784035e-09
5.376410427970768e-10
6.111893213756048e-10
5.13560749482167e-10
1.6708745498306143e-10
-6.062883528556995e-11
-2.9558577807620168e-12
-4.3009151795558864e-10
-7.549516567451064e-15
8.049116928532385e-16
-5.551115123125783e-17
4.440892098500626e-16
-1.7763568394002505e-15
1.1102230246251565e-15
-8.881784197001252e-16
-2.4424906541753444e-15
-5.551115123125783e-16
3.2256366466754116e-09
-5.347800424715388e-09
2.4363320250131437e-09
1.2617977773743405e-09
1.1011813683126093e-09
2.995368397762377e-10
1.1652709908105408e-09
6.424372145374946e-10
-3.1875657668933854e-10
8.881784197001252e-16
-2.1788126858268697e-15
2.7755575615628914e-17
-5.329070518200751e-15
-3.9968028886505635e-15
1.1102230246251565e-15
-3.3306690738754696e-16
7.771561172376096e-16
2.0539125955565396e-15
-6.481503334043737e-09
8.309463339628564e-09
-4.998756963914275e-09
-7.963258497056813e-09
-6.5000804738701845e-09
-9.90308723913813e-10
2.941613175266866e-09
1.6475318886932655e-09
-5.626077381748474e-11
1.4876988529977098e-14
6.661338147750939e-16
0.0
6.439293542825908e-15
3.552713678800501e-15
-1.1102230246251565e-15
-2.220446049250313e-16
1.4988010832439613e-15
1.1934897514720433e-15
1.9405227646984713e-08
-1.4601980069528508e-08
1.4796849967524395e-08
9.104427878270371e-09
7.099787868725116e-09
9.398355427236993e-10
5.68792923871797e-09
3.1857290139214456e-09
3.7560710097750416e-10
1.509903313490213e-14
-3.6290415117434804e-15
-1.734723475976807e-16
-1.817990202823694e-15
-2.6645352591003757e-15
-2.220446049250313e-16
2.220446049250313e-16
-8.465450562766819e-16
-4.0939474033052647e-16
1.4979711693285935e-08
-6.491362114502408e-09
1.183784803515664e-08
3.4106157897895173e-09
2.612071003937899e-09
3.686214666842602e-10
8.427610165284705e-09
4.719391100138637e-09
8.701093179297459e-10
-2.9976021664879227e-14
-1.5738278735799582e-15
-5.551115123125783e-17
-2.886579864025407e-15
0.0
3.3306690738754696e-16
0.0
-7.91033905045424e-16
1.1796119636642288e-15
1.1622406148603659e-08
-1.2906582469440764e-09
9.683251533942894e-09
1.4652279389792966e-10
1.2676260041644127e-10
1.513531522334688e-10
9.532475142570718e-09
5.334631403286494e-09
1.1641816399787785e-09
1.6209256159527285e-14
3.011479954295737e-15
3.3306690738754696e-16
2.4424906541753444e-15
0.0
-8.326672684688674e-17
2.220446049250313e-16
0.0
-1.27675647831893e-15
8.120533578903633e-09
-3.3159608392452355e-10
6.77868428056172e-09
3.136513271329022e-11
2.6480151404939534e-11
-3.539513127037708e-10
6.775482397358702e-09
3.770937562208587e-09
9.37298239023221e-10
-8.215650382226158e-15
1.817990202823694e-15
0.0
1.5543122344752192e-15
0.0
-4.3021142204224816e-16
0.0
2.220446049250313e-16
4.510281037539698e-16
-1.255600068361673e-10
1.5834018540772377e-09
-2.3505464241679874e-10
-5.6258997460645326e-11
-1.092281820547214e-11
-3.0603519718397365e-11
-8.621725555713056e-11
-1.0561862495706009e-10
3.1111824227991747e-10
-9.103828801926284e-15
-3.885780586188048e-16
-3.3306690738754696e-16
-2.4424906541753444e-15
-2.6645352591003757e-15
1.1657341758564144e-15
4.440892098500626e-16
2.3314683517128287e-15
-1.6653345369377348e-16
-1.8897765130532207e-08
1.0563780961092561e-09
-1.7005330477104508e-08
-1.5002044051470875e-10
-7.435829729729448e-12
5.027311900107634e-11
-1.678561645235277e-08
-9.522564958786006e-09
-1.9138326479151146e-09
8.659739592076221e-15
2.0261570199409107e-15
-3.774758283725532e-15
1.1102230246251565e-15
4.884981308350689e-15
-9.992007221626409e-16
2.886579864025407e-15
3.4416913763379853e-15
-4.9960036108132044e-15
-3.7742452718703134e-08
2.9602080786617084e-09
-3.328111830569469e-08
-3.4088909472984597e-10
-1.212736577826945e-10
-1.4532153258528522e-11
-3.284570126993458e-08
-1.8628744768989236e-08
-4.254502528056037e-09
-8.43769498715119e-15
-5.218048215738236e-15
-1.6653345369377348e-16
-3.6637359812630166e-15
-4.440892098500626e-16
-4.996003610813204e-16
0.0
-2.4424906541753444e-15
-1.1102230246251565e-15
-1.2934904702888161e-08
1.5600335245835595e-08
-1.2080832334504521e-08
-7.014824277007392e-10
-4.42269332268097e-10
-5.0179416177797975e-11
-1.125350834740857e-08
-6.667068674914844e-09
-4.196465397399152e-11
2.3314683517128287e-14
1.2212453270876722e-15
5.551115123125783e-17
1.3322676295501878e-15
8.326672684688674e-16
-4.440892098500626e-16
0.0
1.1102230246251565e-15
8.881784197001252e-16
-1.1520694442879176e-07
3.035616202851088e-08
-8.826195596611797e-08
8.119807048956318e-10
-1.872342281217243e-10
1.3111178809310786e-10
-8.917318439216615e-08
-5.022076621230554e-08
-1.5311144352381234e-08
-1.554312234475219e-14
-1.3739009929736312e-15
6.938893903907228e-18
-1.1657341758564144e-15
2.220446049250313e-16
3.3306690738754696e-16
0.0
0.0
-4.440892098500626e-16
5.260670690176994e-07
-4.646888989157106e-07
3.715607235221796e-07
3.361305545013238e-07
2.2553648637568813e-07
7.15096708514551e-08
3.525445890772971e-08
1.8985893746048532e-08
8.946010154886608e-09
1.532107773982716e-14
-3.469446951953614e-16
4.2674197509029455e-16
2.7755575615628914e-17
-2.220446049250313e-15
1.3322676295501878e-15
-4.440892098500626e-16
3.552713678800501e-15
1.7763568394002505e-14
-5.302932635231628e-07
-4.909523006801919e-06
-1.8398065018132568e-06
-1.7873520441469282e-06
-1.0521578630573458e-06
-6.946924353545825e-07
-5.3286310475186844e-08
-2.968788948010115e-08
-9.733135186706932e-09
-1.5987211554602254e-14
5.4088677980956845e-15
8.326672684688674e-17
-1.4988010832439613e-15
-8.881784197001252e-16
0.0
4.440892098500626e-15
1.7763568394002505e-15
-8.881784197001252e-16
1.781831073799367e-07
1.718751150292519e-07
1.7686159026197856e-07
1.4073449960960716e-07
7.967548931731017e-08
2.8908548443951076e-08
3.478486121366586e-08
1.645081049161945e-08
9.608733364530053e-09
6.661338147750939e-16
-2.248201624865942e-15
5.551115123125783e-17
-1.7763568394002505e-15
2.6645352591003757e-15
-4.440892098500626e-16
-3.9968028886505635e-15
-8.881784197001252e-16
-6.661338147750939e-16
1.256341306543618e-07
-9.830185376813462e-08
9.406823409108256e-08
9.470497985830661e-08
6.006607566888533e-08
1.1118643783447624e-08
1.1574119440638242e-10
5.391784796415777e-10
3.227251799131636e-11
1.9984014443252818e-15
-8.057443601217074e-14
1.1657341758564144e-15
3.774758283725532e-15
4.440892098500626e-16
-5.551115123125783e-15
-4.440892098500626e-16
-8.881784197001252e-16
8.881784197001252e-16
-5.439153483166592e-08
-4.112499141228909e-08
-4.6647059548377e-08
-4.570327405417629e-08
-2.4294259048929234e-08
-4.63846561160608e-09
-6.897771243075113e-11
-1.5866064018155157e-10
5.181655104991023e-11
4.884981308350689e-15
-1.6653345369377348e-16
-6.938893903907228e-17
-1.5543122344752192e-15
1.4432899320127035e-15
3.3306690738754696e-16
0.0
1.7763568394002505e-15
-8.881784197001252e-16
-3.148969085486897e-08
-8.514859928254737e-10
-2.6213342607661613e-08
-2.612212313124473e-08
-1.530330351329212e-08
-3.743849674719968e-09
-8.126033179678416e-11
-1.0374234804544358e-10
-2.4953344945899403e-11
2.220446049250313e-16
3.3861802251067274e-15
2.7755575615628914e-17
-6.661338147750939e-16
-1.1102230246251565e-16
0.0
8.881784197001252e-16
0.0
-8.881784197001252e-16
-1.4579086382582316e-08
-2.2528325871462584e-09
-1.2337302734977129e-08
-1.2665850590565242e-08
-7.315836825227962e-09
-2.1435226926769246e-09
2.8973268229037785e-10
9.239142784167598e-11
2.642530638752305e-11
-1.1102230246251565e-15
-3.83026943495679e-15
0.0
0.0
1.0547118733938987e-15
-7.771561172376096e-16
-4.440892098500626e-16
-1.7763568394002505e-15
3.4555691641457997e-15
-9.80123360250218e-09
-2.4613129312456294e-09
-8.086253444616887e-09
-8.695295150573656e-09
-5.0090331882302044e-09
-1.2999379350731033e-09
5.658762347593438e-10
3.8057113016520816e-10
8.013567587283887e-11
-1.9317880628477724e-14
2.6645352591003757e-15
-1.3877787807814457e-17
1.1102230246251565e-15
8.326672684688674e-17
2.498001805406602e-16
-4.440892098500626e-16
-5.329070518200751e-15
-1.9984014443252818e-15
-5.691511262284621e-09
-7.797211765137035e-10
-4.875152725958287e-09
-5.580254480719304e-09
-3.1509417297570508e-09
-5.262634772407182e-10
6.680007658133036e-10
4.014903964844052e-10
1.0900769176203084e-10
1.9539925233402755e-14
-2.4980018054066022e-15
1.3877787807814457e-17
-1.1102230246251565e-15
-1.3322676295501878e-15
1.6653345369377348e-16
4.440892098500626e-16
5.88418203051333e-15
1.7763568394002505e-15
-1.6316548112627059e-09
4.220197524773539e-10
-1.6789849510701058e-09
-2.114370900585527e-09
-1.1297509594498933e-09
1.6393641999457031e-10
4.811457898767912e-10
2.1187851473314367e-10
1.0423728546982147e-10
-4.884981308350689e-15
5.551115123125783e-15
-4.5102810375396984e-17
4.440892098500626e-16
-2.220446049250313e-16
3.885780586188048e-16
4.440892098500626e-16
1.3322676295501878e-15
4.440892098500626e-16
2.63952415480162e-10
6.801030849601375e-10
-4.741393944129868e-10
-5.511946454817007e-10
-2.3228530210417373e-10
4.5117332092559087e-10
1.8594192852106064e-10
-7.72963915096625e-11
1.8147039426708034e-10
-1.3322676295501878e-15
-4.3021142204224816e-15
0.0
-4.440892098500626e-16
-3.3306690738754696e-16
-3.3306690738754696e-16
0.0
5.773159728050814e-15
-2.220446049250313e-15
-1.2126335491302598e-09
2.0079369278391823e-09
-1.7984671529802654e-09
-1.273519512068333e-09
-7.2912131887648e-10
4.638067707674054e-10
-4.26862101221559e-10
-4.6191672709028353e-10
2.312242619595395e-10
9.769962616701378e-15
4.1772141301521515e-15
-5.551115123125783e-17
2.220446049250313e-16
9.992007221626409e-16
9.71445146547012e-17
-1.1102230246251565e-15
-1.1102230246251565e-14
8.881784197001252e-16
-1.971645957610235e-09
2.3719906039332272e-09
-2.042499502863393e-09
-6.96175561643031e-10
-4.907618755822796e-10
3.8473046970466385e-10
-1.296011298279609e-09
-1.0037959352615644e-09
1.6805212776915823e-10
1.7763568394002505e-15
-3.757411048965764e-15
1.3877787807814457e-16
-2.220446049250313e-16
-8.881784197001252e-16
-3.3306690738754696e-16
-3.3306690738754696e-15
1.0658141036401503e-14
4.440892098500626e-16
1.278234407209311e-09
1.1971792446274776e-09
1.2257963533102156e-09
2.737309934275345e-09
1.3915604224479239e-09
5.355431653697451e-10
-1.4747494336830869e-09
-1.1256587884034275e-09
2.590851422290541e-10
-1.021405182655144e-14
2.0192181260370035e-15
0.0
0.0
1.6653345369377348e-15
1.6653345369377348e-16
3.552713678800501e-15
-9.769962616701378e-15
-4.440892098500626e-16
6.993747803107908e-09
-3.276738880231278e-10
6.325418411279315e-09
5.280512915817326e-09
2.7448173733901626e-09
8.307878829327819e-10
1.0584804144286863e-09
9.053531258018667e-10
8.487164304682437e-10
-6.661338147750939e-15
5.828670879282072e-16
-1.1102230246251565e-16
-2.220446049250313e-16
-3.2751579226442118e-15
2.220446049250313e-16
1.6653345369377348e-15
4.440892098500626e-15
0.0
1.591007520174159e-08
-2.296701495652087e-09
1.3787200714432402e-08
8.771873893920201e-09
4.7500035571523824e-09
1.358159806841286e-09
5.0053419187179315e-09
3.945245907743811e-09
1.2435879409578021e-09
2.220446049250313e-16
-6.938893903907228e-16
8.326672684688674e-17
2.220446049250313e-16
3.788636071533347e-15
0.0
-3.608224830031759e-16
-1.7763568394002505e-15
4.440892098500626e-16
1.4740830778237068e-08
-2.1172752440179465e-09
1.2664621351632377e-08
7.582148242590847e-09
4.209094239815414e-09
1.0276650641571905e-09
5.071708386594764e-09
3.731894793190804e-09
6.352294801281744e-10
1.5543122344752192e-15
-1.3322676295501878e-15
-1.1796119636642288e-16
2.220446049250313e-16
-4.996003610813204e-16
-5.551115123125783e-16
1.1102230246251565e-16
2.6645352591003757e-15
0.0
1.1848769077005272e-08
4.4660453113465337e-10
9.677240342398363e-09
6.809809605101691e-09
3.932669079276252e-09
1.0058158750325674e-09
2.873393967206539e-09
1.8977228677385938e-09
-6.971567767521947e-11
-5.329070518200751e-15
2.525757381022231e-15
4.85722573273506e-17
-4.440892098500626e-16
-3.497202527569243e-15
3.885780586188048e-16
4.218847493575595e-15
-2.6645352591003757e-15
-4.463096558993129e-14
7.96546117953767e-09
3.1500064778811065e-09
5.495692789736495e-09
4.873657033499512e-09
2.9121633993156593e-09
9.608243090042379e-10
6.601545976536727e-10
3.0034996711947315e-10
-4.45663728143586e-10
2.1538326677728037e-14
-7.271960811294775e-15
1.249000902703301e-16
2.220446049250313e-16
2.220446049250313e-15
-1.1102230246251565e-16
-2.220446049250313e-15
-2.6645352591003757e-15
9.492406860545088e-15
3.797538283834001e-09
5.819188686473353e-09
1.4620624710914853e-09
3.075864896118219e-09
1.8499166642982345e-09
8.389804406760959e-10
-1.5627872329559978e-09
-1.1643308539532882e-09
-7.361461440424932e-10
2.6645352591003757e-15
6.078471059822732e-15
-1.6653345369377348e-16
-2.220446049250313e-16
3.3306690738754696e-16
6.661338147750939e-16
8.881784197001252e-16
1.3322676295501878e-15
3.3306690738754696e-16
4.393896801957453e-09
1.0337600997445406e-08
1.7427517207124765e-09
4.8845762989913055e-09
2.770920382033637e-09
1.4054535313334782e-09
-3.0953817287127094e-09
-2.1799859695192936e-09
-9.447309601284815e-10
-2.55351295663786e-14
-7.494005416219807e-16
5.551115123125783e-17
0.0
-3.219646771412954e-15
0.0
-1.5543122344752192e-15
-1.6653345369377348e-15
0.0
2.4078872229438275e-08
1.827669393605902e-08
1.6174819705838672e-08
1.8009604474400476e-08
1.0258016658326596e-08
4.720078550235485e-09
-1.7870012136711466e-09
-1.3102710028078945e-09
-7.066729423854667e-10
8.215650382226158e-15
-2.8657631823136853e-15
-5.551115123125783e-17
2.220446049250313e-16
2.6645352591003757e-15
0.0
1.1657341758564144e-15
-4.440892098500626e-16
-1.1102230246251565e-16
2.261458575958386e-08
1.8561138404038502e-08
1.2782701119817831e-08
1.2364985479962341e-08
6.75940192707003e-09
4.146556875639362e-09
4.630792416193686e-10
3.6991920637774456e-10
-3.2828828544495536e-10
9.992007221626409e-15
-7.355227538141662e-16
6.938893903907228e-17
-4.440892098500626e-16
-8.881784197001252e-16
4.440892098500626e-16
-7.771561172376096e-16
0.0
5.551115123125783e-17
1.0388419013906969e-09
1.734628796157267e-08
-3.862005826249515e-09
-5.0883919300304115e-09
-3.696442263390054e-09
2.434319412714103e-10
1.2049858888474319e-09
8.77721006986576e-10
-1.0890682800024366e-10
-1.1102230246251565e-15
6.661338147750939e-15
-1.3877787807814457e-17
4.440892098500626e-16
3.552713678800501e-15
0.0
1.762479051592436e-15
3.1086244689504383e-15
4.440892098500626e-16
-1.5921003182484128e-08
1.079018829841516e-08
-1.5961493460281417e-08
-1.6344607445262227e-08
-9.880485762892022e-09
-2.733477444394339e-09
3.0967051145580626e-10
2.8693836195969885e-10
-4.900890804293567e-11
-5.551115123125783e-15
2.220446049250313e-16
4.5102810375396984e-17
-8.881784197001252e-16
-8.881784197001252e-16
0.0
-1.7763568394002505e-15
-2.220446049250313e-15
-2.220446049250313e-16
-1.4409794246716956e-08
1.5515297491219826e-08
-1.0801759486867013e-08
-3.363709311088314e-11
-1.786926162594682e-11
-2.786926245335053e-10
-1.0761585400587137e-08
-7.710260874205233e-09
-1.7610046754157338e-09
-1.021405182655144e-14
-7.605027718682322e-15
-1.3877787807814457e-17
0.0
8.881784197001252e-16
0.0
1.1102230246251565e-15
-1.1102230246251565e-16
-6.38378239159465e-16
-1.6962658833108438e-07
-4.002544073955505e-09
-1.3842134194419486e-07
8.008171903384209e-11
9.317879801074014e-12
-1.9921997385097254e-10
-1.3840757162597583e-07
-8.101219606260202e-08
-1.7132943952447022e-08
1.3988810110276972e-14
5.856426454897701e-15
-1.3877787807814457e-16
0.0
0.0
-6.661338147750939e-16
1.1102230246251565e-16
4.440892098500626e-16
-8.881784197001252e-16
4.685501053813823e-08
2.885877847802476e-08
4.097954331427899e-08
8.343548074662976e-11
-2.377031904643445e-11
-1.5830403654604197e-10
4.073587689390479e-08
2.0925028820784064e-08
4.877673376313396e-09
9.769962616701378e-15
4.128641872824801e-16
4.107825191113079e-15
-2.6645352591003757e-15
4.440892098500626e-15
2.220446049250313e-16
9.769962616701378e-15
2.4424906541753444e-15
-3.241851231905457e-14
2.1077493528309788e-08
1.961137741091079e-08
1.8897381437454897e-08
3.4079405963893805e-11
1.2772893853707501e-11
-1.1680745259923242e-10
1.8852844618777453e-08
9.251621690964384e-09
2.7907667288218363e-09
-1.1324274851176597e-14
1.8665624601510444e-15
-1.249000902703301e-16
3.552713678800501e-15
4.440892098500626e-16
6.661338147750939e-16
6.661338147750939e-16
-2.7755575615628914e-16
4.440892098500626e-16
5.044846318469354e-09
1.724535536595795e-08
5.348844922536955e-09
1.8813395286088053e-11
2.6433966127115127e-11
-7.279954417072076e-11
5.42305400585974e-09
1.7237695715266454e-09
1.2558274420371163e-09
-6.661338147750939e-15
-2.040034807748725e-15
-3.469446951953614e-18
-1.7763568394002505e-15
2.220446049250313e-16
6.661338147750939e-16
-1.1102230246251565e-15
3.6637359812630166e-15
-1.3322676295501878e-15
1.3224230599462317e-09
1.523139303571952e-08
1.9951613694502157e-09
2.233946361229755e-11
2.866240578214274e-11
-2.3778756741421603e-11
1.9824319963390735e-09
-1.2725820397463394e-11
8.574545518058585e-10
1.4432899320127035e-14
2.9976021664879227e-15
1.1102230246251565e-16
-1.3322676295501878e-15
-1.2989609388114332e-14
-1.9984014443252818e-15
-4.440892098500626e-16
-1.1102230246251565e-15
-2.220446049250313e-16
-2.118476061241381e-09
1.3813064470014071e-08
-1.072701039106505e-09
3.1237235020853404e-11
2.9599434014926373e-11
1.1967982160854262e-11
-1.1011600520305365e-09
-1.539488536650424e-09
5.488871579473198e-10
-1.2434497875801753e-14
-7.91033905045424e-15
-7.424616477180734e-16
1.3322676295501878e-15
1.0325074129013956e-14
3.1086244689504383e-15
-3.9968028886505635e-15
-4.884981308350689e-15
1.684763439868675e-14
-1.4516743362946727e-09
1.5743694348202553e-08
-1.1584120329644065e-09
5.112710255161801e-11
3.675904025612908e-11
3.972866480239645e-11
-1.2104095503673307e-09
-1.6439014594027412e-09
5.406519676398602e-10
-1.021405182655144e-14
3.4139358007223564e-15
-1.1796119636642288e-16
0.0
5.10702591327572e-15
-2.886579864025407e-15
0.0
2.220446049250313e-16
2.942091015256665e-15
5.54893020421332e-09
6.7841341433450006e-09
5.084773491148553e-09
1.8478729657545045e-10
1.3593437486747462e-10
8.9746432507809e-11
4.913562889896639e-09
2.6732163149745247e-09
1.5007515230536226e-09
1.509903313490213e-14
5.273559366969494e-16
9.71445146547012e-17
-2.220446049250313e-16
3.552713678800501e-15
1.7763568394002505e-15
1.1102230246251565e-15
-4.440892098500626e-16
-1.1102230246251565e-15
4.9013699765509955e-09
4.560845923151646e-09
4.576675038947542e-09
9.920970711618793e-10
8.100899950846951e-10
2.350257766181585e-10
3.580133522973483e-09
1.9674875062491992e-09
1.2358185585981118e-09
-6.661338147750939e-16
9.992007221626409e-16
7.632783294297951e-16
0.0
-1.199040866595169e-14
2.220446049250313e-16
2.220446049250313e-16
-2.886579864025407e-15
-3.3306690738754696e-15
1.1527738763561501e-09
4.4384478314896114e-09
1.2397844972866778e-09
7.518272671092063e-10
5.907738742649826e-10
1.3772893936447872e-10
4.813909271206285e-10
2.3726887121711115e-10
7.621849817951443e-10
-1.0880185641326534e-14
2.609024107869118e-15
4.683753385137379e-17
5.551115123125783e-16
-1.7763568394002505e-15
-6.661338147750939e-16
-2.220446049250313e-16
3.3306690738754696e-15
-8.881784197001252e-16
-1.990089870673728e-09
4.609773895936087e-09
-1.8093873066504786e-09
7.781375543913782e-10
5.207676512242188e-10
1.4385592717047757e-10
-2.5686173188432804e-09
-1.4909313783562084e-09
2.672351229193737e-10
1.6431300764452317e-14
-1.942890293094024e-15
5.551115123125783e-17
-1.2212453270876722e-15
0.0
-6.661338147750939e-16
-2.220446049250313e-16
-1.7486012637846216e-15
4.440892098500626e-15
-2.1938539873644913e-09
4.430262379173655e-09
-1.9004899876051695e-09
5.2253312787797774e-11
2.4508395313205256e-11
2.0533669209399363e-10
-1.956976358741258e-09
-1.1697010027234e-09
2.248583541586413e-10
-1.1324274851176597e-14
-6.106226635438361e-15
-6.938893903907228e-17
3.552713678800501e-15
8.881784197001252e-16
2.7755575615628914e-16
1.1102230246251565e-16
-6.661338147750939e-16
0.0
4.489997706969007e-09
1.4324115227282164e-09
3.832163031347591e-09
1.935873683578393e-11
2.927436071331613e-11
-7.590611472707565e-11
3.771347678593884e-09
2.0773951447949912e-09
7.921485689621476e-10
-4.440892098500626e-16
7.66053886991358e-15
7.216449660063518e-16
-2.6645352591003757e-15
-8.881784197001252e-16
7.060324547225605e-16
2.6645352591003757e-15
2.831068712794149e-15
-1.7763568394002505e-15
3.8471448249310924e-11
-4.1643488657427957e-10
5.7068128000992147e-11
1.9621637648015167e-11
1.1642242725429243e-11
-1.466118337845046e-10
3.4725999853435496e-11
2.8673952101598846e-11
-3.075806276342519e-11
3.1086244689504383e-15
-5.065392549852277e-15
-2.7755575615628914e-17
2.220446049250313e-16
-8.881784197001252e-16
-3.3306690738754696e-16
0.0
-1.5543122344752192e-15
-4.440892098500626e-16
-2.9660940370490607e-10
3.9619862945983186e-10
-3.452349517374387e-10
3.7907454952801345e-12
-9.174883075502294e-12
1.1262257793021035e-10
-3.468088038971473e-10
-2.0604140615887445e-10
-3.1690483570656625e-12
1.509903313490213e-14
1.6653345369377348e-15
-4.163336342344337e-17
2.220446049250313e-16
-1.7763568394002505e-15
5.551115123125783e-16
-1.1102230246251565e-16
8.881784197001252e-16
6.661338147750939e-16
7.482370278921735e-11
-4.5361048250924796e-11
7.715428296251048e-11
-1.1578293879210833e-11
-1.0373923942097463e-11
1.126361226511108e-10
8.574119192417129e-11
2.964029022223258e-11
5.366707078735544e-12
-1.84297022087776e-14
-2.7200464103316335e-15
2.7755575615628914e-17
2.220446049250313e-15
1.7763568394002505e-15
-5.551115123125783e-16
0.0
-5.773159728050814e-15
0.0
-4.7150230386705516e-08
-5.244530143500015e-09
-3.958857064390031e-08
-3.1157298963080393e-12
5.009326287108706e-13
7.859424222544931e-11
-3.959970484856967e-08
-2.24970015949566e-08
-6.8311152290334576e-09
1.9095836023552692e-14
3.913536161803677e-15
-2.7755575615628914e-17
-1.3322676295501878e-15
-6.661338147750939e-16
-4.440892098500626e-16
4.440892098500626e-16
0.0
-5.551115123125783e-16
-3.135215820293524e-08
-1.819870476538199e-09
-2.6178071266258485e-08
-3.743672039036028e-11
-1.9408474827287137e-11
-3.769202727710308e-10
-2.6147304765800072e-08
-1.4742415288537812e-08
-4.405833919918223e-09
-1.9984014443252818e-15
-1.9984014443252818e-15
2.7755575615628914e-17
6.661338147750939e-16
1.1102230246251565e-15
5.551115123125783e-16
2.7755575615628914e-17
-8.881784197001252e-16
0.0
-4.45647856395226e-08
-2.7218050036026398e-09
-3.7081930415183706e-08
-5.844924544362584e-11
-3.107558654846798e-11
-1.965423379601816e-10
-3.703325290871362e-08
-2.0783268439572566e-08
-6.6917493768414715e-09
-1.2434497875801753e-14
2.609024107869118e-15
0.0
-2.3314683517128287e-15
-3.1086244689504383e-15
-6.661338147750939e-16
-2.220446049250313e-16
-1.7763568394002505e-15
2.220446049250313e-16
-3.500498735320434e-08
-4.732108038751903e-09
-2.9161602910221518e-08
7.004636870533432e-10
4.0491876518444774e-10
-2.0600876560195047e-10
-2.9763448594621877e-08
-1.634788659998776e-08
-5.75415981529659e-09
-1.7763568394002505e-15
7.216449660063518e-16
-5.551115123125783e-17
3.219646771412954e-15
8.881784197001252e-16
-4.440892098500626e-16
1.6653345369377348e-15
-2.6645352591003757e-15
0.0
-7.015828913381483e-07
7.371153287749621e-07
-7.254220193431137e-07
4.5818566718480724e-09
2.7086617393479173e-09
-2.0678925238826196e-10
-7.299140776240166e-07
-4.609750323680828e-07
-7.179736938311976e-08
4.440892098500626e-16
-6.855627177060342e-15
5.551115123125783e-17
-3.3306690738754696e-15
1.1102230246251565e-15
4.440892098500626e-16
-4.440892098500626e-16
1.021405182655144e-14
-8.881784197001252e-16
2.5573861250904883e-07
4.951164669364516e-07
1.2747074862318186e-07
-1.3400132559127087e-08
-8.63015348073759e-09
-3.1448479376194882e-09
1.4087012889518746e-07
4.6381634533076976e-08
7.908979782200731e-08
-1.0880185641326534e-14
3.733124920302089e-15
-2.7755575615628914e-17
3.3306690738754696e-15
1.1102230246251565e-15
2.220446049250313e-16
4.440892098500626e-16
-8.881784197001252e-15
0.0
-3.332687015245028e-08
2.516742370062275e-09
-2.7783126910208015e-08
-2.5009292414779338e-08
-1.4922577395992676e-08
-4.005812570540002e-09
-2.7231203958422157e-09
-1.4243557444615362e-09
-3.343039456371599e-10
4.6629367034256575e-15
-1.9012569296705806e-15
-7.979727989493313e-17
1.1102230246251565e-15
1.4432899320127035e-15
3.3306690738754696e-16
4.440892098500626e-16
8.881784197001252e-16
8.881784197001252e-16
-2.0084655716345878e-08
-2.2163817448017653e-09
-1.7707982635783992e-08
-1.7015349129678725e-08
-9.679863299805191e-09
-2.5662245661806082e-09
-7.061533580099421e-10
-8.107630122822229e-10
-1.2170814356338155e-10
5.773159728050814e-15
4.718447854656915e-15
1.0685896612017132e-15
-1.9984014443252818e-15
-3.774758283725532e-15
-7.494005416219807e-16
-8.881784197001252e-16
-2.6645352591003757e-15
0.0
-5.8059725915882154e-09
-3.3970763979596086e-09
-5.663622459906036e-09
-5.107466449771892e-09
-2.8469053781066123e-09
-8.767813142185332e-10
-5.900711030903949e-10
-6.479679015569673e-10
-1.188751319602943e-10
-7.66053886991358e-15
-3.1086244689504383e-15
-5.551115123125783e-17
1.1102230246251565e-15
2.1822821327788233e-15
6.661338147750939e-16
-4.440892098500626e-16
-3.552713678800501e-15
-3.3306690738754696e-15
4.672529030358418e-11
-4.885265525444993e-09
-5.92585536196566e-10
-5.395222046900017e-10
-2.1441559638901708e-10
1.6413537196058314e-11
-6.402256502724413e-11
-6.405687091870504e-11
-1.2867928944615414e-10
1.5654144647214707e-14
-1.4988010832439613e-15
2.7755575615628914e-17
-6.661338147750939e-16
-6.106226635438361e-16
-5.551115123125783e-16
1.3322676295501878e-15
-2.220446049250313e-15
8.881784197001252e-16
-2.822680755798501e-09
-4.065569214617426e-09
-3.242062618369346e-09
-3.914518487135865e-09
-2.13731699005848e-09
-1.0052048082798139e-10
7.070202201475695e-10
4.616973470206176e-10
-6.155498333271225e-11
-1.9539925233402755e-14
-4.996003610813204e-16
-1.3877787807814457e-17
4.440892098500626e-16
6.661338147750939e-16
1.1102230246251565e-16
0.0
8.881784197001252e-15
4.440892098500626e-16
-1.372406188693276e-09
-2.8953905939488322e-09
-2.2022295098622635e-09
-3.515139290755087e-09
-1.962373374908566e-09
-5.341860287444433e-11
1.3527436948379545e-09
7.480700503492699e-10
2.4160895506497582e-11
8.43769498715119e-15
1.6375789613221059e-15
2.7755575615628914e-17
2.220446049250313e-16
6.661338147750939e-16
1.1102230246251565e-16
-2.6645352591003757e-15
-4.274358644806853e-15
-1.7763568394002505e-15
4.959090915690467e-09
-3.3129197163361827e-09
3.1004410150359263e-09
9.272573819885111e-10
5.052451790277246e-10
1.7131895901911776e-10
2.145339905723631e-09
9.019860414127834e-10
1.2940049032295065e-10
-1.0880185641326534e-14
2.6367796834847468e-15
8.326672684688674e-17
2.220446049250313e-16
-2.886579864025407e-15
1.1102230246251565e-16
1.1102230246251565e-15
3.9968028886505635e-15
3.552713678800501e-15
8.06660516161628e-09
-7.266294232977089e-10
5.763578059259089e-09
2.7791438039770355e-09
1.5700543087859842e-09
2.887503569581895e-10
2.933907339297548e-09
9.433840375550062e-10
1.7903523108486752e-10
1.4432899320127035e-14
-4.9404924595819466e-15
-5.551115123125783e-17
0.0
2.220446049250313e-16
-1.1102230246251565e-16
1.3322676295501878e-15
0.0
-1.3322676295501878e-15
8.974566867436806e-09
1.922870751513983e-09
7.17237114145064e-09
4.001637243788991e-09
2.3110562352712805e-09
2.5556090577083523e-10
3.1543443412829215e-09
8.305010013032188e-10
1.5700329925039114e-10
-9.992007221626409e-16
7.258083023486961e-15
-5.551115123125783e-17
0.0
-2.220446049250313e-16
-1.3877787807814457e-17
-2.6645352591003757e-15
-4.440892098500626e-16
-1.3322676295501878e-15
5.3616089346064655e-09
2.686363131942926e-09
5.438458572371019e-09
2.3615696065348857e-09
1.3714132052200512e-09
-2.781064267765032e-10
3.072505805334913e-09
9.64659463420503e-10
1.7535750629349423e-10
3.1086244689504383e-15
-1.0130785099704553e-15
5.551115123125783e-17
0.0
1.5543122344752192e-15
-1.1102230246251565e-16
0.0
-8.881784197001252e-16
4.440892098500626e-16
-2.08758788033947e-09
9.048903848452028e-10
6.515783468330483e-10
-1.5366659056326169e-09
-9.338201323316753e-10
-9.9236174833095e-10
2.1430555108281624e-09
1.4036034556852428e-09
2.4757418337628678e-11
-2.1094237467877974e-15
-3.191891195797325e-15
-2.220446049250313e-16
-2.220446049250313e-16
1.7763568394002505e-15
1.1102230246251565e-16
4.9960036108132044e-15
-8.881784197001252e-16
4.440892098500626e-16
-9.549514956574967e-09
-9.553048130328534e-09
-6.548557252017417e-09
-2.5493918087704515e-09
-1.5719168189320953e-09
-1.2608296628968674e-09
-4.009303333774028e-09
-2.2355656215111708e-10
-9.716616400368139e-10
1.7763568394002505e-15
2.9976021664879227e-15
2.220446049250313e-16
-6.661338147750939e-16
-1.5543122344752192e-15
0.0
-2.942091015256665e-15
-2.6645352591003757e-15
0.0
-1.7315288758368297e-08
-1.9796658534687595e-08
-1.667063287413839e-08
-1.1437872871056243e-09
-7.401643742355191e-10
-1.1703065183610306e-09
-1.5506701922518573e-08
-6.1843938858885394e-09
-1.9469057477294882e-09
-7.993605777301127e-15
-6.5503158452884236e-15
-4.551914400963142e-15
2.220446049250313e-16
-5.551115123125783e-16
-4.440892098500626e-16
1.5577816814271728e-15
8.881784197001252e-16
-2.6645352591003757e-15
-1.2183303255142164e-08
-1.7115880268647743e-08
-1.3324896741551129e-08
-1.2376268898606213e-09
-7.94152743566201e-10
-1.1478391570562962e-09
-1.2055607179206616e-08
-5.895193666560772e-09
-5.708990086228383e-10
2.5091040356528538e-14
-2.4424906541753444e-15
3.3306690738754696e-16
-2.220446049250313e-16
-2.7755575615628914e-17
8.881784197001252e-16
-2.1649348980190553e-15
-4.440892098500626e-15
1.7763568394002505e-15
-1.571891061757924e-09
-1.3579686708453664e-08
-4.4104702112690575e-09
-2.450477154525288e-09
-1.5137271436316269e-09
-1.14388853944547e-09
-1.9610446599926945e-09
-1.7498642534974351e-09
4.399378361608086e-10
-6.994405055138486e-15
1.5543122344752192e-15
-5.551115123125783e-16
8.881784197001252e-16
-6.106226635438361e-16
-4.440892098500626e-16
4.884981308350689e-15
4.440892098500626e-15
-1.9984014443252818e-15
2.089379336212005e-09
-6.906205385348585e-09
-2.61138666246552e-10
-3.3143017219572357e-09
-1.9489716507337107e-09
-1.0209362244495424e-09
3.03777270005412e-09
1.0542855477524427e-10
5.530570446055094e-10
-1.9761969838327786e-14
-2.7755575615628914e-16
8.881784197001252e-16
-5.551115123125783e-16
1.7763568394002505e-15
4.718447854656915e-16
-4.107825191113079e-15
-3.552713678800501e-15
3.1086244689504383e-15
2.9106104193488136e-09
6.50942411084543e-09
4.760110527968209e-09
-3.6384832924341026e-09
-2.0424735236446168e-09
-9.449223625779268e-10
8.394209771722672e-09
3.1357920704522257e-09
1.3686766164866526e-09
2.55351295663786e-14
2.914335439641036e-15
-4.440892098500626e-16
-7.771561172376096e-16
-6.661338147750939e-16
-8.881784197001252e-16
-2.220446049250313e-16
1.454392162258955e-14
-6.661338147750939e-16
3.1116309173739864e-07
-2.7539320512914855e-07
2.361870201639249e-07
5.020336146799309e-09
2.9540405677153103e-09
7.055263040456339e-10
2.3119291725492983e-07
1.547608547980417e-07
4.745271157957642e-08
-2.7977620220553945e-14
2.5118795932144167e-15
-2.498001805406602e-16
-1.1102230246251565e-16
2.220446049250313e-16
4.440892098500626e-16
-8.881784197001252e-16
-1.5543122344752192e-15
0.0
-4.993373465822515e-07
-2.757885795290349e-07
-4.33692375345629e-07
1.5108316375744835e-08
8.82924844347599e-09
1.9188064470654353e-09
-4.487826075205703e-07
-2.3476552968304532e-07
-3.5329474457057586e-08
2.6645352591003757e-15
-1.1726730697603216e-15
1.762479051592436e-15
-1.7763568394002505e-15
2.6645352591003757e-15
8.881784197001252e-16
2.220446049250313e-15
-1.9761969838327786e-14
-7.771561172376096e-16
5.016023010284698e-07
2.1560720142588252e-07
4.682123062593746e-07
9.397607669825447e-08
5.310593742535729e-08
1.8573146576272848e-08
3.742486995861327e-07
2.018179259266617e-07
6.350457582016134e-08
-1.6209256159527285e-14
4.295175326518574e-15
-2.914335439641036e-16
-1.3322676295501878e-15
0.0
8.881784197001252e-16
0.0
-1.3322676295501878e-15
6.661338147750939e-16
3.7607719605148304e-08
1.6511847888978082e-08
2.7101151545139146e-08
2.189166536936682e-08
1.1564278423747965e-08
5.109036749217921e-09
5.166370442566404e-09
2.8498376991592522e-09
1.6984671447062283e-09
2.375877272697835e-14
-8.593820099989102e-15
1.1102230246251565e-16
0.0
-1.7763568394002505e-15
-4.440892098500626e-16
1.3322676295501878e-15
3.552713678800501e-15
-4.440892098500626e-16
1.639486413296254e-08
5.939398306509247e-09
1.5217672455491993e-08
-2.1066135502678662e-09
-1.1183463044517339e-09
-4.62587745886367e-10
1.6873926256266714e-08
9.790547039756348e-09
3.1084823604032863e-09
-2.8199664825478976e-14
8.090750291955828e-15
-7.216449660063518e-16
-4.440892098500626e-16
-1.7763568394002505e-15
0.0
9.103828801926284e-15
-1.1102230246251565e-15
-2.220446049250313e-16
5.090379318062333e-08
4.025501709747914e-09
4.341223558412821e-08
4.8625992121742456e-11
1.8929724454608277e-10
-1.840748664605485e-10
4.331263880885672e-08
2.502720164443417e-08
6.408768626897654e-09
1.532107773982716e-14
-5.495603971894525e-15
0.0
0.0
8.881784197001252e-16
-4.440892098500626e-16
1.1102230246251565e-15
-1.1102230246251565e-15
7.771561172376096e-16
5.147786907855334e-08
5.71974112517637e-09
4.374456352707057e-08
4.470024350666791e-11
2.4085622385427996e-11
-1.088555912076572e-10
4.370066619685531e-08
2.493947803827723e-08
6.358320092658687e-09
3.042011087472929e-14
2.1094237467877974e-15
-4.440892098500626e-16
0.0
-3.552713678800501e-15
-4.440892098500626e-16
4.440892098500626e-16
-2.8033131371785203e-15
-3.3306690738754696e-16
3.95804278241485e-10
7.04832814335532e-09
1.4004797321831575e-09
2.347988470319251e-11
-4.200861880576667e-11
-9.722889160457271e-11
1.3732659454035456e-09
5.531957114612851e-10
9.896439223666675e-10
-3.6193270602780103e-14
-2.7200464103316335e-15
5.551115123125783e-16
4.440892098500626e-16
2.6645352591003757e-15
3.219646771412954e-15
0.0
4.440892098500626e-15
-5.551115123125783e-16
-3.6529222313674836e-08
7.663231826882111e-09
-2.9687015512536163e-08
2.689048983484099e-11
-1.368238855548043e-11
-8.988876309956595e-11
-2.9712857951835758e-08
-1.720453868259142e-08
-2.964469558719429e-09
1.9761969838327786e-14
-1.1102230246251565e-16
0.0
0.0
7.549516567451064e-15
-1.016547956922409e-15
-1.7763568394002505e-15
-5.662137425588298e-15
6.661338147750939e-16
-1.017896629207371e-07
1.4637947742812685e-08
-8.444223453807354e-08
2.1902479829805088e-11
-7.384315381386841e-12
-7.022404879819533e-11
-8.446024679642505e-08
-4.8512766692709874e-08
-9.757371799423709e-09
-2.4868995751603507e-14
3.885780586188048e-15
-1.6653345369377348e-16
-8.881784197001252e-16
-3.552713678800501e-15
1.4432899320127035e-15
4.440892098500626e-16
7.438494264988549e-15
-2.220446049250313e-16
-2.2256564916056656e-07
4.354241411874682e-08
-1.8671314805374095e-07
2.165023715861025e-11
9.01145824627747e-12
-3.82867071380133e-11
-1.8674144186547892e-07
-1.0758356250306632e-07
-2.1521444182326377e-08
1.9984014443252818e-15
3.885780586188048e-16
-5.551115123125783e-17
4.440892098500626e-16
1.1102230246251565e-16
-8.881784197001252e-16
-6.661338147750939e-16
-3.4763858458575214e-15
4.440892098500626e-16
-4.016912997784061e-07
1.3107640484122385e-07
-3.392402465607347e-07
1.4424017535930032e-11
2.7899460519620334e-11
-8.44524450371864e-12
-3.3928434994834333e-07
-1.9607974000024342e-07
-3.448315766263477e-08
2.886579864025407e-14
-4.871103520542874e-15
1.5265566588595902e-16
-8.881784197001252e-16
-4.440892098500626e-15
-8.881784197001252e-16
0.0
1.3322676295501878e-15
8.881784197001252e-16
-1.6453371998181865e-10
-5.97196958551649e-09
7.348255337547016e-11
-5.433875571725366e-11
8.416378705078387e-12
3.880451515669847e-12
1.6048851136929443e-10
6.338503055758338e-10
-5.866862551329177e-11
-7.549516567451064e-15
8.326672684688674e-16
-2.220446049250313e-16
-1.7763568394002505e-15
-2.6645352591003757e-15
3.552713678800501e-15
6.661338147750939e-16
0.0
1.1102230246251565e-15
-3.84113896245708e-09
-2.0147581381024793e-09
-3.1841231873386278e-09
6.16573458955827e-12
4.650502205549856e-12
2.226840933872154e-11
-3.1569413749821255e-09
-1.3911112262121605e-09
-1.850036790429499e-11
1.4210854715202004e-14
1.0824674490095276e-15
0.0
-6.245004513516506e-16
7.105427357601002e-15
-1.7763568394002505e-15
2.220446049250313e-16
8.881784197001252e-16
3.3306690738754696e-16
-3.552997895894805e-09
5.369486189010787e-09
-2.2756978523830185e-09
8.515355975902139e-09
5.794383639567968e-09
9.111857934840373e-10
-1.0870603972534809e-08
-6.311093869726392e-09
2.4256519015608546e-10
2.2648549702353193e-14
5.273559366969494e-16
5.551115123125783e-17
1.9984014443252818e-15
-2.886579864025407e-15
-4.440892098500626e-16
3.3306690738754696e-16
-2.220446049250313e-15
-1.6653345369377348e-15
-1.3905378182244021e-08
2.597380444058217e-08
-1.0606441946947598e-08
1.525150850056889e-08
1.038853270074469e-08
2.2491715157002545e-09
-2.5988729390746812e-08
-1.4691305949554591e-08
1.0063705424556701e-09
-4.773959005888173e-14
-4.718447854656915e-16
3.3306690738754696e-16
2.220446049250313e-16
2.1094237467877974e-15
1.3322676295501878e-15
-4.718447854656915e-16
4.440892098500626e-16
2.220446049250313e-16
-6.642781613663828e-08
6.437704769268748e-08
-5.258870672264493e-08
4.490772198550985e-09
3.6863809782516914e-09
1.1249312592553907e-10
-5.719805429293956e-08
-3.111519930598661e-08
2.7402025093437032e-09
5.0182080713057076e-14
-9.58955137519979e-15
-2.220446049250313e-15
-1.554312234475219e-14
2.2870594307278225e-14
1.687538997430238e-14
1.2406742300186124e-14
1.9539925233402755e-14
-1.6253665080512292e-13
-3.0300583375719725e-08
2.0697626723631398e-08
-2.3313040387051842e-08
-1.0174794340400695e-09
-2.9046987037872896e-11
-9.547989066049922e-10
-2.2368951135831594e-08
-1.2014435668561418e-08
1.1747263162220634e-09
-1.2656542480726785e-14
4.696763811207205e-16
7.216449660063518e-16
1.3322676295501878e-15
5.329070518200751e-15
0.0
-1.6653345369377348e-16
6.661338147750939e-16
6.189493362285248e-15
-3.6094434108235873e-09
-5.41339773008076e-09
-2.3357644707289182e-09
1.7796466522668197e-09
1.4693242178509536e-09
-5.545501835513278e-10
-4.204352421766089e-09
-2.393820253132617e-09
-3.3494940154810133e-10
-2.6645352591003757e-15
-1.4432899320127035e-15
-3.3306690738754696e-16
1.7763568394002505e-15
-5.773159728050814e-15
4.440892098500626e-16
-2.7755575615628914e-17
-8.881784197001252e-16
-4.6351811278100286e-15
-1.3511827434697919e-08
-1.0373355507908855e-09
-1.1806234212485833e-08
-4.244903095695918e-09
-2.4867610193268774e-09
-1.5347865200965316e-09
-7.572121818455457e-09
-4.390400154541396e-09
-1.0169431963191755e-09
-1.7319479184152442e-14
2.2898349882893854e-15
-1.6653345369377348e-16
-1.3322676295501878e-15
5.329070518200751e-15
0.0
-1.6653345369377348e-16
7.771561172376096e-16
-2.220446049250313e-16
-9.785615873170173e-09
6.765773719052959e-09
-9.472890027950598e-09
9.468941186696611e-10
4.4872727755773667e-10
-4.1309533571620705e-10
-1.0521683080355615e-08
-6.148829889696116e-09
-1.4916481383409064e-09
2.220446049250313e-14
-4.0245584642661925e-16
5.551115123125783e-17
-8.881784197001252e-16
-4.440892098500626e-15
-2.220446049250313e-16
4.440892098500626e-16
-6.905587213168474e-14
2.5646151868841116e-13
6.810132902046462e-09
-1.2289511630569905e-09
7.078647001890204e-09
2.9121416389443766e-09
1.5405099418330792e-09
5.949942760707927e-10
4.028773759046089e-09
2.593695924701933e-09
6.312980693756742e-10
-8.215650382226158e-15
6.106226635438361e-16
-1.6653345369377348e-16
-8.881784197001252e-15
2.6645352591003757e-15
2.636779683484747e-16
-1.1102230246251565e-16
-2.220446049250313e-16
1.7763568394002505e-15
1.0112184156696458e-07
1.5626332583451585e-07
8.239214821514906e-08
-1.6662911050957518e-09
-8.976588361520044e-10
2.026254719567078e-10
8.463316447659962e-08
5.5934997078566084e-08
3.314018570677035e-08
-1.5987211554602254e-14
-2.5396351688300456e-15
3.3306690738754696e-16
-2.220446049250313e-16
-2.220446049250313e-15
-2.220446049250313e-16
2.0594637106796654e-14
1.3322676295501878e-15
-3.3306690738754696e-16
3.132768711111567e-09
1.729726761823258e-07
-1.058694465427834e-09
5.1854867066936094e-09
2.691901812568176e-09
9.57030010795279e-10
-5.4933124715716986e-09
1.7327650425613683e-09
2.3034168350477557e-08
3.8191672047105385e-14
4.0245584642661925e-15
3.9968028886505635e-15
-7.549516567451064e-15
8.881784197001252e-16
-8.881784197001252e-16
-1.8207657603852567e-14
8.881784197001252e-16
2.6423307986078726e-14
5.1326679795238306e-08
1.5639363937225426e-07
3.913307011771394e-08
3.2968547003520143e-08
1.562806861699073e-08
4.959197497100831e-09
7.340915431086614e-09
5.749704712343373e-09
1.9215271152006608e-08
-2.4424906541753444e-14
-6.467049118441537e-15
5.551115123125783e-17
-8.881784197001252e-16
-3.552713678800501e-15
8.881784197001252e-16
-1.1102230246251565e-16
-4.440892098500626e-16
4.440892098500626e-16
2.5120968416558753e-08
1.1868175597840036e-07
1.4324470498650044e-08
6.43028386093647e-09
4.125336516835887e-09
4.783369256244896e-10
7.97819410536249e-09
4.2566412616906746e-09
1.6064092278611497e-08
-2.375877272697835e-14
6.994405055138486e-15
0.0
3.3306690738754696e-16
9.71445146547012e-16
-2.3592239273284576e-16
1.1102230246251565e-16
2.220446049250313e-15
4.440892098500626e-16
5.520860213437118e-09
1.1634860186404694e-07
-6.117431894381298e-09
-3.8407250713135e-09
-2.270965637762856e-09
-5.153699689230962e-10
-2.680913269159646e-09
-2.919009034485498e-09
1.1735252769540237e-08
-1.2212453270876722e-14
-4.801714581503802e-15
5.551115123125783e-17
1.1102230246251565e-16
-3.552713678800501e-15
6.661338147750939e-16
-2.7755575615628914e-17
-4.440892098500626e-16
4.440892098500626e-16
1.0513869597161829e-07
3.3949589806070435e-08
7.865281048680117e-08
6.075580216702292e-08
3.977937979016133e-08
4.84591033966808e-09
1.7831212062446866e-08
8.063619105769249e-09
1.274280236884806e-08
1.6209256159527285e-14
1.0269562977782698e-15
5.551115123125783e-17
4.440892098500626e-16
5.329070518200751e-15
-6.938893903907228e-16
0.0
2.220446049250313e-15
8.881784197001252e-16
1.7920035588758765e-07
-5.2378041459633096e-08
1.4029588157882245e-07
1.0833255004172315e-07
7.140666724581024e-08
6.70994015905535e-09
3.166654494179966e-08
1.5551320231566024e-08
1.2996153486710684e-08
-3.574918139293004e-14
4.163336342344337e-17
0.0
4.440892098500626e-16
-2.6645352591003757e-15
6.106226635438361e-16
0.0
1.7763568394002505e-15
-1.7763568394002505e-15
6.466976287811121e-08
8.833197284729977e-08
3.8607012697866594e-08
-7.751296493552218e-09
-5.0561048681174725e-09
-7.142615388033846e-10
4.65043612507543e-08
2.325952230819439e-08
1.4790725089142143e-08
5.6621374255882984e-14
2.55351295663786e-15
0.0
-6.661338147750939e-16
-1.7763568394002505e-15
-3.608224830031759e-16
8.881784197001252e-16
-5.329070518200751e-15
8.881784197001252e-16
1.813012069362685e-07
1.4114573332335567e-07
1.378267731055871e-07
-6.228120241758006e-09
-4.0859333694243105e-09
-3.5348168836435434e-10
1.4277152970976204e-07
7.026161519263496e-08
3.4753101729734226e-08
3.3306690738754696e-15
3.0531133177191805e-15
-1.9984014443252818e-15
3.3306690738754696e-15
3.552713678800501e-15
-2.7755575615628914e-16
-1.7763568394002505e-15
3.552713678800501e-15
-8.881784197001252e-16
-1.0255570259687374e-07
7.692176495766034e-08
-7.973033078201297e-08
-7.662836942756712e-08
-4.803128206276597e-08
-1.6321217710668634e-09
-1.2113172687122642e-09
2.452580361023138e-10
-1.0344913814464007e-10
-2.0650148258027912e-14
-1.8318679906315083e-15
5.551115123125783e-17
-6.661338147750939e-16
4.440892098500626e-16
0.0
8.881784197001252e-16
-1.7763568394002505e-15
-4.440892098500626e-16
6.386613904396654e-09
-7.685429181947256e-08
-3.486462674118229e-09
-3.0646765125652564e-09
2.545910149365227e-10
-1.791422121755204e-09
-2.9097804166156042e-09
-8.6648377362053e-10
-4.5040193796808126e-11
0.0
-3.164135620181696e-15
-9.908740494779522e-15
-2.220446049250313e-16
-1.7763568394002505e-15
-8.881784197001252e-16
-8.881784197001252e-16
1.7763568394002505e-15
-1.3322676295501878e-15
2.7593955564952918e-08
-2.7002215574611913e-08
1.6135516034410102e-08
1.2831974594007535e-08
7.390720924149718e-09
-1.5744276993245876e-09
2.6498927496731994e-09
4.1040859599661417e-10
4.912756867980761e-10
1.7763568394002505e-14
2.220446049250313e-15
5.160802341031001e-16
-8.881784197001252e-16
-1.5543122344752192e-15
-4.440892098500626e-16
-1.3322676295501878e-15
-5.329070518200751e-15
4.260480856999038e-15
8.318944821894547e-08
-2.0293498437240487e-08
7.094120135775484e-08
6.858271284215789e-08
3.914885482458885e-08
4.785462692780129e-09
9.04551988867297e-10
-5.627072141578537e-10
2.2613533268156516e-10
-1.199040866595169e-14
1.8041124150158794e-15
-8.326672684688674e-17
4.440892098500626e-16
1.412064909445121e-15
-6.661338147750939e-16
1.3322676295501878e-15
-5.773159728050814e-15
4.440892098500626e-16
4.492596872296417e-08
-2.1047299014753662e-08
3.61579193253192e-08
3.5922173680091873e-08
2.0346110574109844e-08
8.526797046215505e-10
6.705693778030763e-10
-2.956355160677049e-10
5.543567827004381e-10
-2.55351295663786e-15
-2.14064876935538e-15
0.0
0.0
1.942890293094024e-15
-2.220446049250313e-16
2.6645352591003757e-15
1.3433698597964394e-14
-1.2212453270876722e-15
-5.831196858707699e-09
-1.4305499007605249e-08
-3.2699603025321267e-09
-2.2058315174433574e-09
-1.2762662038312556e-09
-3.425583372518304e-09
-1.4248158208829409e-11
-1.4287859784190005e-09
2.6114355122786037e-10
-1.6653345369377348e-14
-4.440892098500626e-15
-5.551115123125783e-17
0.0
-1.1102230246251565e-16
1.2212453270876722e-15
-2.220446049250313e-16
-1.7763568394002505e-15
-1.1102230246251565e-15
-1.8583548921924375e-08
-1.3003443655179582e-08
-1.3731916048698169e-08
-1.1308270597698566e-08
-6.423029219604359e-09
-4.23749213496194e-09
-1.5000711783841325e-09
-2.0752377594135396e-09
1.1128786781000599e-10
4.241051954068098e-14
2.9976021664879227e-15
2.4424906541753444e-15
1.9984014443252818e-15
-1.1102230246251565e-15
-1.1102230246251565e-15
-2.6645352591003757e-15
-1.4654943925052066e-14
0.0
-1.692988149670782e-08
-1.8275557067681802e-08
-1.4958468241843548e-08
-1.243125025141012e-08
-7.056579320874335e-09
-4.032898459627177e-09
-1.9283579177908905e-09
-1.0909664283076381e-09
3.37282979323561e-10
-4.107825191113079e-15
1.27675647831893e-15
1.1102230246251565e-16
0.0
-8.881784197001252e-16
1.1102230246251565e-15
-4.440892098500626e-16
2.220446049250313e-15
1.0436096431476471e-14
-1.1084521744919584e-08
-2.867919590698875e-08
-1.2215020106509655e-08
-1.548842298859654e-08
-8.768186177121606e-09
-3.987665309068689e-09
3.7812970532513646e-09
4.2665062871538595e-09
1.825680384648365e-09
-1.887379141862766e-14
-8.881784197001252e-16
-2.220446049250313e-16
-1.1102230246251565e-16
1.1102230246251565e-15
0.0
-1.4432899320127035e-15
5.329070518200751e-15
-3.9968028886505635e-15
2.5240501244638835e-08
-5.8495700727689837e-08
1.6812260028586934e-08
-1.1183116654933656e-08
-6.420867393330809e-09
-2.863750125925435e-09
2.8520752870520027e-08
2.4112441598944656e-08
6.473052260869139e-09
-1.5432100042289676e-14
-3.635980405647388e-15
-3.3306690738754696e-16
-4.440892098500626e-16
1.6653345369377348e-15
-6.661338147750939e-16
7.216449660063518e-16
8.881784197001252e-16
2.6645352591003757e-15
9.667189537765353e-08
-1.1824346302091725e-07
7.438828775185868e-08
-2.197362292122307e-09
-1.3511218810435821e-09
-1.2037304486511857e-09
7.655187195254598e-08
6.180796796595445e-08
1.2635726687193481e-08
8.548717289613705e-15
2.3592239273284576e-15
3.3306690738754696e-16
0.0
-3.885780586188048e-15
0.0
5.384581669432009e-15
3.552713678800501e-15
-4.440892098500626e-16
1.3959271782937321e-07
-1.5366339312095079e-07
1.0544493234121433e-07
2.189583625522573e-09
1.0987637466541855e-09
-6.205702618444775e-10
1.026553926308793e-07
8.015043218012607e-08
1.1483217987606763e-08
1.3322676295501878e-15
2.858824288409778e-15
-9.992007221626409e-16
6.661338147750939e-16
2.1094237467877974e-15
1.6653345369377348e-16
2.220446049250313e-15
-1.7763568394002505e-15
8.881784197001252e-16
1.2901613644089593e-07
-1.29004433802038e-07
9.46851732575027e-08
5.1590642868859504e-09
2.7735787000437995e-09
-4.1727687971615524e-10
8.894353614730122e-08
6.550058739840381e-08
4.5795805203585616e-09
1.2878587085651816e-14
-6.2450045135165055e-15
-1.3877787807814457e-16
0.0
-6.106226635438361e-16
1.1102230246251565e-16
-4.773959005888173e-15
-2.6645352591003757e-15
-2.220446049250313e-15
7.950225011654766e-08
-5.7957777244155295e-08
5.749227482976238e-08
4.91915841394075e-09
2.655593078770835e-09
-1.5571544054182596e-10
5.231567962171724e-08
3.434215667397211e-08
-1.6673292538293971e-09
-9.992007221626409e-15
6.494804694057166e-15
-6.938893903907228e-17
4.440892098500626e-16
2.0122792321330962e-16
0.0
2.220446049250313e-16
2.6645352591003757e-15
0.0
2.2571761348899596e-08
1.3563891343437717e-08
1.7179981104398223e-08
6.163624277633062e-09
3.34680905211826e-09
2.3724311404293985e-10
1.1010049760784568e-08
3.5252440966360155e-09
-4.964852522160168e-09
-5.329070518200751e-15
-2.609024107869118e-15
3.469446951953614e-16
-8.881784197001252e-16
7.251144129583054e-16
0.0
-6.661338147750939e-16
-1.7763568394002505e-15
-2.220446049250313e-16
-3.080822352785617e-08
6.1724193756163e-08
-2.3355024580951067e-08
1.1520733700365327e-08
6.404848207353098e-09
1.0300453823219868e-09
-3.4765838208272726e-08
-2.5884009602350485e-08
-9.082380899444464e-09
2.9531932455029164e-14
2.7200464103316335e-15
-3.608224830031759e-16
1.7763568394002505e-15
1.3877787807814457e-16
-8.326672684688674e-17
5.551115123125783e-16
-1.3322676295501878e-15
2.220446049250313e-16
-2.217111472191391e-07
2.3735704246519163e-07
-1.6147349590767135e-07
1.3166245427242984e-08
7.350889674739847e-09
1.316735165346472e-09
-1.744779982715272e-07
-1.1919704334673042e-07
-3.27553837456418e-08
-3.3084646133829665e-14
6.661338147750939e-16
7.632783294297951e-16
-4.884981308350689e-15
-5.551115123125783e-16
5.329070518200751e-15
-7.771561172376096e-15
1.7763568394002505e-15
-3.8996583739958623e-14
-1.127317062810107e-06
1.159363279157333e-06
-7.928315142180509e-07
1.6009048309229e-08
9.010106438722687e-09
2.3839561436034273e-09
-8.086736453805089e-07
-5.577104502663133e-07
-1.5694747082517502e-07
-1.9761969838327786e-14
1.3600232051658168e-15
1.3877787807814457e-16
8.881784197001252e-16
7.771561172376096e-16
0.0
1.762479051592436e-15
-2.275957200481571e-15
3.9968028886505635e-15
-1.356141780206599e-06
1.3981973552290583e-06
-9.521048625060757e-07
2.1741630717997396e-08
1.2344544941811364e-08
4.338176040619146e-09
-9.737308683810397e-07
-6.744171647810049e-07
-1.9270908754517868e-07
8.43769498715119e-15
-2.095545958979983e-15
-2.0816681711721685e-17
-9.43689570931383e-16
-2.220446049250313e-15
0.0
-2.4424906541753444e-15
2.6645352591003757e-15
-7.327471962526033e-15
-1.8143177271667812e-07
2.2736378468835028e-07
-1.3281904465145544e-07
3.0491595026660434e-08
1.7105218574897663e-08
7.185860795289045e-09
-1.63302088296291e-07
-1.1197053950695591e-07
-3.108093885040297e-08
-5.10702591327572e-15
5.6690763194922056e-15
2.9976021664879227e-15
6.328271240363392e-15
9.769962616701378e-15
-8.881784197001252e-16
9.992007221626409e-16
-9.992007221626409e-15
6.639133687258436e-14
-5.6919333246696624e-08
6.600237867360192e-08
-4.0286529001676286e-08
-7.235527732518675e-09
-5.284790383086602e-09
-1.2213448030706786e-09
-3.306784712719946e-08
-2.165690515809615e-08
-4.506822172400948e-09
3.907985046680551e-14
-1.27675647831893e-15
-2.498001805406602e-16
0.0
-1.7763568394002505e-15
8.881784197001252e-16
2.4424906541753444e-15
-2.7755575615628914e-15
-1.4210854715202004e-14
-2.1566824415231165e-07
1.8741894791673983e-07
-1.5174249945459906e-07
-2.3657307224311808e-08
-1.3348827820891529e-08
-6.290727938562668e-09
-1.279459187486509e-07
-9.004781365007375e-08
-2.550732247641463e-08
-2.7755575615628914e-14
-3.3029134982598407e-15
-7.771561172376096e-15
-1.7763568394002505e-15
4.440892098500626e-15
3.3306690738754696e-16
-1.5543122344752192e-15
9.547918011776346e-15
-3.47499806707674e-14
1.9523611172189703e-08
7.092202736203035e-08
3.674196591418877e-08
8.847891308505496e-10
2.6761792781826443e-10
-9.652878496524409e-11
3.595037156856051e-08
2.065916149263103e-08
1.3514959817939598e-08
3.3084646133829665e-14
7.868705687030797e-15
3.7470027081099033e-16
1.3322676295501878e-15
1.7763568394002505e-15
-1.7763568394002505e-15
-1.4988010832439613e-15
-4.440892098500626e-16
8.881784197001252e-16
-2.4017965571943023e-07
1.3534491927202907e-07
-1.6952569836803377e-07
2.764224404927518e-10
-1.4518741764391052e-10
-7.560285730789928e-11
-1.701168486079041e-07
-1.055282119466483e-07
-1.5274212117333263e-08
-5.329070518200751e-15
-5.087943955039975e-15
-1.491862189340054e-16
0.0
-8.881784197001252e-16
1.7763568394002505e-15
3.3306690738754696e-16
4.440892098500626e-16
-4.440892098500626e-16
-2.8911994576219513e-08
1.2334749044384807e-07
-6.6387713104631985e-09
-9.381651011608484e-11
-4.570110956336748e-11
-1.1588507931037385e-10
-6.667207230748318e-09
-1.2215700451179146e-08
2.6594584312533698e-09
-2.930988785010413e-14
-9.367506770274758e-16
8.326672684688674e-17
4.440892098500626e-16
2.6645352591003757e-15
2.220446049250313e-16
2.220446049250313e-16
-1.1102230246251565e-15
8.881784197001252e-16
2.2360591600545376e-08
1.1624533158283158e-07
2.9055968298052903e-08
-3.9112180161282595e-10
-3.7095937432951587e-11
-1.381501579800215e-10
2.9480638374934642e-08
8.845610466323706e-09
7.345333119523899e-09
2.1760371282653068e-14
1.7069679003611782e-15
-2.498001805406602e-16
0.0
-8.881784197001252e-16
8.326672684688674e-17
-1.3322676295501878e-15
2.7755575615628914e-16
-1.2656542480726785e-14
-2.0035171743870706e-08
1.215418592437345e-07
-8.168971277200399e-09
-1.7116974504460813e-10
3.8418701553410983e-10
-9.014478052904451e-11
-8.069768853147252e-09
-1.2448406749854259e-08
4.003252840334426e-09
-1.4654943925052066e-14
-3.1086244689504383e-15
-1.1102230246251565e-16
4.440892098500626e-16
5.329070518200751e-15
-3.3306690738754696e-16
1.3322676295501878e-15
2.220446049250313e-16
-3.3306690738754696e-16
1.5565305488962622e-08
1.2628763101929508e-07
1.7398910756583064e-08
-5.101377098526427e-10
-1.1174705605299096e-10
-1.2024603535110145e-10
1.7950483766071557e-08
2.907793117401525e-09
7.62615215421647e-09
4.8183679268731794e-14
-2.6645352591003757e-15
1.3877787807814457e-16
-4.440892098500626e-16
-4.440892098500626e-15
6.661338147750939e-16
-1.3322676295501878e-15
4.884981308350689e-14
6.106226635438361e-16
1.1196624960518875e-08
1.2661979198469453e-07
1.0739913847146454e-08
-3.6270719760977954e-10
-1.0870948585761653e-10
-9.383871457657733e-11
1.1099242414047694e-08
2.1761747959203603e-10
7.765194709463685e-09
-6.683542608243442e-14
3.6914915568786455e-15
1.2802259252708836e-14
2.5757174171303632e-14
5.10702591327572e-15
-2.220446049250313e-16
2.7533531010703882e-14
-5.3512749786932545e-14
1.9512169657787126e-14
1.1090913965006166e-08
7.490467623938457e-08
1.4757844724044844e-08
-4.604263637020267e-10
-1.5700329925039114e-10
-7.262923595874327e-11
1.5194268954132895e-08
7.934049861546555e-09
1.1561141377569584e-08
5.395683899678261e-14
-1.3739009929736312e-15
-1.6653345369377348e-16
-4.440892098500626e-16
-3.1086244689504383e-15
2.220446049250313e-16
6.661338147750939e-16
3.3306690738754696e-16
6.245004513516506e-16
2.2936906596271456e-08
7.495450660144343e-08
2.2817872036284825e-08
-8.012399632661982e-10
-6.559535137284911e-10
-1.4062795372637993e-10
2.3590464692802016e-08
1.2823358375158023e-08
1.3034537005296443e-08
-3.2862601528904634e-14
9.159339953157541e-16
1.3877787807814457e-16
3.552713678800501e-15
6.661338147750939e-16
-1.7763568394002505e-15
-6.661338147750939e-16
1.4918621893400541e-15
-9.43689570931383e-16
3.5321180646974426e-08
7.637575194507917e-08
3.122347580486462e-08
-3.753179100840498e-09
-3.130430137332496e-09
-5.991138696259668e-10
3.4981818330948045e-08
1.915874836555531e-08
1.4197240716384839e-08
3.375077994860476e-14
-3.788636071533347e-15
5.551115123125783e-17
-3.1086244689504383e-15
4.440892098500626e-16
4.440892098500626e-16
9.103828801926284e-15
4.385380947269368e-15
-5.2735593669694936e-15
7.648024435980005e-09
1.1626777762785424e-07
7.407155777627849e-09
-3.1023891011727756e-08
-2.5845777962274497e-08
-4.287630694932432e-09
3.8441498872998636e-08
2.114112429563164e-08
1.45236356274836e-08
-1.7985612998927536e-14
3.191891195797325e-15
-5.551115123125783e-16
-4.440892098500626e-15
2.6645352591003757e-15
8.881784197001252e-16
2.220446049250313e-16
0.0
8.881784197001252e-16
1.2186061582042385e-07
-6.9885572884231806e-09
9.767298436713645e-08
5.605665798213977e-08
4.5834409156952916e-08
6.797114204815102e-09
4.15753225180282e-08
2.2893549167513072e-08
1.5729497704342066e-08
5.551115123125783e-15
2.6229018956769323e-15
1.1102230246251565e-16
1.9984014443252818e-15
-5.329070518200751e-15
3.3306690738754696e-16
-2.220446049250313e-16
-1.3322676295501878e-15
2.220446049250313e-16
1.0350478873988322e-07
1.2883148770015396e-07
8.665453066214468e-08
-1.5215223081455065e-08
-1.1085855788905974e-08
-1.202304700242962e-09
1.018432778110423e-07
5.6102779755207166e-08
2.8393735362897136e-08
-2.6645352591003757e-14
4.440892098500626e-16
5.551115123125783e-16
-2.0539125955565396e-15
3.552713678800501e-15
-4.440892098500626e-16
0.0
1.7208456881689926e-15
-1.2212453270876722e-15
3.1897396723934435e-07
2.3674438409670984e-07
2.6079432302594796e-07
-9.345152207629326e-09
-7.1704704396324814e-09
-1.6058776530769592e-10
2.701739472144027e-07
1.4663036196349566e-07
6.614021685891203e-08
4.263256414560601e-14
-4.296910049994551e-15
-8.326672684688674e-17
-8.881784197001252e-16
3.552713678800501e-15
6.661338147750939e-16
0.0
-1.0547118733938987e-15
4.996003610813204e-16
7.483821491405251e-07
5.070466215784108e-07
5.928426247692187e-07
-2.0589325799846847e-09
-1.4307062201623921e-09
-3.3028957346914467e-10
5.948029784264008e-07
3.101357175516739e-07
1.4903240597163858e-07
-6.283862319378386e-14
5.745404152435185e-15
1.0075273948473296e-14
-1.7763568394002505e-15
-4.440892098500626e-15
1.3322676295501878e-15
-6.439293542825908e-15
-2.3869795029440866e-15
3.1086244689504383e-15
-2.9433351755869808e-08
4.186669855243963e-08
-2.8321466061242973e-08
8.41551184294076e-09
4.9242174782193615e-09
1.3873062698621652e-09
-3.687420324638424e-08
-1.8402346313450835e-08
-4.0859782224345054e-10
2.9976021664879227e-14
-4.2327252813834093e-16
4.996003610813204e-16
0.0
8.881784197001252e-16
-8.881784197001252e-16
-1.2212453270876722e-15
-6.661338147750939e-16
-1.1102230246251565e-16
-2.1045167386546382e-08
3.694803751841391e-08
-2.3855681208218016e-08
1.2258084325367237e-08
7.188681649950013e-09
1.9318235899845604e-09
-3.617850730108785e-08
-1.8297874326833607e-08
-4.3389664083903767e-10
2.2870594307278225e-14
2.095545958979983e-15
-3.3306690738754696e-16
1.7763568394002505e-15
4.440892098500626e-16
0.0
4.996003610813204e-16
1.582067810090848e-15
1.1657341758564144e-15
-1.9313461052661296e-08
4.032619216332023e-08
-2.1613381306906376e-08
8.179014798770368e-09
4.802059194730646e-09
1.509135927335592e-09
-2.987915470598068e-08
-1.5751693505094977e-08
-2.339160254383188e-10
-8.43769498715119e-15
7.979727989493313e-16
-4.440892098500626e-16
-1.3322676295501878e-15
0.0
-4.440892098500626e-16
3.469446951953614e-18
-4.440892098500626e-16
8.881784197001252e-16
-1.828726681196713e-08
4.8129234819782596e-08
-2.0358044139356934e-08
4.428237332376739e-09
2.580655689143896e-09
1.0438157005410176e-09
-2.4863433978339344e-08
-1.3637088791540464e-08
-8.60569111631182e-11
-9.769962616701378e-15
-5.162537064506978e-15
8.326672684688674e-16
0.0
-1.9984014443252818e-15
1.6653345369377348e-16
-2.220446049250313e-16
-1.3322676295501878e-15
-3.885780586188048e-16
-3.722971086972393e-08
4.235948836139869e-08
-3.3307586022601754e-08
-1.3123049313890078e-08
-7.406377733332192e-09
-1.5983516732376304e-09
-2.0308315029637924e-08
-1.1408644695620751e-08
-1.1805986743773644e-10
-3.3306690738754696e-15
8.326672684688674e-16
-6.938893903907228e-16
-5.10702591327572e-15
2.6645352591003757e-15
-8.326672684688674e-17
2.220446049250313e-16
2.220446049250313e-15
-9.43689570931383e-16
-3.731187980804407e-08
5.137103187280445e-08
-3.216168664721408e-08
-1.438647245777247e-08
-8.217831748424942e-09
-1.6788419543445341e-09
-1.78196177813561e-08
-1.0638254721584417e-08
-2.1709870012820431e-10
-1.9539925233402755e-14
6.106226635438361e-16
9.71445146547012e-17
7.216449660063518e-15
-2.1094237467877974e-15
0.0
0.0
-8.881784197001252e-16
-2.220446049250313e-16
7.263365198184601e-08
5.715602924283303e-08
5.950931125653369e-08
-1.7350245684610854e-08
-9.894748131955566e-09
-1.7961241383090967e-09
7.68301458009546e-08
4.210839144036527e-08
1.584491937656196e-08
3.197442310920451e-14
6.661338147750939e-16
5.828670879282072e-16
2.220446049250313e-16
2.220446049250313e-16
0.0
0.0
-4.440892098500626e-16
8.881784197001252e-16
-1.7495320747684673e-08
4.562008548703034e-08
-1.0946166639769217e-08
-1.7398427587522747e-08
-9.880601226086581e-09
-1.459895315747417e-09
6.43834052738157e-09
2.677989385801993e-09
3.3906373264613876e-09
9.325873406851315e-15
3.164135620181696e-15
-2.7755575615628914e-16
1.5543122344752192e-15
-1.2434497875801753e-14
-1.3322676295501878e-15
-4.6629367034256575e-15
8.881784197001252e-16
9.769962616701378e-15
-9.990598570652764e-09
8.008866014819205e-09
-7.244686628382624e-09
-1.0297306118900451e-08
-5.829850380223433e-09
-3.2862601528904634e-10
3.050016239569686e-09
1.694265172602627e-09
1.6830525861877277e-09
-2.042810365310288e-14
-5.329070518200751e-15
-1.6653345369377348e-16
-5.551115123125783e-16
5.551115123125783e-16
2.220446049250313e-16
-2.220446049250313e-16
-5.329070518200751e-15
-4.440892098500626e-15
1.3964958966994345e-08
-2.9541517676534568e-08
3.666347225816935e-09
1.6653203260830194e-09
9.579430582107307e-10
1.0858940413527307e-09
2.057078063444351e-09
1.8664705336846055e-09
-3.6832797922770055e-10
-4.241051954068098e-14
1.3183898417423734e-15
1.1102230246251565e-16
4.440892098500626e-16
-9.992007221626409e-16
9.992007221626409e-16
0.0
7.993605777301127e-15
8.881784197001252e-16
2.9254618283403033e-08
-4.95918435206022e-08
5.864670526989357e-09
-4.057376656874112e-10
-4.595523961370418e-10
1.2676792948695947e-10
6.370878935513247e-09
3.37394068239405e-09
-1.175821634502583e-09
3.086420008457935e-14
2.525757381022231e-15
-3.3306690738754696e-16
6.661338147750939e-16
-9.992007221626409e-16
-6.106226635438361e-16
0.0
-7.105427357601002e-15
1.7763568394002505e-15
5.803848068808293e-09
-2.3557035433441342e-08
-7.895339493302345e-09
-1.67989178123662e-08
-1.0068363920368029e-08
-3.4460541087355523e-09
8.982244281696694e-09
1.3410925703283283e-09
-4.07778921740487e-10
-6.661338147750939e-15
-5.186823193170653e-15
2.7755575615628914e-16
-6.661338147750939e-16
-1.27675647831893e-15
-5.551115123125783e-17
-4.440892098500626e-16
7.993605777301127e-15
-3.9968028886505635e-15
-5.459330765233972e-10
-3.2601747079752386e-08
-4.975346357127819e-09
-1.814731831473182e-08
-1.0204863620799642e-08
-6.298819243966136e-09
1.3289067624100426e-08
3.26171623044047e-09
1.9032264653162656e-10
7.771561172376096e-15
3.3306690738754696e-15
1.3877787807814457e-16
0.0
4.218847493575595e-15
-1.1102230246251565e-16
1.7763568394002505e-15
-7.105427357601002e-15
3.9968028886505635e-15
-6.210913383597472e-08
-7.627005516042118e-08
-4.578290946355423e-08
-5.735716612775832e-08
-2.9254971112280256e-08
-1.7926137019230737e-08
1.1771668084747944e-08
2.464190629325458e-09
3.7230263316700984e-10
6.8833827526759706e-15
-1.915134717478395e-15
-1.0439565878428425e-14
2.220446049250313e-16
2.7755575615628914e-16
0.0
1.1102230246251565e-14
-1.199040866595169e-14
4.440892098500626e-15
-8.519271688101071e-08
-6.175724820423056e-08
-2.8225571435669394e-08
-3.7323322210625065e-08
-1.4957045380015188e-08
-2.0377090237388984e-08
8.944851970227319e-09
1.268798399678417e-10
3.0113667115472253e-10
1.5543122344752192e-15
3.969047313034935e-15
2.498001805406602e-16
-2.220446049250313e-16
-7.549516567451064e-15
2.220446049250313e-16
0.0
5.329070518200751e-15
7.771561172376096e-16
-3.2312703268644327e-07
-2.9113243726897053e-07
-2.391629454479016e-07
-2.443113675809627e-07
-1.2189525236405707e-07
-7.198471507763315e-08
5.064610064664521e-09
1.8952217573087182e-09
1.0938361327816892e-11
4.196643033083092e-14
-5.162537064506978e-15
2.220446049250313e-16
2.220446049250313e-16
-1.7763568394002505e-15
0.0
1.3322676295501878e-15
3.3306690738754696e-16
-3.9968028886505635e-15
-2.082736813235897e-06
-8.823975576888189e-07
-1.6803275055821134e-06
-1.6795184594187162e-06
-8.764105275949063e-07
-3.778463124604059e-07
-1.231683199875988e-09
1.9846204679652146e-09
-4.386557783675471e-10
