4.440892098500626e-16
-3.497202527569243e-15
0.0
3.3306690738754696e-16
-1.7763568394002505e-15
1.3877787807814457e-16
-1.942890293094024e-16
4.440892098500626e-16
4.440892098500626e-16
2.0227234983849485e-05
-2.282652855001288e-05
1.6773347681464656e-05
3.998109946223849e-06
2.731201247385684e-06
8.124786532448525e-07
1.2721447150809693e-05
7.1202673090908775e-06
-4.993187197044335e-07
-2.220446049250313e-16
3.7192471324942744e-15
-5.551115123125783e-17
1.7763568394002505e-15
6.661338147750939e-16
-1.1102230246251565e-16
-1.1102230246251565e-16
0.0
-1.2212453270876722e-15
-6.529216548756267e-06
-4.541976608152254e-06
-5.210948003764315e-06
1.0337926781289752e-07
7.459378537078011e-08
4.228994709976064e-09
-5.318425504441393e-06
-2.9489294632867313e-06
-1.443431592917932e-06
0.0
9.159339953157541e-16
0.0
-1.2212453270876722e-15
-4.996003610813204e-16
1.1102230246251565e-16
-2.220446049250313e-16
-2.220446049250313e-15
8.881784197001252e-16
5.015741571412491e-06
-4.112401256861631e-06
4.506387035974058e-06
1.534139570935622e-08
-6.664549800916575e-09
4.853884405520148e-08
4.58541333259177e-06
2.6063923321828497e-06
1.8996536965687483e-07
2.220446049250313e-16
-2.9976021664879227e-15
0.0
1.4059933772792022e-15
2.220446049250313e-16
-2.220446049250313e-16
2.7755575615628914e-16
8.881784197001252e-16
-8.881784197001252e-16
1.883568010896397e-06
-2.334058194719546e-06
1.831035989496854e-06
-3.392111480593485e-09
1.6647145884007841e-09
-2.5052007135428767e-09
1.843726899153353e-06
1.1058150981568815e-06
1.3571515466992423e-08
0.0
-1.4849232954361469e-15
0.0
-2.248201624865942e-15
-4.440892098500626e-16
2.220446049250313e-16
1.3877787807814457e-16
-1.3322676295501878e-15
8.881784197001252e-16
8.673809048787007e-08
-1.695279877367284e-06
2.7531247681622517e-07
-1.9792611993807443e-10
2.682731370384772e-09
-2.7236839061917095e-08
2.8351010783467245e-07
2.36293434596746e-07
-1.3771880702506678e-07
-8.881784197001252e-16
3.809452753245068e-15
5.551115123125783e-17
2.0539125955565396e-15
1.3322676295501878e-15
2.220446049250313e-16
0.0
-1.7763568394002505e-15
0.0
-6.168168056319701e-07
-6.130415499683295e-07
-2.3204591315106882e-07
-1.8364945120197262e-08
1.1408312960980993e-08
9.674692616479243e-09
-2.9030970516430443e-07
-7.944257518488484e-08
-1.7887476033706664e-07
6.661338147750939e-16
-3.497202527569243e-15
5.551115123125783e-17
-2.1094237467877974e-15
0.0
0.0
-4.440892098500626e-16
3.552713678800501e-15
0.0
-6.132239960265907e-07
-2.1000018932681996e-06
-1.8554769454226516e-07
-2.332636697133239e-07
-1.5179758339201044e-07
5.676846104307742e-09
1.329159893259657e-07
2.682966568912093e-07
-1.0906002501087643e-07
-8.881784197001252e-16
1.4432899320127035e-15
0.0
1.3322676295501878e-15
-1.4502288259166107e-15
-4.440892098500626e-16
0.0
0.0
8.881784197001252e-16
4.57157085804738e-05
-9.446876163110574e-06
3.5191679188528724e-05
6.5898471817149584e-06
3.7408670703342746e-06
-4.2676581202272246e-07
2.866672947021698e-05
1.5899318821954722e-05
6.093354073706536e-06
2.220446049250313e-16
-4.440892098500626e-16
-9.71445146547012e-17
-2.220446049250313e-16
2.220446049250313e-16
0.0
4.440892098500626e-16
-8.881784197001252e-16
-1.7763568394002505e-15
-2.1606621771752543e-06
-1.0850790658878395e-05
-3.2660754847313456e-06
-3.3011920024250685e-06
-1.3579100617278073e-06
-5.90055428517644e-07
5.8155924520519875e-08
1.4999236519486203e-08
2.4964517814085596e-09
1.5543122344752192e-15
1.6237011735142914e-15
1.8041124150158794e-16
0.0
4.440892098500626e-16
0.0
0.0
-1.7763568394002505e-15
0.0
2.792344417912318e-06
-7.077955331169505e-06
1.7339813140893057e-06
1.725260059259881e-06
1.3373741332145528e-06
-5.781911482927171e-08
-4.040553935880098e-08
1.2157009399160756e-08
1.2008587457756903e-09
-2.4424906541753444e-15
-1.8596235662471372e-15
-5.551115123125783e-17
-5.551115123125783e-16
4.440892098500626e-16
0.0
4.440892098500626e-16
-1.3322676295501878e-15
-2.220446049250313e-16
5.683492091179687e-06
-5.52422471855607e-06
4.321301590337612e-06
4.306110749752179e-06
2.7281571313153563e-06
2.500335938293574e-07
-9.120501687220894e-09
-6.186993140033792e-09
9.703025050100678e-10
1.7763568394002505e-15
-5.273559366969494e-16
0.0
2.220446049250313e-16
-1.609823385706477e-15
4.440892098500626e-16
4.440892098500626e-16
2.220446049250313e-15
1.1102230246251565e-16
3.2229046951215427e-06
-3.873821057709392e-06
2.385085898115591e-06
2.350758030900124e-06
1.473588548961402e-06
-3.077239796311915e-08
1.5227998417799427e-08
-1.5693631283397735e-08
3.4235170254248715e-10
-4.440892098500626e-16
6.38378239159465e-16
2.7755575615628914e-17
-8.881784197001252e-16
1.2212453270876722e-15
-2.220446049250313e-16
-1.3322676295501878e-15
-2.6645352591003757e-15
-2.220446049250313e-16
-6.047736178516061e-08
-2.1879420515347192e-06
-2.4880293914009144e-07
-2.2730298177009442e-07
-1.287834430208079e-07
-3.4916547519969754e-07
-3.6363863920030326e-08
-1.8840318638524423e-08
-9.552547641789033e-10
-2.220446049250313e-16
2.831068712794149e-15
-1.1102230246251565e-16
6.661338147750939e-16
-8.881784197001252e-16
-2.7755575615628914e-17
1.7763568394002505e-15
4.986462631695332e-15
-1.7763568394002505e-15
-5.993799021553059e-07
-1.8611886440922376e-06
-6.272520729488917e-07
-5.946579113569328e-07
-3.4621370836873666e-07
-3.3243850339204073e-07
-4.001382780671747e-08
-6.6267933362951226e-09
-1.099320523501035e-09
1.2212453270876722e-15
-3.0808688933348094e-15
5.551115123125783e-17
2.220446049250313e-16
8.881784197001252e-16
4.0245584642661925e-16
-1.7763568394002505e-15
8.881784197001252e-16
8.881784197001252e-16
-3.257357192865129e-07
-1.5180969406003442e-06
-3.753687733976107e-07
-3.67330422967882e-07
-2.2096851992614575e-07
-2.4931337350153626e-07
-1.1427470525404715e-08
3.5825729050031896e-09
-7.265611445816944e-10
0.0
1.0547118733938987e-15
0.0
-2.220446049250313e-16
-4.440892098500626e-16
-7.216449660063518e-16
2.220446049250313e-15
-2.6645352591003757e-15
-4.440892098500626e-16
-2.0866619721005009e-07
-1.2605147361455238e-06
-2.5902170452951623e-07
-2.594316432791288e-07
-1.613869624605968e-07
-1.8982992600058424e-07
-3.5795988395648237e-09
8.75617889306568e-09
-1.271752370080037e-09
-2.6645352591003757e-15
9.020562075079397e-16
0.0
-2.220446049250313e-16
3.3306690738754696e-16
5.273559366969494e-16
-2.220446049250313e-16
1.3322676295501878e-15
-8.881784197001252e-16
-2.0448974424880362e-07
-9.70195102922844e-07
-2.514300172506978e-07
-2.3524468151236988e-07
-1.4723108066050372e-07
-1.4599800834957932e-07
-2.1388291138180193e-08
-9.587573401859117e-09
-5.081208453994179e-09
4.440892098500626e-16
1.7763568394002505e-15
5.551115123125783e-17
0.0
1.3322676295501878e-15
-6.106226635438361e-16
0.0
1.7763568394002505e-15
8.881784197001252e-16
-2.2031903945674003e-07
-5.542990066942366e-07
-2.595670132166106e-07
-1.8345177377199207e-07
-1.1579400194250411e-07
-1.0278655082629484e-07
-8.058434453062091e-08
-7.391710413195973e-08
-1.4091625866186064e-08
7.771561172376096e-16
-3.2612801348363973e-15
0.0
0.0
0.0
2.3592239273284576e-16
1.887379141862766e-15
0.0
4.440892098500626e-16
-1.8521646039104667e-07
-2.8009253583149984e-08
-2.012082431779305e-07
-7.873248808465405e-08
-5.2493847491064116e-08
-5.724049145783283e-08
-1.2266075710698487e-07
-1.4481977739233542e-07
-1.7358217641039175e-08
4.440892098500626e-16
-7.537373503119227e-16
-5.551115123125783e-17
-1.1102230246251565e-16
-1.6653345369377348e-15
-4.2500725161431774e-16
-1.4988010832439613e-15
-8.881784197001252e-16
4.440892098500626e-16
-5.3433007352055035e-08
3.091511757702392e-07
-5.1801315237298695e-08
-7.284483238834128e-09
-7.739672014395182e-09
-2.4436197065824672e-08
-3.87601437612517e-08
-1.1149737222382328e-07
-2.4742578541570026e-09
-8.881784197001252e-16
2.2065682614424986e-15
2.7755575615628914e-16
0.0
2.220446049250313e-16
2.7755575615628914e-16
-1.5543122344752192e-15
8.881784197001252e-16
-4.440892098500626e-16
-3.0941023965169734e-08
3.232113243711865e-07
-5.697811111815554e-09
-1.1555309598065833e-08
-7.566187676388836e-09
-1.4492471223093162e-08
1.4913583923359397e-08
-5.730592578245819e-08
7.051752570763625e-09
-2.220446049250313e-15
-7.91033905045424e-16
-2.220446049250313e-16
0.0
0.0
-2.7755575615628914e-17
9.992007221626409e-16
-8.881784197001252e-16
0.0
-1.0995272248237598e-07
-4.916864781989716e-08
-9.66346673791918e-08
-5.1116565646935896e-08
-2.957207456688593e-08
-1.9961774455623527e-08
-3.974462448042004e-08
-3.5445313351090135e-08
2.6999154309828577e-09
4.440892098500626e-16
1.2212453270876722e-15
4.163336342344337e-17
-2.220446049250313e-16
-5.134781488891349e-16
9.159339953157541e-16
1.7763568394002505e-15
-8.881784197001252e-16
0.0
-5.5498567519407516e-08
-6.785991857327645e-07
-1.5005044140536938e-07
-2.629534329168237e-08
-1.5987051682486708e-08
-2.064052750938572e-08
-1.259569160083629e-07
-3.701930140209697e-08
-1.1419864193173979e-08
1.1102230246251565e-15
-2.609024107869118e-15
-4.597017211338539e-17
2.220446049250313e-16
5.551115123125783e-16
-1.2195106036116954e-15
-2.220446049250313e-15
-8.881784197001252e-16
2.220446049250313e-16
1.874192250284068e-07
-9.948923214153638e-07
-1.3966609202498148e-08
1.4206565879248956e-07
7.873550522674577e-08
5.033911065766006e-10
-1.6260864565964542e-07
-5.8118512669125266e-08
-2.4945515986196654e-08
2.4424906541753444e-15
1.457167719820518e-15
2.7755575615628914e-17
5.551115123125783e-16
0.0
-2.7755575615628914e-17
6.661338147750939e-16
4.440892098500626e-16
-2.220446049250313e-16
5.483134373207577e-07
-5.725491458719034e-07
3.9070271107277676e-07
4.98212637367601e-07
2.8037889343579536e-07
5.111225220844062e-08
-1.1321838666589201e-07
-6.135428165521262e-08
-2.426448519887714e-08
-1.5543122344752192e-15
1.5126788710517758e-15
6.938893903907228e-18
-9.43689570931383e-16
-2.220446049250313e-16
6.661338147750939e-16
1.1102230246251565e-16
-1.3322676295501878e-15
-4.440892098500626e-16
1.0512426342756953e-06
2.1714073739076412e-07
1.0633821396766052e-06
1.0906154841450189e-06
6.169265334143859e-07
1.3246233265817864e-07
-3.2569550612038256e-08
-4.579725754183528e-08
-1.0762869151470511e-08
-2.220446049250313e-16
-5.134781488891349e-16
1.1102230246251565e-16
4.85722573273506e-17
-8.881784197001252e-16
-2.220446049250313e-16
-1.8041124150158794e-16
8.881784197001252e-16
-2.220446049250313e-16
1.5766597840638497e-06
5.211008158312325e-07
1.7247433401479382e-06
1.7082868382090055e-06
9.708889541215626e-07
2.0892971974717511e-07
1.201527699556948e-08
-4.82449724614753e-08
-8.499712045306751e-11
4.440892098500626e-16
-2.2794266474335245e-15
2.7755575615628914e-17
3.3306690738754696e-16
4.440892098500626e-16
0.0
-1.3877787807814457e-15
-1.1102230246251565e-15
0.0
2.61409164181714e-06
-2.8662755369168735e-07
2.6588022112861154e-06
2.6278622176079125e-06
1.5094862586551017e-06
3.215678390233734e-07
2.4529494435654442e-08
-5.049555618086288e-08
2.1424465534991555e-09
1.9984014443252818e-15
2.7352252407464306e-15
-1.1102230246251565e-16
-1.1102230246251565e-16
-4.440892098500626e-16
0.0
1.942890293094024e-15
2.220446049250313e-15
-1.1102230246251565e-16
4.1766992069369735e-06
-2.269128600573822e-06
4.037764281594747e-06
4.023284969179031e-06
2.363775760017006e-06
5.024538154430047e-07
1.8696038495136236e-08
-2.2755073381119928e-08
-2.50403732471316e-10
-8.881784197001252e-16
-3.5110803153770576e-15
-6.938893903907228e-17
-2.220446049250313e-16
0.0
1.7763568394002505e-15
-1.0130785099704553e-15
-4.440892098500626e-16
0.0
-6.140908652696453e-07
-4.71215298603056e-06
4.203730383789406e-07
4.7166718886160197e-07
5.606514825728937e-07
-2.976401773935322e-07
-5.756076726370907e-10
4.6105772533167055e-09
-1.4754757693413723e-09
-3.9968028886505635e-15
2.220446049250313e-16
8.326672684688674e-17
4.440892098500626e-16
2.6645352591003757e-15
-1.7763568394002505e-15
-8.881784197001252e-16
2.7755575615628914e-16
0.0
-5.589484324275417e-06
-5.7752818634071446e-06
-3.258458393773367e-06
-3.172839530662941e-06
-1.1861684150460405e-06
-1.0103139089778779e-06
-7.594987749826032e-09
1.03478035029525e-08
-7.473577312566704e-12
4.6629367034256575e-15
4.385380947269368e-15
-8.326672684688674e-17
0.0
8.881784197001252e-16
2.6645352591003757e-15
0.0
-1.7763568394002505e-15
-3.3306690738754696e-16
4.868315670591983e-07
-1.0485085795153282e-06
5.224590822194841e-07
-6.056126622411284e-08
-2.7758141563083427e-08
-8.114966276728808e-08
6.089503905570837e-07
5.221450152248508e-07
3.309540055340676e-07
-2.220446049250313e-16
-4.6351811278100286e-15
6.938893903907228e-17
4.440892098500626e-16
-2.6645352591003757e-15
-1.3322676295501878e-15
-4.440892098500626e-16
1.1102230246251565e-15
8.326672684688674e-17
-2.1992607912579842e-06
-6.84945212015009e-06
-3.4644594180122112e-06
1.219898493332039e-08
-1.7506624150342986e-08
-7.338527396871797e-08
-3.4819428549326403e-06
-1.8336005140895395e-06
-1.011822450103228e-06
-3.1086244689504383e-15
2.8397423301740332e-15
1.1102230246251565e-16
-4.440892098500626e-16
1.7763568394002505e-15
4.440892098500626e-16
2.55351295663786e-15
2.220446049250313e-16
2.220446049250313e-16
-1.059670523773093e-06
-1.1255080494265712e-06
-8.959017563370253e-07
-1.023896345486719e-08
-2.6984281475961325e-10
-7.078372044055925e-08
-9.310184765354279e-07
-4.570466884956659e-07
-1.492171959327493e-07
-2.220446049250313e-16
-2.4147350785597155e-15
-1.942890293094024e-16
4.440892098500626e-16
-5.329070518200751e-15
6.661338147750939e-16
-1.5543122344752192e-15
-5.551115123125783e-16
4.440892098500626e-16
7.292155856930549e-07
-1.1243460562582186e-06
5.401188438725057e-07
-1.9367959680494096e-08
-2.6944064757117303e-09
-7.260900547478855e-08
5.387833397207942e-07
3.7519010476216863e-07
1.5431359301487646e-08
1.1102230246251565e-15
-8.881784197001252e-16
1.9081958235744878e-16
8.881784197001252e-16
3.774758283725532e-15
-9.992007221626409e-16
1.1102230246251565e-15
1.1102230246251565e-16
0.0
9.5465107108339e-07
-1.1246447115809133e-06
6.976408979397775e-07
-1.419570239136192e-08
-1.1986971415467451e-09
-7.251094769067379e-08
7.092315463808063e-07
4.6120348784484117e-07
3.519928171158426e-08
1.5543122344752192e-15
4.6074255521944e-15
-1.0408340855860843e-16
-4.440892098500626e-16
1.4432899320127035e-15
8.881784197001252e-16
-8.881784197001252e-16
-1.5543122344752192e-15
-4.996003610813204e-16
7.981144065638546e-07
-1.400599515477552e-06
5.447446946860168e-07
-9.783834187260254e-09
-1.9138477469482496e-09
-7.101505117290685e-08
5.590333813643156e-07
3.7881132186612376e-07
4.6901469374915905e-09
-2.4424906541753444e-15
-4.468647674116255e-15
5.551115123125783e-17
1.3322676295501878e-15
-3.3306690738754696e-16
-1.5543122344752192e-15
-4.440892098500626e-16
2.220446049250313e-15
2.498001805406602e-16
2.2098542729054316e-07
-1.645526609195258e-06
7.962626380475513e-08
-1.8721847183655882e-08
-1.0032032982110195e-08
-6.850293798876805e-08
9.869347827873298e-08
1.0748035439434034e-07
-7.542413271721671e-08
1.1102230246251565e-15
4.135580766728708e-15
-1.3877787807814457e-16
-2.220446049250313e-15
3.774758283725532e-15
0.0
0.0
-2.220446049250313e-15
-6.106226635438361e-16
-3.184509225206966e-07
-6.597780100037198e-07
-3.688235672427709e-07
-5.070859998568267e-08
-3.9594896250605416e-08
-6.965832044514286e-08
-3.2016956552638476e-07
-1.9404319218097044e-07
-1.4624435351606735e-07
2.6645352591003757e-15
-3.4139358007223564e-15
8.326672684688674e-17
-4.440892098500626e-16
-6.217248937900877e-15
0.0
6.661338147750939e-16
1.4432899320127035e-15
6.661338147750939e-16
-4.4258163001131834e-07
-1.3679095900442917e-07
-4.4231228013558166e-07
-2.8005947427800493e-07
-2.2868031335221417e-07
-1.0377659243054893e-07
-1.6307414618665916e-07
-1.0051294196955496e-07
-9.500902820036572e-08
-2.6645352591003757e-15
4.440892098500626e-16
0.0
2.220446049250313e-16
-4.440892098500626e-16
-4.440892098500626e-16
-2.220446049250313e-16
-4.163336342344337e-16
-4.996003610813204e-16
-2.246422511120727e-06
2.3349959406004928e-06
-1.8475378897875316e-06
-1.962098403751611e-06
-1.583724735354508e-06
-3.3973496638139977e-07
1.1425673562825976e-07
5.9220456094521985e-08
-3.0373115578186116e-08
4.440892098500626e-15
2.643718577388654e-15
-1.1102230246251565e-16
8.881784197001252e-16
3.552713678800501e-15
8.881784197001252e-16
-4.440892098500626e-16
-6.661338147750939e-16
2.7755575615628914e-16
-1.86221524955954e-06
2.134568873657372e-06
-1.369897971059686e-06
-1.712551080501612e-06
-1.358399128292831e-06
-2.474546603181693e-07
3.419644922786347e-07
1.8918881572460577e-07
1.5604840086780314e-08
-8.215650382226158e-15
-3.771288836773579e-15
-2.7755575615628914e-17
1.4432899320127035e-15
0.0
0.0
2.220446049250313e-16
6.661338147750939e-16
1.1102230246251565e-16
7.950832170422473e-07
-7.221444917604458e-07
6.198726527628651e-07
2.895278916614785e-07
2.416089319723369e-07
-8.956383190650286e-09
3.289633880854126e-07
1.8088533693116912e-07
1.4792888691772532e-08
0.0
1.5890067039947553e-15
7.017498561412427e-17
-2.3314683517128287e-15
-1.7763568394002505e-15
4.440892098500626e-16
4.440892098500626e-16
0.0
2.220446049250313e-16
-3.1236687236813054e-07
1.8193017581324966e-07
-1.6990400353300572e-07
-2.9469085482958235e-07
-2.114614168213791e-07
-3.370861201279496e-08
1.2451893383058632e-07
6.325472057255865e-08
-1.6154430682036036e-08
-1.1102230246251565e-15
9.992007221626409e-16
4.163336342344337e-17
-8.881784197001252e-16
8.881784197001252e-16
-2.220446049250313e-16
-2.220446049250313e-16
3.3306690738754696e-16
0.0
-6.284352771501744e-08
-1.7923609618719635e-07
-4.809901632540914e-08
-1.691842399509369e-08
-1.116763614916749e-08
-1.8480012409227697e-08
-3.0726049260465516e-08
-2.4077486671103546e-08
-3.175565410629133e-08
4.440892098500626e-15
-9.71445146547012e-16
8.326672684688674e-17
2.220446049250313e-16
0.0
0.0
0.0
-4.996003610813204e-16
-6.661338147750939e-16
-1.789761601145301e-07
-1.5037194600608927e-07
-1.5875257997066683e-07
-2.964304357533365e-09
-1.3625545136619621e-09
-1.4910961798619837e-08
-1.5442635703522e-07
-9.075761653321024e-08
-3.6767090705325245e-08
8.881784197001252e-16
-1.4710455076283324e-15
-5.551115123125783e-17
8.881784197001252e-16
-8.881784197001252e-16
-2.220446049250313e-16
1.1102230246251565e-16
1.5543122344752192e-15
8.881784197001252e-16
-4.84169120795741e-07
-1.3024417455653747e-07
-4.083497371354383e-07
-1.0348629064793613e-08
-7.285898107056709e-09
-1.707392327521262e-08
-3.966317079218129e-07
-2.248785300196232e-07
-6.726683920987853e-08
1.5543122344752192e-15
1.4710455076283324e-15
1.6653345369377348e-16
-1.5543122344752192e-15
8.881784197001252e-16
0.0
-1.1102230246251565e-16
-6.661338147750939e-16
-3.3306690738754696e-16
-5.832803431360389e-07
-4.436357414761005e-08
-4.700457942874437e-07
-2.5164702321944787e-08
-1.7771824900592037e-08
-1.6399169244785128e-08
-4.451208027722586e-07
-2.5098587919103466e-07
-7.712023375461285e-08
-5.10702591327572e-15
0.0
-5.551115123125783e-17
1.4988010832439613e-15
-4.440892098500626e-16
2.220446049250313e-16
1.1102230246251565e-16
-8.881784197001252e-16
0.0
-4.176995815896589e-08
-3.042208476244923e-07
-1.0086642276974089e-07
-8.210251589702011e-09
-1.9770851622524788e-12
-1.5717257051406364e-08
-9.327662064961828e-08
-5.2905044789497424e-08
-2.5038659146048303e-08
2.220446049250313e-16
2.8033131371785203e-15
-1.6653345369377348e-16
-6.938893903907228e-16
4.996003610813204e-16
-1.1102230246251565e-16
-4.440892098500626e-16
1.5543122344752192e-15
-4.163336342344337e-17
5.76298099019823e-07
-6.729251538217795e-07
3.745318863934699e-07
2.0971917624734715e-07
1.4665688841120073e-07
3.225591571620612e-08
1.660833897076941e-07
9.182154486753191e-08
2.979504643008113e-09
-1.7763568394002505e-15
5.065392549852277e-16
1.1102230246251565e-16
1.1102230246251565e-15
-1.1102230246251565e-16
-1.1102230246251565e-16
2.220446049250313e-16
2.220446049250313e-16
0.0
1.7110385996943478e-07
-3.943524546912158e-07
2.639071183807573e-07
2.83073585460869e-07
2.1422995000186518e-07
3.2485908185719836e-08
-2.354117079050866e-08
-1.3973277646073257e-08
-5.16480582746226e-08
3.552713678800501e-15
-5.384581669432009e-15
1.6653345369377348e-16
-1.5543122344752192e-15
-4.996003610813204e-16
4.440892098500626e-16
-1.1102230246251565e-16
-6.661338147750939e-16
6.661338147750939e-16
-2.845268994633443e-06
1.8435035542552214e-06
-1.9109634834535427e-06
-1.6030431848612636e-06
-1.0639421370584046e-06
-3.838681545964562e-07
-3.138322242079994e-07
-1.7624277681704825e-07
-1.1869812510667542e-07
2.886579864025407e-15
2.7755575615628914e-15
-5.551115123125783e-17
6.661338147750939e-16
4.440892098500626e-16
-4.440892098500626e-16
3.3306690738754696e-16
2.220446049250313e-16
0.0
1.2029810179114975e-05
3.3028629218279093e-06
1.041332123818961e-05
1.0784489119064489e-05
5.990616393170001e-06
1.025557518019582e-06
-3.799309311602883e-07
-2.1377973524749905e-07
-1.0758473933947242e-07
2.6645352591003757e-15
1.9637069748057456e-15
-5.551115123125783e-17
4.440892098500626e-16
-6.661338147750939e-16
2.220446049250313e-16
-1.1102230246251565e-16
-8.881784197001252e-16
-4.440892098500626e-16
-2.5098115941091237e-07
-2.9699171477659547e-07
-1.7465242363456923e-07
2.8777352945041912e-08
2.7635137511694552e-08
8.74682282159256e-09
-2.0654601584624288e-07
-1.0867049127227801e-07
-6.24543616822848e-08
-2.220446049250313e-16
-4.579669976578771e-16
-2.7755575615628914e-17
-1.3322676295501878e-15
-2.220446049250313e-16
1.1102230246251565e-16
2.220446049250313e-16
1.7763568394002505e-15
0.0
-2.698953949220595e-09
-6.804377505886805e-08
1.3445891511310037e-08
1.230365143101153e-08
8.634657822081948e-09
2.8684001507350843e-08
4.396698116693187e-09
1.015016337646557e-08
-7.754763942102727e-09
-1.3322676295501878e-15
-1.304512053934559e-15
0.0
1.1102230246251565e-15
1.9984014443252818e-15
-4.440892098500626e-16
-2.220446049250313e-16
-5.329070518200751e-15
8.881784197001252e-16
3.212713295397407e-07
-1.0551927687174611e-07
2.3077028288298607e-07
2.4822207933539175e-07
1.4573563505981824e-07
2.4235866646904466e-08
-6.5362177892325235e-09
-4.5059067588226753e-11
-4.682547682932636e-09
1.5543122344752192e-15
-1.3739009929736312e-15
5.551115123125783e-17
2.220446049250313e-16
0.0
0.0
-4.440892098500626e-16
4.440892098500626e-15
-8.881784197001252e-16
9.595052574695728e-08
-1.7973571697638135e-07
4.788105911757157e-08
5.149506776547241e-08
3.9400332774164326e-08
3.710621143682147e-09
-1.4587868690796313e-09
2.052984449107953e-10
-1.0746847856069052e-10
-1.9984014443252818e-15
1.817990202823694e-15
0.0
-2.220446049250313e-16
-1.7208456881689926e-15
2.220446049250313e-16
4.440892098500626e-16
-3.552713678800501e-15
8.881784197001252e-16
1.9315666577313095e-07
-3.38734047033995e-07
1.2179278208179767e-07
1.2359229017988582e-07
8.292197523074307e-08
4.667249697831721e-09
-1.1296368285229619e-09
-4.805027487009284e-10
-6.978539968116593e-11
2.4424906541753444e-15
1.9845236565174673e-15
0.0
0.0
5.551115123125783e-17
0.0
0.0
2.6645352591003757e-15
-4.440892098500626e-16
9.230600994669658e-08
-4.302816662971054e-07
4.5094957101809996e-08
4.464705938289626e-08
3.431754524996222e-08
-1.2994547660127864e-08
-3.62018859334512e-10
-2.850049085623141e-10
4.5495468503631287e-11
-7.993605777301127e-15
-1.0408340855860843e-15
-5.551115123125783e-17
1.1102230246251565e-15
-1.1102230246251565e-16
1.1102230246251565e-16
-4.440892098500626e-16
-7.105427357601002e-15
-4.440892098500626e-16
-2.2684595535338303e-07
3.444485634496175e-07
-2.1353718793193363e-07
-2.1516012616018545e-07
-1.5990504032004083e-07
-5.92373368135668e-08
5.561862082004154e-11
3.4072389354378174e-10
1.5820866838822667e-10
8.215650382226158e-15
-1.7069679003611782e-15
3.8163916471489756e-17
-2.220446049250313e-16
4.718447854656915e-16
-3.3306690738754696e-16
0.0
9.325873406851315e-15
6.661338147750939e-16
7.845378036108741e-08
2.3063261522793255e-08
5.969478422684915e-08
6.103424254888523e-08
2.845159308151324e-08
-1.3029222145632957e-09
-1.4332215414469827e-09
1.2622134448747602e-09
1.8999135598107841e-10
-9.992007221626409e-15
-1.9012569296705806e-15
4.163336342344337e-17
-2.220446049250313e-16
-9.298117831235686e-16
3.885780586188048e-16
-4.440892098500626e-16
-6.8833827526759706e-15
-1.3322676295501878e-15
5.600502106517524e-08
-3.585772745395843e-08
4.349824589411355e-08
4.3218106871023565e-08
2.306010493668964e-08
9.511751386526157e-10
4.0321879168914165e-10
2.13713846619612e-09
2.4715429702837355e-10
9.992007221626409e-15
2.9698465908722937e-15
0.0
0.0
-3.0531133177191805e-16
-3.3306690738754696e-16
8.881784197001252e-16
6.161737786669619e-15
1.3322676295501878e-15
-3.0246113169596356e-08
-3.4081452326972794e-08
-2.9155204694930603e-08
-3.118884883690498e-08
-1.822589545952269e-08
-6.1501310710809776e-09
2.0663968314238446e-09
2.003009313966686e-09
3.177804686060881e-10
-5.773159728050814e-15
-6.938893903907228e-17
0.0
0.0
9.43689570931383e-16
-1.5265566588595902e-16
1.3322676295501878e-15
-5.10702591327572e-15
6.661338147750939e-16
-6.732628321515222e-08
-4.98819332506173e-08
-6.004550234806061e-08
-6.178325406835938e-08
-3.578667140402558e-08
-1.1512817366110538e-08
1.7281704955962598e-09
2.2916619712987085e-09
3.0705382680906723e-10
1.3322676295501878e-15
-1.1102230246251565e-15
0.0
2.220446049250313e-16
-2.7755575615628914e-16
4.440892098500626e-16
-2.220446049250313e-16
3.9968028886505635e-15
-4.440892098500626e-16
-7.109885302725161e-08
-7.631525988927024e-08
-6.394432627843116e-08
-6.654593068255998e-08
-3.9722765521332803e-08
-1.6730368201933743e-08
2.582821956309544e-09
2.9559097391995692e-09
2.0714963078205528e-10
-4.3298697960381105e-15
1.824929096727601e-15
0.0
1.1102230246251565e-16
-1.6653345369377348e-16
9.71445146547012e-17
-8.881784197001252e-16
-7.549516567451064e-15
0.0
-5.766931820971877e-09
-9.658846522597742e-08
-9.935753553236282e-09
-1.483426659287801e-08
-1.219385659112504e-08
-1.6313933315359463e-08
4.804086017884401e-09
2.5121076330236747e-09
6.50127729429073e-11
8.770761894538737e-15
8.331009493378616e-16
0.0
1.1102230246251565e-16
1.1102230246251565e-15
-8.326672684688674e-17
2.220446049250313e-16
0.0
0.0
1.5295957389582782e-07
-1.0225924995665991e-07
1.2465412169149204e-07
1.1806172327093191e-07
6.185078582632286e-08
-4.429338673617167e-09
6.285365117264519e-09
1.4410278526000297e-09
-2.741612492584977e-10
-6.439293542825908e-15
-3.00454106039183e-15
5.551115123125783e-17
0.0
-1.734723475976807e-17
-1.1102230246251565e-16
-3.1086244689504383e-15
3.552713678800501e-15
4.440892098500626e-16
3.6211381715389734e-07
-9.269591316751757e-08
3.030068906895167e-07
2.999204402609479e-07
1.6518909262686066e-07
1.7117947948008805e-08
2.5489677035750447e-09
-2.246937080840894e-09
-1.3789550612486323e-09
-1.887379141862766e-15
7.355227538141662e-16
5.551115123125783e-17
1.1102230246251565e-16
-1.1102230246251565e-16
4.996003610813204e-16
2.3314683517128287e-15
8.881784197001252e-16
0.0
5.628559285320023e-07
-8.120964878344239e-08
4.760244483037468e-07
4.843007415100686e-07
2.7059198082213243e-07
4.0393565825525e-08
-8.837264031669179e-09
-1.1185287362991403e-08
-2.723421266281889e-09
6.8833827526759706e-15
-2.5396351688300456e-15
-5.551115123125783e-17
-2.220446049250313e-16
-5.065392549852277e-16
-8.881784197001252e-16
-1.1102230246251565e-15
-1.7763568394002505e-15
0.0
7.974194833337833e-07
-1.0735891464719316e-07
6.802507535041968e-07
6.950807223127242e-07
3.899233966819793e-07
6.46616200583594e-08
-1.5141317755151817e-08
-1.53963712890004e-08
-2.3107309121694897e-09
-3.3306690738754696e-15
2.858824288409778e-15
0.0
-2.220446049250313e-16
2.706168622523819e-16
-1.6653345369377348e-16
3.3861802251067274e-15
1.7763568394002505e-15
0.0
1.1478787200758234e-06
-2.0193120064959658e-07
9.821638418117118e-07
9.94681474519865e-07
5.579856381388026e-07
9.660901412189561e-08
-1.2494965062614936e-08
-1.0989832155416934e-08
-1.1641425446919833e-09
-3.774758283725532e-15
1.27675647831893e-15
-1.1102230246251565e-16
0.0
-7.45931094670027e-17
6.938893903907228e-16
-7.771561172376096e-16
8.881784197001252e-16
0.0
1.4518297888344023e-06
-3.5705940959473987e-07
1.2444414245749158e-06
1.2540614902079028e-06
7.026751944749776e-07
1.2094875501134084e-07
-9.004448742189197e-09
-5.002883440852202e-09
-6.659689744115127e-10
-6.661338147750939e-16
-6.938893903907228e-16
-4.163336342344337e-17
2.220446049250313e-16
-4.718447854656915e-16
-2.706168622523819e-16
-2.220446049250313e-16
-1.7763568394002505e-15
0.0
1.4146635081146997e-06
-5.188958529522836e-07
1.2284307384646809e-06
1.2374394411374112e-06
6.918454769078153e-07
1.0826182972323295e-07
-7.040373617428486e-09
-2.315243108341747e-09
-7.053461148487372e-10
6.661338147750939e-16
5.273559366969494e-16
0.0
-4.440892098500626e-16
-1.1102230246251565e-16
6.661338147750939e-16
2.220446049250313e-16
-4.440892098500626e-16
-5.551115123125783e-17
1.3072024245275315e-06
-6.616135763692909e-07
1.175449064305667e-06
1.1844021665652349e-06
6.608359033322131e-07
8.720053301658481e-08
-6.241916317151208e-09
-3.789654812180743e-09
-9.620452767755694e-10
-1.9984014443252818e-15
2.0816681711721685e-16
6.938893903907228e-17
6.661338147750939e-16
1.3322676295501878e-15
-4.440892098500626e-16
-3.3306690738754696e-16
4.440892098500626e-16
3.608224830031759e-16
1.048872590558858e-06
-8.152381241188777e-07
1.0141188546697322e-06
1.0259698157710773e-06
5.711359616356049e-07
4.4835175572188746e-08
-9.378041010421612e-09
-8.059480194333446e-09
-1.8871642026851987e-09
8.881784197001252e-16
-2.373101715136272e-15
5.551115123125783e-17
-8.881784197001252e-16
-2.220446049250313e-15
0.0
-5.551115123125783e-16
-6.661338147750939e-16
-2.220446049250313e-16
1.3949176036476274e-08
-9.439526706955803e-07
1.9994989131078e-07
2.121907645147303e-07
1.1255193999026857e-07
-9.961824787296791e-08
-9.200783468443774e-09
-7.0579444511054135e-09
-1.7968298515746992e-09
4.440892098500626e-15
2.643718577388654e-15
-4.163336342344337e-17
2.220446049250313e-16
1.5543122344752192e-15
0.0
-3.608224830031759e-16
1.7763568394002505e-15
2.220446049250313e-16
-2.898024433761748e-07
-1.186376749728879e-06
2.810739374581317e-08
3.2649673187279404e-08
1.5870094571823756e-08
-1.6186588425171067e-07
-3.144720928105471e-09
-3.4515741376139886e-09
-6.094875160123081e-10
-1.9984014443252818e-15
-2.1510571102112408e-16
7.979727989493313e-17
-4.440892098500626e-16
-1.3322676295501878e-15
0.0
9.992007221626409e-16
-1.3322676295501878e-15
0.0
-1.3458300429647352e-06
-1.6975895675841457e-06
-6.913981560607851e-07
-6.858799608266963e-07
-3.6105399203734123e-07
-3.352728015215689e-07
-2.3766997259144773e-09
-3.3714560032649388e-09
-2.0214002693919042e-10
6.661338147750939e-16
-4.1494585545365226e-15
1.3877787807814457e-17
0.0
1.7763568394002505e-15
0.0
-1.7763568394002505e-15
4.440892098500626e-16
1.1102230246251565e-16
-2.9903019651555955e-06
-2.4881335818349726e-06
-1.8185995571684543e-06
-1.8141606368260454e-06
-9.105540730303119e-07
-6.274350070611945e-07
-1.758000856000308e-09
-2.3311641506040814e-10
-2.0936585798381202e-10
-2.6645352591003757e-15
2.3869795029440866e-15
1.3877787807814457e-17
0.0
-1.7763568394002505e-15
-8.881784197001252e-16
1.9984014443252818e-15
2.498001805406602e-16
2.220446049250313e-16
-1.7739647404368952e-06
-1.916654355227365e-06
-8.798011910116088e-07
-8.702112772596138e-07
-3.1630377250735364e-07
-3.6779751511062386e-07
-6.673648300647983e-09
-3.4184211017418424e-09
-1.2907050983557156e-09
8.881784197001252e-15
-1.1379786002407855e-15
-5.551115123125783e-17
-4.440892098500626e-16
8.881784197001252e-16
8.881784197001252e-16
-1.7763568394002505e-15
1.27675647831893e-15
-5.551115123125783e-17
1.0685715778890882e-07
-1.0048870109358177e-06
-8.425736552908347e-08
-1.5879312087463404e-08
-5.412526427051034e-09
-5.118606161147454e-08
-6.837765553768804e-08
2.101527130093928e-08
-3.833812378672974e-08
-1.021405182655144e-14
-8.743006318923108e-16
-2.7755575615628914e-17
0.0
8.881784197001252e-16
-4.440892098500626e-16
1.1102230246251565e-15
-4.440892098500626e-16
0.0
-8.662377055657089e-07
-6.54727671189903e-07
-7.780535256074472e-07
-7.254930878275444e-09
1.6340825137461934e-08
-5.003423808602747e-08
-7.715074374914366e-07
-4.0144034940681195e-07
-9.918942112108198e-08
1.021405182655144e-14
2.6020852139652106e-15
8.326672684688674e-17
0.0
-2.6645352591003757e-15
-1.1102230246251565e-15
-1.5543122344752192e-15
-1.5543122344752192e-15
8.881784197001252e-16
-5.913870424478773e-07
-4.150966788074584e-07
-5.36999493760959e-07
1.5894823235385047e-09
1.603423227525269e-08
-5.433687255695929e-08
-5.383921148904847e-07
-2.816327295818155e-07
-6.948130248929374e-08
-5.773159728050814e-15
-2.7755575615628914e-16
-1.3704315460216776e-16
0.0
1.3322676295501878e-15
7.216449660063518e-16
1.7763568394002505e-15
1.6375789613221059e-15
-4.440892098500626e-16
-2.873829174632192e-07
-2.6341035663790535e-07
-2.881430312129396e-07
9.456702088073143e-09
5.0409141201523955e-09
-5.9415194764156354e-08
-2.963277552225918e-07
-1.4823207550307416e-07
-4.1416605256472394e-08
-6.661338147750939e-16
8.881784197001252e-16
-1.5265566588595902e-16
4.440892098500626e-16
2.220446049250313e-15
-1.6653345369377348e-16
-8.881784197001252e-16
-1.5543122344752192e-15
1.1102230246251565e-16
-1.5466007141640148e-07
-1.616414806449029e-07
-1.6796589363821113e-07
1.2235783941605403e-08
-8.602606182961381e-09
-6.192469936827649e-08
-1.7841842492316573e-07
-8.510139970496766e-08
-2.8602308077552152e-08
1.7763568394002505e-15
-4.163336342344337e-15
2.914335439641036e-16
-4.440892098500626e-16
-6.8833827526759706e-15
-8.881784197001252e-16
-4.440892098500626e-16
2.220446049250313e-16
-8.881784197001252e-16
-9.547636281581617e-08
-1.125091415588031e-07
-9.857626181997149e-08
8.28613622161356e-09
-1.9821509766870804e-08
-6.14180037938894e-08
-1.0510119707873855e-07
-4.727413016603066e-08
-2.3124194115098362e-08
-7.327471962526033e-15
6.38378239159465e-16
-2.498001805406602e-16
1.3322676295501878e-15
3.552713678800501e-15
1.3322676295501878e-15
0.0
5.551115123125783e-16
3.885780586188048e-16
-1.111311043189289e-07
-9.136527978625963e-09
-9.455099103661269e-08
-4.320488855569238e-09
-2.8960169373704048e-08
-5.833066940574838e-08
-8.829935893572838e-08
-4.872789638454833e-08
-3.012445404237951e-08
-6.661338147750939e-16
1.9567680809018384e-15
2.7755575615628914e-17
4.440892098500626e-16
1.7763568394002505e-15
0.0
8.881784197001252e-16
1.3877787807814457e-15
6.522560269672795e-16
-1.5708613076981237e-07
-3.0520084237650735e-08
-1.0870564537412973e-07
-2.3949121796817963e-08
-3.545638360691328e-08
-5.404259972863201e-08
-8.256952099827686e-08
-4.6638403361498604e-08
-3.351552635422195e-08
8.881784197001252e-16
-1.9984014443252818e-15
1.6653345369377348e-16
-1.7763568394002505e-15
2.220446049250313e-16
-8.881784197001252e-16
2.220446049250313e-16
-1.942890293094024e-15
-1.1796119636642288e-16
-1.3120395792043382e-07
-6.563129772985121e-08
-6.978395283852024e-08
-5.26455661287173e-08
-4.517761897915307e-08
-5.045158313343734e-08
-1.464936616457635e-08
-8.714136967569175e-09
-2.726704906308441e-08
1.2212453270876722e-14
4.107825191113079e-15
5.551115123125783e-17
1.3322676295501878e-15
-2.6645352591003757e-15
0.0
-8.881784197001252e-16
6.661338147750939e-16
-5.967448757360216e-16
1.1117339937527504e-08
-1.5292676636136093e-07
5.571651842672942e-08
-9.371192888352198e-08
-5.80414503126292e-08
-4.7986948192857426e-08
1.523571526718115e-07
8.478738777739636e-08
-8.229307013607468e-09
-1.554312234475219e-14
-2.2620794126737565e-15
-5.551115123125783e-17
6.661338147750939e-16
8.881784197001252e-16
0.0
4.440892098500626e-16
1.3322676295501878e-15
1.3877787807814457e-16
8.468196810440531e-07
-7.018143293180401e-07
7.043105210158273e-07
2.19960604397329e-07
1.9808398565857033e-07
-1.6687204951182366e-09
4.863194114079761e-07
2.719670924022921e-07
3.441532214765175e-08
1.0658141036401503e-14
-1.429412144204889e-15
0.0
-8.881784197001252e-16
4.440892098500626e-16
0.0
-2.220446049250313e-16
-1.6653345369377348e-15
-3.3306690738754696e-16
1.8750929253741333e-06
-9.36385282201968e-07
1.4859312607029551e-06
4.910749771269707e-07
3.749558477039727e-07
2.3533888393600932e-08
9.94935842157929e-07
5.582787636626563e-07
1.0388781390702206e-07
-4.440892098500626e-15
4.163336342344337e-15
-2.5673907444456745e-16
2.2898349882893854e-15
2.6645352591003757e-15
-2.220446049250313e-16
0.0
-2.220446049250313e-16
9.992007221626409e-16
2.62365038805612e-06
-1.3432583791939123e-06
2.009979345629631e-06
4.32722842225175e-07
3.468673015483148e-07
2.1617820866737247e-09
1.5768471177679544e-06
8.877712733834642e-07
1.8207857976904052e-07
-5.995204332975845e-15
-2.275957200481571e-15
9.020562075079397e-17
-2.1094237467877974e-15
-4.440892098500626e-15
4.440892098500626e-16
0.0
2.220446049250313e-16
-2.220446049250313e-16
2.8433103480551836e-06
-2.3042531509531727e-06
1.9830466406745018e-06
1.0117187532188154e-07
1.5615174531191656e-07
-2.122525039061074e-08
1.8823775238541174e-06
1.062607483781619e-06
2.136110026640381e-07
7.993605777301127e-15
1.6514567491299204e-15
-9.71445146547012e-17
-6.661338147750939e-16
1.7763568394002505e-15
-2.220446049250313e-16
4.440892098500626e-16
1.1796119636642288e-15
-4.440892098500626e-16
1.1494565015368607e-06
5.200292108042958e-07
1.1819995577866393e-06
7.88480249980239e-08
-1.1047781711681635e-07
-1.2989466613433365e-08
1.0991704044727157e-06
6.227272139058826e-07
1.0006850459376437e-07
-7.993605777301127e-15
-4.274358644806853e-15
1.3877787807814457e-16
-2.220446049250313e-16
8.881784197001252e-16
0.0
2.220446049250313e-16
-1.0547118733938987e-15
2.220446049250313e-16
1.317187141580689e-07
6.337349134355463e-07
5.235365563294181e-07
-2.0984975535043304e-08
-8.337224066679028e-08
-1.0455631915817776e-09
5.424105911089327e-07
3.112267910054811e-07
2.702549295463541e-10
1.6653345369377348e-14
3.816391647148976e-15
-1.3877787807814457e-16
1.3322676295501878e-15
0.0
0.0
-3.3306690738754696e-16
-8.881784197001252e-16
-2.220446049250313e-16
-9.482840113150814e-08
-1.2404392748521786e-06
1.5709057166191087e-07
-5.449739504115314e-08
-1.3387738917458591e-08
-6.442446465193541e-09
2.109744450251583e-07
1.3435852785903535e-07
-1.2109979508068136e-07
-7.327471962526033e-15
-3.969047313034935e-15
2.498001805406602e-16
-9.992007221626409e-16
-4.440892098500626e-16
0.0
0.0
1.9984014443252818e-15
0.0
-1.9044416221802862e-07
-8.380962981391348e-07
-2.48817112691313e-07
-2.8932042539508984e-08
2.730861581312638e-08
-1.1496444463077182e-08
-2.2280994826928688e-07
-1.0081653378790634e-07
-1.9634827097547713e-08
1.7763568394002505e-15
7.216449660063518e-16
-2.498001805406602e-16
-6.661338147750939e-16
-4.440892098500626e-16
-2.220446049250313e-16
1.1102230246251565e-16
-1.3322676295501878e-15
0.0
-3.794657583711114e-07
4.017053925053915e-07
-4.0200483120145236e-07
-2.450864400316277e-09
7.89958853886219e-09
-6.300212462839738e-09
-3.9866040424385574e-07
-2.3698774320735086e-07
-1.1721052094182394e-08
-9.103828801926284e-15
8.326672684688674e-16
2.7755575615628914e-17
2.6645352591003757e-15
-5.551115123125783e-17
0.0
3.3306690738754696e-16
0.0
-6.938893903907228e-17
-7.337537226703716e-07
1.3916448438067164e-06
-1.308389926180098e-06
1.721063270565537e-06
1.0813902111550533e-06
3.1771210373676695e-07
-3.021995915730713e-06
-1.7729812524791555e-06
-1.4732890836477441e-07
3.9968028886505635e-15
-1.3322676295501878e-15
1.1102230246251565e-16
-2.6645352591003757e-15
-9.992007221626409e-16
4.440892098500626e-16
-1.942890293094024e-16
-1.7763568394002505e-15
4.440892098500626e-16
5.905958460061811e-07
-6.637051114921633e-06
-8.639288751055574e-08
5.710826656013524e-08
4.719166390998453e-08
-2.3706370022580359e-07
-1.3493264816588635e-07
-3.297323303286248e-09
-3.076594374817887e-07
1.4210854715202004e-14
2.6194324487249787e-15
-5.551115123125783e-17
5.551115123125783e-16
4.440892098500626e-16
-4.440892098500626e-16
-1.1102230246251565e-16
4.440892098500626e-15
0.0
-1.9371106283472272e-06
-3.5937553093390302e-06
-1.7654518273957363e-06
-1.8962588583804065e-06
-9.604561590492722e-07
-2.8288994613490104e-07
1.1846428193962309e-07
1.2278071892524167e-07
-1.0940184225205485e-07
-1.554312234475219e-14
1.942890293094024e-15
0.0
8.881784197001252e-16
4.440892098500626e-16
0.0
-2.220446049250313e-16
-4.884981308350689e-15
0.0
-1.949593873007416e-06
-2.3670073687753757e-06
-1.6979759038804332e-06
-1.3587732894393412e-06
-6.864259907146675e-07
-2.0315589033259587e-07
-3.426290948738142e-07
-1.3273984844630604e-07
-1.398936859686728e-07
4.6629367034256575e-15
-1.3877787807814457e-16
-5.551115123125783e-17
-8.881784197001252e-16
1.3322676295501878e-15
0.0
0.0
8.881784197001252e-16
0.0
-5.236126909835548e-07
-1.909036106084727e-06
-6.38993306267821e-07
-6.255810021116304e-07
-2.567047254764532e-07
-1.4079097354624537e-07
-1.7579607103357375e-08
8.014014341028997e-09
-2.884881125653216e-09
6.661338147750939e-16
-3.774758283725532e-15
5.551115123125783e-17
8.881784197001252e-16
-2.220446049250313e-16
0.0
-4.440892098500626e-16
-8.881784197001252e-16
0.0
-2.18274500696225e-07
-1.5412848597406992e-06
-4.0856076743978065e-07
-4.2016986157022984e-07
-1.8782089439284277e-07
-1.7547009889540277e-07
9.930372968369738e-09
1.1478141104248607e-08
1.815436689867056e-11
-9.547918011776346e-15
1.7069679003611782e-15
0.0
-1.1102230246251565e-15
-1.9984014443252818e-15
0.0
4.440892098500626e-16
-8.881784197001252e-16
0.0
-4.881915600662978e-07
-9.927332200732053e-07
-5.921103678474537e-07
-6.183789817981733e-07
-3.5148503485515903e-07
-1.8913727473091058e-07
2.763070128253275e-08
1.8132488751806952e-08
9.371824982729038e-10
1.9317880628477724e-14
1.429412144204889e-15
0.0
4.440892098500626e-16
6.661338147750939e-16
-4.440892098500626e-16
-8.881784197001252e-16
6.217248937900877e-15
0.0
-1.5954600485201809e-07
-5.823074482602664e-07
-2.515484869292095e-07
-2.791628954668113e-07
-1.590622167313427e-07
-1.0435665842578601e-07
2.741843729836546e-08
1.2235814139671675e-08
7.018841063910486e-10
-1.3100631690576847e-14
9.575673587391975e-16
0.0
4.440892098500626e-16
-8.326672684688674e-16
-2.7755575615628914e-16
-8.881784197001252e-16
-4.440892098500626e-16
-5.620504062164855e-16
4.5582663688037423e-07
-3.301963928947771e-07
3.0915915871787547e-07
2.8801286333646203e-07
1.6404801472802433e-07
-1.0010552387029747e-08
2.0322937999139864e-08
6.304023969505579e-10
-3.106475077174764e-10
-5.551115123125783e-15
3.191891195797325e-16
-2.7755575615628914e-17
-6.661338147750939e-16
1.4432899320127035e-15
7.771561172376096e-16
1.3322676295501878e-15
-3.9968028886505635e-15
-2.220446049250313e-16
4.805038287258867e-07
-2.632938347346681e-07
3.547582702045915e-07
3.421533261160903e-07
1.955971229428144e-07
2.2527473220179672e-09
1.211101707809803e-08
-6.706880384399483e-09
-1.0271619110824304e-09
6.5503158452884236e-15
-2.609024107869118e-15
2.7755575615628914e-17
8.881784197001252e-16
9.992007221626409e-16
-5.551115123125783e-16
-1.7763568394002505e-15
-1.1102230246251565e-15
8.881784197001252e-16
2.3609365484844602e-07
-2.4455572500414746e-07
1.7225380055663209e-07
1.671378262457779e-07
9.630665420701234e-08
-1.972070151623484e-08
5.06049513404605e-09
-1.4485415533727064e-08
-1.7477819191924482e-09
9.547918011776346e-15
-3.3306690738754696e-16
0.0
-4.440892098500626e-16
-2.220446049250313e-16
1.1102230246251565e-16
1.3322676295501878e-15
2.886579864025407e-15
-4.440892098500626e-16
1.3225893269463995e-08
-2.3890178724172983e-07
1.1469725613721948e-08
1.4822737370856487e-08
9.272479228883412e-09
-4.09199998330223e-08
-2.725641046197325e-09
-2.2503956031982852e-08
-2.6696053145869314e-09
-1.354472090042691e-14
1.6930901125533637e-15
-5.551115123125783e-17
2.220446049250313e-16
-8.881784197001252e-16
6.106226635438361e-16
-1.7763568394002505e-15
-4.218847493575595e-15
-8.881784197001252e-16
-1.694038260779962e-07
-2.516375374739255e-07
-1.2177099684151926e-07
-1.0609502348879474e-07
-6.06635213173945e-08
-5.918671064364389e-08
-1.3861746417376253e-08
-2.6668688146713748e-08
-3.500565504133135e-09
1.3877787807814457e-14
-2.1510571102112408e-15
5.551115123125783e-17
0.0
-1.3322676295501878e-15
1.6653345369377348e-16
2.6645352591003757e-15
-8.881784197001252e-16
1.3322676295501878e-15
-2.713259803499568e-07
-2.7273341629552306e-07
-1.9634702574933274e-07
-1.6758357146429148e-07
-9.690418734109585e-08
-7.05063740724654e-08
-2.5874954623361646e-08
-2.981919844380343e-08
-4.1435794795319225e-09
-1.3322676295501878e-14
-8.881784197001252e-16
5.551115123125783e-17
0.0
-3.3306690738754696e-16
-3.3306690738754696e-16
2.220446049250313e-16
2.220446049250313e-15
-8.881784197001252e-16
-2.9857080274808823e-07
-2.863799863916938e-07
-2.0911697262704362e-07
-1.709587034420118e-07
-1.0012469697784354e-07
-7.524391776314587e-08
-3.471302223445605e-08
-3.515894764216654e-08
-4.227371785958667e-09
1.5765166949677223e-14
4.28129753871076e-15
5.551115123125783e-17
0.0
3.3306690738754696e-16
-2.220446049250313e-16
-1.1102230246251565e-16
8.881784197001252e-16
0.0
-2.3025064344039947e-07
-2.9667023682122817e-07
-1.427333327086444e-07
-1.0470984579402653e-07
-6.401046359627571e-08
-6.858123668962435e-08
-3.4958710093402345e-08
-3.4828011585830154e-08
-2.595713199937677e-09
-5.88418203051333e-15
-2.8917840344533374e-15
-1.1102230246251565e-16
0.0
1.5543122344752192e-15
2.7755575615628914e-16
-2.1094237467877974e-15
0.0
4.440892098500626e-16
-1.3423713340898755e-07
-3.3121477827080525e-07
-5.486746879057592e-08
-1.7799368867699172e-08
-1.5713682799400885e-08
-5.796126600898788e-08
-3.467688980407502e-08
-3.003122461819885e-08
-1.0520952720138865e-09
-1.3100631690576847e-14
7.355227538141662e-16
0.0
-2.220446049250313e-16
-7.771561172376096e-16
1.6653345369377348e-16
1.7208456881689926e-15
-8.881784197001252e-16
0.0
-1.656576813502397e-07
-4.4437285851017805e-07
-6.805527430486791e-08
-3.660927117010715e-08
-2.7901332799729062e-08
-7.110481448080463e-08
-2.8783143868338357e-08
-2.302506896256773e-08
-1.075338526557168e-09
7.105427357601002e-15
-1.9984014443252818e-15
8.326672684688674e-17
2.220446049250313e-16
-1.0269562977782698e-15
-1.3877787807814457e-16
-1.7763568394002505e-15
2.6645352591003757e-15
0.0
-2.867247275162299e-07
-5.798450217753269e-07
-1.4570113160417009e-07
-1.292408198239059e-07
-8.313287125361057e-08
-1.0554802543083497e-07
-1.2905872814883423e-08
-1.7895390058697558e-08
-2.2280823575027142e-09
-9.103828801926284e-15
3.1225022567582528e-15
-1.942890293094024e-16
-2.220446049250313e-16
2.220446049250313e-15
-3.3306690738754696e-16
1.5543122344752192e-15
-1.7763568394002505e-15
-4.440892098500626e-16
-2.798110187995917e-07
-6.36570909762213e-07
-1.2784344605165643e-07
-1.1030409347023708e-07
-7.205794361198059e-08
-1.1486375228741963e-07
-1.573034413837604e-08
-2.044916058707713e-08
-4.487995530766398e-09
1.6431300764452317e-14
-2.3592239273284576e-15
2.7755575615628914e-17
-2.220446049250313e-16
-8.881784197001252e-16
0.0
-1.9984014443252818e-15
0.0
0.0
-1.7536646623739216e-07
-6.613395591159588e-07
-5.159086313710759e-08
-8.464753786796564e-09
-1.0960417462513306e-08
-9.913183873777598e-08
-4.4078070082775866e-08
-3.040033114132257e-08
-8.806372742142798e-09
-6.439293542825908e-15
4.163336342344337e-16
5.551115123125783e-17
-4.440892098500626e-16
-1.4432899320127035e-15
4.440892098500626e-16
1.7763568394002505e-15
-8.881784197001252e-16
2.220446049250313e-16
-2.3082735367552234e-07
-8.04746694171854e-07
-8.540344698104718e-08
-1.0568559360990548e-08
-8.600230305688683e-09
-1.0993116461577301e-07
-7.72243637925385e-08
-4.469525372030603e-08
-1.4747866039499513e-08
6.439293542825908e-15
-3.608224830031759e-16
1.1102230246251565e-16
2.220446049250313e-16
1.7763568394002505e-15
0.0
6.106226635438361e-16
4.440892098500626e-16
2.220446049250313e-16
-7.577464486985264e-07
-1.1158443982139943e-06
-4.362353003273256e-07
-3.627114377735552e-07
-1.9849580512598664e-07
-2.0325315119862353e-07
-7.782751798579568e-08
-4.538138398402225e-08
-1.459024812078269e-08
-1.3766765505351941e-14
2.498001805406602e-16
-1.1102230246251565e-16
-1.1102230246251565e-16
-1.1102230246251565e-15
0.0
-1.1102230246251565e-16
1.3322676295501878e-15
-1.1102230246251565e-16
-2.0933710516146675e-06
-2.2329187459035893e-06
-1.2425386184400367e-06
-1.1979332423806e-06
-6.469181270674085e-07
-4.884495012902335e-07
-4.640096928909543e-08
-2.7656369638862088e-08
-7.20680426447018e-09
-1.9984014443252818e-15
-6.522560269672795e-16
0.0
1.1102230246251565e-16
-4.440892098500626e-16
-4.440892098500626e-16
1.1102230246251565e-16
4.440892098500626e-16
-1.1102230246251565e-16
-5.983126214914591e-06
-6.049615748793258e-06
-3.509882944285891e-06
-3.4970291444835766e-06
-1.7369244744713797e-06
-1.2999204415109489e-06
-1.8602928975042232e-08
-1.8610795571305516e-08
-4.638569445214458e-09
2.220446049250313e-16
-4.440892098500626e-16
-1.1102230246251565e-16
0.0
2.6645352591003757e-15
-8.881784197001252e-16
-3.3306690738754696e-16
1.3322676295501878e-15
-4.440892098500626e-16
-6.8357206259861405e-06
-9.265934750146698e-06
-3.123810678573591e-06
-3.1076586086697944e-06
-1.0157493068874146e-06
-1.4131561130170667e-06
-2.36757196070414e-08
-3.440614282368415e-08
-9.161577052552161e-09
1.709743457922741e-14
3.3861802251067274e-15
2.7755575615628914e-17
4.440892098500626e-16
-2.6645352591003757e-15
0.0
-1.3322676295501878e-15
-1.3322676295501878e-15
4.440892098500626e-16
5.69623861679247e-06
-5.588819078639062e-06
3.206788107945613e-06
2.0736452732705857e-07
1.1433311319919426e-07
-2.0271364808976958e-08
2.997207339205943e-06
1.9596386948705913e-06
-2.772544380746922e-07
-1.1546319456101628e-14
5.551115123125783e-17
5.551115123125783e-17
0.0
-8.881784197001252e-16
1.3322676295501878e-15
4.440892098500626e-16
-2.220446049250313e-15
8.881784197001252e-16
-4.9783835720518255e-06
-5.763190870311519e-06
-4.454025159361663e-06
3.213234300858403e-08
-2.0801795619362906e-08
-5.5657128461561456e-08
-4.49678751834881e-06
-1.9489433711328275e-06
-1.6739930686071602e-07
1.4876988529977098e-14
-1.6792123247455493e-15
6.938893903907228e-18
0.0
0.0
-6.661338147750939e-16
-2.220446049250313e-16
1.1102230246251565e-15
0.0
-6.976954338711039e-07
1.3200576631788863e-07
-5.680375920746883e-07
-2.968071477482681e-08
7.660672096676535e-10
-5.820905557563095e-08
-5.330751413623602e-07
-3.282315006458702e-07
-1.4340739440399375e-07
-1.554312234475219e-14
-2.3418766925686896e-16
-5.551115123125783e-17
0.0
-3.552713678800501e-15
7.771561172376096e-16
2.220446049250313e-16
1.9984014443252818e-15
4.440892098500626e-16
6.736599900136753e-07
-5.843930921400897e-07
5.548038259917121e-07
-3.2216506795634814e-08
-1.0765768276854715e-09
-6.28398064694835e-08
5.893384269484159e-07
3.8556556347657533e-07
4.298454570061949e-08
6.8833827526759706e-15
-1.0269562977782698e-15
2.7755575615628914e-17
0.0
8.881784197001252e-16
-2.7755575615628914e-16
-1.3322676295501878e-15
-1.8995222061946038e-16
-8.881784197001252e-16
5.078879397046876e-07
-4.979605989774427e-07
4.4518965758300055e-07
-3.762864686507328e-08
-1.0207698686315325e-08
-6.547344333363014e-08
4.837976348426309e-07
3.183396017902851e-07
3.954149008222885e-08
1.3322676295501878e-15
-5.551115123125783e-17
1.1275702593849246e-17
4.440892098500626e-16
7.327471962526033e-15
-1.5543122344752192e-15
2.6645352591003757e-15
-2.6645352591003757e-15
2.220446049250313e-16
-5.655775225932302e-08
-3.8754674847041315e-07
1.4111845914044352e-08
-4.834158850997027e-08
-1.516292069680958e-08
-6.579523592620262e-08
6.292570375876494e-08
6.708706479230386e-08
-1.0135643435660313e-08
7.771561172376096e-15
3.4416913763379853e-15
-5.204170427930421e-17
-8.881784197001252e-16
-4.551914400963142e-15
8.881784197001252e-16
-1.3322676295501878e-15
0.0
1.0547118733938987e-15
-2.28560740112016e-07
-3.9069954027581844e-07
-1.6535102709269722e-07
-5.987859630351977e-08
-2.43515243525394e-08
-6.431947441321029e-08
-1.053300096032217e-07
-3.747953769561718e-08
-3.2148207651516714e-08
-1.4876988529977098e-14
-1.27675647831893e-15
4.85722573273506e-17
1.3322676295501878e-15
5.662137425588298e-15
4.440892098500626e-16
4.440892098500626e-16
0.0
-1.4988010832439613e-15
-2.7833686999656493e-07
-3.9160070741672826e-09
-2.9500970377682734e-07
-1.1704536717616065e-07
-8.182542909906942e-08
-7.175701899342357e-08
-1.7794238438284538e-07
-1.1405648869811104e-07
-5.663049051918279e-08
3.3306690738754696e-15
-2.220446049250313e-15
-5.551115123125783e-17
-4.440892098500626e-16
-3.1086244689504383e-15
4.440892098500626e-16
-6.661338147750939e-16
-6.661338147750939e-16
-3.8163916471489756e-16
-6.873459881262534e-07
4.607123287314608e-07
-6.733373698608602e-07
-5.234197928416506e-07
-4.2900777064147633e-07
-1.3938294740611923e-07
-1.5007437070835294e-07
-9.073157958283673e-08
-5.257155777371736e-08
5.10702591327572e-15
-8.604228440844963e-16
5.551115123125783e-17
0.0
-4.440892098500626e-16
0.0
2.220446049250313e-16
8.881784197001252e-16
1.4849232954361469e-15
-5.7681844864987406e-06
6.048405055025796e-06
-4.834071045900501e-06
-4.758079796829406e-06
-3.860102010033728e-06
-7.601282190350389e-07
-7.616269570576151e-08
-4.416650689620383e-08
-4.3002785332646454e-08
-6.661338147750939e-15
-3.0531133177191805e-16
-5.551115123125783e-17
6.661338147750939e-16
0.0
0.0
-2.220446049250313e-16
-8.326672684688674e-16
-1.1102230246251565e-16
-1.1550404927618274e-05
1.1730483613803244e-05
-8.87052917342146e-06
-8.939440748534366e-06
-7.14838552795527e-06
-1.1162244755169581e-06
6.868929780523558e-08
3.804807402474353e-08
-1.998812138026551e-08
6.661338147750939e-16
9.992007221626409e-16
5.551115123125783e-17
-8.881784197001252e-16
-8.881784197001252e-16
-8.881784197001252e-16
0.0
1.887379141862766e-15
-3.3306690738754696e-16
3.3338394445081576e-07
-9.73756858257957e-07
2.5724839858298765e-07
2.222244352978464e-07
2.4999833048156006e-07
-9.157274938331739e-09
3.5548533894314005e-08
2.0066594608181276e-08
-2.369402807289589e-08
1.0658141036401503e-14
1.3600232051658168e-15
-1.3877787807814457e-16
6.106226635438361e-16
2.6645352591003757e-15
-2.220446049250313e-16
2.220446049250313e-16
-1.8318679906315083e-15
-2.220446049250313e-16
-4.0297964394309105e-06
3.4454556043783673e-06
-2.7247499545524083e-06
-2.6534771384589817e-06
-1.9930871930640137e-06
-1.544092332883551e-07
-7.085811670748399e-08
-3.973518580835389e-08
-3.774482593144057e-08
-6.217248937900877e-15
1.1934897514720433e-15
4.163336342344337e-17
-1.1102230246251565e-15
0.0
2.220446049250313e-16
-2.220446049250313e-16
2.6367796834847468e-15
8.881784197001252e-16
-1.7296968835012197e-07
-1.2247065228621068e-07
-1.2569914886739753e-07
-8.346423374661072e-08
-5.956319526490005e-08
-1.8514664912316903e-08
-4.2206767858488086e-08
-2.3787483982573576e-08
-3.636628775893769e-08
-6.661338147750939e-15
-3.3029134982598407e-15
2.0816681711721685e-17
1.3322676295501878e-15
-1.7763568394002505e-15
0.0
2.220446049250313e-16
-5.551115123125783e-16
-4.440892098500626e-16
-2.399725218538151e-07
-4.424201165420527e-07
-2.2290433143723476e-07
-4.947372289620944e-09
1.651765835219976e-08
-1.777322272689119e-08
-2.1603109967571754e-07
-1.2155867940011333e-07
-5.940103164903122e-08
3.552713678800501e-15
3.3306690738754696e-15
-1.1102230246251565e-16
4.440892098500626e-16
-8.881784197001252e-16
0.0
-2.220446049250313e-16
-7.632783294297951e-16
0.0
-4.2940585842643486e-07
-2.805988970067119e-07
-3.799337537913061e-07
6.201782198900219e-09
3.7139180619760737e-10
-1.4668226300251773e-08
-3.866653219830596e-07
-2.190716514860469e-07
-8.7759531197662e-08
-7.327471962526033e-15
7.771561172376096e-16
2.220446049250313e-16
-8.881784197001252e-16
0.0
0.0
0.0
-9.992007221626409e-16
-4.440892098500626e-16
-8.542700058455921e-07
-3.426802166472953e-07
-6.779125332201374e-07
-3.197691000877967e-10
-3.3664608878325453e-09
-1.334984589540511e-08
-6.780104673254073e-07
-3.8323083284552695e-07
-1.5855702173439565e-07
9.325873406851315e-15
-3.1988300897012323e-15
2.7755575615628914e-17
2.220446049250313e-16
4.440892098500626e-16
1.1102230246251565e-16
-4.440892098500626e-16
8.881784197001252e-16
0.0
-3.2809859940030606e-08
6.867719548608875e-08
-1.830843920913594e-09
-2.9932216705219616e-09
-1.987910280831784e-09
-1.1405295818889272e-08
1.1047731618418766e-09
1.4181491536646718e-09
-5.411227022023013e-11
-1.0658141036401503e-14
2.220446049250313e-16
-1.1102230246251565e-16
-4.440892098500626e-16
1.7208456881689926e-15
-2.220446049250313e-16
2.220446049250313e-16
-2.220446049250313e-16
0.0
-2.2486926987141942e-08
5.921663159824675e-08
9.842011650107452e-10
-1.9057146971590555e-09
-4.37255209817522e-09
2.617787675518457e-08
2.8003981356050645e-09
3.109978941040481e-09
-8.380626748127895e-11
9.769962616701378e-15
3.552713678800501e-15
1.1102230246251565e-16
-1.2212453270876722e-15
-8.881784197001252e-16
0.0
3.608224830031759e-16
1.1102230246251565e-15
-2.7755575615628914e-16
-3.016426219915047e-09
-1.8929881662188563e-08
-8.582533794765368e-09
-5.2200661571077944e-09
-2.8815350106015103e-09
-2.5038977558011766e-09
-3.4875675680723357e-09
-3.0914009130356135e-09
-1.0029846397863196e-10
7.771561172376096e-15
-2.9976021664879227e-15
-5.551115123125783e-17
4.440892098500626e-16
2.220446049250313e-16
2.220446049250313e-16
-4.996003610813204e-16
1.3322676295501878e-15
8.881784197001252e-16
-1.1817509459888242e-06
9.607653055354604e-07
-1.1734832057186395e-06
-2.835725254612953e-08
-1.4402217196618494e-08
-2.5074507720157513e-08
-1.1452952541901595e-06
-6.832695556013846e-07
-8.729591077782928e-08
-1.6431300764452317e-14
-8.881784197001252e-16
0.0
2.220446049250313e-15
-3.3306690738754696e-16
-4.440892098500626e-16
2.220446049250313e-16
8.881784197001252e-16
-4.440892098500626e-16
-2.8264318814308353e-06
-2.7493177867654595e-06
-2.007840173234854e-06
1.7517045591830538e-07
1.1981819802997506e-07
3.9163444043310847e-08
-2.183555629642342e-06
-1.0816021926984831e-06
-6.14295592171743e-07
4.440892098500626e-15
2.6506574712925612e-15
-5.551115123125783e-17
-6.661338147750939e-16
-1.3322676295501878e-15
-4.440892098500626e-16
0.0
0.0
0.0
-1.30594195724143e-06
-2.0682931562987505e-06
-7.081529673769182e-07
4.72435104370561e-08
4.734692282681863e-08
-5.29782795410938e-09
-7.552134881905204e-07
-2.5222875787989096e-07
-3.0394648220521963e-07
-3.552713678800501e-15
-8.465450562766819e-16
0.0
-6.661338147750939e-16
4.440892098500626e-16
0.0
0.0
0.0
-8.881784197001252e-16
-2.8432168619474396e-08
-1.918965608638246e-07
-4.8119638051957736e-08
-5.370383604486051e-08
-1.2121773806939018e-08
-1.5633652594715386e-08
6.105924654775663e-09
-3.0872726597408473e-10
6.246934081133304e-10
1.7541523789077473e-14
-1.949829186997931e-15
2.7755575615628914e-17
0.0
1.7763568394002505e-15
0.0
-4.440892098500626e-16
-1.7763568394002505e-15
1.7763568394002505e-15
1.3266088672025944e-08
-2.485250121253557e-07
-1.2251870629143012e-08
-1.5277823450787764e-08
9.96626425830982e-09
-1.840313501588753e-08
3.722183450349803e-09
1.5226042648919247e-11
7.678861713156238e-11
-1.7763568394002505e-14
-8.81239525796218e-16
-4.85722573273506e-17
0.0
4.440892098500626e-16
8.881784197001252e-16
8.881784197001252e-16
-1.7763568394002505e-15
8.881784197001252e-16
-9.972174552785873e-08
-1.1198934757317148e-07
-9.729972383354381e-08
-9.687893243182089e-08
-5.3680226042018824e-08
-2.962811151974165e-08
-5.375122569262203e-10
-9.89565540621129e-10
-1.5758616633831934e-11
1.0436096431476471e-14
2.525757381022231e-15
2.7755575615628914e-17
-4.440892098500626e-16
-2.3314683517128287e-15
1.1102230246251565e-16
-8.881784197001252e-16
3.552713678800501e-15
0.0
-1.02597255136061e-07
-6.904049598688289e-08
-9.204670892160037e-08
-9.150690871706502e-08
-5.123493984626748e-08
-2.2857420844957232e-08
-8.385336869309866e-10
-1.0375833525699818e-10
-1.595523713149305e-11
-1.021405182655144e-14
1.3183898417423734e-15
2.7755575615628914e-17
4.440892098500626e-16
1.249000902703301e-16
-2.636779683484747e-16
0.0
4.440892098500626e-16
-1.6653345369377348e-15
-3.7740136349384557e-08
-4.462333436094923e-08
-3.3732817872333953e-08
-3.236244294768653e-08
-1.8020661407547323e-08
-1.1868181104546237e-08
-1.5977050793480883e-09
5.720979245893432e-10
3.2452263099003176e-11
1.5654144647214707e-14
5.551115123125783e-17
-5.551115123125783e-17
2.220446049250313e-16
1.0547118733938987e-15
-6.661338147750939e-16
-8.881784197001252e-16
-3.3306690738754696e-15
-4.440892098500626e-16
-2.8958972109194292e-08
-3.76251492184565e-08
-1.9262748729431678e-08
-1.5748109594149184e-08
-8.552492047897431e-09
-8.309228860525764e-09
-3.806347237400587e-09
1.709177688269392e-09
7.010569902377028e-11
-1.5543122344752192e-15
-2.858824288409778e-15
0.0
-2.220446049250313e-16
-1.2212453270876722e-15
7.771561172376096e-16
4.440892098500626e-16
3.2127078775090467e-15
4.440892098500626e-16
-2.523863074088695e-08
-1.658515813574013e-08
-1.8648443678159765e-08
-2.090337980487078e-08
-1.1679198941294544e-08
-7.443915706062398e-09
1.478018596401398e-09
2.547403177288743e-09
9.946843348984657e-11
-1.3322676295501878e-15
3.635980405647388e-15
5.551115123125783e-17
4.440892098500626e-16
2.220446049250313e-15
-5.551115123125783e-16
2.220446049250313e-15
2.4424906541753444e-15
1.3322676295501878e-15
1.0615149648174338e-08
1.0248964343873013e-08
2.4785125063431224e-09
-4.579223888967476e-09
-2.4012258847960766e-09
-6.053767265257193e-09
7.090701359402374e-09
-3.0739677470137394e-10
5.816269688097009e-11
3.4416913763379853e-15
-1.1102230246251565e-16
5.551115123125783e-17
0.0
0.0
-2.220446049250313e-16
-1.9984014443252818e-15
-1.7763568394002505e-15
-1.3322676295501878e-15
2.229323214919532e-08
-3.1295577684886666e-08
1.451868314461535e-08
1.4674957637961228e-08
8.160965320191949e-09
-7.419451719670177e-09
1.4338681353365246e-09
-2.6244784123719e-10
-8.855804978225024e-11
-1.4432899320127035e-14
-4.85722573273506e-15
-1.6653345369377348e-16
2.220446049250313e-16
-1.3322676295501878e-15
4.440892098500626e-16
-6.661338147750939e-16
-5.329070518200751e-15
8.881784197001252e-16
-1.9914565996259626e-08
-1.3262332743124716e-07
-1.715042330374672e-08
-9.601080971921583e-09
-7.186381711932199e-09
-2.119092101793285e-08
-3.07180414438335e-09
1.446398556481654e-09
-3.5981162493925467e-10
1.6209256159527285e-14
3.219646771412954e-15
5.551115123125783e-17
0.0
-6.661338147750939e-16
0.0
8.881784197001252e-16
8.881784197001252e-16
1.3322676295501878e-15
-9.860136884753956e-08
-2.3000504256742715e-07
-7.872973650790982e-08
-6.372404470766924e-08
-4.027109756776781e-08
-4.3083375089736364e-08
-6.75460487542523e-09
-3.4568103934873307e-09
-1.06554809420345e-09
-3.774758283725532e-15
-2.0469737016526324e-15
1.6653345369377348e-16
0.0
1.6653345369377348e-15
3.3306690738754696e-16
-4.440892098500626e-16
0.0
-8.881784197001252e-16
-1.3764862671905576e-07
-2.893896464684076e-07
-1.0089416146996655e-07
-7.997158890660216e-08
-5.076842679585525e-08
-5.7710074941041967e-08
-1.0867307942419302e-08
-1.2834017404372844e-08
-8.812058860385719e-10
-1.7319479184152442e-14
-3.157196726277789e-16
-2.220446049250313e-16
0.0
-5.551115123125783e-17
-4.440892098500626e-16
3.191891195797325e-15
1.7763568394002505e-15
4.440892098500626e-16
-1.129319215920077e-07
-3.9005499274935573e-07
-7.032275295415502e-08
-5.470360209258729e-08
-3.61132537207709e-08
-5.9356828785439575e-08
-8.878872748141475e-09
-5.310760720078633e-09
-4.3592879306331156e-10
1.7763568394002505e-15
1.970645868709653e-15
5.551115123125783e-17
0.0
-1.5543122344752192e-15
3.3306690738754696e-16
-2.220446049250313e-15
-2.6645352591003757e-15
0.0
-7.580696603781689e-08
-4.4419513756110973e-07
-4.105076367721949e-08
-4.0048580340901196e-08
-2.6626454818767797e-08
-5.4805575189220683e-08
5.420295323688151e-10
4.484785876002206e-09
-5.313592899014452e-10
6.8833827526759706e-15
-8.604228440844963e-16
2.7755575615628914e-17
0.0
1.3877787807814457e-16
-1.1102230246251565e-16
-1.1102230246251565e-16
2.6645352591003757e-15
4.440892098500626e-16
-1.1054845572289196e-07
-4.3738782551372424e-07
-6.76244518160729e-08
-6.13321939901823e-08
-3.732167019876442e-08
-5.462410967993492e-08
-8.219871894254993e-09
7.735323492852331e-10
-3.016885630202637e-10
-1.7763568394002505e-15
-1.0547118733938987e-15
1.3877787807814457e-16
-4.440892098500626e-16
1.7763568394002505e-15
0.0
-1.1102230246251565e-16
-8.881784197001252e-16
-2.220446049250313e-16
6.242916583687474e-08
-4.501466719375458e-07
9.034123493734114e-08
8.165383125202652e-08
4.717518642394225e-08
-2.5848656548532745e-08
2.856648251281513e-10
6.302089516907472e-09
-4.5495446299170794e-10
1.4210854715202004e-14
-8.604228440844963e-16
-3.400058012914542e-16
1.1102230246251565e-16
-5.551115123125783e-16
0.0
-1.1102230246251565e-15
-4.440892098500626e-16
0.0
9.37315149940332e-08
-4.134362754371068e-07
1.819265929015046e-07
1.5560968158467858e-07
9.310239895699013e-08
-2.1121330462392507e-08
1.4158674233044621e-08
-6.38564756627602e-11
-4.1175929332837313e-10
-1.7985612998927536e-14
1.582067810090848e-15
3.2959746043559335e-16
8.881784197001252e-16
8.881784197001252e-16
0.0
8.881784197001252e-16
-8.881784197001252e-16
2.7755575615628914e-17
-1.808931529012625e-07
-4.205985675298507e-07
2.189930725648992e-08
3.1723740079314666e-08
2.416738897892401e-08
-6.16218329696494e-08
-1.805470484228522e-08
-1.619674350195055e-08
-2.2866126769827133e-09
-1.5543122344752192e-15
-8.604228440844963e-16
-2.3722343533982837e-16
3.3306690738754696e-16
-1.3322676295501878e-15
2.220446049250313e-16
-4.440892098500626e-16
9.43689570931383e-16
-4.440892098500626e-16
-6.121710214301856e-07
-5.622478855826785e-07
-3.147207436882127e-07
-3.0893568947476524e-07
-1.6329593499619932e-07
-1.3249147201577216e-07
-1.432981155957691e-08
-5.822966997470758e-09
-5.769664745969294e-10
2.731148640577885e-14
1.2490009027033011e-15
2.3505503099485736e-16
-4.718447854656915e-16
4.440892098500626e-16
0.0
5.828670879282072e-16
7.771561172376096e-16
4.440892098500626e-16
-1.6902878883229278e-06
-1.2561510800424003e-06
-1.0443049038855179e-06
-1.0433240689167178e-06
-5.593764456079953e-07
-3.433702318034193e-07
-7.81680453698641e-09
-7.479910024699166e-09
-1.7376609595665116e-09
-8.43769498715119e-15
1.8041124150158794e-15
-2.896988204881268e-16
0.0
0.0
8.881784197001252e-16
-1.3322676295501878e-15
-3.3306690738754696e-16
1.1102230246251565e-16
-4.599305498231843e-06
-1.585376629975599e-06
-2.895043035522349e-06
-2.1153119114103447e-06
-1.0470758660119373e-06
-6.818900075700185e-07
-7.866282540902604e-07
-5.550053645553277e-07
-1.5060082869666758e-07
-3.175237850427948e-14
5.828670879282072e-16
4.371503159461554e-16
-4.440892098500626e-16
1.7763568394002505e-15
0.0
6.661338147750939e-16
-2.220446049250313e-16
0.0
-2.956399939080256e-06
-5.299579548534439e-06
-1.691555482352669e-06
-2.122830419892807e-06
-8.724873250542942e-07
-6.867181951974999e-07
4.263307005203387e-07
3.7743959424574314e-07
1.8533045320623387e-08
3.26405569239796e-14
-2.858824288409778e-15
-3.191891195797325e-16
0.0
-4.440892098500626e-15
-8.881784197001252e-16
4.163336342344337e-16
0.0
0.0
-3.60182283998256e-07
-3.7328811686165864e-07
-3.6071092779366154e-07
5.144964099201843e-08
2.755924999320314e-08
-3.727012898302462e-08
-4.0768179587757913e-07
-2.054638130744024e-07
-5.628271990132383e-08
-2.020605904817785e-14
7.979727989493313e-16
4.85722573273506e-17
4.440892098500626e-16
5.329070518200751e-15
-4.440892098500626e-16
1.2212453270876722e-15
0.0
-4.440892098500626e-16
1.1371740171739474e-07
-7.604063512189896e-08
8.192443345933498e-08
-5.266185709729143e-09
-5.643199685323452e-09
-4.989125446108744e-08
9.525228250595319e-08
6.731451662744803e-08
7.679449964825835e-09
-3.774758283725532e-15
1.904726376622534e-15
2.636779683484747e-16
4.440892098500626e-16
-4.440892098500626e-15
2.220446049250313e-16
-1.5543122344752192e-15
0.0
-4.440892098500626e-16
5.279720838302637e-08
-5.910322897761944e-08
5.929076962729596e-08
-1.59221560380729e-08
-4.665000385983831e-09
-5.568438610215054e-08
8.39469933566761e-08
5.529794577796565e-08
6.653104733800319e-09
-6.217248937900877e-15
-4.385380947269368e-15
5.551115123125783e-17
0.0
1.7763568394002505e-15
-2.220446049250313e-16
2.220446049250313e-16
2.0469737016526324e-16
8.881784197001252e-16
5.907006439542783e-08
-1.0097323865920771e-07
8.764995129695308e-08
-1.920471603966689e-08
1.003179581071656e-09
-6.188771406456794e-08
1.1112478404129435e-07
7.028440052181395e-08
1.3885866678720049e-08
1.2878587085651816e-14
1.8318679906315083e-15
-3.885780586188048e-16
-4.440892098500626e-16
-2.220446049250313e-15
9.992007221626409e-16
-4.440892098500626e-16
6.661338147750939e-16
-8.881784197001252e-16
1.250930079521595e-07
-1.5698719835199881e-07
1.1332099347782786e-07
-1.3324541470183249e-08
5.290376581257306e-09
-6.438446231715744e-08
1.33736385521388e-07
8.158027142712854e-08
7.595552631300961e-09
8.215650382226158e-15
6.38378239159465e-16
2.7755575615628914e-16
4.440892098500626e-16
1.7763568394002505e-15
-1.1102230246251565e-15
0.0
-8.881784197001252e-16
-2.220446049250313e-16
2.3011278216245046e-08
2.2184373449363193e-08
-5.686060333687237e-08
2.4789059693830495e-11
-2.542314270215229e-08
-6.149965514623545e-08
-6.320398071579802e-08
-3.415418614594046e-08
-1.4319013530439406e-08
-1.4876988529977098e-14
-1.942890293094024e-16
-5.551115123125783e-17
4.440892098500626e-16
8.881784197001252e-16
8.881784197001252e-16
1.3322676295501878e-15
-1.1102230246251565e-15
8.326672684688674e-17
4.6120675278871204e-08
1.6990153284268672e-08
6.277765862705564e-09
7.164739912468576e-10
-1.0369351599592846e-08
-5.977948136504097e-08
-2.254584074989907e-09
-3.999135245180696e-09
-7.126061518647475e-09
2.886579864025407e-15
1.5265566588595902e-15
5.551115123125783e-17
-2.220446049250313e-15
3.885780586188048e-15
8.881784197001252e-16
-8.881784197001252e-16
2.1094237467877974e-15
8.881784197001252e-16
1.2557038786553676e-07
-2.6232044092466822e-08
8.781231386478794e-08
-7.732321449793744e-09
-1.2019601314250394e-08
-5.695956084572629e-08
8.981760757365008e-08
5.227306409949506e-08
2.027334744525433e-09
-1.1102230246251565e-14
-9.992007221626409e-16
-1.6653345369377348e-16
6.661338147750939e-16
-1.3322676295501878e-15
-2.220446049250313e-15
0.0
-1.2212453270876722e-15
-6.661338147750939e-16
5.664671576255387e-08
-4.996630309506145e-08
2.775515461905798e-08
-2.3934362047839386e-08
-2.8059430778881733e-08
-5.370234390511541e-08
4.857491120446866e-08
2.9104861631878975e-08
-1.0742397194007935e-08
4.218847493575595e-14
1.1102230246251565e-16
0.0
-6.661338147750939e-16
-3.9968028886505635e-15
1.3322676295501878e-15
4.440892098500626e-16
-8.881784197001252e-16
-2.220446049250313e-16
-2.2769411334166986e-07
-2.7165998517375556e-07
-2.0959928459518554e-07
-3.716206631310115e-08
-3.515249019647726e-08
-4.779967299750609e-08
-1.74919856377187e-07
-9.519292731852148e-08
-6.843244193532882e-08
-1.6653345369377348e-14
-1.5543122344752192e-15
0.0
1.4432899320127035e-15
8.881784197001252e-16
-8.881784197001252e-16
-2.220446049250313e-16
2.3037127760972e-15
0.0
-1.3548788917461252e-06
-1.7413145343425642e-06
-1.144965275035048e-06
-1.0936994421228974e-08
-4.964007649377322e-09
-3.476664034440802e-08
-1.1339773817731211e-06
-6.227953122106555e-07
-3.632577545431559e-07
2.4424906541753444e-15
2.1649348980190553e-15
0.0
-2.1094237467877974e-15
0.0
0.0
2.220446049250313e-16
-1.2212453270876722e-15
2.220446049250313e-16
-1.5396440584680704e-06
-3.3256570048934005e-06
-1.2159378446341407e-06
-5.303700367775832e-09
7.740807994593978e-10
-2.5257124558475393e-08
-1.205530784531561e-06
-6.359335493755225e-07
-5.664637683366891e-07
4.884981308350689e-15
7.91033905045424e-16
2.7755575615628914e-17
4.718447854656915e-16
0.0
2.220446049250313e-16
-2.220446049250313e-16
-1.3322676295501878e-15
-8.881784197001252e-16
-8.985705912678554e-08
-2.4880455384845845e-07
-2.6824014121018536e-08
-6.4556502366031054e-09
-2.2836617041832596e-09
-1.872880037168123e-08
-1.205864919029409e-08
1.379188319106106e-09
-1.8791475042689854e-09
-2.4424906541753444e-15
5.134781488891349e-16
3.469446951953614e-17
-3.3306690738754696e-16
0.0
-2.220446049250313e-16
-2.220446049250313e-16
1.7763568394002505e-15
-1.7763568394002505e-15
1.8764110265578893e-08
2.747683538473211e-07
4.519298713034914e-09
-1.0758363089280465e-09
-3.5201832560005637e-09
-1.406978111795354e-08
1.6018518067539844e-08
-7.342542573951504e-09
4.443724610503352e-09
-5.551115123125783e-15
-1.887379141862766e-15
-2.7755575615628914e-17
1.1102230246251565e-16
0.0
2.220446049250313e-16
-2.220446049250313e-16
-8.881784197001252e-16
1.5681900222830336e-15
1.7031572596692968e-08
1.5489536053792108e-07
-1.3993339820217443e-09
2.9993820760410013e-09
-1.5220216198486014e-09
-1.3754243743946405e-08
1.6088108623080188e-10
-6.577026923082485e-09
1.8379707755755703e-09
-6.8833827526759706e-15
2.275957200481571e-15
-2.0816681711721685e-17
2.220446049250313e-15
-8.881784197001252e-16
0.0
5.551115123125783e-17
4.440892098500626e-16
-4.440892098500626e-16
2.1837011274783436e-06
-3.874637997114405e-06
1.8871803320053007e-06
2.020463796270633e-09
4.438085454694374e-10
-1.0431237651431502e-08
1.882242756323649e-06
9.759412513687948e-07
-2.8425766984696565e-07
1.0880185641326534e-14
-4.9960036108132044e-15
2.7755575615628914e-17
-1.7763568394002505e-15
-8.881784197001252e-16
2.220446049250313e-16
2.220446049250313e-16
-4.440892098500626e-16
4.440892098500626e-16
8.196332714760501e-07
-1.5541184552603227e-06
7.378119590839559e-07
4.011575072127016e-09
1.3657857067528312e-09
-1.060999610391633e-08
7.320710935232455e-07
3.8768258647792203e-07
-1.2274281502300255e-07
-5.995204332975845e-15
9.43689570931383e-16
-5.551115123125783e-17
1.7763568394002505e-15
4.440892098500626e-16
0.0
4.440892098500626e-16
1.3322676295501878e-15
-8.881784197001252e-16
-1.3564907987984043e-06
-4.4327845927227827e-07
-1.2055983091840972e-06
-9.78742377810704e-07
-5.309244217599485e-07
-9.819451207704333e-08
-2.253208535307749e-07
-1.1988916526206594e-07
8.350364844034175e-10
-1.9539925233402755e-14
1.2212453270876722e-15
0.0
-1.1102230246251565e-15
1.1102230246251565e-16
4.440892098500626e-16
0.0
-6.661338147750939e-16
-2.220446049250313e-16
4.510408729174742e-06
-4.932496722176438e-07
3.92945821658941e-06
3.3805125880803644e-06
1.939194090638807e-06
5.481235447746258e-07
5.743996567275644e-07
3.0988135080178836e-07
-3.962574668392449e-08
2.1316282072803006e-14
2.123301534595612e-15
2.7755575615628914e-17
1.3322676295501878e-15
4.440892098500626e-16
-4.440892098500626e-16
-1.1102230246251565e-16
-8.881784197001252e-16
-4.440892098500626e-16
3.63652642931811e-06
-3.789763923123246e-06
2.7459616163127976e-06
4.818869996370267e-07
3.606714766846153e-07
2.502653373426256e-08
2.2453919186204985e-06
1.1518662681453407e-06
-4.6760106897636427e-08
3.1086244689504383e-15
-4.274358644806853e-15
1.3877787807814457e-17
-2.581268532253489e-15
-8.881784197001252e-16
4.440892098500626e-16
-4.440892098500626e-16
1.3322676295501878e-15
0.0
-1.7823341433853557e-06
-1.999783307837788e-06
-1.47510446169008e-06
-6.772151195377774e-07
-3.5649189111808255e-07
-1.0374392411804935e-07
-7.980178864386289e-07
-4.279328855716358e-07
-3.20073986870284e-07
-1.1102230246251565e-14
1.7208456881689926e-15
0.0
1.3322676295501878e-15
-8.881784197001252e-16
0.0
1.1102230246251565e-16
-4.440892098500626e-16
4.440892098500626e-16
-9.710740442869792e-07
-4.27349505116581e-07
-7.431421344961109e-07
-1.5079031356890482e-08
-1.4518501956217733e-09
-4.57386573060603e-09
-7.225379299313772e-07
-3.8185871886753375e-07
-1.530965363372161e-07
-1.3766765505351941e-14
-4.440892098500626e-16
5.551115123125783e-17
-1.1102230246251565e-15
3.0531133177191805e-16
0.0
2.7755575615628914e-16
1.3322676295501878e-15
0.0
1.6717018525014282e-07
-1.894189125550838e-07
1.1536719313198773e-07
-1.1227852425577112e-07
-6.378640549087322e-08
-1.474763955400249e-08
2.1914079439966372e-07
1.3478634031116599e-07
1.5838111266930355e-08
2.6645352591003757e-15
3.1086244689504383e-15
0.0
1.3322676295501878e-15
0.0
-2.7755575615628914e-17
-1.1102230246251565e-16
-8.881784197001252e-16
0.0
1.7952121424968936e-06
-7.360583609283823e-07
1.583639011926152e-06
-1.993664202615264e-07
-1.1603054161923865e-07
-1.7757251669081597e-08
1.7763913380264285e-06
1.0334115501109407e-06
2.4371500728648243e-07
3.3306690738754696e-15
-1.609823385706477e-15
0.0
-4.440892098500626e-16
1.5543122344752192e-15
-2.7755575615628914e-17
-2.220446049250313e-16
2.220446049250313e-15
0.0
-6.771962546281429e-07
-5.729916949803737e-07
-4.902973529397059e-07
-7.224144127349064e-08
-4.2875717198853636e-08
-2.3606187227187547e-08
-4.109524569528844e-07
-1.7964073961707072e-07
-9.981607007603088e-08
-2.220446049250313e-16
8.604228440844963e-16
-2.7755575615628914e-17
-6.661338147750939e-16
-1.1102230246251565e-15
5.551115123125783e-17
0.0
-8.881784197001252e-16
4.440892098500626e-16
3.214854160660252e-08
-1.3217311334301485e-07
-2.51551224295099e-09
-1.4642154155808385e-09
-2.0763843977533725e-09
-1.7738948088208417e-08
1.262581150740516e-10
-4.885052362624265e-10
-3.1483055051850783e-10
2.6423307986078726e-14
-2.8033131371785203e-15
1.0408340855860843e-16
1.1102230246251565e-16
1.3322676295501878e-15
1.1102230246251565e-16
-4.440892098500626e-16
-1.7763568394002505e-15
-8.881784197001252e-16
9.555232338698261e-08
-7.84351641414105e-08
6.242560468550096e-08
6.255637163832262e-08
3.547108917700825e-08
-5.408494985204015e-09
8.092602143960903e-10
-2.6840218936285964e-10
6.103995087158864e-11
-2.353672812205332e-14
-4.510281037539698e-16
-1.3877787807814457e-17
6.661338147750939e-16
5.273559366969494e-16
0.0
4.440892098500626e-16
1.7763568394002505e-15
1.3322676295501878e-15
8.778640392392845e-08
-4.5243410795592354e-08
6.737425017888654e-08
6.80727172408524e-08
3.959535632702682e-08
-8.460290246148361e-10
-6.908909000458152e-10
-9.831881975230772e-10
8.819067698340177e-11
6.439293542825908e-15
4.829470157119431e-15
-5.551115123125783e-17
2.220446049250313e-16
-2.3314683517128287e-15
0.0
-1.3322676295501878e-15
-7.993605777301127e-15
-1.3322676295501878e-15
6.831299970144755e-08
-3.846868068535514e-08
5.604180763896239e-08
5.814347436849942e-08
3.374687018720124e-08
-9.755751761986176e-10
-2.2285453482595585e-09
-1.4083401111975036e-10
6.608691371923214e-11
1.554312234475219e-14
-2.7269853042355408e-15
2.7755575615628914e-17
-4.440892098500626e-16
2.220446049250313e-16
1.1102230246251565e-16
2.220446049250313e-15
4.440892098500626e-15
2.2065682614424986e-15
7.902927734448895e-08
-2.573073132339232e-08
6.497960658435886e-08
6.441322719652476e-08
3.702907935831945e-08
4.388596153148683e-10
2.661582065854873e-10
-1.77333703277327e-11
3.497557798937123e-11
3.4416913763379853e-15
1.6653345369377348e-16
0.0
-2.220446049250313e-16
2.0539125955565396e-15
2.220446049250313e-16
-1.7763568394002505e-15
-3.774758283725532e-15
-2.1094237467877974e-15
1.1867319926750496e-07
-2.2769235386022046e-08
9.896734187719858e-08
9.7918676722486e-08
5.608843922644269e-08
5.665668822985026e-09
6.490199488951021e-10
-1.9262635930772376e-10
-2.3430590800899154e-11
2.1094237467877974e-15
1.8735013540549517e-16
5.551115123125783e-17
4.440892098500626e-16
-1.2212453270876722e-15
-5.551115123125783e-17
8.881784197001252e-16
4.440892098500626e-16
2.1094237467877974e-15
1.5676577902468125e-07
-3.9721584244034596e-08
1.3109546692646745e-07
1.3212265881357155e-07
7.56027902504286e-08
9.78485559244291e-09
-1.1417951029102369e-09
-9.485745522397337e-11
-5.4395821180719395e-11
-3.985700658404312e-14
-2.0261570199409107e-15
0.0
-2.220446049250313e-16
-4.440892098500626e-16
5.551115123125783e-17
-6.661338147750939e-16
1.1102230246251565e-15
-1.4432899320127035e-15
1.9965203179594937e-07
-7.545447999746102e-08
1.6849965511767095e-07
1.7207112301687033e-07
9.810974566093478e-08
1.2783793579274063e-08
-3.33253336037842e-09
2.0567298975038284e-09
2.3839585860940815e-10
3.3306690738754696e-14
4.205837067505769e-15
5.551115123125783e-17
0.0
-6.661338147750939e-16
0.0
4.440892098500626e-16
-1.3322676295501878e-15
0.0
2.390144793196214e-07
-1.0355807944506523e-07
1.9975118981108153e-07
1.9937424511340396e-07
1.130087861067608e-07
1.3053210068392218e-08
8.633609382968643e-10
5.126120417031643e-09
5.91541371441906e-10
4.773959005888173e-15
-4.135580766728708e-15
0.0
0.0
0.0
-1.1102230246251565e-16
-1.9984014443252818e-15
2.6645352591003757e-15
-8.881784197001252e-16
2.297132510875599e-07
-1.0802642691487563e-07
1.8725761297133658e-07
1.7942967467377002e-07
1.0094003055627354e-07
6.772232552521019e-09
8.444574817190187e-09
5.659431590032682e-09
5.95448024220957e-10
-1.099120794378905e-14
2.636779683484747e-16
-5.551115123125783e-17
0.0
1.1102230246251565e-16
-2.220446049250313e-16
1.9984014443252818e-15
1.7763568394002505e-15
2.6645352591003757e-15
1.0216347057223629e-07
-1.1105882435913372e-07
7.945084057325857e-08
7.596952844579619e-08
4.177728829546368e-08
-1.0446633780247794e-08
3.776766455132474e-09
-6.541728270192948e-10
-1.2070637822603203e-09
-8.326672684688674e-15
3.2751579226442118e-15
2.220446049250313e-16
2.220446049250313e-16
1.7763568394002505e-15
3.3306690738754696e-16
1.6653345369377348e-16
-8.881784197001252e-16
-8.881784197001252e-16
-1.666561395552435e-07
-4.744356374430936e-08
-1.344897908595044e-07
-6.69803412733927e-08
-3.994458808165291e-08
-3.369535761521547e-08
-6.784273320903367e-08
-5.833134103516713e-08
-1.2138491323199219e-08
-1.432187701766452e-14
-3.4416913763379853e-15
5.551115123125783e-17
0.0
-1.887379141862766e-15
-2.220446049250313e-16
-2.498001805406602e-16
0.0
-4.440892098500626e-16
-4.628542811246916e-07
1.4648007606865576e-07
-3.3399207488571397e-07
-1.2597590259844083e-07
-7.443239091742271e-08
-4.398020791995805e-08
-2.0895123054032186e-07
-1.6785704715083227e-07
-2.1792360027639287e-08
2.55351295663786e-15
-8.326672684688674e-17
-2.220446049250313e-16
0.0
0.0
3.885780586188048e-16
-5.551115123125783e-17
0.0
4.440892098500626e-16
-4.0579580939947846e-07
1.4004996273797587e-07
-2.5794193447836733e-07
-9.41658178099658e-08
-5.6754057453645146e-08
-3.810369975099093e-08
-1.6492024990100163e-07
-1.3148111954741637e-07
-9.710450277200522e-09
3.175237850427948e-14
1.7486012637846216e-15
1.1102230246251565e-16
0.0
1.4710455076283324e-15
-1.6653345369377348e-16
-1.3322676295501878e-15
2.6645352591003757e-15
0.0
-2.773535854316833e-07
6.5123870740535494e-09
-1.771711044540325e-07
-1.284202139628654e-07
-7.58968567993179e-08
-3.9947835261955333e-08
-4.960445343371589e-08
-4.1293360730776385e-08
-1.582183634107892e-09
-2.1316282072803006e-14
2.248201624865942e-15
1.6653345369377348e-16
0.0
-4.996003610813204e-16
-5.828670879282072e-16
3.6637359812630166e-15
-8.881784197001252e-16
-2.220446049250313e-16
-2.259352527289593e-07
-5.596400498575349e-08
-1.6494570154179655e-07
-1.500486255245903e-07
-8.74485941437797e-08
-3.551012639491091e-08
-1.5748182757846507e-08
-1.1072771144426952e-08
-9.336529535608484e-10
-1.176836406102666e-14
-6.106226635438361e-16
-2.7755575615628914e-16
-2.220446049250313e-16
-2.220446049250313e-16
1.3877787807814457e-16
-2.886579864025407e-15
1.7763568394002505e-15
2.220446049250313e-16
-2.1933658445050241e-07
-1.3821336608543788e-07
-1.8231615328545558e-07
-1.7436109978063996e-07
-1.0077133971719832e-07
-3.7022573451395147e-08
-8.572164089670764e-09
-3.129953185521117e-09
-1.8761858039395563e-09
3.1308289294429414e-14
-3.164135620181696e-15
4.718447854656915e-16
0.0
9.853229343548264e-16
-4.440892098500626e-16
0.0
-1.3322676295501878e-15
0.0
-5.805902674183017e-07
-2.911999672505771e-07
-4.816886622904804e-07
-4.807552613783628e-07
-2.7787031342541013e-07
-1.0075468992454262e-07
-3.115294688882386e-10
2.9373339316407505e-09
-3.293917083535547e-10
-5.773159728050814e-15
3.2335245592207684e-15
-2.0816681711721685e-16
4.440892098500626e-16
-7.771561172376096e-16
8.881784197001252e-16
6.661338147750939e-16
4.440892098500626e-16
-1.1102230246251565e-16
-8.573891534524591e-07
-5.750343490262821e-07
-6.731691968298037e-07
-8.848023043128707e-07
-5.113117715893623e-07
-1.9021277353203914e-07
2.111345107635998e-07
1.485050891147921e-07
4.183959068093657e-08
-6.8833827526759706e-15
-1.672273430841642e-15
-3.0704605524789486e-16
-8.881784197001252e-16
1.1102230246251565e-16
-4.440892098500626e-16
0.0
-3.0531133177191805e-16
-4.440892098500626e-16
-8.610506512241045e-07
-3.6835891137343424e-07
-5.932895632554391e-07
-6.186468084479202e-07
-3.6510134443501485e-07
-1.659433195300153e-07
2.7519091005956398e-08
2.3072800559020837e-08
1.1629563534398812e-08
-3.774758283725532e-15
-1.5543122344752192e-15
6.938893903907228e-18
4.163336342344337e-16
1.1102230246251565e-15
0.0
-8.881784197001252e-16
-8.881784197001252e-16
-2.220446049250313e-16
1.1610592594024638e-06
5.2323457566672005e-08
9.71525205173407e-07
-2.493969120109796e-07
-1.4797596126214785e-07
-1.0080513845878158e-07
1.219790362938511e-06
6.089738366910069e-07
-2.069665860915393e-08
7.105427357601002e-15
1.3877787807814457e-15
-5.204170427930421e-17
-2.220446049250313e-16
0.0
0.0
4.440892098500626e-16
1.7763568394002505e-15
0.0
-9.744447311277327e-07
-7.463330007340119e-07
-6.363926416952381e-07
-5.287897018035892e-07
-2.917766996901605e-07
-1.977219881155179e-07
-1.0536134098515504e-07
-8.735581502605783e-08
-5.921352652649148e-08
-7.549516567451064e-15
8.326672684688674e-16
-9.71445146547012e-17
2.220446049250313e-16
-1.3322676295501878e-15
1.7763568394002505e-15
-1.1102230246251565e-15
-2.6645352591003757e-15
0.0
-1.1459976434480268e-06
-1.3552648852055427e-06
-6.063918576160177e-07
-4.6583646451381355e-07
-2.109421828322411e-07
-2.257736859689885e-07
-1.3830870670972217e-07
-8.05215947252691e-08
-3.192057818068861e-08
-7.327471962526033e-15
8.326672684688674e-16
0.0
0.0
2.6645352591003757e-15
8.881784197001252e-16
2.4424906541753444e-15
2.6645352591003757e-15
0.0
1.4507719470202574e-09
-1.0179120835118739e-07
-2.9444073845752428e-08
1.7751569103552356e-09
1.855021469765461e-09
1.7361080351108171e-09
-3.1040833903261955e-08
-1.5678434550636666e-08
-1.6303317806887208e-08
1.7763568394002505e-14
1.0269562977782698e-15
6.106226635438361e-16
0.0
-8.881784197001252e-16
4.440892098500626e-16
-1.1102230246251565e-15
-6.661338147750939e-16
0.0
5.932970736921561e-08
-8.631265302483371e-08
2.4134941156717105e-08
1.9916996940594345e-09
-8.348477464892312e-10
-2.6321852475419405e-08
2.2274413424838713e-08
1.588746556535625e-08
-1.0203379474660323e-08
-8.881784197001252e-16
-3.552713678800501e-15
-1.6653345369377348e-16
4.440892098500626e-16
-4.440892098500626e-15
-6.661338147750939e-16
1.1102230246251565e-15
4.440892098500626e-16
3.3306690738754696e-16
-2.4660096187290037e-09
-8.141816465467855e-08
-1.4359883948600329e-08
2.5101734024701723e-09
4.502975770037665e-11
-3.520389957323289e-08
-1.8357305009431002e-08
-8.099000581296423e-09
-1.3355062833397824e-08
-6.217248937900877e-15
2.192690473634684e-15
-5.551115123125783e-17
-4.440892098500626e-16
1.7763568394002505e-15
-1.6653345369377348e-15
-1.9984014443252818e-15
-2.220446049250313e-16
-3.885780586188048e-16
9.595389371952479e-08
-7.081783337525849e-08
7.757535769314927e-08
2.3914275004699448e-09
-1.4421566163491661e-09
-4.3161466622976263e-08
7.322760353645208e-08
4.53079067597173e-08
5.876898967471789e-10
9.547918011776346e-15
6.106226635438361e-16
0.0
4.440892098500626e-16
0.0
9.992007221626409e-16
1.5543122344752192e-15
4.440892098500626e-16
2.220446049250313e-16
7.724515782570052e-07
-1.7185270451136603e-07
6.466869848509305e-07
2.0617019202973097e-09
-2.376481234023231e-10
-4.71857386497021e-08
6.436035988599542e-07
3.790638789524791e-07
7.409406066472002e-08
-3.019806626980426e-14
-3.2751579226442118e-15
-5.551115123125783e-17
-4.440892098500626e-16
4.440892098500626e-15
-1.1102230246251565e-15
-1.7763568394002505e-15
-1.9984014443252818e-15
-1.1102230246251565e-16
1.5000813620158482e-06
-4.61673550944397e-07
1.2492833327826245e-06
1.695106277566083e-10
6.193161539158609e-10
-4.7728320851092576e-08
1.2490882213000985e-06
7.427784547431315e-07
1.4210559839966663e-07
3.441691376337985e-14
-1.3877787807814457e-15
-2.7755575615628914e-17
4.440892098500626e-16
-7.105427357601002e-15
2.220446049250313e-16
4.440892098500626e-16
1.1102230246251565e-15
-8.881784197001252e-16
-1.0917969861523602e-08
1.7241632122022565e-08
-6.119655004965807e-09
-3.0457059096988814e-09
-9.007443679820426e-10
-4.571567102651386e-08
-6.110658645752665e-10
-2.6835866862029434e-09
-4.5027270800801484e-10
-2.8199664825478976e-14
2.6645352591003757e-15
5.551115123125783e-17
-1.7763568394002505e-15
-1.1102230246251565e-15
4.440892098500626e-16
0.0
4.440892098500626e-16
8.881784197001252e-16
-1.7720597433878993e-08
3.2766820368124172e-09
-7.675055258005159e-09
-4.348219562189115e-09
-1.7809576036142971e-09
-4.228839678432905e-08
-2.0528969635336125e-09
-9.466125661106162e-10
-2.6886537440873326e-10
8.881784197001252e-15
9.71445146547012e-16
-9.71445146547012e-17
1.7763568394002505e-15
1.6306400674181987e-15
4.440892098500626e-16
-2.220446049250313e-16
-6.661338147750939e-16
0.0
-3.072255125857737e-07
-1.6869844898792508e-07
-2.638943499277957e-07
-5.251255430493984e-09
-1.2294716356109348e-09
-3.779407431458992e-08
-2.5758132427000646e-07
-1.446855635300892e-07
-5.781402023785631e-08
-1.3988810110276972e-14
-3.1363800445660672e-15
-1.1102230246251565e-16
0.0
5.10702591327572e-15
-4.440892098500626e-16
8.881784197001252e-16
9.992007221626409e-16
-4.440892098500626e-16
-2.6799979835345766e-07
-8.982867427675956e-08
-2.2366361740466803e-07
-4.7643613498848936e-09
-1.1622063311733655e-09
-3.3212713468344646e-08
-2.1853341536370865e-07
-1.2226063672571286e-07
-4.115315732633462e-08
7.771561172376096e-15
4.440892098500626e-15
8.326672684688674e-17
4.440892098500626e-16
-3.552713678800501e-15
4.440892098500626e-16
-2.220446049250313e-16
-1.7763568394002505e-15
-2.220446049250313e-16
-1.8192829109864306e-07
-6.838621402494027e-08
-1.4820253069203204e-07
-1.4916416546384426e-08
-8.76536043747933e-09
-2.7938326097043387e-08
-1.3261493769789467e-07
-7.382985689474708e-08
-2.8187471912133333e-08
1.9539925233402755e-14
-4.385380947269368e-15
0.0
-1.3322676295501878e-15
4.884981308350689e-15
0.0
0.0
1.0547118733938987e-15
7.771561172376096e-16
-4.0095128994721563e-07
2.405388954684895e-07
-3.2130137128660863e-07
-2.3522719949653492e-07
-1.8426290637751919e-07
-4.757070781735706e-08
-8.439445586816419e-08
-4.691104660281553e-08
-2.1463819166456233e-08
3.1086244689504383e-15
4.850286838831153e-15
5.551115123125783e-17
1.1102230246251565e-15
4.440892098500626e-16
0.0
0.0
0.0
-7.771561172376096e-16
-1.4331750115559316e-06
1.412932306266157e-06
-1.047107424767546e-06
-9.70941670175307e-07
-7.685433747184334e-07
-9.24623924092316e-08
-7.298486615070487e-08
-4.071942338867984e-08
-2.0654610466408485e-08
-1.1546319456101628e-14
-2.2343238370581275e-15
-5.551115123125783e-17
5.551115123125783e-16
-1.7763568394002505e-15
0.0
-2.220446049250313e-16
-2.220446049250313e-16
0.0
3.07806807597899e-07
-7.407147393223568e-07
1.8084134900675505e-07
3.5479945248440004e-07
2.8579378863469174e-07
7.183455053016985e-09
-1.676158123409266e-07
-9.423636893046705e-08
-3.795204861489765e-08
4.218847493575595e-15
-1.1934897514720433e-15
2.3592239273284576e-16
1.1657341758564144e-15
-1.7763568394002505e-15
1.1102230246251565e-16
4.440892098500626e-16
1.1102230246251565e-15
4.440892098500626e-16
-1.3748601475072064e-06
-8.832177513795614e-07
-1.250103462524521e-06
3.530641112803323e-08
5.9128786089601704e-08
-1.4290457261978418e-08
-1.280257781566263e-06
-7.221430289305886e-07
-2.3768483004005247e-07
-1.7319479184152442e-14
3.0808688933348094e-15
-1.3877787807814457e-16
-2.1094237467877974e-15
0.0
2.220446049250313e-16
-2.220446049250313e-16
-8.326672684688674e-16
-2.220446049250313e-16
-3.984956407521167e-06
-6.691178313644741e-07
-3.1624024163789954e-06
3.0924942606702643e-09
-3.7084356918626327e-08
-7.140913194092492e-09
-3.1740632540078195e-06
-1.795649985147918e-06
-6.363302986756025e-07
-7.105427357601002e-15
-1.1726730697603216e-15
8.500145032286355e-17
4.440892098500626e-16
1.7763568394002505e-15
-2.220446049250313e-16
1.1102230246251565e-16
-1.4432899320127035e-15
0.0
-6.207425180093651e-06
-2.754514582647971e-06
-4.815016811932082e-06
-1.9336914292011897e-08
-9.38174871123465e-09
-8.588540434395497e-09
-4.794904043592396e-06
-2.695407314234899e-06
-1.1378601172395975e-06
9.769962616701378e-15
3.3306690738754696e-16
-3.885780586188048e-16
-1.7763568394002505e-15
-2.6645352591003757e-15
2.220446049250313e-16
-3.3306690738754696e-16
1.1657341758564144e-15
-8.881784197001252e-16
-5.720516638163531e-08
-1.3875148852093844e-07
-1.4960223282400875e-08
-1.637898705553198e-08
-2.1969341901240114e-09
-9.269114586984983e-09
7.825136094652407e-10
5.209029652064601e-09
-1.0864371624563773e-09
1.9095836023552692e-14
-6.106226635438361e-16
4.163336342344337e-17
6.661338147750939e-16
1.7763568394002505e-15
-2.220446049250313e-16
0.0
4.996003610813204e-16
-6.661338147750939e-16
8.214520441640616e-08
-1.3114845387462992e-07
1.6238647759792002e-08
-1.0050271725958737e-08
-2.5883402088311414e-09
-1.0674804151733498e-08
2.5362524525007757e-08
7.122247680513283e-09
-1.9655904681670222e-10
-1.5765166949677223e-14
1.0547118733938987e-15
-5.551115123125783e-17
1.3322676295501878e-15
1.1102230246251565e-16
8.881784197001252e-16
3.3306690738754696e-16
-1.3322676295501878e-15
1.1102230246251565e-15
1.4561367720489216e-06
-1.0100477538799169e-06
1.176272704128678e-06
1.0460964645631066e-06
6.649200408048728e-07
2.2082665296352386e-07
1.1238977037919538e-07
8.107369486864968e-08
1.8360376274895174e-09
-1.4654943925052066e-14
-1.4988010832439613e-15
8.326672684688674e-17
2.220446049250313e-16
4.440892098500626e-16
-8.881784197001252e-16
0.0
1.3322676295501878e-15
-7.771561172376096e-16
3.8843957383960515e-07
-1.8363634239904059e-06
-5.458008089931354e-07
4.2008531409010175e-07
2.6782828488336463e-07
-6.014829168066171e-08
-9.709527333257029e-07
-5.397265416817731e-07
-1.045708342140017e-08
3.042011087472929e-14
-6.047679718124144e-16
5.551115123125783e-17
-3.0531133177191805e-16
0.0
-4.440892098500626e-16
2.220446049250313e-16
-2.220446049250313e-15
4.440892098500626e-16
-3.7548369391515735e-07
-2.9907239422755083e-06
-6.588853551647844e-07
-1.3722883096534133e-06
-7.224648808090706e-07
-2.0471333606053577e-07
7.031886042341284e-07
4.008986911330226e-07
1.4738874565267679e-08
4.218847493575595e-15
2.886579864025407e-15
0.0
-2.1649348980190553e-15
0.0
0.0
-2.220446049250313e-16
0.0
1.3322676295501878e-15
-2.872888856586542e-06
-6.302554993453668e-07
-3.0047296419866143e-06
-1.4439042388403325e-06
-7.478887871226192e-07
-2.1278287176684785e-07
-1.5742588335143637e-06
-9.437493504460549e-07
-9.519381544143002e-08
1.3322676295501878e-15
-5.3013149425851225e-15
0.0
1.1102230246251565e-15
2.220446049250313e-16
0.0
2.220446049250313e-16
3.552713678800501e-15
-1.7763568394002505e-15
-1.0218339880907479e-06
-4.988300474906282e-06
-6.779434897907777e-07
-9.170787294010552e-07
-4.435385017043103e-07
-1.6491044085853446e-07
2.4501954065669906e-07
3.59343767186715e-07
-2.656511650656057e-07
-1.3988810110276972e-14
-5.551115123125783e-17
0.0
-4.440892098500626e-16
-2.636779683484747e-16
-1.1102230246251565e-16
0.0
-4.440892098500626e-15
-8.881784197001252e-16
-1.955241302198374e-06
-2.346255449481305e-06
-1.9287517005750487e-06
-6.453655743143827e-07
-2.848695279666913e-07
-1.4191258657092476e-07
-1.283552149899947e-06
-7.174832505896234e-07
-2.738841133331782e-07
-1.3322676295501878e-15
4.0245584642661925e-15
0.0
-4.440892098500626e-16
0.0
0.0
0.0
3.552713678800501e-15
8.881784197001252e-16
-1.0575624287412211e-07
-2.3779106257393323e-06
-4.0860491523631026e-07
-3.909079566710716e-07
-1.53023702154087e-07
-1.224777861352777e-07
-4.5514472191143795e-09
5.636907829398297e-09
1.1554162479207597e-09
1.554312234475219e-14
6.938893903907228e-16
0.0
8.881784197001252e-16
-1.1102230246251565e-15
-1.1102230246251565e-16
-4.440892098500626e-16
1.7763568394002505e-15
-1.7763568394002505e-15
1.6109849809708976e-07
-1.7549506452496644e-06
-1.185891314037235e-07
-1.0347815759814694e-07
-2.2245490782779598e-08
-9.811149936922448e-08
2.286791200845073e-09
-7.91825727208817e-09
-5.313773865367466e-10
-3.419486915845482e-14
-4.454769886308441e-15
0.0
-1.3322676295501878e-15
8.326672684688674e-16
2.220446049250313e-16
-4.440892098500626e-16
-5.329070518200751e-15
-8.881784197001252e-16
2.6254900831190753e-07
-9.767597646259674e-07
4.238383866095319e-08
5.7120438157198805e-08
2.2063311178044387e-08
-1.0581766929362857e-07
-1.213447120562705e-09
-6.646176942126658e-10
-4.006738274497934e-10
3.552713678800501e-15
3.3029134982598407e-15
0.0
1.1102230246251565e-15
9.992007221626409e-16
-1.1102230246251565e-16
1.3322676295501878e-15
8.881784197001252e-16
8.881784197001252e-16
4.2714268033705594e-07
-8.8848904056249e-07
2.147411919395381e-07
2.201799205181487e-07
1.166829761700683e-07
-8.23586745468674e-08
3.0730049616067845e-09
8.537768714234062e-09
1.3054812786350567e-09
3.397282455352979e-14
-7.91033905045424e-16
-1.6653345369377348e-16
-6.661338147750939e-16
-4.440892098500626e-16
1.1102230246251565e-16
-4.440892098500626e-16
3.9968028886505635e-15
1.6653345369377348e-15
7.166723037244083e-07
-9.158979636936239e-07
4.6601829239989456e-07
4.5884281618668865e-07
2.5460907338015204e-07
-5.975353900566915e-08
1.369331315004274e-08
1.430644580580065e-08
2.5571393891254957e-09
-2.55351295663786e-14
-6.661338147750939e-16
2.220446049250313e-16
0.0
-1.3877787807814457e-16
1.1102230246251565e-16
-8.881784197001252e-16
-6.8833827526759706e-15
-1.4988010832439613e-15
1.1054262785137325e-06
-1.2697574902631459e-06
7.870146880861739e-07
7.705227460519382e-07
4.2976873082523076e-07
-7.181306216352823e-08
1.789339876268059e-08
1.2980593488975956e-08
2.5875246389972517e-09
1.4210854715202004e-14
-9.020562075079397e-16
-2.220446049250313e-16
0.0
-4.440892098500626e-16
-5.551115123125783e-16
0.0
3.219646771412954e-15
3.3306690738754696e-16
4.47034544492908e-07
-1.8706437501236906e-06
2.587783538565702e-07
2.2453447812154081e-07
9.955243918113865e-08
-2.5123078017941225e-07
1.6502631261516854e-08
-2.9648745680788124e-09
3.956479588396178e-11
