2.220446049250313e-16
-2.1094237467877974e-15
-1.1102230246251565e-16
-5.551115123125783e-16
8.881784197001252e-16
1.3322676295501878e-15
-2.220446049250313e-16
1.1102230246251565e-15
-2.581268532253489e-15
-2.3079319899643735e-08
-7.282858405233128e-08
-2.1555388585170476e-08
-1.2691288020505453e-09
-6.939515628801018e-11
3.545944426974756e-09
-2.896389084128259e-08
-1.6467262220487555e-08
-1.0028563979247451e-08
-2.220446049250313e-16
1.2490009027033011e-15
-2.6922908347160046e-15
7.771561172376096e-16
2.220446049250313e-16
2.220446049250313e-16
4.440892098500626e-16
-1.9984014443252818e-15
-5.551115123125783e-17
-1.693147466674816e-08
-3.978675522375852e-08
-1.6001577396451694e-08
-5.659117618961318e-10
1.6195045304812083e-10
1.9099348769202606e-09
-2.384561703649979e-08
-1.275954053525652e-08
-6.345301721555341e-09
2.220446049250313e-16
-2.5396351688300456e-15
1.0408340855860843e-17
-8.881784197001252e-16
8.456776945386935e-16
0.0
-3.3306690738754696e-16
-1.7763568394002505e-15
-7.771561172376096e-16
-1.636087598733127e-09
-2.4046698854363058e-08
-8.343472579497302e-10
-3.170157469867263e-10
2.985771629937517e-10
-3.952009830499037e-09
-8.652705218992196e-09
-4.4797472398272475e-09
-3.732658890309715e-09
0.0
4.3298697960381105e-15
6.245004513516506e-17
9.575673587391975e-16
-1.3322676295501878e-15
0.0
2.498001805406602e-16
1.7763568394002505e-15
1.3322676295501878e-15
-2.178351496406883e-08
-8.890310709830374e-09
-5.9231899385281395e-09
-2.388347297710425e-10
2.2855672909827265e-10
-9.179801363501383e-10
-1.886473199874672e-08
-1.0074642453616889e-08
-7.306804161721914e-09
4.440892098500626e-16
-5.551115123125783e-15
-7.632783294297951e-17
-1.3600232051658168e-15
-8.881784197001252e-16
0.0
-3.3306690738754696e-16
4.440892098500626e-16
0.0
-3.306436163086346e-05
-3.794159113112983e-06
-2.7084426108103802e-05
-1.908909187164909e-06
-1.1046629566635602e-06
-2.1933107974270174e-07
-2.5178918658497196e-05
-1.408730233887212e-05
-5.108601667913604e-06
2.220446049250313e-16
7.049916206369744e-15
4.163336342344337e-17
2.220446049250313e-16
4.440892098500626e-16
3.191891195797325e-16
-2.220446049250313e-16
-4.440892098500626e-15
0.0
-2.1359809991849943e-06
-3.5220224958720797e-07
-1.463078396213291e-06
-2.104271104030886e-06
-1.2111892004895708e-06
-2.1592159171746061e-07
6.690563516542625e-07
3.6424184401973037e-07
1.3082422256616155e-07
5.129230373768223e-14
-2.4369395390522186e-14
1.2989609388114332e-13
-1.0502709812953981e-13
-1.1874945471390674e-12
-2.2577495428777183e-12
3.19300141882195e-13
4.796163466380676e-13
-3.1086244689504383e-13
-4.650058542665647e-07
4.460302989173215e-07
-3.263795491648125e-07
-1.2458776694757034e-06
-7.694345320885532e-07
-1.772402598021472e-07
1.0234335743319889e-06
5.287919782048789e-07
2.6732348246127913e-07
2.220446049250313e-16
-8.881784197001252e-16
1.10397802011164e-14
-6.994405055138486e-14
1.4210854715202004e-13
6.217248937900877e-14
4.440892098500626e-16
-4.440892098500626e-15
-8.881784197001252e-16
1.0525641869207902e-07
-9.876416697807144e-07
1.671496931976435e-07
1.100012667620831e-07
6.850145517489636e-08
-2.5304274231530144e-09
-9.340812567870671e-10
-7.779865640600292e-10
-2.414794822436228e-10
6.661338147750939e-16
3.747002708109903e-15
-1.3877787807814457e-17
5.551115123125783e-16
-3.2218672174622043e-13
-4.0234482412415673e-13
-4.440892098500626e-16
-1.7763568394002505e-15
1.7763568394002505e-15
-4.073483381716869e-07
-4.866282665716426e-07
-2.8101468529939666e-07
-3.170253002338086e-07
-1.799822566539433e-07
-5.2288541496636753e-08
2.0063399830405615e-09
-1.2042224994956996e-09
-7.258557643829988e-11
-2.886579864025407e-15
-4.6074255521944e-15
7.632783294297951e-17
4.440892098500626e-16
1.5543122344752192e-15
2.220446049250313e-16
0.0
8.881784197001252e-15
-1.7763568394002505e-15
-3.612896080085193e-07
-3.5206750226279837e-07
-2.6403097308502765e-07
-2.770896116999211e-07
-1.476808778599903e-07
-3.769225997984904e-08
-1.751816469663936e-10
-7.051039752070665e-10
1.2767398249735606e-10
8.881784197001252e-16
4.6074255521944e-15
-4.163336342344337e-17
-8.881784197001252e-16
-1.4710455076283324e-15
-1.1102230246251565e-16
-8.881784197001252e-16
-1.0658141036401503e-14
1.3322676295501878e-15
-2.0939032197020424e-07
-1.1160742774407595e-07
-1.6666562174805222e-07
-1.746613627062743e-07
-1.0268507022459517e-07
-3.521300584452547e-08
1.1461738225193585e-09
-2.3309798535819937e-10
1.441360364395905e-10
1.3322676295501878e-15
-1.3600232051658168e-15
-2.7755575615628914e-17
-2.220446049250313e-16
1.6653345369377348e-15
0.0
8.881784197001252e-16
6.217248937900877e-15
-8.881784197001252e-16
-2.0806722034194536e-07
-8.819958097205927e-08
-1.697628100316706e-07
-1.7657674966642392e-07
-1.0237058756246141e-07
-3.444991136802855e-08
2.7509265976277675e-09
-3.413100913007838e-10
4.3273162830814726e-11
6.661338147750939e-16
-3.219646771412954e-15
2.7755575615628914e-17
1.1102230246251565e-15
-1.887379141862766e-15
-7.771561172376096e-16
-4.440892098500626e-16
-8.659739592076221e-15
6.661338147750939e-16
-2.1140871098168645e-07
-7.079761132899876e-08
-1.718176987353104e-07
-1.7340038915847344e-07
-1.0010647244484971e-07
-3.358512401518965e-08
7.753166997304106e-10
-2.8332358681382175e-10
-4.5822678984563936e-11
-3.141931159689193e-14
-2.2343238370581275e-14
-5.9119376061289586e-15
-1.0347278589506459e-13
-2.609024107869118e-14
1.1227130336521896e-13
-1.865174681370263e-14
-3.000134862762849e-13
2.318145675417327e-13
-1.8885819486058608e-07
-5.5779707963665714e-08
-1.5343017967239803e-07
-1.5173206158181074e-07
-8.718307231703193e-08
-3.104217682903254e-08
-6.341611680227288e-10
1.2667022986079246e-10
-6.057732093722734e-11
1.3988810110276972e-14
2.4980018054066022e-15
0.0
2.9531932455029164e-14
2.5868196473766147e-14
-6.245004513516506e-17
1.3322676295501878e-15
1.7763568394002505e-15
-1.8207657603852567e-14
-1.4746116505648388e-07
-4.461158198409976e-08
-1.1838183133772162e-07
-1.1528029375540426e-07
-6.606399871600388e-08
-2.6983343559550118e-08
-8.3816864560049e-10
1.050898923438126e-09
6.064460045251963e-11
-8.881784197001252e-16
-2.706168622523819e-15
-5.551115123125783e-17
2.220446049250313e-16
-7.771561172376096e-16
6.938893903907228e-17
-2.220446049250313e-16
9.769962616701378e-15
0.0
-8.668439477332868e-08
-4.1381298387932475e-08
-6.72638826304528e-08
-6.453498890834908e-08
-3.7356048920855756e-08
-2.1151038254174637e-08
4.123865693372863e-10
3.112167412666622e-09
3.8719416561860953e-10
9.43689570931383e-15
-5.204170427930421e-16
2.7755575615628914e-16
-2.220446049250313e-16
-5.551115123125783e-16
-8.049116928532385e-16
1.9984014443252818e-15
-4.884981308350689e-15
0.0
-8.745294266532255e-09
-4.470730630146136e-08
-2.966857426400793e-09
-3.850028740259859e-09
-2.9767335263386485e-09
-1.3937835774413544e-08
4.076891713111763e-09
6.311837497108287e-09
9.666643041583711e-10
-1.4432899320127035e-15
4.0592529337857286e-15
0.0
0.0
-1.3322676295501878e-15
1.4016565685892601e-15
-2.4424906541753444e-15
-3.9968028886505635e-15
0.0
6.129748952865555e-08
-5.474284137108043e-08
5.285132864685238e-08
4.648113449690072e-08
2.528296150217102e-08
-8.092840175777383e-09
9.627247443688702e-09
1.0264683214522563e-08
1.5686817400606403e-09
1.6653345369377348e-15
-3.7730235602495554e-15
0.0
1.532107773982716e-14
-1.3877787807814457e-15
-2.6942423986264785e-16
-3.9968028886505635e-15
0.0
8.881784197001252e-16
1.0060813515622158e-07
-6.021198828420893e-08
8.33219315765632e-08
7.475718089011707e-08
4.136585296521389e-08
-5.113726331273938e-09
1.1102224029002628e-08
1.0024257535157233e-08
1.1914658148981516e-09
7.771561172376096e-15
-7.424616477180734e-16
-1.6653345369377348e-16
-2.631228568361621e-14
2.55351295663786e-15
-1.214306433183765e-15
6.328271240363392e-15
-1.7763568394002505e-15
-8.881784197001252e-16
1.1609585115479604e-07
-5.192637786421983e-08
9.64059925223637e-08
9.462360761602895e-08
5.243573397706314e-08
-3.3415474831599568e-09
3.954242044912348e-09
2.682583488677892e-09
6.381023487378457e-11
-1.5543122344752192e-15
3.8441472227646045e-15
0.0
3.9968028886505635e-15
-7.216449660063518e-16
1.249000902703301e-16
-3.559652572704408e-15
3.552713678800501e-15
4.440892098500626e-16
1.1577133918194704e-07
-5.11522415536092e-08
9.681298873687183e-08
9.778422516149021e-08
5.407783021382784e-08
-3.944549575862766e-09
9.214347063135618e-10
-3.782960611431463e-10
-5.483588583210519e-11
2.6645352591003757e-15
1.3877787807814457e-15
1.3877787807814457e-16
4.440892098500626e-16
-8.326672684688674e-16
1.0824674490095276e-15
-2.7755575615628914e-15
-1.7763568394002505e-15
-4.440892098500626e-16
9.339613171732708e-08
-5.183031959177242e-08
7.894174025580014e-08
8.014204122552826e-08
4.395039887583607e-08
-6.965770182887354e-09
2.703903767553584e-10
-1.0232170666313323e-09
-5.345394266109693e-12
-2.886579864025407e-15
-8.049116928532385e-16
3.3306690738754696e-16
-4.440892098500626e-16
2.581268532253489e-15
-2.949029909160572e-16
1.5543122344752192e-15
-2.6645352591003757e-15
0.0
7.216358000050604e-08
-4.756537208550071e-08
6.233745430961335e-08
6.521073347975914e-08
3.543433990671474e-08
-8.725166367185011e-09
-9.193250605221692e-10
-1.689250517245e-09
-2.1490156876247113e-10
-8.881784197001252e-16
-4.191091917959966e-15
-1.8041124150158794e-16
-6.661338147750939e-16
-7.771561172376096e-16
9.298117831235686e-16
3.774758283725532e-15
3.552713678800501e-15
2.220446049250313e-16
6.934612883924274e-08
-3.63073624498611e-08
6.212897574187082e-08
6.752014503064174e-08
3.709848250821324e-08
-7.096730314515298e-09
-3.916498236833377e-09
-3.6153657845261473e-09
-8.916722915586206e-10
-3.5083047578154947e-14
-1.532107773982716e-14
-2.3857218284240034e-13
5.284661597215745e-14
1.7053025658242404e-13
-3.885780586188048e-14
2.7755575615628914e-14
-4.884981308350689e-14
1.7741363933510002e-13
7.999206275144388e-08
-2.0130718425548366e-08
7.35356291414746e-08
8.509207383156081e-08
4.7410937398240094e-08
-2.6592488211463206e-09
-1.0120214888331702e-08
-7.830600168290403e-09
-2.1491839419240932e-09
-4.440892098500626e-16
8.604228440844963e-16
3.8510861166685117e-16
6.111777750561487e-14
-8.01581023779363e-14
3.3306690738754696e-16
-4.496403249731884e-15
2.4424906541753444e-15
3.774758283725532e-15
9.82323911102867e-08
-2.1432924768305384e-08
9.214602414431283e-08
1.0738009947885985e-07
5.970798788723641e-08
1.8466437268216396e-09
-1.4280890248130618e-08
-1.0520702531380266e-08
-2.970287127368465e-09
-3.1086244689504383e-15
4.3021142204224816e-16
2.3245294578089215e-16
8.326672684688674e-17
-1.9984014443252818e-15
-2.220446049250313e-16
3.552713678800501e-15
-3.3306690738754696e-16
0.0
9.677553691744833e-08
-7.337328611356497e-08
1.0061089383839318e-07
1.1314244119375871e-07
6.153091103300312e-08
-3.021227712451946e-10
-1.1318163961604455e-08
-7.994469086725076e-09
-2.3665964743457835e-09
-2.220446049250313e-16
-9.298117831235686e-16
-7.632783294297951e-17
7.91033905045424e-16
1.3322676295501878e-15
0.0
-1.5543122344752192e-15
-4.440892098500626e-16
-2.220446049250313e-16
-1.6290471194224665e-08
-2.105696097487453e-07
3.9711800070563186e-08
4.6903782191520804e-08
2.1101554281699467e-08
-2.6093331939591735e-08
-5.753234888494774e-09
-3.793264369278404e-09
-1.2124122261703008e-09
1.5543122344752192e-15
-4.649058915617843e-15
-5.55805401702969e-14
-3.3084646133829665e-14
8.43769498715119e-14
2.5757174171303632e-14
-2.0175527915000657e-13
2.1405099914773018e-13
-1.0269562977782698e-13
-1.5623743365722476e-07
-4.576744139228595e-07
-8.065370593612897e-09
-5.0946944440966035e-09
-8.470287582440506e-09
-6.499564619844023e-08
-6.518092732221703e-10
-9.158540592579811e-10
-3.218768029888963e-10
-1.5543122344752192e-15
-5.384581669432009e-15
-6.938893903907228e-17
-2.5757174171303632e-14
-1.4566126083082054e-13
0.0
-4.440892098500626e-16
-3.2612801348363973e-15
5.484501741648273e-14
-2.5135636860795785e-07
-6.811103787640604e-07
2.791887609987498e-09
1.7955166242700216e-09
-1.7154327736079722e-08
-1.0608891187757763e-07
1.6935626234726442e-09
3.0039792875413696e-10
-7.34128313695237e-11
-7.105427357601002e-15
2.9976021664879227e-15
1.1102230246251565e-16
-4.440892098500626e-16
1.7763568394002505e-15
0.0
0.0
1.887379141862766e-15
-7.632783294297951e-17
-4.136490758810396e-07
-1.1456241111318377e-06
4.241937290316855e-08
2.6119018059489463e-09
8.953202446093655e-08
-1.094987318595031e-07
3.375167167973814e-08
1.673014260461514e-08
1.1368888053198134e-09
1.532107773982716e-14
3.760880495917718e-15
3.608224830031759e-16
-4.440892098500626e-16
-5.329070518200751e-15
-2.6645352591003757e-15
-1.6653345369377348e-15
4.440892098500626e-16
4.440892098500626e-16
-1.082380407524397e-08
7.784080935380189e-09
-5.568423944168898e-09
1.9797035122337547e-09
1.780323888311841e-09
1.8197676254771977e-08
-9.58717549792709e-09
-5.099686006815318e-09
-8.719549526858827e-10
3.4861002973229915e-14
-7.982503547054876e-14
-3.1932789745781065e-14
6.661338147750939e-15
7.194245199571014e-14
5.329070518200751e-15
-1.745270594710746e-13
-3.8968828164342995e-13
2.540190280342358e-13
-2.9613843821607588e-08
9.258258160116384e-09
-2.3761423051382735e-08
-5.859668306129606e-10
3.740786014283515e-10
1.1180967263157982e-08
-2.0371167863686424e-08
-1.3909058793615259e-08
-1.7685053421701014e-09
-2.864375403532904e-14
-2.7755575615628914e-16
-3.7470027081099033e-16
-4.440892098500626e-16
2.6645352591003757e-15
-2.220446049250313e-15
-8.881784197001252e-16
-6.367129046225273e-14
4.773959005888173e-14
-1.2018880113373598e-08
1.251089543075068e-08
-8.97973961855314e-09
-1.4387779856406269e-10
3.233387099732532e-10
9.337212114601812e-09
-9.156018165867863e-09
-6.012914610664666e-09
-3.807798520938377e-10
-1.2145839889399213e-13
7.771561172376096e-16
3.608224830031759e-16
6.661338147750939e-15
-2.531308496145357e-14
-8.881784197001252e-16
3.1086244689504383e-15
-2.220446049250313e-15
-6.661338147750939e-16
-4.683855081566435e-09
1.1736290161934448e-08
-2.191779202576072e-09
1.7316814648893342e-10
2.1249912940390914e-10
9.100880493662089e-09
-3.315598462449998e-09
-2.4921273933387056e-09
1.1006306976923952e-10
1.4921397450962104e-13
1.6653345369377348e-16
0.0
1.3322676295501878e-15
3.552713678800501e-15
-1.7763568394002505e-15
-1.3322676295501878e-15
1.3322676295501878e-15
9.43689570931383e-16
3.2442812880617566e-09
4.4217074446351035e-09
2.764398487897779e-09
4.2599701544077107e-10
2.1808244099474905e-10
7.12625425336455e-09
2.2031088064977666e-09
1.2003020799511432e-09
4.1956127461162396e-10
3.774758283725532e-15
1.1102230246251565e-16
-2.498001805406602e-16
-1.7763568394002505e-15
-9.992007221626409e-16
2.6645352591003757e-15
7.505107646466058e-14
-6.639133687258436e-14
-3.1441516057384433e-13
9.054772931449406e-09
7.51754214434186e-10
7.946262314817432e-09
3.91017884737721e-10
1.6930368218481817e-10
4.955628574165871e-09
7.340302587977021e-09
4.314461676813153e-09
1.2247340919202543e-09
5.706546346573305e-14
-1.9761969838327786e-14
9.389711230767261e-14
3.375077994860476e-14
-1.4299672557172016e-13
3.1086244689504383e-15
-2.220446049250313e-16
9.045542093133463e-14
7.083222897108499e-14
1.5931348684716795e-08
4.0381706867265166e-09
1.371798319382833e-08
2.5295032735073164e-10
1.4360068689711625e-11
3.3841272006895906e-09
1.339736854788498e-08
7.654577416360553e-09
2.2185702164279064e-09
-8.881784197001252e-16
3.2751579226442118e-15
2.42861286636753e-17
0.0
-4.440892098500626e-16
0.0
9.992007221626409e-16
8.881784197001252e-16
-2.220446049250313e-16
1.9837997911054117e-09
1.5303314171433158e-08
2.6044784107170926e-09
9.421818880639421e-11
-1.5942580589012323e-10
1.6630261612249342e-09
2.8287816533634214e-09
1.5321806046131314e-09
2.034710178122623e-09
-2.220446049250313e-16
-5.162537064506978e-15
2.7755575615628914e-16
-1.3322676295501878e-15
-7.549516567451064e-15
-1.7763568394002505e-15
-6.661338147750939e-16
0.0
2.220446049250313e-16
-6.567219656972156e-09
2.260037490486866e-08
-3.726904562739719e-09
-8.37205860193535e-11
-2.595479386968691e-10
-3.229302381058119e-10
-3.5515443919109657e-09
-2.141595289995024e-09
2.15233342260035e-09
-2.220446049250313e-16
2.831068712794149e-15
-2.2898349882893854e-16
2.4424906541753444e-15
1.7763568394002505e-15
-4.440892098500626e-16
-4.440892098500626e-16
-2.220446049250313e-16
0.0
-6.671410091030339e-10
1.3137650967109948e-09
1.7680079622550693e-10
-4.0814018831270005e-11
-7.913802946291071e-11
-1.5291007349205188e-09
4.402489484078842e-11
4.231281991451397e-12
-2.6657342999669705e-11
8.992806499463768e-14
1.4051260155412137e-14
-8.957765085249036e-14
-1.0880185641326534e-14
6.750155989720952e-14
-8.881784197001252e-16
-4.263256414560601e-14
8.881784197001252e-15
1.2434497875801753e-14
-1.2972511953535104e-09
-1.4945271686883643e-09
-3.049631658313956e-10
-2.9394553457962047e-10
-1.580604536144392e-10
-1.486482603674233e-09
-4.596101277343223e-11
6.447020695077299e-11
-3.9062475476470127e-11
4.440892098500626e-15
3.1086244689504383e-15
-1.734723475976807e-16
-1.965094753586527e-14
8.881784197001252e-16
-2.220446049250313e-16
-1.865174681370263e-14
-2.220446049250313e-16
3.885780586188048e-16
-6.2929004229772545e-09
5.4232032198342495e-09
-4.300837019854953e-09
-4.312556603491835e-09
-3.244069457508658e-09
-3.271841353402749e-09
2.7792212975441544e-11
3.681233096131109e-11
3.277156324088537e-12
-9.103828801926284e-15
-3.0531133177191805e-15
-1.249000902703301e-16
-1.1527237497865883e-15
-8.881784197001252e-16
2.220446049250313e-16
-5.10702591327572e-15
-9.992007221626409e-16
-4.440892098500626e-16
-9.535005673910746e-08
2.3690319039815222e-08
-7.460965889549698e-08
-2.9817372793061736e-08
-2.1697597274439318e-08
-7.393110179609864e-09
-4.4834706613983144e-08
-2.5731957009611506e-08
-8.274774643268756e-09
-3.319566843629218e-13
-1.4432899320127035e-15
9.974659986866641e-17
1.2212453270876722e-15
-3.552713678800501e-15
-6.661338147750939e-16
-2.220446049250313e-16
9.992007221626409e-16
-6.661338147750939e-16
-3.486060506929789e-08
2.729063197648429e-09
-2.731424686430728e-08
-8.082223335037497e-09
-5.444500406071029e-09
-4.993819802123767e-09
-1.9363781689207826e-08
-1.0998816080132201e-08
-3.570164608390769e-09
-2.886579864025407e-15
1.27675647831893e-15
1.3877787807814457e-17
1.5543122344752192e-15
3.552713678800501e-15
0.0
0.0
6.661338147750939e-16
1.3322676295501878e-15
-2.6032706657019844e-08
-6.419938358703803e-09
-2.2429489376918355e-08
-4.127196362446739e-10
-1.8847945426614385e-10
-2.6620961546264255e-09
-2.2107042418895162e-08
-1.2374631097600286e-08
-3.328381126266322e-09
-8.43769498715119e-15
4.163336342344337e-15
1.942890293094024e-16
-1.5543122344752192e-15
-1.7763568394002505e-15
4.440892098500626e-16
0.0
-4.440892098500626e-16
-6.661338147750939e-16
-2.603589077665447e-08
-3.1189983928925358e-09
-2.1805156791288027e-08
-5.460831786763265e-11
-6.74571509762245e-12
-2.490761374929207e-09
-2.1755200751982784e-08
-1.2076235123004153e-08
-2.7837074867420597e-09
6.8833827526759706e-15
-5.523359547510154e-15
-2.3592239273284576e-16
7.771561172376096e-16
-2.6645352591003757e-15
-2.220446049250313e-16
-3.3306690738754696e-16
1.3322676295501878e-15
1.9984014443252818e-15
-1.599969223775588e-08
2.1059349819552153e-09
-1.2870978949308665e-08
-2.4848745283634344e-10
-1.4908785317402362e-10
2.085875250301683e-09
-1.2657187270503911e-08
-6.873943192431398e-09
-1.050111109179852e-09
1.4099832412739488e-13
2.498001805406602e-16
2.7755575615628914e-16
-2.220446049250313e-16
1.3322676295501878e-15
-2.220446049250313e-16
1.1102230246251565e-16
-2.220446049250313e-15
2.220446049250313e-16
-1.0356526303212377e-08
1.7535569440951804e-08
-6.39906616584085e-09
-5.917261347576641e-09
-3.984849783478239e-09
-1.556107687150643e-09
-5.276081793681442e-10
-3.8278713532236e-11
1.2111911473766668e-09
1.7763568394002505e-15
1.124100812432971e-15
-3.885780586188048e-16
-1.8318679906315083e-15
-2.220446049250313e-16
1.1102230246251565e-16
-3.3306690738754696e-16
1.3322676295501878e-15
-1.7486012637846216e-15
5.1067477357946693e-08
-2.2161827928357525e-09
3.7539798825036996e-08
3.7225662552486938e-09
2.719798608552537e-09
-2.432742007840716e-09
3.3941685018135104e-08
1.9084819058434732e-08
6.098531457610079e-09
5.417888360170764e-14
-6.328271240363392e-15
2.498001805406602e-16
-8.1601392309949e-15
0.0
-1.6653345369377348e-16
6.661338147750939e-16
-6.661338147750939e-16
8.881784197001252e-16
-5.326008256645309e-08
3.624396072154923e-08
-4.1752471702238836e-08
-1.1785064479852281e-07
-6.981211342349525e-08
-1.5329957747667322e-08
7.64905347949707e-08
4.246039697619608e-08
1.2553087458400114e-08
1.9761969838327786e-14
2.914335439641036e-15
-2.220446049250313e-16
-1.1102230246251565e-15
1.1587952819525071e-15
4.440892098500626e-16
-5.551115123125783e-16
-4.440892098500626e-16
-1.3322676295501878e-15
8.635541348667176e-08
-1.8094269194079967e-08
6.604887481387323e-08
8.726837918970887e-09
7.216110375907193e-09
9.041206006088487e-09
5.719704354589794e-08
3.1903056196824764e-08
1.004588057185174e-08
-1.0436096431476471e-14
-2.3592239273284576e-15
5.551115123125783e-17
-2.220446049250313e-16
-3.3306690738754696e-16
0.0
-2.7755575615628914e-17
4.440892098500626e-16
-4.440892098500626e-16
2.8512147309811553e-08
-7.422173098348139e-09
2.2061063642553336e-08
6.320409529081417e-09
4.594844948968557e-09
7.6539438120804e-09
1.5487392701629688e-08
8.818219043860154e-09
3.1174209880191484e-09
7.993605777301127e-15
-3.469446951953614e-16
3.3306690738754696e-16
2.4424906541753444e-15
-7.771561172376096e-16
5.828670879282072e-16
-5.551115123125783e-17
-1.7763568394002505e-15
1.3322676295501878e-15
-4.444473233888857e-09
4.708365963779215e-08
7.075017904867309e-09
1.8500999399151397e-08
1.0515341486438956e-08
1.1967623336772704e-08
-1.1417304435212827e-08
-6.450559197901385e-09
-2.111121943926264e-09
1.9895196601282805e-13
7.771561172376096e-16
0.0
4.529709940470639e-14
8.215650382226158e-15
-3.6193270602780103e-14
-1.9761969838327786e-14
4.6629367034256575e-14
0.0
-1.3632885043080023e-08
4.931783337269735e-08
-2.6076918402395677e-12
1.6249458667516592e-08
9.334385708825721e-09
9.288349644975824e-09
-1.656155346196897e-08
-9.126949862547917e-09
-2.8911273375342716e-09
-3.774758283725532e-15
7.216449660063518e-16
-5.551115123125783e-17
6.661338147750939e-16
2.4424906541753444e-15
0.0
0.0
-3.552713678800501e-15
-8.881784197001252e-16
3.253937919112104e-08
5.330788610535819e-08
3.43673178804238e-08
3.724598229837284e-08
2.1139081596288634e-08
1.21635892469385e-08
-3.2717313303010087e-09
-2.7214301923095263e-09
-1.1678480404953007e-10
-1.7763568394002505e-15
-5.218048215738236e-15
0.0
-1.5543122344752192e-15
-7.771561172376096e-16
8.881784197001252e-16
4.440892098500626e-16
2.6645352591003757e-15
-1.3322676295501878e-15
2.2778777974963308e-08
3.1994488836062374e-08
2.788480735205212e-08
3.133287762580039e-08
1.7799878904156685e-08
9.564146807861107e-09
-3.175482987671785e-09
-6.797176155259876e-10
-4.3429831952934705e-10
-3.4017233474514796e-13
4.898859096158503e-15
0.0
6.661338147750939e-16
-2.220446049250313e-16
0.0
8.881784197001252e-16
-8.881784197001252e-16
0.0
1.5595205127283407e-08
2.500262041849055e-08
2.0993629945564862e-08
2.3380085423241326e-08
1.3244815022517287e-08
7.477652275156288e-09
-2.0667769717874762e-09
2.7997160145787348e-11
-1.6297996285885574e-10
2.886579864025407e-15
1.942890293094024e-16
8.326672684688674e-17
4.440892098500626e-16
2.7755575615628914e-16
0.0
-4.440892098500626e-16
-7.105427357601002e-15
-4.440892098500626e-16
1.7749684388945752e-08
2.10365840302984e-08
2.0142866929973025e-08
2.0673084577538248e-08
1.1790135090450349e-08
6.179064371281129e-09
-3.7206149272606126e-10
3.732423259350526e-10
-1.0832096331014895e-10
9.769962616701378e-14
3.2335245592207684e-15
-2.7755575615628914e-17
8.881784197001252e-16
-1.4155343563970746e-15
1.1102230246251565e-16
8.881784197001252e-16
0.0
-1.1102230246251565e-15
1.7513315242467797e-09
1.29782691260516e-08
3.843766194222553e-09
2.0779182818841946e-09
1.2764083123784076e-09
2.5912569867614366e-09
1.9638761727946985e-09
1.6509118516694343e-09
-2.0223156482757076e-11
1.0436096431476471e-14
-4.2049697057677804e-15
-4.163336342344337e-17
-1.3322676295501878e-15
3.497202527569243e-15
-4.440892098500626e-16
-1.7763568394002505e-15
6.661338147750939e-15
1.2212453270876722e-15
1.6619807752249471e-09
5.21166754197111e-09
7.991736161727658e-10
-2.696486589570668e-09
-1.4275274295982854e-09
9.732943340168276e-10
3.693441996688307e-09
3.0978579701468334e-09
1.386539771885964e-10
1.7763568394002505e-15
-1.85268467234323e-15
0.0
2.220446049250313e-16
-1.1102230246251565e-16
2.220446049250313e-16
-8.881784197001252e-16
0.0
6.661338147750939e-16
1.2659590709063197e-08
5.817639703309396e-10
7.348381791949521e-09
1.9597679035143756e-09
1.2352829870110327e-09
6.250218120840145e-10
5.353701482135875e-09
4.179895540801226e-09
3.5528269215490127e-10
-6.661338147750939e-16
2.373101715136272e-15
2.7755575615628914e-17
-4.440892098500626e-16
-2.6645352591003757e-15
2.7755575615628914e-16
2.6645352591003757e-15
-4.6629367034256575e-15
0.0
3.138041648753642e-08
2.0850592363785836e-09
2.1556384677268173e-08
1.4110308255155246e-08
8.077014612695166e-09
1.3012098065701139e-09
7.277334290733961e-09
4.4407428845261165e-09
5.573452810381241e-10
8.215650382226158e-15
-5.169475958410885e-15
0.0
1.2878587085651816e-14
3.3306690738754696e-16
-1.5565326805244695e-13
1.7763568394002505e-15
5.551115123125783e-15
-3.3084646133829665e-14
5.3206882455469895e-08
1.3092616768517473e-08
4.0487235786201836e-08
3.1705822856054056e-08
1.7988316614037103e-08
2.7749464948101377e-09
8.459723588316592e-09
2.901566986679427e-09
5.329248153884691e-10
9.769962616701378e-15
3.223983580102896e-15
-6.661338147750939e-16
0.0
1.1102230246251565e-16
1.6570078642530461e-13
-6.661338147750939e-16
-3.552713678800501e-15
-4.440892098500626e-16
6.96362754126767e-08
3.0032893505449465e-08
5.811762537888399e-08
5.290808724467411e-08
3.0010564699978204e-08
4.678028631133202e-09
4.877890980026223e-09
-1.7194059509506587e-09
-1.0342504630500571e-10
1.6153745008296028e-13
-3.3514857555871913e-15
5.551115123125783e-17
-2.220446049250313e-16
8.326672684688674e-16
1.1102230246251565e-16
-1.7763568394002505e-15
-8.881784197001252e-16
-6.661338147750939e-16
6.902073756975824e-08
4.6891699412299204e-08
6.39592014906043e-08
7.462328954765951e-08
4.217323734678757e-08
6.480760816884867e-09
-1.096501733854893e-08
-1.2732005449933581e-08
-2.3017061590024923e-09
-5.329070518200751e-15
3.1502578323738817e-15
-5.551115123125783e-17
0.0
1.2490009027033011e-15
-4.274358644806853e-15
8.881784197001252e-16
8.881784197001252e-16
1.3322676295501878e-15
2.4010578858479903e-08
7.980285943176568e-08
3.143578197750685e-08
9.199027886652722e-08
5.181767548378957e-08
7.391605549855741e-09
-6.077872782839222e-08
-4.608697323771338e-08
-8.923691008355661e-09
-1.9739765377835283e-13
2.42861286636753e-15
2.220446049250313e-16
1.1102230246251565e-16
-2.3071822230491534e-15
1.1057821325266559e-13
4.218847493575595e-15
4.440892098500626e-15
-1.3322676295501878e-15
-1.2768665857976202e-07
2.0444025494725793e-07
-8.604037304849044e-08
1.0971881025945152e-07
6.15627939737351e-08
7.840910143386282e-09
-1.9588781086099516e-07
-1.4304394757580496e-07
-2.233235235626907e-08
1.6042722705833512e-13
-7.077671781985373e-16
5.551115123125783e-17
-1.1102230246251565e-16
1.4918621893400541e-15
-2.170486013142181e-13
-4.440892098500626e-15
-1.7763568394002505e-15
4.440892098500626e-16
-3.0269840323171593e-07
3.945242497138679e-07
-1.9882118884595457e-07
1.3555010980326188e-07
7.570533711032112e-08
8.515719684965006e-09
-3.3440838098641734e-07
-2.4770865625356464e-07
-2.5049177510005904e-08
-6.195044477408373e-14
-1.3877787807814457e-16
-5.551115123125783e-17
1.1102230246251565e-16
1.3079815008865125e-15
1.1102230246251565e-15
-1.3600232051658168e-15
-1.7763568394002505e-15
0.0
-1.7009678643375992e-07
3.099604981571247e-07
-7.613041752563277e-08
1.5444710221856894e-07
8.599931966557506e-08
7.445493110935786e-09
-2.305162937199512e-07
-1.737143837665656e-07
-6.703454874523729e-09
-5.551115123125783e-15
-1.8041124150158794e-15
5.551115123125783e-17
-2.220446049250313e-16
8.187894806610529e-16
7.260858581048524e-14
3.6637359812630166e-15
8.881784197001252e-16
0.0
3.257942893242217e-08
9.713846793601988e-08
6.730888735262397e-08
1.4843180284884738e-07
8.23379036063443e-08
3.119723146483011e-09
-8.088986880316895e-08
-6.304741617668697e-08
2.4850625723882303e-09
1.176836406102666e-14
1.4432899320127035e-15
-8.326672684688674e-17
0.0
-3.920475055707584e-16
1.5265566588595902e-15
3.3306690738754696e-15
-1.7763568394002505e-15
0.0
1.0495783442365791e-07
-2.1129890726001577e-08
1.0678021133969651e-07
1.2475541311118832e-07
6.898816096168048e-08
-2.851692215699586e-09
-1.7722125100760877e-08
-1.5734588743043787e-08
2.7450150816678634e-09
9.325873406851315e-15
-8.326672684688674e-16
-1.5612511283791264e-16
8.881784197001252e-16
-6.661338147750939e-16
-1.1102230246251565e-15
-5.329070518200751e-15
1.7763568394002505e-15
2.7755575615628914e-15
6.261890916903212e-08
-4.3800878479771654e-08
6.668036967028002e-08
6.728749712969773e-08
3.671518200576429e-08
-1.309173569552513e-08
-5.996074747827151e-10
-3.5019374067246645e-09
1.4645297891080489e-09
2.0650148258027912e-14
3.3861802251067274e-15
6.938893903907228e-17
-2.220446049250313e-16
-2.3314683517128287e-15
1.5543122344752192e-15
1.5543122344752192e-15
2.220446049250313e-15
2.220446049250313e-16
-9.730977978961164e-08
2.022886746999575e-09
-5.849807394042727e-08
-4.0873255002793485e-08
-2.4360135242318393e-08
-3.1021315294310625e-08
-1.8010137270429993e-08
-1.3959013500652873e-08
-4.0353804117709835e-09
-7.061018436615996e-14
-8.1601392309949e-15
-8.326672684688674e-17
-6.661338147750939e-16
4.3298697960381105e-15
2.220446049250313e-16
-1.887379141862766e-15
0.0
-1.1102230246251565e-16
-3.07916508290873e-07
1.0311160281162302e-07
-2.1858033605326455e-07
-1.3584840807823184e-07
-7.803930834882067e-08
-4.669219322295248e-08
-8.400054363200127e-08
-5.4834587537300195e-08
-1.895651516314878e-08
3.8191672047105385e-14
6.675215935558754e-15
-3.3029134982598407e-15
6.661338147750939e-16
-9.992007221626409e-16
-8.881784197001252e-16
-6.356026815979021e-15
4.440892098500626e-16
-2.220446049250313e-16
1.3727205327995762e-07
-3.87211343877425e-07
6.312896871918383e-08
-1.7430422438735604e-07
-9.97070070118955e-08
-5.164781669009244e-08
2.3522773595630042e-07
1.6887468312631881e-07
4.991130669873556e-08
1.9984014443252818e-15
-5.564992910933597e-15
9.71445146547012e-17
-8.881784197001252e-16
4.440892098500626e-16
-4.440892098500626e-16
1.2656542480726785e-14
-9.992007221626409e-16
-8.881784197001252e-16
-2.0574245240823077e-07
-1.3955769873064128e-07
-1.8611406105151218e-07
-2.6171084854809123e-07
-1.4915772350576617e-07
-6.758553183772165e-08
7.411577573890327e-08
5.3561091117870774e-08
1.909097208097066e-08
3.3306690738754696e-15
4.4825254619240695e-15
1.0408340855860843e-16
1.1102230246251565e-16
-4.440892098500626e-16
0.0
1.1102230246251565e-16
5.995204332975845e-15
-5.551115123125783e-17
-3.3999714332821895e-07
-2.638917351305281e-08
-2.852140315035001e-07
-2.9022434233638705e-07
-1.6464035379470943e-07
-7.304167581878573e-08
3.6541845105375614e-09
4.291275335077671e-09
3.1216327300853663e-09
-9.103828801926284e-15
4.343747583845925e-15
-2.7755575615628914e-16
0.0
-2.6645352591003757e-15
0.0
-7.216449660063518e-16
-1.1102230246251565e-15
0.0
-4.3364821067370933e-08
-2.214082428508846e-08
-4.790946128707674e-08
-8.17708887268509e-08
-4.706457001901754e-08
-2.936715048917904e-08
3.3073566108043906e-08
2.5277995696626476e-08
9.031076331211807e-09
-6.217248937900877e-15
-7.729927808952652e-15
4.718447854656915e-16
0.0
-2.6645352591003757e-15
1.7763568394002505e-15
1.6653345369377348e-15
1.5543122344752192e-15
-4.163336342344337e-17
3.146310660895324e-07
-1.5715967549567722e-07
1.9723102440138973e-07
3.9345902536069843e-08
1.7419923281636326e-08
2.3491008693810045e-08
1.617621592231444e-07
9.966410274842019e-08
3.2693344698131455e-09
-2.398081733190338e-14
6.321332346459485e-15
3.114175584073564e-14
6.350475700855895e-14
1.509903313490213e-14
9.769962616701378e-15
5.928590951498336e-14
5.10702591327572e-14
5.1958437552457326e-14
-3.0561466246581404e-08
-4.933752961733262e-09
-2.8599252743788387e-08
-1.822577644361445e-09
-5.282014825525039e-10
4.139215192822121e-09
-2.444585334160365e-08
-1.126553428321131e-08
-2.1160291296951073e-09
-4.6629367034256575e-15
1.0061396160665481e-15
-2.7755575615628914e-17
4.440892098500626e-16
7.993605777301127e-15
-1.7763568394002505e-15
-9.447997939560082e-14
-2.8199664825478976e-14
-2.842170943040401e-14
-1.4392873737278933e-07
2.075580596283544e-08
-1.1849294168086999e-07
2.1215207368641131e-10
-1.4053747054987298e-10
3.1461653282605084e-09
-1.1804230837242358e-07
-6.895691484487543e-08
-1.291535944858424e-08
7.771561172376096e-15
-3.5388358909926865e-15
2.0469737016526324e-16
4.440892098500626e-16
-5.329070518200751e-15
0.0
-6.661338147750939e-16
2.4980018054066022e-15
4.440892098500626e-16
2.8426548226434534e-08
3.3039384561561747e-09
1.9594686762047786e-08
2.4801138920338417e-10
9.391110111778289e-11
4.093161531937284e-09
1.8656294287211495e-08
1.1087223583672312e-08
1.6905481459161818e-09
-1.865174681370263e-14
3.524958103184872e-15
-2.636779683484747e-16
4.440892098500626e-16
-2.6645352591003757e-15
2.220446049250313e-16
0.0
-1.2212453270876722e-15
-6.661338147750939e-16
3.1230840136231564e-08
-2.0474999473663047e-09
2.4634502437947958e-08
1.1386980247607426e-10
2.0169754755272606e-11
3.7213327974683352e-09
2.4460646841362177e-08
1.4453149788096198e-08
2.8644357996654435e-09
2.9531932455029164e-14
1.6375789613221059e-15
-5.88418203051333e-14
-8.881784197001252e-16
-1.7763568394002505e-15
2.9976021664879227e-15
4.440892098500626e-16
-1.9984014443252818e-15
2.220446049250313e-16
-1.1672128152895311e-08
-2.206434146501124e-09
-9.333376738140942e-09
2.0227197694566712e-10
-8.464073886216283e-11
2.186891778777067e-09
-8.763507253206626e-09
-5.408317349520075e-09
-1.265021865037852e-09
-2.9753977059954195e-14
-3.0531133177191805e-16
5.551115123125783e-17
4.440892098500626e-16
-2.220446049250313e-16
-6.661338147750939e-16
0.0
8.881784197001252e-16
-2.220446049250313e-16
-1.8432231740916905e-08
9.292307368014008e-09
-1.4272316661845254e-08
2.9221425279502e-10
-1.1183409753812157e-10
1.15499565467303e-09
-1.3882797134101565e-08
-8.660288486339596e-09
-9.670273470874235e-10
1.1102230246251565e-14
-5.218048215738236e-15
-3.677613769070831e-16
-1.3322676295501878e-15
1.0103029524088925e-14
-1.9984014443252818e-15
-2.220446049250313e-16
2.4424906541753444e-15
6.38378239159465e-16
-1.05634896385709e-08
1.3067975146441313e-08
-7.964114701053404e-09
3.5038461021485995e-10
-1.758362344617126e-10
1.7867618495870374e-10
-8.14657497016924e-09
-4.7856154594683176e-09
5.625366839012713e-10
-2.220446049250313e-15
-8.007483565108942e-15
1.572353358625378e-13
-3.019806626980426e-14
-5.218048215738236e-15
-4.440892098500626e-15
-4.063416270128073e-14
-1.4016565685892601e-15
-2.3869795029440866e-14
-5.91587223652823e-09
1.3237553275757818e-08
-4.747967352614069e-09
6.600888724506149e-10
-7.188116768475084e-11
-1.2426781825780608e-09
-5.266088010102976e-09
-3.029349215921684e-09
9.928697863870184e-10
-4.6629367034256575e-15
1.9984014443252818e-15
-1.5265566588595902e-16
-3.1086244689504383e-15
8.881784197001252e-16
4.440892098500626e-16
5.218048215738236e-14
2.6506574712925612e-15
-8.604228440844963e-16
-3.91557009038479e-09
1.2230060519868857e-08
-2.559588097028609e-09
2.648301133945097e-09
1.5111671913814462e-09
-1.9569166287425332e-09
-4.946134168903882e-09
-3.049809293997896e-09
1.093724222300807e-09
1.0436096431476471e-14
2.7200464103316335e-15
1.1102230246251565e-16
1.3322676295501878e-15
-8.43769498715119e-15
1.1102230246251565e-15
5.5289106626332796e-14
-2.3592239273284576e-14
-5.551115123125783e-17
1.9282889951455218e-08
-1.712006536536137e-08
1.825604245553336e-08
2.2271324340294996e-08
1.799962068282923e-08
1.4015351101903661e-09
-3.8024179360718335e-09
-2.75488787337963e-09
1.359225620944926e-09
1.4432899320127035e-14
-3.191891195797325e-16
-1.942890293094024e-16
-8.881784197001252e-16
4.440892098500626e-16
-1.1102230246251565e-15
-2.220446049250313e-16
2.220446049250313e-15
9.825473767932635e-15
-1.3989014391313503e-07
1.1165500524157324e-07
-1.0890444457345438e-07
-1.0056816002190772e-07
-7.359390541417099e-08
-1.3726303871308687e-08
-8.528243000682778e-09
-4.968478073408278e-09
7.368470278379391e-10
-1.9539925233402755e-14
5.828670879282072e-16
-1.5959455978986625e-15
4.884981308350689e-15
1.3322676295501878e-15
1.1102230246251565e-15
-4.440892098500626e-16
-9.992007221626409e-16
-1.1102230246251565e-15
-4.0198644057909405e-07
4.138725113733699e-07
-2.993422540953361e-07
-2.7340618569127173e-07
-2.1440376585246668e-07
-3.068269172068483e-08
-2.5545424442441345e-08
-1.4524142777361249e-08
-1.4222791833162773e-09
2.6645352591003757e-15
-1.3461454173580023e-15
2.0556473190325164e-16
-7.174816296640074e-15
-8.881784197001252e-16
-6.661338147750939e-16
2.220446049250313e-16
-9.992007221626409e-16
2.220446049250313e-16
5.49287747508842e-08
-8.55161736978971e-08
3.1229564712020874e-08
7.693623649274173e-08
5.691442339639252e-08
-5.535917280141689e-10
-4.599878855593431e-08
-2.5852957996619352e-08
-4.423952759680105e-09
8.43769498715119e-15
-5.134781488891349e-16
-1.942890293094024e-16
4.6629367034256575e-15
8.881784197001252e-15
6.661338147750939e-16
-2.220446049250313e-16
1.5543122344752192e-15
-2.220446049250313e-16
-8.134151130434475e-08
8.945569618390437e-09
-7.177459337981418e-08
3.362392142491899e-09
2.5862629815520677e-09
-3.377163271256478e-09
-7.50804094451496e-08
-4.2248994969185105e-08
-8.868155987329374e-09
-8.215650382226158e-15
2.5326962749261384e-15
2.7755575615628914e-16
-2.4424906541753444e-15
-6.217248937900877e-15
2.220446049250313e-16
4.440892098500626e-16
-1.942890293094024e-16
-2.220446049250313e-16
-1.1412744882477455e-07
4.3996323029205087e-08
-1.0083656931669793e-07
2.6473578884633753e-10
1.5638512707027985e-10
-3.1482174089880743e-09
-1.0141490314197199e-07
-5.668371705347397e-08
-1.0427086749587033e-08
2.220446049250313e-15
-4.57446580615084e-15
-1.942890293094024e-16
2.4424906541753444e-15
8.881784197001252e-16
0.0
2.220446049250313e-16
-5.551115123125783e-16
2.220446049250313e-16
1.3694325673441199e-08
1.9108577475890343e-07
-9.871296668961804e-09
1.504130153762162e-10
2.5999113972829946e-10
1.1743227501526121e-09
-1.0529383587254415e-08
-3.281492411133513e-09
2.005680954653144e-08
1.1324274851176597e-14
2.8033131371785203e-15
-2.7755575615628914e-17
-1.1102230246251565e-15
8.881784197001252e-16
2.220446049250313e-16
-3.3306690738754696e-16
6.661338147750939e-16
-2.7755575615628914e-16
9.907303422096447e-08
4.882772088876663e-07
2.0040126003095793e-08
8.396483508477104e-11
2.5554669491612003e-11
-1.0135794425991662e-09
1.9594622813201568e-08
1.645267566630082e-08
6.154500908905902e-08
8.881784197001252e-15
9.658940314238862e-15
-2.7769453403436728e-14
2.55351295663786e-14
7.993605777301127e-15
-6.661338147750939e-16
5.96189764223709e-14
9.725553695716371e-14
-9.769962616701378e-15
7.756280240300839e-08
-5.8245404943590984e-08
7.214580932668468e-08
1.6924062151701946e-10
8.587974775764451e-11
-1.7235722848951696e-09
7.1769662213228e-08
3.823917005263411e-08
2.3585786657065455e-09
-1.7985612998927536e-14
5.10702591327572e-15
3.7470027081099033e-16
-1.3322676295501878e-15
2.0816681711721685e-15
1.1102230246251565e-16
6.106226635438361e-16
2.886579864025407e-15
1.3322676295501878e-15
5.495029995472578e-07
-5.49020626294805e-07
5.417217892045301e-07
9.373295029035944e-09
6.166559707310171e-09
8.33485813700463e-09
5.331705246192087e-07
3.0371878878554526e-07
1.777000446789856e-08
3.552713678800501e-15
-4.052314039881821e-15
-3.608224830031759e-16
6.8833827526759706e-15
6.661338147750939e-16
-8.881784197001252e-16
-6.106226635438361e-16
1.9984014443252818e-14
-7.216449660063518e-16
7.125260545137735e-06
-6.983144999139768e-06
7.075259215838514e-06
-2.3583410779792757e-09
2.082037986461671e-09
1.0879730893975648e-08
7.0788641579611075e-06
4.069324585742606e-06
2.8826662956671356e-07
-2.220446049250313e-16
-1.096345236817342e-15
1.3877787807814457e-16
-6.439293542825908e-15
4.440892098500626e-16
4.440892098500626e-16
5.551115123125783e-16
-3.9968028886505635e-14
4.440892098500626e-16
5.544375881072483e-06
2.2645955368716386e-06
4.0676978443343614e-06
-6.482311931677032e-08
-3.487922706213453e-08
-5.9500386839772545e-09
4.133057375454996e-06
2.236095701491081e-06
1.0416851310424136e-06
9.325873406851315e-15
-1.812439087700568e-14
-4.62685445512534e-14
-8.79296635503124e-14
-1.2878587085651816e-14
1.652011860642233e-13
-2.220446049250313e-16
-2.886579864025407e-14
-7.993605777301127e-15
1.9583524561994636e-06
2.4273534791063867e-06
1.034212104400467e-06
-5.042446815650692e-08
-2.6047149326302588e-08
-4.682110699150144e-09
1.0839194706235844e-06
4.927573584723177e-07
4.796341244173163e-07
2.020605904817785e-14
-4.163336342344337e-16
-2.220446049250313e-16
1.4432899320127035e-15
8.881784197001252e-16
-2.220446049250313e-16
0.0
0.0
-8.881784197001252e-16
1.5280320049271266e-06
2.2816263935965253e-06
6.456960335299299e-07
-1.5333867509070842e-08
-5.496096022739039e-09
-2.250757802357839e-09
6.608603850821737e-07
2.0394238188503608e-07
3.4508769175545234e-07
-2.9976021664879227e-14
5.134781488891349e-15
0.0
-1.7763568394002505e-15
1.3322676295501878e-15
2.220446049250313e-16
-4.440892098500626e-16
-8.881784197001252e-16
1.1546319456101628e-14
-2.9067550144645796e-08
-3.8513050526489685e-08
-1.5079713477916812e-08
-1.6251203049932883e-08
-9.479405704837518e-09
-2.0414319124029134e-09
2.134257215402613e-10
-3.7505003547266824e-09
-8.847454713301062e-11
-5.773159728050814e-15
-4.055089597443384e-14
4.829470157119431e-14
8.637535131583718e-14
2.7755575615628914e-14
0.0
0.0
-1.7763568394002505e-15
-1.7763568394002505e-15
-6.786109452150413e-10
-4.5282973815119476e-08
9.178354076766482e-09
8.808136442439718e-09
5.102737787865408e-09
1.1185932180524105e-09
4.16987333551333e-10
-4.58070914532982e-10
3.2237323921435745e-11
1.1324274851176597e-14
-5.967448757360216e-16
5.551115123125783e-17
1.7763568394002505e-15
8.881784197001252e-16
-1.4133139103478243e-13
4.440892098500626e-16
5.329070518200751e-15
8.881784197001252e-16
-2.308738089595863e-09
-5.271437686360514e-08
4.351958793336053e-09
5.177305695269752e-09
3.0587532506842763e-09
1.9894343949999893e-09
-5.64243762823935e-10
9.448946070023112e-10
1.9212798019196953e-11
1.1546319456101628e-14
-5.828670879282072e-16
-3.469446951953614e-17
-4.440892098500626e-16
-3.3306690738754696e-16
2.8976820942716586e-14
-4.440892098500626e-16
-1.7763568394002505e-15
8.881784197001252e-16
-7.165454007918015e-09
-5.354730436835098e-08
-3.7211425052419145e-09
-7.06734226696426e-10
-3.1195623861890454e-10
1.834223439800553e-09
-2.6660398333433477e-09
7.90183918297771e-10
-7.169642657345321e-11
-1.5765166949677223e-14
1.7208456881689926e-15
1.1362438767648086e-16
-1.5543122344752192e-15
1.734723475976807e-15
-7.988054662178001e-14
1.3322676295501878e-15
4.884981308350689e-15
-3.039235529911366e-15
-9.48834610881022e-09
-4.756224569746337e-08
-9.27165899611282e-09
-1.7976873323277687e-09
-1.0000300587620359e-09
2.406011390121421e-09
-7.266413248885328e-09
-5.935163471804117e-10
-8.173595134053357e-11
7.771561172376096e-15
-3.3306690738754696e-16
-2.220446049250313e-16
1.3322676295501878e-15
-1.887379141862766e-15
2.7755575615628914e-17
4.440892098500626e-16
-6.217248937900877e-15
1.7763568394002505e-15
-2.8302480359343463e-09
-3.9143216667980596e-08
-8.439021925710222e-09
1.4492140820721033e-09
7.816565103513362e-10
3.495657097118965e-09
-9.908374565270606e-09
-1.443780206500378e-09
-1.2353984502055937e-10
-7.438494264988549e-15
-4.1772141301521515e-15
5.551115123125783e-17
-6.661338147750939e-16
-1.3322676295501878e-15
3.7567171595753734e-14
-2.6645352591003757e-15
3.4416913763379853e-15
-8.881784197001252e-16
7.569660454009863e-09
-3.716657204222429e-08
-4.067088110737416e-09
6.79689993177135e-09
3.738390028096283e-09
4.745736248423782e-09
-1.1044303249718723e-08
-9.819611790362615e-10
-1.9542301110675453e-10
1.8540724511240114e-14
2.2343238370581275e-15
5.551115123125783e-17
-2.220446049250313e-16
-4.440892098500626e-16
-1.0602629885170245e-14
1.3322676295501878e-15
-9.658940314238862e-15
1.7763568394002505e-15
1.8145165370242466e-08
-3.9915370564358454e-08
6.175415734333001e-10
1.1439310387828527e-08
6.331304147622063e-09
5.477325260017096e-09
-1.1040560465858107e-08
1.7540191521447923e-10
-5.334044317351072e-11
-2.609024107869118e-14
5.717648576819556e-15
2.220446049250313e-16
-4.440892098500626e-16
1.2212453270876722e-15
5.753730825119874e-14
-2.220446049250313e-15
1.0658141036401503e-14
-1.7763568394002505e-15
2.8933897056049318e-08
-4.61501201698411e-08
5.7268323416792555e-09
1.3113737873382547e-08
7.2564616537817975e-09
5.495671473454422e-09
-7.551641090230987e-09
2.8660140927172506e-09
5.003224501365366e-10
2.353672812205332e-14
-3.608224830031759e-15
-1.6653345369377348e-16
2.220446049250313e-16
-1.4432899320127035e-15
8.326672684688674e-17
8.881784197001252e-16
-2.220446049250313e-15
4.440892098500626e-16
3.8776310162802474e-08
-5.314511497545027e-08
1.3106154383990544e-08
7.5587831549484e-09
4.118044127920939e-09
4.167866052284808e-09
5.4646305258643216e-09
1.0360012625554305e-08
2.6187965129764734e-09
-5.773159728050814e-15
-2.876171523169546e-15
-5.551115123125783e-17
0.0
3.3306690738754696e-16
-2.942091015256665e-14
3.1086244689504383e-15
-3.1086244689504383e-15
4.440892098500626e-16
7.175448857310585e-08
-8.535394613318203e-08
4.718886259524879e-08
-1.1512260700285992e-08
-6.688668285903532e-09
2.250786224067269e-10
5.874285236018295e-08
4.474116910291315e-08
1.1013583822716555e-08
-9.769962616701378e-15
2.1545265571631944e-15
2.7755575615628914e-16
0.0
-5.551115123125783e-16
-1.1102230246251565e-16
1.5543122344752192e-15
0.0
-4.440892098500626e-16
2.7273345182265984e-07
-2.2898599638665473e-07
2.2106219610407152e-07
-8.42546798995869e-09
-4.776311790521959e-09
7.543476954197104e-10
2.296084009589805e-07
1.6638468602891976e-07
3.176532115123365e-08
6.439293542825908e-15
4.0314973581701e-15
-2.220446049250313e-16
0.0
0.0
-1.6653345369377348e-16
-9.381384558082573e-15
8.881784197001252e-16
-4.440892098500626e-16
4.371673902880957e-07
-3.9139044361036213e-07
3.357739100096069e-07
-1.680538036508139e-08
-9.320194394035752e-09
-4.4378367647368577e-10
3.5279340004912285e-07
2.5862627905937075e-07
3.253624880628081e-08
-2.6645352591003757e-15
-4.9404924595819466e-15
2.7755575615628914e-17
-8.881784197001252e-16
-1.0325074129013956e-14
1.1102230246251565e-16
8.049116928532385e-15
-1.7763568394002505e-15
0.0
2.0272194944936928e-07
-2.1654331305853702e-07
1.3497111783777882e-07
-3.4903284484855135e-08
-1.9422849106831563e-08
-3.963130268402892e-09
1.7013238728935673e-07
1.2710070773636062e-07
5.089864071883277e-09
-1.709743457922741e-14
-1.3183898417423734e-15
1.1102230246251565e-16
4.440892098500626e-16
-1.1102230246251565e-16
-5.551115123125783e-17
-6.772360450213455e-15
4.440892098500626e-15
0.0
2.0514598020326957e-08
-6.604256697073652e-08
-7.205847474267556e-09
-4.831651589931596e-08
-2.7118980838736206e-08
-7.845926575100748e-09
4.1313516163654647e-08
3.5376426232858194e-08
-3.6524236690649303e-09
1.509903313490213e-14
6.38378239159465e-16
1.1102230246251565e-16
-4.440892098500626e-16
1.4432899320127035e-15
-3.3306690738754696e-16
7.549516567451064e-15
0.0
1.1657341758564144e-13
-7.343203378695762e-09
-4.008535370303434e-08
-2.9876124685301875e-08
-3.2476223044142216e-08
-1.8238786481106217e-08
-7.767397391944542e-09
2.6731452607009487e-09
9.046777549315266e-09
-3.6370094158577615e-09
1.7763568394002505e-14
3.6637359812630166e-15
-8.326672684688674e-17
0.0
-7.771561172376096e-16
4.440892098500626e-16
2.4424906541753444e-15
1.7763568394002505e-15
-3.6637359812630166e-15
1.5881340686974e-09
-4.1584275578543384e-08
-2.0209391493608564e-08
-1.3124455300328464e-08
-7.269776336471523e-09
-7.222567433018412e-09
-7.243139421575507e-09
1.176818642534272e-10
-2.8652281658381185e-09
1.3322676295501878e-15
-3.0531133177191805e-15
-1.1102230246251565e-16
-6.661338147750939e-16
-1.7763568394002505e-15
-2.220446049250313e-16
-2.4424906541753444e-15
-1.3322676295501878e-15
0.0
-1.3233574236437562e-09
-1.8340923446658053e-08
-1.4630135325433004e-08
-9.742990414451924e-09
-5.7200111314159585e-09
-9.428418934476213e-09
-5.032439354124563e-09
-2.3370692048274577e-09
-2.001001586648954e-09
-2.2426505097428162e-14
5.551115123125783e-17
0.0
1.9984014443252818e-15
1.3322676295501878e-15
2.220446049250313e-16
3.608224830031759e-15
2.220446049250313e-16
-2.220446049250313e-16
-2.348892280679138e-08
3.6839651329501066e-08
-2.6594598523388413e-08
-2.9742727392090277e-08
-1.7861935042162713e-08
-1.4408840343094198e-08
2.9881668250908433e-09
-1.8949286584302172e-10
-1.6046457496088353e-09
5.10702591327572e-15
3.1363800445660672e-15
-1.6653345369377348e-16
-1.5543122344752192e-15
1.1102230246251565e-15
0.0
-4.718447854656915e-15
1.3322676295501878e-15
0.0
5.155263238521002e-08
1.1909951069810631e-07
2.75561689022652e-08
2.128732745632078e-08
9.375208165351978e-09
-1.5970087474670436e-09
6.222990123205818e-09
2.176317792645932e-09
-1.0586377330312757e-09
7.549516567451064e-15
-4.9404924595819466e-15
-8.326672684688674e-17
-6.661338147750939e-16
8.881784197001252e-16
0.0
2.3314683517128287e-15
1.7763568394002505e-15
1.6653345369377348e-16
2.0238860543031478e-07
2.188506726952255e-07
1.3363945505773245e-07
1.3158915024291673e-07
6.53254996763053e-08
2.5378206203185982e-08
2.0256134547480542e-09
5.475737641091882e-10
-6.39411856795391e-11
-4.218847493575595e-15
2.7200464103316335e-15
2.914335439641036e-16
1.7763568394002505e-15
-2.6645352591003757e-15
-8.881784197001252e-16
-1.9984014443252818e-15
-3.0808688933348094e-15
-4.440892098500626e-16
-1.0920679471837501e-07
3.541425996900216e-07
-4.6148365129283775e-08
7.087487929879899e-08
2.7544846403770862e-08
9.036682513396954e-10
-1.1737228344799178e-07
-7.751357600227493e-08
1.054160225777423e-08
4.884981308350689e-15
2.0539125955565396e-15
-2.7755575615628914e-17
0.0
1.7763568394002505e-15
-8.881784197001252e-16
1.3322676295501878e-15
5.551115123125783e-17
8.881784197001252e-16
-3.3130507404166565e-07
1.2836977703045706e-08
-2.5595075214823737e-07
-2.7445761219269116e-09
-1.7300427757049874e-09
7.689137770938714e-09
-2.5258106006731396e-07
-1.421508528665072e-07
-2.073026728055538e-08
-8.881784197001252e-15
-4.746203430272544e-15
-4.163336342344337e-17
-4.440892098500626e-16
-1.7763568394002505e-15
2.6645352591003757e-15
-2.220446049250313e-16
-1.1102230246251565e-15
0.0
-9.642893950001508e-08
3.7525410334637854e-08
-6.783569972412806e-08
-1.2805756455236406e-11
-5.065178276808524e-10
2.4279716015485064e-09
-6.784341621823843e-08
-4.119563357107836e-08
-5.890036902655993e-09
-6.661338147750939e-15
2.2967738821932926e-15
2.498001805406602e-16
4.440892098500626e-16
-1.7763568394002505e-15
-1.5543122344752192e-15
1.4432899320127035e-15
0.0
-8.881784197001252e-16
4.6888381177723204e-08
4.6803165787423495e-08
4.316333246379145e-08
-3.072209153742733e-11
-2.1758078672107217e-10
3.2649025705211443e-09
4.2946769696072806e-08
2.0893594410154037e-08
5.601950903155739e-09
2.90878432451791e-14
-2.5673907444456745e-16
5.096617572419859e-14
-3.2862601528904634e-14
-1.509903313490213e-14
-2.9976021664879227e-15
-5.5067062021407764e-14
3.430589146091734e-14
3.774758283725532e-15
2.5386782454006607e-08
3.229666845072643e-08
2.302355994743266e-08
-3.3239189178857487e-11
-1.0517808846088883e-11
4.031118105984888e-09
2.2995383375246096e-08
1.0534890293456554e-08
3.676003501595915e-09
-1.7541523789077473e-14
-4.9404924595819466e-15
6.938893903907228e-18
4.440892098500626e-16
7.105427357601002e-15
-1.6653345369377348e-15
-2.220446049250313e-16
2.3869795029440866e-14
2.6645352591003757e-15
6.076035674595914e-09
2.3637170443180366e-08
6.056030343870589e-09
1.311342145982053e-10
1.2027978613105006e-10
2.2700833435251866e-09
5.93784932334529e-09
1.5603944802933256e-09
1.674486327374325e-09
3.3306690738754696e-15
-2.7755575615628914e-16
-6.938893903907228e-17
-3.1086244689504383e-15
-6.661338147750939e-15
1.7763568394002505e-15
4.884981308350689e-15
-4.440892098500626e-15
8.881784197001252e-16
-5.029193062000559e-09
1.6324889884344884e-08
-3.829137895650092e-09
3.804334625101546e-10
1.971756091734278e-10
1.0435088348970112e-09
-4.23787582803925e-09
-3.526242409179758e-09
3.2080293976832763e-10
1.9539925233402755e-14
2.220446049250313e-15
-2.7755575615628914e-17
2.6645352591003757e-15
5.440092820663267e-15
1.9984014443252818e-15
-2.220446049250313e-15
1.7763568394002505e-15
2.7755575615628914e-17
-5.533813407510024e-09
8.127720718675846e-09
-4.944395559647319e-09
4.588862623222667e-10
1.8842527538254217e-10
-5.986477980002292e-11
-5.44621414633184e-09
-3.4501859147439973e-09
-4.922640073345974e-11
-4.6629367034256575e-15
-6.078471059822732e-15
-4.701100619897147e-14
1.554312234475219e-14
8.770761894538737e-15
-4.440892098500626e-16
6.705747068735946e-14
-2.6356694604601216e-13
-2.831068712794149e-15
6.549221609475353e-09
5.46508260867995e-09
5.360938359899592e-09
5.966240834709424e-10
2.3871304932754356e-10
-1.6921197776298413e-09
4.753868410034556e-09
2.5901232270086894e-09
1.3556871181208408e-09
1.9761969838327786e-14
3.497202527569243e-15
2.463307335887066e-16
-1.7763568394002505e-15
-2.220446049250313e-15
-1.7763568394002505e-15
-4.440892098500626e-16
2.3314683517128287e-15
-1.5543122344752192e-15
6.245308270536042e-09
6.995875878601509e-09
5.544036341120773e-09
1.404831806439688e-09
1.035314056707648e-09
-2.6755607729356257e-09
4.232024508610266e-09
2.294302525740477e-09
1.6646168887746171e-09
-1.2878587085651816e-14
1.27675647831893e-15
-2.220446049250313e-16
2.220446049250313e-16
4.884981308350689e-15
2.220446049250313e-15
2.220446049250313e-16
-9.992007221626409e-16
-2.220446049250313e-15
8.973582765747778e-09
4.585871238305117e-09
8.445660837352875e-09
5.276599157610917e-09
4.447950681385482e-09
-1.766182644580283e-09
3.1461730998216812e-09
1.6899426302785512e-09
2.0458656990740565e-09
2.0872192862952943e-14
2.4980018054066022e-15
1.7763568394002505e-14
4.551914400963142e-14
-1.9984014443252818e-14
2.6645352591003757e-15
4.440892098500626e-14
2.743361093848762e-13
5.595524044110789e-14
1.1052719517401499e-08
1.1729952120731468e-08
9.66602708984965e-09
1.7371351024308979e-09
1.7916284011931793e-09
-4.049843904674333e-09
7.876706398235456e-09
4.312520007765386e-09
3.1517544130110764e-09
3.774758283725532e-15
1.1102230246251565e-15
-8.326672684688674e-17
1.1102230246251565e-16
5.329070518200751e-15
2.220446049250313e-16
2.220446049250313e-16
5.065392549852277e-16
-5.773159728050814e-14
2.4793333608386092e-08
2.0480001694522798e-08
2.1542688077857974e-08
-1.123236170741393e-09
-7.511191668641005e-10
-7.01259428304013e-09
2.2636184482394128e-08
1.2551044648034804e-08
5.622609933197964e-09
-1.7541523789077473e-14
-2.942091015256665e-15
-1.1102230246251565e-16
7.66053886991358e-15
-4.440892098500626e-15
0.0
0.0
8.881784197001252e-16
8.881784197001252e-16
4.038053091903748e-08
1.3032817491875903e-08
3.4001569559904965e-08
1.981900865644093e-09
1.51118495494984e-09
-4.584689072828496e-09
3.201676790354213e-08
1.771705626651965e-08
6.8174941247889365e-09
2.375877272697835e-14
3.427813588530171e-15
2.3592239273284576e-16
-3.6193270602780103e-14
-1.7763568394002505e-15
-8.881784197001252e-16
2.220446049250313e-16
2.220446049250313e-16
0.0
1.7645711558600397e-09
-1.5534169506281614e-09
1.0712533082823938e-09
1.086920775605904e-09
6.957256992734528e-10
-3.0572484266411237e-09
-1.3653078667630327e-11
-1.9110046878267894e-11
-4.584332913282196e-12
-2.0872192862952943e-14
-3.885780586188048e-15
-1.607047828144914e-14
2.6645352591003757e-15
4.440892098500626e-15
-4.218847493575595e-15
-8.126832540256146e-14
-9.769962616701378e-15
-1.7985612998927536e-14
6.569558230751227e-10
-1.560920281917788e-10
3.1250024790097086e-10
3.77186282207731e-10
1.0893597135464005e-10
-2.4795648867481646e-10
-6.372147254296578e-11
-1.7855938949651318e-11
-2.0627388686023096e-12
2.353672812205332e-14
2.3314683517128287e-15
-1.3877787807814457e-16
2.55351295663786e-15
2.6645352591003757e-15
5.10702591327572e-15
0.0
1.992850329202156e-13
1.7763568394002505e-15
-1.3067023019175394e-09
5.400457325777097e-08
-4.178815515842871e-09
-1.0764722446765518e-12
-5.9568350252448e-11
-3.472211407284931e-10
-4.160405353559327e-09
-2.4211566085341474e-09
6.133753061021707e-09
-3.6193270602780103e-14
-3.7192471324942744e-15
8.326672684688674e-17
-2.220446049250313e-15
2.6645352591003757e-15
2.220446049250313e-16
-1.1102230246251565e-16
-1.9828583219805296e-13
-3.608224830031759e-16
-9.689799185252923e-09
2.4113859353747102e-08
-1.0401613792510034e-08
-5.207567710385775e-11
-3.5996094993606675e-11
-1.7609426139486573e-09
-1.0357922519688145e-08
-6.123528351054119e-09
1.5537509057139687e-09
1.5765166949677223e-14
-3.885780586188048e-15
2.255140518769849e-16
0.0
-1.7763568394002505e-15
-1.7763568394002505e-15
5.551115123125783e-16
-6.661338147750939e-15
4.440892098500626e-16
-1.2168666074785506e-08
-2.5034125883394154e-09
-9.993836869170991e-09
-8.555289809919485e-11
-8.718359367776429e-11
-2.289708644909183e-09
-9.921102162024908e-09
-5.873408426282367e-09
-1.6865300267454586e-09
3.552713678800501e-15
3.497202527569243e-15
-1.942890293094024e-16
0.0
4.440892098500626e-16
8.881784197001252e-16
-5.551115123125783e-16
4.440892098500626e-16
0.0
1.743232758144586e-08
-1.375752844978706e-08
1.5461807834071806e-08
6.1899854131297616e-09
4.218474458639321e-09
4.9614001795816876e-09
9.269637502029582e-09
5.329386709718165e-09
2.2199686533497243e-10
-2.220446049250313e-15
1.1102230246251565e-16
5.551115123125783e-17
6.661338147750939e-16
-4.440892098500626e-16
-3.0619951019161817e-13
3.3306690738754696e-16
4.440892098500626e-16
-1.3322676295501878e-15
-2.5655594981799368e-08
-6.094421678426443e-08
-9.796128352945743e-09
5.3798004273630795e-08
2.9176758203908193e-08
9.200108230800197e-09
-6.384508033363545e-08
-3.397501302515593e-08
-1.926996517909174e-08
0.0
2.8206603719382883e-15
-1.6653345369377348e-16
1.4432899320127035e-15
4.440892098500626e-16
3.090860900556436e-13
2.220446049250313e-16
0.0
-8.881784197001252e-16
-4.0236873388721506e-08
-1.325730636381195e-07
3.9113956518121995e-09
2.981116153932817e-08
1.659558851452303e-08
2.8803235352370393e-09
-2.5913845291825055e-08
-7.56792140066409e-09
-2.244981800458845e-08
9.769962616701378e-15
-2.6367796834847468e-15
5.551115123125783e-17
1.3322676295501878e-15
4.440892098500626e-16
4.440892098500626e-16
3.6637359812630166e-14
-2.220446049250313e-15
8.881784197001252e-16
-6.891323423019458e-08
-3.08080473132577e-07
2.0472370465540735e-08
1.143053651730952e-08
5.905094191405169e-09
-6.396803087227453e-10
8.930744144208802e-09
2.4818510135915517e-08
-3.0430545194803926e-08
-2.0650148258027912e-14
3.247402347028583e-15
0.0
-2.4424906541753444e-15
-1.1102230246251565e-15
4.440892098500626e-16
2.220446049250313e-16
8.881784197001252e-16
-4.440892098500626e-16
-1.2469328680708713e-08
2.551950473161924e-08
-9.279169432829804e-09
-1.245663128202068e-08
-9.181206905850559e-09
-3.572814932795154e-09
3.133783010866864e-09
2.1060291288677035e-09
4.078477555680138e-10
-2.220446049250313e-15
-5.329070518200751e-15
-4.385380947269368e-15
-3.1086244689504383e-15
-8.881784197001252e-16
-2.220446049250313e-16
0.0
1.7763568394002505e-15
0.0
5.639904543386365e-09
1.3578162594285459e-08
3.4820217820197286e-09
3.588596086956386e-09
1.8096368847864142e-09
-5.333475883162464e-10
-1.270024085897603e-10
-1.7687895592644054e-10
1.26293975277747e-10
7.327471962526033e-15
-1.970645868709653e-15
-1.1934897514720433e-15
1.1102230246251565e-15
0.0
-6.661338147750939e-16
-4.440892098500626e-16
1.7763568394002505e-15
2.6645352591003757e-15
1.787903158856352e-08
1.5680065246215236e-08
1.3784092089963453e-08
1.3412456922878846e-08
7.30411375826634e-09
1.1360867802068242e-09
3.708162665816417e-10
9.228884323420061e-11
2.4237278850591792e-11
-2.220446049250313e-16
7.216449660063518e-15
6.494804694057166e-15
-4.440892098500626e-16
7.771561172376096e-15
3.3306690738754696e-16
-4.440892098500626e-15
1.687538997430238e-14
-1.7763568394002505e-15
1.5056272673064086e-08
1.6040502259784262e-08
1.1783972908574468e-08
1.0655998750053186e-08
5.677817327409684e-09
8.907932169677224e-10
1.0635599068109514e-09
4.792548580212497e-10
-1.4821255334140915e-11
1.554312234475219e-14
-1.4710455076283324e-15
-2.7755575615628914e-17
-2.220446049250313e-15
6.800116025829084e-16
1.6653345369377348e-16
-4.440892098500626e-16
-9.769962616701378e-15
-1.5543122344752192e-15
6.6039547164109536e-09
1.5321628410447374e-08
4.676735443354119e-09
2.860055303699482e-09
1.3089112016473337e-09
-1.9767298908845987e-10
1.8266153034574018e-09
8.303482346150304e-10
7.982059457845025e-12
8.881784197001252e-16
1.5126788710517758e-15
4.683753385137379e-16
0.0
-7.771561172376096e-16
-6.661338147750939e-16
8.881784197001252e-16
-4.440892098500626e-16
7.771561172376096e-16
7.539284752056119e-10
1.4811563531225147e-08
-4.307666445768632e-10
-2.546016730775591e-09
-1.638428948069759e-09
-8.719922561795103e-10
2.147350741665832e-09
8.813429985821131e-10
6.068612279364061e-11
1.6764367671839864e-14
-7.494005416219807e-16
0.0
0.0
2.7755575615628914e-15
4.0245584642661925e-16
2.220446049250313e-15
2.886579864025407e-15
1.1102230246251565e-15
2.5043505047506187e-09
1.605943111826491e-08
1.7558212661583639e-09
1.6996959395498834e-11
-5.026823401976799e-11
-4.144879994782968e-10
1.7756471848429103e-09
2.2383339626230736e-10
-6.657341344862289e-12
-2.0650148258027912e-14
-2.42861286636753e-15
0.0
2.220446049250313e-16
-3.4416913763379853e-15
-1.6930901125533637e-14
-1.7763568394002505e-15
3.670674875166924e-15
-3.1086244689504383e-15
1.2178276165286661e-08
1.601849675125777e-08
1.0592033028444803e-08
8.873784151930408e-09
5.1449093874111895e-09
8.772289561420622e-10
1.3769057005674767e-09
-4.204387948902877e-10
-6.753930748004677e-12
-8.104628079763643e-15
-1.6653345369377348e-15
5.551115123125783e-17
2.220446049250313e-16
3.552713678800501e-15
5.612177389480166e-14
8.881784197001252e-16
8.881784197001252e-16
1.3322676295501878e-15
2.1116143500421458e-08
1.506641922333074e-08
1.9619978530727167e-08
1.8525343925546167e-08
1.0700589747614231e-08
2.3860877718107076e-09
8.883862534503351e-10
-1.0626290958271056e-09
3.623557010001832e-11
-3.774758283725532e-15
2.6367796834847468e-15
-5.551115123125783e-17
0.0
6.661338147750939e-16
-3.4861002973229915e-14
-1.9984014443252818e-15
-4.884981308350689e-15
4.440892098500626e-16
1.9963072528383918e-08
1.5402420672216977e-08
2.0886368190531357e-08
2.0829562963342596e-08
1.1780516118164996e-08
2.925759190475219e-09
6.113154427112022e-11
-2.1618129508738093e-09
-8.293032927042532e-12
4.9960036108132044e-15
-1.394717674685353e-15
1.1102230246251565e-16
-2.220446049250313e-16
-6.661338147750939e-16
5.551115123125783e-16
1.1102230246251565e-15
2.220446049250313e-15
0.0
7.670434953865879e-09
1.7734919310896657e-08
1.3697086131969625e-08
1.4723707586483671e-08
8.269097406810033e-09
2.4556285893595486e-09
-1.0116263382542456e-09
-3.5199725356704903e-09
-2.3211210731233223e-11
1.7319479184152442e-14
3.1537272793258353e-15
-3.3306690738754696e-16
0.0
-8.881784197001252e-16
0.0
2.4424906541753444e-15
6.217248937900877e-15
4.440892098500626e-16
-1.0066223410376551e-08
1.9497150560709997e-08
2.1819417383994733e-09
4.2925272225602384e-09
2.279513688918655e-09
1.5257555219250207e-09
-2.0822072954729265e-09
-3.971607154262813e-09
3.5237368578577843e-10
-1.9872992140790302e-14
1.0061396160665481e-15
3.885780586188048e-16
2.220446049250313e-16
5.10702591327572e-15
-1.2212453270876722e-15
-3.885780586188048e-15
-7.105427357601002e-15
-1.7763568394002505e-15
-2.14661710629116e-08
-2.796824105644191e-09
-7.3501347230831016e-09
-1.0719958698501841e-08
-6.19967543968869e-09
2.1235280200926354e-10
3.386249503023464e-09
4.686657062435984e-09
2.356349504406552e-09
1.2434497875801753e-14
-4.2674197509029455e-15
-2.220446049250313e-16
-4.440892098500626e-16
-2.609024107869118e-15
7.216449660063518e-16
1.2212453270876722e-15
2.6645352591003757e-15
4.440892098500626e-16
-1.6020315740661317e-08
-4.8716742639953736e-08
-1.06529380872189e-08
-2.730214898605254e-08
-1.574621499855766e-08
-9.952003665603115e-10
1.694369322624567e-08
2.0155519919740073e-08
3.89450327542562e-09
9.992007221626409e-15
4.121702978920894e-15
2.6645352591003757e-14
-6.661338147750939e-16
-3.3029134982598407e-15
-3.885780586188048e-15
-1.4432899320127035e-15
-4.3520742565306136e-14
7.105427357601002e-15
-2.511099239654868e-08
-3.839198825517087e-08
-2.2224083906507985e-08
-3.714737184523642e-08
-2.116900343906991e-08
-1.2236256452524685e-09
1.5140757092524382e-08
1.526664306084058e-08
1.624686302159617e-09
-1.6431300764452317e-14
1.6930901125533637e-15
-5.551115123125783e-17
0.0
6.744604874597826e-15
2.220446049250313e-16
3.885780586188048e-15
-1.7763568394002505e-15
-4.884981308350689e-15
-2.890560324431135e-08
-3.490256972327188e-09
-2.7460979268312254e-08
-3.468558507080388e-08
-1.973625085582853e-08
2.779785290840664e-10
7.495141840507813e-09
5.211092890533564e-09
-2.2844645619635173e-10
6.661338147750939e-15
4.996003610813204e-16
1.3877787807814457e-16
2.5091040356528538e-14
-2.7755575615628914e-16
-2.220446049250313e-16
-1.3322676295501878e-15
2.6645352591003757e-15
-4.440892098500626e-16
-1.644947644763306e-08
2.1048563780823315e-08
-2.0801049771534963e-08
-2.0564360880825916e-08
-1.1594275317605707e-08
3.274585935741925e-09
-1.4534151659972851e-11
-1.7767103344112911e-09
-1.2505209645574666e-09
-7.993605777301127e-15
-4.9404924595819466e-15
-8.673617379884035e-18
-2.398081733190338e-14
7.771561172376096e-16
3.3306690738754696e-16
-9.992007221626409e-16
-8.881784197001252e-16
2.220446049250313e-16
6.509381478281284e-09
3.0578043208606687e-08
-4.941870912489321e-09
4.551289123355673e-09
2.7939317803760133e-09
7.615085451107007e-09
-9.23564025256951e-09
-7.957595471452805e-09
-2.554960909506576e-09
9.547918011776346e-15
3.219646771412954e-15
1.0408340855860843e-16
7.771561172376096e-16
-2.7755575615628914e-15
0.0
7.216449660063518e-16
6.572520305780927e-14
5.551115123125783e-17
2.9186651318013898e-08
3.7879553715924885e-08
1.484688816333346e-08
3.5394842612390676e-08
2.0633113884116483e-08
1.2828287765387358e-08
-2.0643585951773957e-08
-1.533360638461545e-08
-4.435632083854557e-09
-4.285460875053104e-14
3.3306690738754696e-16
-3.0531133177191805e-16
-5.551115123125783e-16
1.9984014443252818e-15
0.0
-4.163336342344337e-16
-1.2934098236883074e-14
0.0
6.778944339203008e-08
3.9141649921248245e-08
4.941829345739279e-08
7.096122089933488e-08
4.163394962120037e-08
1.8698919745929743e-08
-2.1539039773976754e-08
-1.5828844013299204e-08
-4.519163820937422e-09
6.94999613415348e-14
1.2298495555285172e-13
-1.3671563880990334e-12
4.3701153806807724e-14
9.50350909079134e-14
1.2967404927621828e-13
3.8558045645231687e-13
5.530020885657905e-13
2.793321129956894e-13
1.0256934501740032e-07
3.960381889100972e-08
7.789166023286498e-08
8.886056335200011e-08
5.240979383813737e-08
2.117670305779029e-08
-1.1344184702721805e-08
-8.817048424702989e-09
-2.532353243767105e-09
-9.325873406851315e-15
-6.522560269672795e-15
-1.249000902703301e-16
0.0
8.881784197001252e-16
0.0
9.43689570931383e-16
-2.914335439641036e-15
0.0
-2.665449585492752e-07
3.808109170222451e-07
-1.823779829379646e-07
2.8060973988885962e-08
1.3835999013167566e-08
7.021171199994568e-09
-2.098568723241101e-07
-1.5512872431067137e-07
-4.317789392693783e-08
-4.6629367034256575e-14
8.326672684688674e-17
-4.163336342344337e-17
-4.440892098500626e-16
-2.6645352591003757e-15
8.881784197001252e-16
-1.1102230246251565e-15
2.3314683517128287e-15
-4.440892098500626e-16
7.525803411567722e-07
-2.1323996435285153e-07
5.862672409762126e-07
-3.476668197777144e-08
-2.105861440782064e-08
-8.404736462352957e-09
6.214908481183556e-07
3.82430513923282e-07
7.694377712752498e-08
6.661338147750939e-15
-7.802092305553288e-14
1.0628303792614702e-12
-7.016609515630989e-14
-1.3855583347321954e-13
-1.3500311979441904e-13
-3.3700819912496627e-13
-2.682298827494378e-13
-3.645972412869014e-13
6.371173810748587e-08
-1.2238274393894244e-08
4.719723278867605e-08
-4.271747400252934e-10
-2.711932900467673e-10
1.2763967660589513e-08
4.790013008459937e-08
2.7704672334039057e-08
4.435533718094575e-09
-1.0880185641326534e-14
2.3522850334245504e-15
2.7755575615628914e-16
0.0
4.440892098500626e-15
-2.6645352591003757e-15
3.0253577421035516e-15
-5.329070518200751e-15
5.773159728050814e-14
-4.890431171133969e-09
-1.6285383708236623e-08
-8.06764433036733e-09
-1.8751222796709044e-11
-7.257128231685783e-11
5.50290479850446e-09
-8.09142619573322e-09
-3.4031657492050726e-09
-1.4096652733996962e-09
-1.9317880628477724e-14
-9.08995101411847e-16
1.6653345369377348e-16
4.440892098500626e-16
-3.552713678800501e-15
4.440892098500626e-16
1.0880185641326534e-14
2.220446049250313e-15
0.0
-8.132175821629062e-09
-1.813401695471839e-08
-9.770566578026774e-09
-5.3347548600868315e-11
-9.882050733267533e-11
4.1604396594507875e-09
-9.775675380296889e-09
-4.2271892652934184e-09
-1.691564222028319e-09
3.952393967665557e-14
-4.0245584642661925e-16
-4.163336342344337e-16
-4.440892098500626e-16
-2.6645352591003757e-15
-4.440892098500626e-16
-6.661338147750939e-16
-1.6653345369377348e-15
-2.220446049250313e-16
-1.8738219864644634e-09
-1.8412066538076033e-08
-3.874269793868734e-09
-4.096989414392738e-11
-7.339129304284597e-12
5.042412321021317e-09
-3.8002738733666774e-09
-8.080576208158163e-10
-1.0459686450303707e-09
-2.2426505097428162e-14
-2.7478019859472624e-15
4.440892098500626e-16
-4.440892098500626e-16
2.220446049250313e-15
1.3322676295501878e-15
-1.3322676295501878e-15
2.220446049250313e-16
-1.1102230246251565e-15
4.010964005374262e-09
-1.826836637519591e-08
1.5300543054763691e-09
-5.4141580108080234e-11
9.14823772291129e-13
3.6361733624090675e-09
1.6142536196639412e-09
2.2116282138995302e-09
-4.689439947469509e-10
6.661338147750939e-16
-2.4702462297909733e-15
-3.3306690738754696e-16
-4.440892098500626e-16
-2.220446049250313e-15
0.0
1.7763568394002505e-15
-6.661338147750939e-16
1.1102230246251565e-16
9.178030779821711e-09
-1.8800804468810384e-08
6.208971115029271e-09
-2.5297097749898967e-11
1.3799184017670996e-11
1.9015711227865495e-09
6.284643916387723e-09
4.760153160532354e-09
-3.90087961932295e-11
-4.884981308350689e-15
5.9396931817445875e-15
3.3306690738754696e-16
-4.440892098500626e-16
1.176836406102666e-14
0.0
-8.881784197001252e-16
0.0
-6.38378239159465e-16
8.130214723678364e-09
-1.9554697416879208e-08
5.940224312439568e-09
-8.029132914089132e-12
1.8835599746580556e-11
8.115936811492475e-10
5.9386415784956625e-09
4.3642166547286365e-09
-2.817017730194493e-10
-3.1086244689504383e-15
-4.801714581503802e-15
-5.551115123125783e-17
3.1086244689504383e-15
-1.3822276656583199e-14
-3.552713678800501e-15
-4.440892098500626e-16
1.1102230246251565e-15
8.881784197001252e-16
3.1537403799575263e-09
-9.087742114388675e-09
1.3598082659882493e-09
1.1866063687193673e-12
2.8963498266421084e-12
-6.675058283889257e-10
1.3628813633204118e-09
8.167919673951474e-10
-1.1282850209681783e-09
1.3322676295501878e-15
2.3869795029440866e-15
0.0
-1.9984014443252818e-15
2.4424906541753444e-15
3.1086244689504383e-15
6.661338147750939e-16
-9.992007221626409e-16
-1.3322676295501878e-15
1.2892364509298206e-08
-1.0406338901702838e-08
9.80511316583943e-09
1.3337331239426929e-11
-1.3435474954803794e-11
-2.4441042523193346e-09
9.801123468378137e-09
5.574529282625917e-09
-1.574562702444382e-10
1.4210854715202004e-14
1.887379141862766e-15
-1.6653345369377348e-16
7.771561172376096e-16
1.199040866595169e-14
-8.881784197001252e-16
2.220446049250313e-16
2.0539125955565396e-15
1.1102230246251565e-15
2.3920097902419002e-08
-1.1854979220515816e-08
1.953247341646147e-08
-6.165565280547014e-11
-6.848488443012002e-11
-2.999739789899536e-09
1.9639565529416814e-08
1.1195675497788216e-08
1.0743264056145563e-09
-3.197442310920451e-14
-5.440092820663267e-15
1.1102230246251565e-16
-1.9984014443252818e-15
-5.329070518200751e-15
-8.881784197001252e-16
-4.440892098500626e-16
-1.2212453270876722e-15
-2.220446049250313e-16
2.823201672441655e-08
-1.3771263240869303e-08
2.375737828685942e-08
-2.3156432327198215e-10
-1.9209345225590368e-10
-3.031188633428883e-09
2.397974824264182e-08
1.3942138332723175e-08
1.6578951544943266e-09
-5.329070518200751e-15
1.609823385706477e-15
-5.551115123125783e-17
2.1441182163073336e-15
-5.329070518200751e-15
1.7763568394002505e-15
1.1102230246251565e-16
-7.771561172376096e-16
-2.220446049250313e-16
5.857888663030053e-08
-3.097790113315568e-08
5.007481185259621e-08
-1.4947243442975378e-10
-1.378432923360151e-10
-5.171248429469699e-09
5.023547089422209e-08
2.9168869986051504e-08
3.9647503058404254e-09
3.7969627442180354e-14
1.3739009929736312e-15
6.494804694057166e-15
5.2735593669694936e-15
-4.440892098500626e-15
0.0
8.881784197001252e-16
-6.661338147750939e-16
-3.552713678800501e-15
7.143903246742411e-10
1.5151044863159768e-09
2.2644019992412723e-10
1.936300009219849e-10
1.7188717116312094e-10
-6.099311888885239e-09
3.4853897545872314e-11
7.87423459769343e-11
6.090417059567699e-11
-2.220446049250313e-15
-1.6653345369377348e-15
-2.7755575615628914e-17
-1.1102230246251565e-16
6.217248937900877e-15
-8.881784197001252e-16
0.0
3.552713678800501e-15
2.6645352591003757e-15
-3.171947149382959e-10
-2.257593223475851e-09
-2.339186622180023e-10
1.3633094653187072e-10
9.190070926479166e-11
-3.844246254658401e-09
-3.644231583166402e-10
-8.594192024702352e-11
1.495609192048164e-11
-2.3314683517128287e-14
2.6645352591003757e-15
4.163336342344337e-17
-2.0539125955565396e-15
-2.6645352591003757e-15
4.440892098500626e-16
-4.440892098500626e-16
-2.6645352591003757e-15
-1.6653345369377348e-15
-5.189447982445472e-09
4.0671466194908135e-09
-4.23334611809878e-09
2.6917135187431995e-11
-3.342304211173541e-11
-2.855840341986493e-09
-4.244490980909177e-09
-2.264340270841103e-09
1.302814522929907e-10
-5.995204332975845e-15
-7.216449660063518e-16
-4.9439619065339e-17
-1.3877787807814457e-15
-8.881784197001252e-16
0.0
4.440892098500626e-16
0.0
-1.3322676295501878e-15
-1.8770393239719851e-07
-4.483314341996447e-08
-1.558235567244992e-07
7.794653811288299e-12
-6.656719619968499e-11
6.746955216740957e-10
-1.558419775449238e-07
-8.689176289600198e-08
-2.625159822855494e-08
-5.773159728050814e-15
-3.4416913763379853e-15
2.42861286636753e-17
1.1657341758564144e-15
-8.881784197001252e-16
0.0
2.220446049250313e-16
2.708944180085382e-14
2.6645352591003757e-15
2.9369694232173064e-08
-8.560739672702766e-09
2.5170749040626106e-08
-1.4591527985885477e-10
-1.368452018368771e-10
-4.784687090975126e-10
2.542059718280143e-08
1.4076342313984469e-08
1.7034551547112642e-09
4.3520742565306136e-14
4.107825191113079e-15
2.8406096919120216e-17
1.2212453270876722e-15
-8.881784197001252e-16
2.220446049250313e-16
-6.661338147750939e-16
6.661338147750939e-16
-4.440892098500626e-16
4.2128566413168755e-08
-8.8169542777905e-09
3.644743173936149e-08
-2.1367618785461673e-10
-1.3530510045711708e-10
-1.3985135272065463e-09
3.631577882856618e-08
2.0177102211249576e-08
3.3367086871294305e-09
9.103828801926284e-15
2.7755575615628914e-16
-1.5612511283791264e-17
1.4432899320127035e-15
0.0
-2.220446049250313e-16
-2.220446049250313e-16
8.881784197001252e-16
3.3306690738754696e-16
2.183553959866913e-08
-1.299287077927147e-08
1.8673887325348915e-08
2.8463542633971883e-09
2.1614212641907216e-09
2.0510881881818932e-10
1.5712593892658333e-08
8.720118849225855e-09
7.52876871956687e-10
-5.240252676230739e-14
-7.577272143066693e-15
-1.1948775302528247e-14
-8.548717289613705e-14
-4.0190073491430667e-14
-4.440892098500626e-16
-1.3766765505351941e-14
1.176836406102666e-13
2.3314683517128287e-15
-2.2530532106657123e-08
-1.9717106169991894e-08
-1.8789691580423096e-08
-2.923984609992658e-09
-1.0308545128623336e-09
4.982808832210139e-09
-1.6062621455148474e-08
-8.822011565712273e-09
-3.829541128652636e-09
2.9531932455029164e-14
3.70536934468646e-15
-8.326672684688674e-17
-2.886579864025407e-15
7.771561172376096e-15
0.0
-4.440892098500626e-16
-2.7533531010703882e-14
-1.1102230246251565e-15
-3.351433974785323e-08
3.235720669181319e-08
-1.779305591753655e-08
-1.0639201519779817e-08
-8.361388914579493e-09
4.871302028419677e-09
-7.173373006708061e-09
-3.9189806955164386e-09
-2.31449348575552e-09
-1.84297022087776e-14
-1.4988010832439613e-15
8.326672684688674e-17
1.3322676295501878e-15
-1.5543122344752192e-15
6.522560269672795e-16
-3.3306690738754696e-16
-4.440892098500626e-16
-4.440892098500626e-16
5.646028000683145e-08
2.6565265898170765e-07
7.129926160587274e-08
2.2732807636316466e-08
-1.1187292869863087e-08
-7.236227617113399e-09
4.93842726712046e-08
2.7438812111313382e-08
8.170843557309126e-09
3.68594044175552e-14
1.2212453270876722e-15
0.0
-1.1102230246251565e-15
-2.220446049250313e-16
-4.440892098500626e-16
8.881784197001252e-16
-1.7763568394002505e-15
8.881784197001252e-16
4.015893750874966e-08
1.630286305953632e-08
3.428853290188272e-08
9.616581309046524e-09
4.0268091083817126e-09
-2.0177317594516353e-09
2.4868022308055515e-08
1.4002061732298898e-08
4.4772150431526825e-09
-3.552713678800501e-15
-3.83026943495679e-15
-5.551115123125783e-17
-6.661338147750939e-16
1.4432899320127035e-15
0.0
-8.881784197001252e-16
0.0
-1.7763568394002505e-15
1.7302852484135656e-09
-3.6919800550094806e-10
1.6851444684107262e-09
-3.3824605338850233e-09
-1.9876242873806405e-09
-2.664457099399442e-09
5.174001227459257e-09
3.497250489203907e-09
7.234888244056492e-10
-3.752553823233029e-14
1.9984014443252818e-15
2.7755575615628914e-17
4.440892098500626e-16
-6.539213615042172e-14
3.3306690738754696e-16
0.0
2.6645352591003757e-15
4.440892098500626e-16
-2.451871239372849e-08
7.16686088253482e-09
-1.826872164656379e-08
-2.1292123619787162e-08
-1.2416037975526706e-08
-4.757374938435532e-09
3.170080642433959e-09
1.450193298779823e-09
3.951076132935327e-10
1.687538997430238e-14
-3.164135620181696e-15
-2.0816681711721685e-17
6.661338147750939e-16
5.823119764158946e-14
-1.1102230246251565e-16
-4.440892098500626e-16
-3.552713678800501e-15
0.0
-1.6223154375438753e-08
8.351491942448774e-09
-1.1921246212409642e-08
-1.2423070572253891e-08
-7.343122554459568e-09
-3.109946078438952e-09
4.275118037355696e-10
1.5995560431747435e-10
1.231857948980064e-10
1.4432899320127035e-14
-2.6645352591003757e-15
3.3861802251067274e-15
-4.085620730620576e-14
-4.107825191113079e-15
4.696243394164412e-14
-8.881784197001252e-16
2.930988785010413e-14
6.217248937900877e-15
-7.432674919982674e-09
9.941153678028058e-09
-4.387105789760426e-09
-4.594101099542058e-09
-2.845531366091336e-09
-1.6209469322348014e-09
3.9992453793047395e-11
-6.972467048171893e-11
6.537900776315553e-11
3.552713678800501e-14
-6.38378239159465e-16
-1.6653345369377348e-16
-6.661338147750939e-16
-5.828670879282072e-16
-1.1102230246251565e-16
-4.440892098500626e-16
-4.440892098500626e-15
1.7763568394002505e-15
-5.509704692485684e-09
8.317407207414362e-09
-3.1363311947529837e-09
-3.3391742704225176e-09
-2.0234625086601454e-09
-1.4079546417633537e-09
9.211076346105074e-11
1.6978390915411978e-10
3.3119951226012745e-11
-4.75175454539567e-14
1.124100812432971e-15
1.3877787807814457e-16
1.5543122344752192e-15
2.0747292772682613e-15
-1.1102230246251565e-16
0.0
4.440892098500626e-15
-2.220446049250313e-16
-9.930971600624616e-10
7.590784889544011e-09
1.034096142049634e-10
-2.4715607338521295e-10
-1.4159390326895505e-10
-9.703526870907808e-10
-9.933431854847186e-11
1.8905854659578836e-10
2.354649808467002e-11
6.061817714453355e-14
1.3933298959045715e-14
6.578071420904053e-14
3.68594044175552e-14
-1.0078049506034858e-13
-1.0746958878371515e-13
-2.1316282072803006e-14
-2.842170943040401e-14
-1.3877787807814457e-15
2.524416231608484e-09
6.4964638113451664e-09
2.3436099727547344e-09
2.5742892262314854e-09
1.390129650280514e-09
-8.02543809186318e-10
-3.6865177577283253e-10
-2.425881717726952e-11
2.6662005936373134e-11
-4.218847493575595e-15
-7.147060721024445e-15
0.0
-1.3322676295501878e-15
6.827871601444713e-15
0.0
1.3322676295501878e-15
4.440892098500626e-16
1.7763568394002505e-15
8.04258348807707e-09
3.519943447827245e-09
6.1502527515244765e-09
6.91581680811737e-09
3.918158353322099e-09
-6.73665567774151e-10
-6.695302090520272e-10
-1.2938272675455664e-10
2.3002488802603693e-11
1.6653345369377348e-15
4.170275236248244e-15
0.0
5.773159728050814e-15
8.326672684688674e-16
0.0
4.440892098500626e-16
3.352873534367973e-14
6.661338147750939e-16
1.0290165164406064e-08
-1.0089138413604815e-09
7.932747791983275e-09
8.638290083240463e-09
4.9684998337795605e-09
-1.1405703048694704e-09
-8.58860094155034e-10
-1.2003376070879312e-10
-1.5520029705839988e-11
1.787459069646502e-14
-2.130240428499519e-15
5.551115123125783e-17
-8.881784197001252e-16
2.220446049250313e-15
3.3306690738754696e-16
2.220446049250313e-16
-2.7977620220553945e-14
-1.6653345369377348e-15
1.1504958763453033e-08
-5.386510792959598e-09
9.348297247413484e-09
1.0005560824311033e-08
5.709782868734692e-09
-1.867455523552053e-09
-7.158256210004766e-10
-2.2181989578484718e-10
-6.279332609437915e-11
-4.18554080283684e-14
-1.6768704480529806e-14
-7.582823258189819e-14
3.397282455352979e-14
1.4099832412739488e-13
7.499556531342932e-14
9.969802761133906e-14
3.1086244689504383e-15
8.881784197001252e-15
9.273406931242789e-09
-9.931852673616959e-09
8.59265725239311e-09
9.111648324733324e-09
5.164343619412648e-09
-3.0795277439210622e-09
-5.611608955291558e-10
-4.0937164769161427e-10
-1.979616470748624e-11
3.3306690738754696e-15
-1.3704315460216776e-15
1.1102230246251565e-16
2.220446049250313e-16
6.661338147750939e-16
-3.3306690738754696e-16
-8.881784197001252e-16
1.199040866595169e-14
2.220446049250313e-16
9.935057221355237e-10
-1.611893196695746e-08
3.2156828311258327e-09
2.477841043457829e-09
1.3018865985259254e-09
-5.253824042483757e-09
7.625429176982834e-10
5.15604448025897e-10
4.771100181599763e-10
1.609823385706477e-14
-1.8665624601510444e-15
-1.1102230246251565e-16
-2.220446049250313e-14
1.3322676295501878e-15
5.995204332975845e-15
-5.551115123125783e-16
-2.220446049250313e-14
2.220446049250313e-15
7.670593937803005e-09
-4.4627640249927936e-08
8.868851431031999e-09
-1.0121784299599312e-08
-5.931891422505942e-09
-8.372381898880121e-09
1.8888823838381086e-08
1.5669449499218502e-08
4.3181481723664206e-09
-2.4424906541753444e-14
8.604228440844963e-16
2.220446049250313e-16
-2.220446049250313e-16
-2.220446049250313e-16
1.6653345369377348e-16
3.0531133177191805e-15
0.0
-3.552713678800501e-15
1.630535662044963e-07
-2.1600318689252163e-07
1.2150405659383523e-07
-2.3564778572904288e-08
-1.375027380845495e-08
-1.1872771210619248e-08
1.4495858646768056e-07
1.163150975536098e-07
2.110751562423019e-08
-1.0880185641326534e-14
9.71445146547012e-16
1.6653345369377348e-16
0.0
-6.661338147750939e-16
1.6653345369377348e-16
-5.023759186428833e-15
6.217248937900877e-15
8.881784197001252e-16
2.6698564425942095e-07
-3.4435252160847085e-07
1.8331356521628095e-07
-3.520223090802688e-08
-2.0629709496233772e-08
-1.5524982188708236e-08
2.1830159546709638e-07
1.6974544791992227e-07
1.951388983734148e-08
1.4210854715202004e-14
7.494005416219807e-16
2.275957200481571e-15
-8.43769498715119e-15
2.4202861936828413e-14
2.8699265186560297e-14
-7.011058400507864e-14
1.4210854715202004e-14
-1.199040866595169e-14
7.021465009415806e-08
-1.5838104161502997e-07
4.37657412533099e-08
-3.5443151968905795e-08
-2.1214285439441483e-08
-1.7654741668593488e-08
7.908672028378305e-08
5.8006798919763014e-08
2.7179654360498517e-09
-2.886579864025407e-15
2.498001805406602e-16
1.1102230246251565e-16
0.0
-7.577272143066693e-15
-2.7533531010703882e-14
3.552713678800501e-15
-1.7763568394002505e-15
-2.220446049250313e-15
-1.5744703318887332e-08
-7.033720450522198e-08
-1.1423464840731867e-08
-2.7556405490791747e-08
-1.702860252805749e-08
-1.8329714635001437e-08
1.6148856030184788e-08
1.0903748126622759e-08
-6.374578503942629e-10
5.306866057708248e-14
5.662137425588298e-15
1.6653345369377348e-16
-4.440892098500626e-16
6.591949208711867e-17
-1.186550857568136e-15
-1.887379141862766e-15
8.881784197001252e-16
0.0
-3.5349735583167785e-08
-5.5735958071068126e-08
-2.5152621319080026e-08
-2.5380535007002436e-08
-1.612746736157078e-08
-1.9461765532469144e-08
5.18874276878023e-10
5.66032554161211e-10
-8.686510399869007e-10
-5.1514348342607263e-14
-1.1102230246251565e-15
4.440892098500626e-16
4.440892098500626e-16
-4.996003610813204e-16
-1.6653345369377348e-16
1.3322676295501878e-15
0.0
-2.220446049250313e-16
-2.2959895318308554e-08
-5.034869943187914e-08
-1.639654811924629e-08
-8.664088113619073e-09
-6.459803358893623e-09
-1.7260973095289955e-08
-7.357289888432206e-09
-4.181087476240464e-09
-1.5304301714813562e-09
5.062616992290714e-14
-5.551115123125783e-16
-8.326672684688674e-16
6.661338147750939e-16
7.771561172376096e-16
3.3306690738754696e-16
-1.1102230246251565e-15
4.440892098500626e-16
-1.1102230246251565e-16
-2.771308516003046e-08
-1.1992874249244778e-08
-1.7274427221991573e-08
1.2462127330081785e-08
6.0218452446747506e-09
-1.3295959888637299e-08
-2.9128210954354472e-08
-2.003447363563282e-08
-5.740516617613878e-09
-3.2862601528904634e-14
-1.3253287356462806e-14
1.3172796187177482e-13
3.1308289294429414e-14
-1.3322676295501878e-15
3.3439917501709715e-13
2.4313884239290928e-14
-1.389999226830696e-13
-7.249756350802272e-14
-4.584468626944726e-07
4.28703785360085e-07
-3.208676346844186e-07
2.9096369758008223e-09
1.2627812129295535e-09
-1.3542958754442225e-08
-3.2262061644416917e-07
-2.2684183420551565e-07
-6.487838333235629e-08
-3.3084646133829665e-14
-2.4147350785597155e-15
-1.734723475976807e-18
-1.2212453270876722e-15
1.5543122344752192e-15
0.0
-3.219646771412954e-15
-4.0245584642661925e-16
2.220446049250313e-16
-4.751009470282952e-07
5.375707985422197e-07
-3.422087146986996e-07
6.238187211238255e-08
3.599504916351748e-08
4.6118486807245063e-10
-4.035224456799824e-07
-2.81684156888673e-07
-8.082828145683507e-08
2.9753977059954195e-14
-1.8041124150158794e-16
3.469446951953614e-17
1.27675647831893e-15
-1.7763568394002505e-15
0.0
1.2212453270876722e-15
-1.6653345369377348e-16
0.0
-4.330104133032364e-07
5.894700052522239e-07
-2.112907449003387e-07
1.389549240116139e-07
7.990707295846278e-08
2.0150864088464004e-08
-3.49125595988653e-07
-2.0261602529103584e-07
2.4602464065992535e-08
-2.886579864025407e-15
2.819272593157507e-14
-1.785897818518123e-13
-5.051514762044462e-14
4.973799150320701e-14
-2.779998453661392e-13
-5.939693181744587e-14
1.3633538742396922e-13
-4.440892098500626e-15
4.0080352903260064e-07
1.930639825786784e-07
3.2468416577557946e-07
4.2244687392667407e-07
2.4012689792130004e-07
8.814323848582717e-08
-9.659212807378025e-08
-5.246987377915957e-08
-4.687095156441501e-09
1.509903313490213e-14
-2.6506574712925612e-15
2.636779683484747e-16
-2.220446049250313e-16
-8.881784197001252e-16
2.291500322826323e-13
4.440892098500626e-16
7.505107646466058e-14
4.973799150320701e-14
6.774665806119629e-07
4.0118729316418467e-07
4.968792097770347e-07
4.761293883603912e-07
2.6083436743817856e-07
1.2452604636337128e-07
2.157101874900036e-08
1.3471126436570557e-08
1.1955833656429604e-08
-8.215650382226158e-15
-3.531896997088779e-14
1.1476930517062556e-13
1.7763568394002505e-15
-3.0686564400639327e-13
-3.632649736573512e-13
-3.730349362740526e-14
8.881784197001252e-15
-2.7844393457598926e-13
5.706657191240083e-07
-1.018757899373668e-06
8.279650458575816e-07
8.359797885049147e-07
5.435245089557839e-07
1.1959024326380074e-07
-1.1521478882059455e-08
-7.795991407988367e-09
6.816598840941879e-09
-3.6193270602780103e-14
2.5326962749261384e-15
-5.828670879282072e-16
-4.440892098500626e-16
-2.6645352591003757e-15
8.881784197001252e-16
-1.6653345369377348e-15
2.220446049250313e-16
-4.440892098500626e-16
-6.876511093878435e-08
7.267248491871214e-08
-3.671896919854589e-08
3.002005755092796e-09
1.8310339910954097e-09
6.779094285924714e-09
-4.02883060246495e-08
-2.53462282273631e-08
3.0503670700454677e-09
1.1102230246251565e-14
-7.951972413877684e-15
3.469446951953614e-16
0.0
1.7763568394002505e-15
-1.3322676295501878e-15
2.220446049250313e-15
-1.9984014443252818e-15
0.0
-6.640695460191637e-08
7.820757730314654e-08
-3.7449915168963344e-08
-6.156870568929662e-10
-5.337779107605911e-10
7.89224829933488e-09
-3.688335681317767e-08
-2.3324611575503695e-08
4.3552645934141765e-09
1.7763568394002505e-14
5.100087019371813e-16
-1.6306400674181987e-16
0.0
-4.440892098500626e-15
1.6653345369377348e-16
-1.1102230246251565e-15
1.5543122344752192e-15
0.0
-6.205733171782413e-08
7.557954972980951e-08
-3.669108039616731e-08
-2.7623059395409655e-10
-7.026779158536556e-10
6.273153330127457e-09
-3.663917880203371e-08
-2.283867406305262e-08
5.4817377304061665e-09
1.354472090042691e-14
-1.6167622796103842e-15
-2.7755575615628914e-16
4.440892098500626e-16
8.881784197001252e-16
-1.7763568394002505e-15
-1.3322676295501878e-15
-7.235965299168257e-16
-2.560174294785611e-13
-4.588724422660562e-08
7.053668582557293e-08
-2.6887214232829137e-08
5.455298435208533e-10
-4.935687414331369e-10
3.836648776456286e-09
-2.7671880786783735e-08
-1.7290449960682963e-08
7.4222583634764305e-09
2.3314683517128287e-14
-9.298117831235686e-16
1.3877787807814457e-16
-8.881784197001252e-16
-6.661338147750939e-15
-2.220446049250313e-16
1.3322676295501878e-15
8.881784197001252e-16
6.661338147750939e-16
-4.6584312407560446e-08
7.0327260459635e-08
-2.9954254188169216e-08
1.1596235083288775e-09
-2.135571719463769e-10
2.417067435089848e-09
-3.1278723611194437e-08
-1.8941523904913993e-08
7.48131867567281e-09
-1.021405182655144e-14
-1.0130785099704553e-15
2.636779683484747e-16
1.3322676295501878e-15
8.881784197001252e-15
0.0
0.0
-7.771561172376096e-16
2.220446049250313e-16
-5.429258020939188e-08
7.701842719143315e-08
-3.7487382087419974e-08
1.5258372343396331e-09
7.228173615203559e-11
1.204156108158827e-09
-3.934010450734604e-08
-2.3355466893804078e-08
6.897991511323197e-09
-4.729550084903167e-14
8.791578576250458e-15
1.535022109422357e-13
1.4699352846037073e-13
4.440892098500626e-14
-4.285460875053104e-14
-5.329070518200751e-15
-4.5075054799781356e-14
-3.6415315207705135e-14
-8.344670021642742e-08
8.10668154826999e-08
-6.096410842815203e-08
1.4483276800092424e-09
3.6784797430300387e-10
-4.647071616403764e-10
-6.364751925502787e-08
-3.634125178564318e-08
5.55301937765762e-09
1.176836406102666e-14
3.0531133177191805e-15
-2.949029909160572e-16
4.440892098500626e-16
-1.1948775302528247e-14
0.0
-6.439293542825908e-15
4.696243394164412e-14
2.9004576518332215e-15
-9.349005125613985e-08
9.277820822717331e-08
-7.22145507836558e-08
2.1777140091217007e-09
9.898188935153485e-10
-1.6866730234710305e-09
-7.450544359244304e-08
-4.291408917111994e-08
4.212111548440589e-09
3.3084646133829665e-14
-2.7269853042355408e-15
5.377642775528102e-16
-1.7763568394002505e-15
-4.085620730620576e-14
1.3322676295501878e-15
4.440892098500626e-16
1.2212453270876722e-15
6.661338147750939e-16
-1.5430209288069818e-07
9.417126989319513e-08
-1.210549687158391e-07
3.80731535187806e-09
3.0873454903712627e-09
-1.366668556102013e-09
-1.2532566273648627e-07
-7.055287820634248e-08
-3.780087354243733e-12
-1.9095836023552692e-14
-4.3021142204224816e-15
-3.3306690738754696e-16
4.440892098500626e-16
3.1530333899354446e-14
0.0
-2.5757174171303632e-14
1.9373391779708982e-13
-1.3322676295501878e-13
-1.6834828642231514e-07
8.548346386305639e-08
-1.336883794778032e-07
1.7449355738108352e-08
1.4484383914492582e-08
-3.3350500139306405e-10
-1.5171895206833597e-07
-8.465740930496679e-08
-1.708571062408737e-09
4.951594689828198e-14
-2.9698465908722937e-15
-2.2518098496959738e-13
-1.0813572259849025e-13
2.042810365310288e-14
5.46229728115577e-14
0.0
-7.51620987671231e-14
-1.3322676295501878e-15
-8.027265607779555e-08
-4.6276511511678116e-08
-6.596259405355909e-08
1.1767060748013591e-07
9.287091939924608e-08
8.662088823996328e-09
-1.849816912979918e-07
-1.0190067278870174e-07
-4.575952061713906e-09
-9.992007221626409e-15
3.608224830031759e-15
4.440892098500626e-16
1.1102230246251565e-15
-9.769962616701378e-15
-4.218847493575595e-15
0.0
-2.609024107869118e-15
0.0
-2.192631995967531e-07
-1.1794685406130156e-07
-1.861482044063223e-07
1.1086128726134348e-07
8.792476391406012e-08
4.110967122272768e-09
-2.988911296242236e-07
-1.6169926819742386e-07
-2.3069745225257066e-08
-2.5979218776228663e-14
9.43689570931383e-16
2.7755575615628914e-17
1.6653345369377348e-15
2.6645352591003757e-15
-2.220446049250313e-16
2.220446049250313e-16
2.4980018054066022e-15
4.440892098500626e-16
-8.918804326185636e-07
-1.459760738953264e-07
-7.109447395237113e-07
-1.439588466836672e-08
-1.0517112736252443e-08
-3.1667580779881632e-09
-6.959235143710885e-07
-3.755484563328082e-07
-1.0804311045831129e-07
-2.6201263381153694e-14
2.5951463200613034e-15
-4.996003610813204e-16
1.3402907256265806e-15
-6.217248937900877e-15
0.0
-1.1102230246251565e-16
7.771561172376096e-16
1.7763568394002505e-15
5.0780371019243375e-09
-4.599314706865698e-09
2.114157737764799e-09
2.267308119030531e-09
8.089995340299083e-10
-2.4544931642722645e-09
1.583501330060244e-09
4.2703618419182026e-10
3.4585223573913026e-11
-1.0880185641326534e-14
-3.524958103184872e-15
8.526512829121202e-14
-1.8540724511240114e-14
-4.263256414560601e-14
2.220446049250313e-16
-7.66053886991358e-15
-9.703349235223868e-14
1.7896795156957523e-13
1.0541739925429283e-08
-7.604171514685731e-09
1.0151950391446007e-09
1.7196661872276309e-09
4.2317793713664287e-10
2.0386042298703444e-09
4.974726408590868e-09
4.1650771720469493e-10
-4.912376269650132e-10
1.1324274851176597e-14
-1.3322676295501878e-15
6.938893903907228e-16
-5.551115123125783e-16
-2.6645352591003757e-15
-2.220446049250313e-16
-1.6042722705833512e-14
8.881784197001252e-16
2.55351295663786e-15
1.4274097637212435e-07
-1.826545030780835e-07
1.374217930560917e-07
-5.316422857504222e-10
-6.582183686987264e-10
-1.1481622319564622e-09
1.385284207344739e-07
7.711413996247529e-08
-4.990177333852319e-10
2.398081733190338e-14
-3.497202527569243e-15
1.249000902703301e-16
4.440892098500626e-16
8.881784197001252e-16
1.1102230246251565e-16
1.1102230246251565e-16
1.3877787807814457e-15
-7.494005416219807e-16
5.5111150587094926e-05
-5.5461771751197375e-05
5.184374968791872e-05
-2.204744191658392e-07
-1.5669930686357247e-07
-5.682651949001638e-08
5.2061735168251744e-05
2.8346611488316853e-05
-3.633588270268717e-07
2.6645352591003757e-15
4.052314039881821e-15
-1.6653345369377348e-16
-8.881784197001252e-16
2.220446049250313e-16
8.881784197001252e-16
-5.273559366969494e-16
0.0
-8.881784197001252e-16
3.605442395837599e-05
-3.4903106438832765e-05
3.396754222251275e-05
9.222560493071796e-09
-6.341507496898657e-08
-7.720576888914366e-08
3.39596674017173e-05
1.8491190181491035e-05
-3.5398510050965726e-07
2.731148640577885e-14
-3.969047313034935e-15
-2.7755575615628914e-17
-1.887379141862766e-15
-1.1102230246251565e-15
-3.3306690738754696e-16
1.1102230246251565e-16
-4.440892098500626e-16
5.689893001203927e-16
-7.428916148910503e-06
9.554860980642843e-06
-6.348220480845157e-06
-2.9515723554141005e-07
-1.6810271752376593e-07
1.8206972285383927e-07
-6.020507629322935e-06
-3.441070931309298e-06
-2.0881831674923745e-07
-9.547918011776346e-15
3.6914915568786455e-15
-2.7755575615628914e-16
-6.661338147750939e-16
2.220446049250313e-16
2.220446049250313e-16
2.7755575615628914e-16
-8.881784197001252e-16
8.881784197001252e-16
-3.4558146353447228e-06
7.257851848407881e-06
-5.109139515013794e-06
1.5292521311494056e-06
8.48178127732524e-07
2.332573121321957e-07
-6.6349086653705305e-06
-4.269293064407265e-06
-1.3771517762828367e-06
-1.5987211554602254e-14
-1.887379141862766e-15
0.0
1.6786572132332367e-13
-4.440892098500626e-16
0.0
-5.551115123125783e-17
1.3322676295501878e-15
-4.440892098500626e-16
1.483206119701208e-06
4.835160893890134e-07
1.9223900551423867e-06
8.54581998055437e-07
4.836761418047786e-07
1.3520624619900445e-07
1.0626142981084996e-06
6.102307867905665e-07
1.7683487119057872e-08
-2.0872192862952943e-14
-1.5543122344752192e-15
2.220446049250313e-16
-6.306066779870889e-14
1.1102230246251565e-16
0.0
3.3306690738754696e-16
8.881784197001252e-16
0.0
-5.432075411704318e-08
1.12048724787428e-06
3.229045404395947e-07
5.330117787138988e-07
3.11603262304061e-07
9.021988489621434e-08
-2.2870025873089614e-07
-1.2903880008963142e-07
-1.0979976650116186e-07
1.709743457922741e-14
-2.6645352591003757e-15
-2.220446049250313e-16
-2.1316282072803006e-14
5.329070518200751e-15
3.197442310920451e-14
-2.864375403532904e-14
2.6645352591003757e-15
3.8191672047105385e-14
-1.669017848371368e-07
4.0905709397520695e-07
7.833853743477448e-08
2.896452073741784e-07
1.9554297381318975e-07
1.0534623839930646e-07
-2.3851699815224947e-07
-1.4070800613552592e-07
-1.0959461038684282e-07
1.2434497875801753e-14
-6.661338147750939e-16
1.6653345369377348e-16
-1.1102230246251565e-16
0.0
2.219335826225688e-13
0.0
-3.552713678800501e-15
0.0
-3.0941035333853506e-07
4.7417184134701534e-07
-6.569556632030071e-08
6.2827680835653155e-09
2.1729601229480977e-08
5.6096709499797726e-08
-9.47897440539691e-08
-7.122661638270245e-08
-5.951726990069406e-08
1.887379141862766e-14
6.00908212078366e-15
-1.6653345369377348e-16
8.881784197001252e-16
2.6645352591003757e-15
-1.41886502547095e-13
-8.881784197001252e-16
2.6645352591003757e-15
3.552713678800501e-15
-1.3023915514054352e-05
-1.6134203946194248e-06
-9.292497519908238e-06
1.8825769032559947e-07
1.1543658118284839e-07
8.19750738401126e-08
-9.397744262784613e-06
-4.926438781138742e-06
-1.951408901718077e-06
-5.706546346573305e-14
2.2343238370581275e-15
4.440892098500626e-16
-1.9984014443252818e-15
-5.995204332975845e-15
3.697042672001771e-14
4.440892098500626e-16
-3.552713678800501e-15
0.0
-3.102029211277113e-07
4.4542708366179795e-07
1.0744108869253921e-07
1.5060918201470486e-07
8.912168780739194e-08
8.579242916084695e-08
-7.073444585614652e-08
-5.536681113582631e-09
6.621156956043706e-10
1.021405182655144e-14
-6.231126725708691e-15
5.551115123125783e-17
4.440892098500626e-16
-2.615963001773025e-15
-1.1102230246251565e-16
-4.440892098500626e-16
8.881784197001252e-16
4.440892098500626e-16
-2.690279075068247e-07
4.4868638582329373e-07
5.6528365099950406e-08
9.35855659633944e-08
5.258419744080811e-08
8.076848700966366e-08
-7.833848947313982e-08
-8.507220289333262e-09
-1.837149543604255e-09
-1.176836406102666e-14
-1.7118945150329523e-13
5.551115123125783e-17
1.1102230246251565e-15
2.7755575615628914e-15
3.3306690738754696e-16
8.881784197001252e-16
7.993605777301127e-15
-1.7763568394002505e-15
-2.570060075868241e-07
4.5353297650763125e-07
2.6728386615104682e-08
6.273386432553707e-08
3.211100896294283e-08
7.581709127180147e-08
-8.053577182920434e-08
-8.578582733065332e-09
-2.129043830123578e-09
1.687538997430238e-14
-9.21554499377919e-14
1.759703494030873e-14
-8.881784197001252e-16
-1.887379141862766e-15
2.220446049250313e-16
-8.881784197001252e-16
-1.7763568394002505e-15
-8.992806499463768e-15
-1.8496479725627069e-07
4.0736377115990763e-07
5.9098939075852286e-08
9.023983160716398e-08
4.4646037977713604e-08
7.180315009236438e-08
-7.437507232310736e-08
-6.0455729311570394e-09
-2.075444482940725e-09
2.042810365310288e-14
1.7104373473131318e-15
5.551115123125783e-17
4.440892098500626e-16
-1.1102230246251565e-15
-6.661338147750939e-16
-4.440892098500626e-16
2.6645352591003757e-15
2.886579864025407e-15
2.9252016986447416e-07
2.2962740331422538e-07
4.4389794595645066e-07
4.695795752240883e-07
2.497028948056368e-07
9.644421794519076e-08
-5.838182470796482e-08
-1.4400702852412905e-09
-1.7638901450567346e-09
-2.0872192862952943e-14
-5.858594859242672e-15
1.1102230246251565e-16
0.0
3.552713678800501e-15
3.3306690738754696e-16
2.220446049250313e-16
-5.051514762044462e-15
-4.440892098500626e-16
1.5218799376270908e-06
-3.563323929256512e-07
1.4653257149888077e-06
1.4743590845966994e-06
7.883623176496712e-07
1.5060611247008637e-07
-2.4845240087500997e-08
9.249585097848012e-09
-1.2027162599181906e-09
