-10.988575784137993 -13.083798810004 10.300575765345487 5.128685655343219 -64.95175672159492 
-10.687149856247729 -12.948553779616605 10.838165281963532 5.408917644838863 -63.413692354101904 
-9.487648751158332 -11.692658236585796 12.303461426605086 5.299737400434176 -59.35664505176272 
-7.659315541800615 -9.708866841835375 13.21936952477573 6.199926208614804 -53.32955654105055 
-5.9783536701157 -7.25829280913733 13.080080101391315 7.823893567906661 -46.19497642718781 
-5.462956737979742 -4.998822055222387 12.148619730400977 8.638612889405296 -38.1577178477012 
-7.060620647197202 -2.7122089856419165 10.774100925445463 7.254796390304882 -28.76502737723937 
-10.386452208997055 0.1541578422451422 10.086573932011186 2.190219663053131 -16.292024397383823 
-17.363476837198093 5.963550755894308 7.215398123924448 -3.477004707388136 0.1979289847987883 
-22.060971115479763 10.745941341922025 4.860993831616165 -4.017056172491613 0.07331571727276882 
-21.36885246227676 10.304906377521528 4.280383636576942 -2.564642164072775 0.5135703223305745 
-15.89195558425489 4.091620924919592 4.39215424881108 0.523554168067366 0.9884478676794245 
-8.92879144215531 -3.6134426557193002 4.610160019542147 3.8799881239047767 1.1896216916155693 
-5.9229021243568605 -4.980844306967428 4.781980570566626 5.659954007757701 1.157492518982125 
-4.180201347519578 -4.595910640022922 5.253675386705457 5.65051823338042 0.9711410773682586 
-2.6445527460228266 -4.395279945620377 5.784449026953416 4.540681955188812 0.8289042073472431 
-1.3819970843572367 -4.601217366043442 5.9700556356838534 3.1059596813785477 0.7138959008398628 
-0.5301189834582101 -5.196034330421753 5.506049237147485 1.7270486455366865 0.5912418870646352 
-0.06941604388278576 -6.216262190753772 4.291758481680383 0.40525917545925205 0.5184317338351973 
0.1862735709127472 -7.689825127871457 2.3972075350584134 -0.9845527857184113 0.40608040105938586 
0.5571785555104529 -9.623413349031418 -0.006652357855886298 -2.5094398546075474 0.28549421123738544 
1.3931123395464031 -11.758772899824981 -2.65914978026473 -4.189352407429297 0.1341748809890763 
3.089305599761791 -13.727903875847115 -5.291268432275478 -6.053301505548384 -0.03497926474232996 
5.7819154767900525 -14.91219865534122 -7.616258812981213 -8.098162424873518 -0.22413477855744593 
9.124437677176449 -14.37362134457473 -9.462220664799414 -10.335869278889326 -0.5547610043362716 
12.366106284038935 -11.179173357144952 -10.978528079858792 -12.623977134984493 -0.9921939931841333 
14.862836540830946 -5.186686977539504 -12.619264157044528 -14.770911196488502 -1.352567069031405 
16.426346694070265 2.2322129293074693 -15.082296943618497 -16.66391549144592 -1.2264620996688458 
17.243268266214073 8.22528420008353 -19.422335437741147 -17.82732970276801 -2.3917370939581497 
17.106127249022403 9.688329005684198 -27.188496050326535 -14.947104632196893 -21.48314473239573 
14.294567174658178 5.678846973027935 -39.367878616469824 -9.466145075207907 -42.43909269283352 
15.110131861502667 -5.207195079688357 -46.93739176540579 -7.532995477119184 -62.10958710798373 
13.874584229807317 -2.2015059932142007 -48.64632287829537 -11.077089876504694 -74.87727706990498 
13.272366034941692 2.7529651075521793 -47.54913871142881 -15.956677384101944 -82.68419587108806 
13.633799914253133 6.122850197430465 -45.23921766177068 -19.82154327539013 -87.86888860280988 
14.461871359817149 7.460214772040513 -42.27660513523578 -21.451849092434987 -92.17291350069078 
15.27671611672914 7.282393847115299 -38.429196245498716 -20.469811904403493 -96.03946822055093 
15.902532784962975 6.279223476476584 -32.94635797609006 -17.26145740403618 -98.26059509522061 
16.129521631800266 5.156551365257039 -25.265814178790645 -12.52756450939239 -95.83258749673696 
15.473455329464182 4.54633066538016 -15.51439694181889 -6.758273126271357 -83.74812836259585 
13.121385302647683 4.960616278266266 -4.73498334344165 0.324440936540232 -54.86472947102758 
8.170463822756853 6.841388792980663 5.218839468845557 9.026296350827934 2.3352583942674228 
-0.32023078239209063 11.62219244720774 13.981033955946971 8.09910349904955 0.15460994727990784 
-14.324919019164588 24.725636734580892 18.505337082013266 5.824990248924421 0.2975932660439604 
-27.87167169964453 32.884057536587925 19.40840959972171 5.479092716978969 0.4819308308807156 
-33.78148665310339 22.64578575938862 18.151276393030226 5.499536182717656 0.6630429885281095 
-37.090828937227215 3.2967153219797503 15.745484914198439 4.930711419742129 0.6364329640513006 
-40.861008932131966 -17.121765429829075 12.5468279460901 3.6995803798796776 0.5418318475232349 
-45.61526107858555 -33.62713151798249 8.698055616222266 2.171172982504986 0.4164552252016016 
-50.25945239258909 -43.91859424612957 4.325643652789393 0.48814477287396996 0.312881581624428 
-53.079163070787764 -47.46437360584692 -0.46172976227421336 -1.624770755162519 0.12394419406019185 
-52.07811547193554 -45.17629729612627 -5.439948362642247 -4.775169107533547 -0.25490922429421364 
-45.14359715236537 -39.23255357986118 -10.212988746644914 -9.278824180994707 -0.1618136377508344 
-31.24860506966628 -31.053653073507135 -14.83356659185134 -13.17880038915757 -0.8121459031301219 
-10.284275435934042 -22.178185479510763 -19.55778432790877 -11.077737274426323 -28.77293070724847 
12.976553468403988 -6.885150154284075 -24.59183704915873 -1.2822763821979377 -47.549108142966986 
29.884487643509466 24.42346547089501 -26.35119869287345 0.16910690470294287 -39.15051612690232 
35.315660110559904 28.23251040517433 -21.580974797597232 -12.366643988619911 -15.760159465409647 
34.87427713133517 19.797738151829254 -11.709762879843245 -20.92602123430389 -0.6279996450118523 
28.029014678322334 13.9978592935917 -6.860513515573982 -7.092022031034848 -1.4785500286353561 
17.189729331733158 13.875132117351832 0.9295890220897456 0.2058602829123969 0.6931951165203861 
5.72565447085396 14.554563261350065 7.180665971230075 7.75364113941265 1.3653343385904224 
0.5158284079220742 4.148776134782265 12.337824609368301 12.727045678033226 1.75688494601447 
-3.312792746181272 -2.0825228275627823 16.227570077609354 15.041718745785177 1.8844383714525645 
-5.11174040490045 -8.486087060825994 19.373327686867203 13.418137503677892 1.771066633945016 
-6.429160149771671 -14.527681876896226 21.114787025679142 9.580738582658114 1.5114520442175492 
-8.064519357648331 -19.504075092553638 20.955802637235614 5.602590149387894 1.2328818691713423 
-10.219509056028707 -23.049255090660125 18.909750565727855 2.7804184284199396 1.134939862042103 
-12.651801764115351 -25.16025880157721 15.375341599108527 1.4199315181288794 1.1691247656192532 
-14.814959624727637 -26.004495630089853 11.042510116489337 0.9888437256622219 0.7393307965031275 
-16.015290579899606 -25.78734110376036 7.014200857083639 0.020782581607270312 0.18455045024084157 
-15.628744643131794 -24.62065158522236 4.134033346455163 -2.039907050254935 0.24881076178847408 
-13.40387488648768 -22.366572996309714 2.3609948423016487 -4.033857076667637 0.25688337152588353 
-9.435602651858296 -18.83061225261304 1.5456103652033466 -5.4317315228559595 -0.006596910963542055 
-4.020358172383141 -13.928815287148758 1.594458277472351 -6.462974455396577 -0.24161532420504506 
2.431087019440438 -8.232724507841633 2.0728557215992836 -7.221022846009887 -0.46774951477399446 
9.490828081042483 -3.3525861936611827 1.7622863441204741 -6.913970841894263 -0.6338452273591384 
16.14341524414279 -0.9280080054340645 -1.7460396545367842 -3.653387600282064 0.13434382955525767 
18.63805756579658 0.2963399892324661 -12.394878673840921 4.826735066620353 5.417404376157387 
10.36741978549825 6.224548692035537 -34.11938659774158 21.546335538960367 4.608821210462537 
9.811584325477456 4.252874239436891 -45.96837096484531 33.04421652407589 0.6727065541918011 
13.905674343436006 -0.6027900607256359 -48.202765413573836 36.80180230318588 -4.703066624173908 
17.465937815304073 -2.530110061529028 -45.18888613782059 34.23905038172847 -10.47748226352357 
17.730886709344194 -0.26931036808876585 -41.110378558032 27.821245619050963 -16.49163007223314 
16.442105797872543 3.4675336387072044 -36.60223837639886 18.86534992405699 -23.888405080164034 
14.89722113351477 6.813844375194738 -31.318479079910848 7.4754937091335485 -33.470566786322 
13.8338337153808 8.788901186950943 -24.92890479239402 -5.7172105939276605 -45.43765373678302 
13.323030198063678 8.789561176518438 -19.839350620869546 -15.631665945962325 -58.612722438914474 
12.920173087264807 6.405620142763065 -20.206507333595923 -15.109703661081047 -69.15112367347481 
12.460373486004915 3.010643470693364 -20.494676343663066 -12.338097655712172 -77.5388887620443 
10.791351646173398 0.48092691119563374 -18.35919649403182 -10.878973856181473 -84.14344203257241 
6.649471118957797 -0.035893611345731644 -13.972017000881909 -10.320192735862594 -88.56728911809965 
0.006242437605107342 0.44742230910053415 -8.06221381603606 -9.202012788764742 -89.72261407552494 
-6.911404559712773 -2.347247933935792 -0.8911807385854249 -6.553837687386004 -85.65199648567108 
-12.894740123156764 -7.9743314994556815 7.440145715447445 -1.8786086607439154 -72.93738523276186 
-18.713756295982375 -11.581384112129403 16.182620720394112 5.735704288693876 -46.50862292165039 
-23.241735065023235 -13.134375168082414 23.885230613801674 17.038637340946106 3.7250896527039066 
-25.22477306809523 -14.077478012957071 30.776025315863674 15.711225806487267 0.8601905160427421 
-24.734515661548 -14.29552451920629 33.91246421958286 13.93870874336656 -0.11567318201550206 
-22.15414766548349 -13.685283258796588 33.49280798464191 20.97999114656725 -42.45764268344045 
-18.188247403678577 -13.080501340354495 32.67481795267137 27.495104725941108 -66.93863151230651 
-14.8819076507967 -14.067229756323329 30.159081155595867 31.346828137492423 -75.73852497804228 
-17.06215368172656 -14.416011076229148 21.473520021480528 34.441561450637806 -71.11935549048056 
-22.45345019853718 -12.959796119120538 11.753236132254738 30.752289139819553 -52.560206538508545 
-29.115192399287885 -9.025080905649222 6.308992302803419 12.843902457685704 -15.44088492193732 
-30.01447162171787 -4.970482625916114 13.827253590876888 -10.69897590264286 -0.4820631783191719 
-26.12689814896804 -3.255264302422595 13.353958919434474 -7.808839776699775 -0.501647337647562 
-20.225183290859206 -1.8237438022783057 10.99098875346574 1.467526969258613 0.8769969841653785 
-13.792321090786793 -0.3535011420944975 9.175827861481478 8.85695424302009 1.849166282954352 
-7.810126058944151 1.0794771366520683 8.310799289830147 11.862341692506712 1.9077080943034253 
-2.841382107061171 2.2922871860247356 7.95244631344854 11.056989416541278 1.5682273560602273 
0.8599065668873636 3.0846102548850394 7.490192613483844 8.190571739589933 1.1593665421687889 
3.351866154334992 3.178240981774992 6.514374914447426 4.871225205504436 0.8421323575382733 
4.866472486728706 2.402156786631067 4.8570341402412796 2.0254454992721507 0.62597832693 
5.712704855168772 0.8620633145565381 2.5751775361361178 -0.17109940287696845 0.4785466010296487 
6.239402286248001 -1.1690734537270455 -0.10697282391753314 -2.0073228158539833 0.3896123467411205 
6.805225102340218 -3.3663777546025453 -2.8890542368398417 -3.762774600246924 0.25690470211366984 
7.739507204316933 -5.265391371148534 -5.47248706586422 -5.5984794976321295 0.09032960395392817 
9.249701382560778 -6.233267465410898 -7.69241752232283 -7.5553797354609 -0.14591478653277512 
11.309295287532814 -5.723772845234846 -9.484654906845952 -9.794437351666094 -0.44129901796869536 
13.600830114873801 -3.550974023642241 -11.004501410029722 -12.586077075121167 -0.9401734210569352 
15.704982856509945 -0.20799406185865163 -12.792197387004213 -15.890231415601223 -1.1576265569587705 
17.19026156284806 2.958977071253136 -15.880939884880588 -18.503484560200473 -1.8865808876920993 
17.041633174761607 4.417366596334154 -22.357291887486408 -16.16659082455099 -20.534567091322025 
12.275073919021827 4.392380231857012 -35.02005828250433 -8.112428261157895 -39.977536840296075 
11.212314591283313 -2.3677420413879675 -44.02718667177257 -1.0621039521552424 -57.171405801275 
12.352204480099719 -3.3493841816835466 -45.395049592350944 1.059270144539506 -68.52107454659448 
14.338847745302852 -0.9192391684059364 -43.514271693240225 1.1721150668253233 -74.7103700722555 
16.400353213905326 2.719133849324212 -40.50235843827613 0.12194638772562144 -77.52529607912874 
18.042629190377124 6.35705675878818 -37.55599360342344 -1.4615478876051626 -78.77521848968276 
19.050232402000162 9.131167398504802 -35.1308748338 -2.904535063266746 -79.92750516899504 
19.53509769805334 10.325503671675376 -32.93678179127324 -3.805514285399539 -81.94443775788993 
19.658287892900773 9.592712690904657 -30.27234753771401 -4.11499109790266 -85.11651136106957 
19.24331982345358 7.177405683569678 -26.429948001101277 -3.9429221544899384 -88.96409584706296 
17.687025784548606 3.9761778544708095 -20.980192811417577 -3.3188251210471837 -92.25716488391208 
14.144371044296074 1.2022561436312396 -13.701871012131058 -2.1943682218504987 -93.00452652195347 
7.880253776270955 -0.26957735391654836 -4.4257016744449675 -0.5113595983966558 -88.46403361396798 
-1.1454478934582542 -0.6438711636874077 6.743610496410287 2.3688012831737377 -75.10327909523119 
-11.730695624156875 -2.014439355104682 18.558514122749532 8.997467567547202 -48.601870626713364 
-22.408433975871045 -6.76323193613855 27.778627616919287 22.265376968859037 4.387997267355221 
-33.99152793331473 -12.882855202199723 34.028875843819115 14.573510721504444 0.10570802214133743 
-49.393395209404055 -14.865990821270174 30.622293406735402 5.194188426329255 -0.07255289584776212 
-66.10292688940713 -19.549044561578047 15.585377012026797 4.257001013108825 0.6455007191973651 
-66.71979598414688 -29.786515623418172 10.136481827176576 0.5239921157831673 0.22211747015761435 
-60.19129460130161 -35.57564116990755 9.64969564911869 -1.1050057872486712 -0.07713577050061403 
-50.31824296723772 -34.42744173582743 10.962097737607747 1.367377578137226 0.03854534339872516 
-37.211647787381146 -29.783806516758908 12.031687218453682 8.522860746159028 0.9471258439772217 
-21.00612218973982 -24.721925830533213 12.583499113778485 18.71098623560255 1.2730841200097816 
-5.120235155387091 -16.163983974415295 15.499539880901558 26.317677339477967 -28.119231301711697 
0.2206508084112211 10.012087699750795 24.929805512612386 14.83967264039975 -9.914005694203345 
-11.936688168789042 30.268788896281823 37.89017165638082 3.566915495975191 0.6522910747119334 
-22.935526353815124 40.57887117692062 35.90721166071245 10.360522765357024 1.6564882544269164 
-12.762863582511702 29.769168384957613 33.39356158112214 14.305609618977712 2.2888014936650096 
1.8735239713396534 16.287139807169506 26.17861388442613 13.902515004292963 2.27660176764098 
16.343063182291843 3.7985949563227717 11.35965152999065 14.427802546662594 2.7447907634446866 
25.0589785230216 -2.6463705482823894 -17.321877581193906 31.402656388892648 4.173689674450827 
30.544118343869766 -1.5272936898157696 -50.945502560426 76.46860395144728 -4.846747292316656 
33.49578664154855 13.726667799854127 -50.19471369478464 86.39799495431838 -35.46868594343068 
24.953891674608908 27.73194038570012 -26.046752207943268 66.67383396940063 -47.93118443378081 
10.99668057951621 20.88772022369994 10.367564805135427 36.93744281883722 -37.783295746115 
-5.887783022389081 -0.028500867430131416 45.05920295354385 20.826007901038594 4.891205318204534 
-26.513443502173583 -23.55740958345478 46.738545259850504 29.334091205470553 3.1263204445597186 
-44.44957149225689 -28.949335580121165 39.89653952607519 28.300483352556455 3.0756023757242423 
-51.36762790973308 -29.88374316363395 34.33528136280334 17.32050331336997 1.5716140888498646 
-47.77131315416376 -28.67822128379085 30.865723315863956 5.324679011308833 0.6900498194716888 
-37.30295652156132 -24.351261196388027 28.114506402715026 -1.4433359725986221 0.48209873787667945 
-23.045157372905017 -17.564480155180707 25.02013716468766 -1.858140280616703 0.7437244240623948 
-7.161991344127177 -10.886205438297246 20.35742505772287 3.013671251569455 1.9252351029676331 
7.224970782830615 -6.3090566583214915 11.670900947250345 11.707449628859614 6.877034822576327 
12.181640501587852 -0.38337552477993386 -7.159085168880389 25.372953156729913 18.199252631963404 
7.844019907873554 6.839564959917386 -33.42047639165306 43.37872353100845 24.282251213409836 
10.51197776522935 4.173714784690454 -45.908149719654254 54.20469885451973 27.261193677524886 
16.473670690123814 -0.9541926163947038 -47.239170412433104 58.20412940189612 27.936611085334473 
20.349266185041515 -1.5915719030621647 -42.37659311895976 56.91640887058619 27.62751476748651 
21.713304130220887 1.5833518726895557 -34.35571227471515 52.33086346058626 26.279273567562672 
21.407542204230413 5.975904808361629 -25.426526997370583 46.14340570577147 23.735855385725028 
20.316323193778 9.36500424871721 -17.030768923902944 39.745819447476045 20.371243139375768 
18.943269847196987 10.54876222849374 -9.811459291331778 34.2064011835116 16.895350639754962 
17.272553799479915 9.325721097967614 -3.9175455950538347 30.211070585526034 13.134915533032798 
14.688282279279301 6.445441268606788 0.8165874117981026 27.745071057137896 7.774728363082658 
10.16360157074345 3.505827128516446 5.106920772844248 25.600423552692682 -0.1161610987719354 
2.655364414453442 2.3797846798591578 10.091145187215918 21.754618701650323 -10.49966793909368 
-7.688817171871214 3.4051575404405354 16.59319725761836 14.956501265259787 -23.222374642680172 
-17.70704573927478 2.473786652203298 24.178363809928168 6.802084166067592 -38.17066833218761 
-22.78243302996602 -5.566029204211821 30.985152931304174 1.962690768333344 -54.344715792294 
-25.45874579279665 -13.41662567826763 35.61476843622529 2.545775509448334 -69.11613987304936 
-31.776593944550598 -16.399666571172247 39.29599948136938 3.1499866470998463 -80.3097507573307 
-39.6300265509396 -25.100251539258156 41.26788469604312 3.0590972003765704 -86.27933308652946 
-52.560493967565066 -34.182093631916594 37.99627948898259 5.765419173336033 -86.11450317286581 
-65.0360546838975 -42.29649543514358 34.86656920147591 8.721228139278695 -75.34469084672111 
-72.8690361914285 -49.87285372864119 35.491474659655225 11.976244468290444 -48.867392969189055 
-78.99343780793278 -52.22459396624056 35.91999618958208 20.62254252207403 4.319022576479357 
-82.28362579040385 -49.20168669833353 36.40919329531583 13.555291738019232 -0.09600385897389133 
-78.36686261892152 -43.229422957048946 37.14499626894128 4.469101377506132 0.30657145622059134 
-68.36850326303441 -33.96826723478601 37.055110427401104 1.2056314561772004 0.44243832655621357 
-54.32390601170963 -21.490503786618167 35.259070670545626 6.280267260568089 1.150329058451984 
-35.43793005252811 -8.600803672060772 35.03687139463289 15.763810548203196 2.3615845436394416 
-11.014695194084267 0.6530032558759252 38.3470833978993 25.183745232563098 4.635329400135499 
14.558826607922265 4.775033230599353 37.23593410604239 38.26285185793079 10.126498892430313 
32.28269141240064 6.980695830574081 17.9711211743233 64.46739351896008 12.943052086401925 
42.73243747194444 9.732921189863326 -3.287374372973462 84.3890596702144 1.3772786146573244 
40.65925777081799 27.596411910598633 -7.197996147815161 75.99312366890075 -8.269691219076261 
19.02452172314168 35.73413023693367 -3.744032917312228 48.897818213712355 0.1912531896975561 
-0.8656064283584008 17.87795706041722 -0.42666327984221863 27.67864298157142 3.417834040287766 
-16.595118687727464 -6.382519448928233 2.671246413209132 18.45052111697298 -1.7614745410739316 
-29.73717805586105 -21.55149050491092 11.353456904107643 16.08596349757837 -15.430641312304322 
-39.37796867713357 -29.852562765340963 28.100722495805783 14.765896187857832 -23.98227924410481 
-44.89448285935473 -35.13803768187831 44.24854610630694 18.443386477034103 4.947325014564784 
-49.015692619634216 -38.505736215201765 41.30028713502038 29.503440419726097 3.553739798069366 
-49.23798822791542 -41.909109158024485 34.3223388881378 26.47379611673029 3.1383478361850394 
-45.70688043037241 -44.107443081200834 27.851680718646854 12.915843248368457 1.1323999232085697 
-39.107546003747494 -43.72365547048526 20.87462860679164 1.3727723510804992 -0.14741185023046222 
-30.178825132266773 -40.058531862068904 13.427798566131976 -3.629021877217164 0.09041560614242547 
-19.32051868579174 -33.64883713196945 7.741908144420609 -6.8278320054016834 0.22185283359012326 
-7.492493797318729 -25.61202992711436 2.568316516555024 -7.843994533687403 -0.39778473481093063 
4.057261876266187 -17.534214038496224 -2.9392439600144806 -9.07948777484408 -0.5441998007073258 
12.80371599430411 -9.987126033886229 -10.997696804000412 -11.125200152853198 -1.6079213435543809 
13.114943409190081 0.26898811514394155 -27.014613260639294 -8.526947557078909 -19.684405576743465 
14.361317791199516 7.343276981412779 -40.99623787782296 -7.049858350629257 -38.843613493641556 
19.707958394489086 7.875521393801312 -47.15684810609434 -10.58101134696387 -52.9833340592201 
25.697982909611248 4.947079146799013 -50.63510632345842 -13.763409487714092 -61.43346927161682 
29.270989020738085 3.672193406252295 -53.901691790479916 -15.351790419534922 -64.82317801343763 
30.92733052416836 4.499370737816504 -56.49139834249688 -16.528869055060394 -65.2289396908908 
32.14050269146977 7.302906961350756 -58.0033467567009 -17.85525825138071 -64.43006677591183 
34.92663872459478 11.729815600313207 -58.704678161672796 -18.661363603984096 -63.34627651674551 
42.37643978046405 16.09008919380706 -58.634787446024305 -18.194700536714468 -61.909009408045016 
53.92578901776985 21.89158126008029 -59.04797143119971 -15.893397028921699 -58.89520128479633 
66.96770217636335 31.380420474606407 -61.47678507892922 -12.983616032431001 -52.00298077725796 
77.69391605115914 46.68563230753832 -63.8200844893754 -19.098033297314625 -36.6197929070144 
76.4858183006867 71.96080592933127 -69.49219233303246 -39.12960697619654 -10.433608708950207 
67.08421231848195 104.31908955519276 -73.72486733963272 -39.936898947955235 -19.688075714274905 
69.01660309274924 113.55667087144407 -74.89666078856206 -43.702191906782474 -28.640488446629252 
79.96275696705693 96.98971579971094 -88.08068576843309 -39.66121043119574 -39.493497024563695 
104.76432064745809 88.98872868061613 -89.29430307933055 -32.491488570478296 -57.91806802180379 
127.77075490551566 99.10478234083467 -90.50184484548681 -21.286691454361353 -64.78861271750849 
157.23877819077558 130.22032259933047 -76.96893733256744 -16.251990826923752 -60.497582559719596 
163.18414491157952 185.93616507626004 -80.77971355681808 21.915931320848678 -110.37072413225174 
210.3626909074358 171.69787959997433 -84.78081582754899 42.81227554020023 -170.16501018276577 
290.11691217991205 92.82556332856072 -83.45664630655237 -15.405045714255374 -161.27475918029137 
195.4724890485775 88.05559280554465 -151.54728027121826 -113.3108403609562 -134.67195833681362 
6.331153935189005 3.191129406928949 -135.22649811651428 -80.56299291667041 -4.405839908004698 
-42.00356206413491 -20.301431032545345 -60.18549209400278 -34.25178117851341 -2.1692617615237113 
-37.214104523731066 -19.444949826736504 21.89964341806182 -1.377234088463288 -0.18140345733622754 
-67.27805296327341 -27.480454653549682 53.42154628858209 9.867015384583373 1.21603710289451 
-98.54200598305663 -39.814488096395074 86.75213712808726 23.387786133770344 2.7613073734104647 
-132.48893889919142 -55.93119711619918 130.90786953277177 40.45544933821328 4.304311174970076 
-153.0858321788674 -70.43611961734335 185.9905237725384 103.44596670922174 10.807208221463783 
-169.3031194932757 -81.92895553648165 220.3600259661201 124.43458920292358 15.7225244651695 
-168.1611107145625 -83.55977192031622 190.65105978565427 117.31449896069729 41.657573917650005 
-179.10153873043652 -54.780439653698906 149.458821945983 126.85437172080267 81.45544867915152 
-174.19492343851184 -48.11333793881664 153.28808662831327 119.00927874487552 45.269001475695724 
