-38.09658725044814 -64.71304500980628 -90.78598932041045 -68.29486406761274 -175.8206091064001 
286.02159268453147 117.23108708939301 -78.73785839091795 -29.12706057546108 -1.7605863118107075 
102.48029936677939 71.96165963089058 -161.0323516674898 -67.26590442960511 -6.6159975430322095 
100.4306809787316 56.47072741458196 -116.19841552587476 -49.986833708933986 -4.71854845052778 
63.68400019297317 22.762224170598692 -62.64630567483199 -32.74359523948989 -3.0424806815118663 
20.71170186999963 0.5332068082111092 -34.44366093106068 -23.795012859253667 -2.3663301540991686 
-19.558129323185266 -12.058394944690221 37.52053076733524 23.961061197737926 0.8748170307751411 
35.09084593876331 25.036362438756825 59.27008463239211 34.40667721361202 -6.256877787220139 
2.6650857444830267 -9.603252397378462 -46.006083243725286 -8.167546250846652 -44.716048543032 
62.047351868641115 26.468922838839003 -45.1928708101271 3.4339072335684615 -25.901623151659965 
84.29920263517988 29.840014533344306 -81.71064735421395 -0.7577885909769848 -17.57002639824963 
221.4864048151036 167.2957924433739 -154.12288854320292 -80.88930594090269 -19.995454184470173 
191.69520933413077 121.22235885815657 -165.75990557424566 -112.69790660365543 -19.19319051331706 
-27.03909696683169 5.909137987377777 -81.71795439607791 -60.996988025234 -70.37083796274571 
-140.75960141933984 -63.379169174035184 19.438645310268043 -28.646127472958348 -14.4734034545042 
-82.27607473175368 -30.367853110491147 44.20879464938638 25.05986013229061 1.9348099759575872 
-63.159645029649674 -17.473513250056193 52.65094120881571 22.95886419917496 4.093565305004287 
-51.741080873900145 -12.155490637235538 44.82233255668769 13.53420641453775 1.4529838653174192 
-31.60127420957931 -1.1265078430939712 29.154109491921215 4.762843621772172 0.6629389044860777 
-19.242581273444337 7.450301935640688 24.80932026246067 10.01213803240387 1.805756169762057 
-20.474882477829205 12.484974693033827 29.930900428995383 15.269880234745488 1.949060851571566 
-16.68890191788908 22.881930415600134 31.41004035115425 10.738820936499026 0.9971240690932108 
-0.14235984963948323 36.31699550525013 18.668544819448424 1.6619632687731938 0.3638590767543578 
8.508891684020128 36.35835568190792 5.915201013799161 -3.2753670756140045 -0.06517012171621132 
28.10505293390689 27.592779937264993 -21.8300123603388 -10.626624257295816 -0.8256169928496776 
19.491515136552806 5.067394306351466 -10.909705398122917 -1.4233976525160335 0.007756251482829168 
36.06931384623264 72.18997651927073 0.5337255494560871 -5.967749422389113 -5.709950357013576 
-1.1082570419912412 44.14595412201723 42.23062423662902 15.914564972310968 2.6809886874923947 
17.315164696663217 43.69119947677987 16.69203257223948 4.468164735107719 0.679152631310534 
49.71138032919038 37.494501535309304 -33.898238554450785 1.1562674464597573 7.058635399261737 
83.15068665934905 29.172802547048853 -109.02289309595663 24.689381306238918 39.26084314440475 
119.3911922197645 56.01948772131932 -145.9433190593157 -6.626705009634331 17.932067446439742 
144.79208555189157 82.33143546911037 -166.58241798699234 -55.45648595023866 -22.243328749987526 
154.67095255000208 98.39049211882475 -170.32198515874262 -94.19325782723645 -68.98791436432508 
156.03292878567 99.0960287027924 -171.7328696099742 -92.81804101648714 -78.51734359374116 
150.71848988733254 95.38515409657839 -161.14519271957698 -83.8290099477242 -71.31701743352453 
136.84818641931824 87.92195683779757 -142.8617660265506 -72.72345077025213 -64.41425683602601 
116.67670635924482 75.91897081809813 -120.78554925156902 -59.21819870256866 -61.06980260359764 
93.86578409473907 61.02284660273873 -97.72051353513703 -44.233228087781875 -60.48527758467994 
71.93524101745736 46.01854826285239 -75.89313069918289 -29.981598916241694 -60.92100695717162 
53.806256643817804 33.243418002009264 -57.25887632861726 -17.570812436109527 -60.961159320411085 
40.98214973809927 23.98609395780401 -43.20448478422364 -8.30761290834644 -60.14442771071687 
34.077168792647065 19.04692128449443 -34.426014518308804 -2.5014378517262177 -58.30411252897087 
33.54938524318812 18.533900371412674 -31.960165636624467 -1.0621335784999761 -55.82092448675908 
39.34057369512595 22.097720999700645 -36.42677565977601 -4.153362012101455 -53.08562668086468 
47.42611987885399 27.323346861621832 -43.149152060151955 -8.553531052220231 -49.93520172958749 
53.714935356712985 33.7802147361937 -46.44616785615642 -10.688800052352061 -47.05302616546876 
57.95825692645873 38.03839766285087 -49.131346619700196 -10.956997986646472 -48.57884105676709 
49.71593887851203 25.85327286830087 -38.602760632252156 1.8755238288154703 -56.541432820036334 
27.63123916490157 7.795251221597013 -9.236095149794838 28.237059220284113 -63.36602292222639 
-2.011485265004215 -6.000931266611792 19.31433015419948 42.832362645027196 -53.68952400740739 
-69.21477981885705 -27.13950294561377 87.68342971319213 53.261857064512064 9.966388195725878 
-99.27685834247028 -37.90230975733636 95.24800555891682 52.029644127128805 7.669590856754526 
-146.05823561978002 -66.99319869683394 124.20452595825797 72.52867011742354 11.76085561230568 
-136.66374231252226 -61.68893608663653 112.18645600757903 66.71108961742236 11.34572337924438 
-124.23285024336158 -53.59066016873042 103.01433311608497 60.20130040061364 10.227002911168253 
-104.58511310599509 -42.316320891804104 91.15912746528902 53.438615878575995 9.185400041578463 
-76.03500783362824 -25.782975836558727 69.51479599710757 41.431010572407 7.409320440406301 
-54.23690951189362 -12.493097789989436 52.80955838850843 31.911667704818463 5.914428392335674 
-45.86168305079149 -7.590485035505781 46.818857455486395 28.21855913996841 5.2215770770972725 
-44.97286822700874 -11.36942815335366 50.638959566262606 32.773640181333406 5.9235342295916755 
-51.341068694335895 -17.38179132330907 58.99810470086496 40.67924494730372 7.1389439195281446 
-62.95979140411524 -20.941183650739017 69.8205957689989 46.57140107491117 7.6314990124982645 
-74.45941149592916 -22.405392078893968 80.46553298765173 49.54521493202517 7.300590557393292 
-80.46868895993067 -24.42149019210666 87.4542100072248 51.908779085073306 6.727864329868756 
-79.92900667689933 -25.209653260008235 88.44991188922961 52.585934265141674 5.78884348823414 
-74.94238703751924 -23.261149650548187 84.97375818497873 51.10892573614336 4.444936978649106 
-71.83249521224168 -23.424102904400517 84.3546905220384 53.55196450618327 3.022059016845265 
-72.8441200875234 -21.949707760232794 87.69291600971728 55.14563537295693 1.211231414406837 
-63.469188528831374 -9.475895812666476 83.44071227781302 48.364737654375446 -0.4530726315108669 
-52.684771755561286 4.042947404306819 76.51896893980431 29.27287060331771 2.871724748506488 
-45.55556310253855 11.348282672929543 73.95103966046688 24.0253372061293 2.448420061768287 
-33.62496808519234 8.71358486816882 64.8876390906468 32.27559434986929 8.349144566535784 
-0.044216084013301904 -4.228278063346342 16.673859762795587 67.89068487967958 35.6110605838235 
43.37061469905261 9.87230761807428 -52.51837148972416 68.43104166576278 49.53236551269015 
55.3980361434156 23.133588972701958 -69.61662353147516 37.19415453978206 37.9824016186844 
90.95453790752731 46.175955047648635 -99.26229657383949 8.256102798984108 26.39760611742469 
115.1578012933491 65.14424841672913 -121.14477100551676 -23.056693481185064 6.899018311889146 
83.3945078621345 47.85883407459003 -109.90764077868337 -51.22385344740699 -53.889975805948104 
29.811267092432605 14.054562634783064 -90.71345121941677 -52.40835678507528 -117.04997344809328 
13.545639365832834 1.547291991651586 -74.55269893361607 -26.332308896427136 -115.99128032389056 
-23.244361462652037 -5.314138367008853 58.013405724660714 44.93952734440168 5.141087551051873 
21.888995701931513 29.05784347113617 9.363047179641502 8.186579625894 0.3990673021890914 
47.34205481362253 37.87964673042442 -37.385663341127334 -16.773876479770532 -3.064201675367106 
133.83485291041825 79.81248033617629 -154.84731424075585 -67.515168336322 -91.36916912197883 
148.3887335045876 88.34297320945963 -172.4225622290551 -81.8452385061071 -105.4257204831304 
163.62411777111913 99.64221759637192 -180.65385614499135 -89.84625434016729 -91.32399675502688 
162.74754734177506 102.39532973040447 -171.21872660911268 -86.60984104830153 -76.02448801560519 
131.35704835656617 84.90980280642532 -134.86127999389979 -65.98184264268414 -65.41042257637184 
94.42148204203932 61.47216247339135 -96.29456750518744 -42.502980429920704 -60.824490873840894 
66.05176758741565 42.10026956775536 -67.37917911112369 -23.895309208539786 -59.97377398089625 
47.203934805193164 28.848655668702776 -47.46471589405209 -10.739837495371257 -59.74718602885654 
35.84840728082583 20.920035574524945 -34.07951703377251 -1.7878814605121398 -58.41974245177813 
31.452855020975328 17.289958415053988 -27.64049795453693 2.8695915729818977 -56.231270031595415 
33.52160502278366 17.990538142797178 -27.917031064421323 3.175274940559239 -53.93385564568032 
39.46868382689452 21.3753232860854 -32.056608869069024 1.0961963400186068 -51.825588690240316 
46.3338822232891 26.268128438173452 -36.14172074417082 -0.5343161817807734 -50.50020936433561 
52.989143649872 30.82239444092684 -39.33734792821559 -0.32968237427652186 -51.275259914231256 
52.43595954821381 28.347504490866523 -36.19170223004132 5.378643600968382 -54.69130538099152 
44.15918244201912 16.44357120794761 -32.307427946528904 10.999790511505466 -56.536593950713815 
38.06253997639783 12.675366597964842 -33.89962385864847 2.628938637427541 -47.00815225381519 
-2.1084475385068226 9.385912490582033 35.31688582633259 29.48764202837168 6.694477349301893 
29.31882141943784 3.7689388567018853 17.499917052744284 70.70869306859129 -49.30140649707017 
-4.568580915951777 -6.772690416434058 38.014805404220624 63.42296525164832 -38.57228792399281 
-73.51054395474445 -9.25432917668668 78.3031530686984 31.004863478066248 8.28063520077345 
-130.05157545606758 -48.03464428143864 96.83538741285888 47.37621266417166 8.166602646148899 
-127.48208132958962 -46.15921984762593 86.56936147014454 47.591136909941554 10.274027116042472 
-119.35554066724443 -45.18603731775144 94.80835837804383 55.718836917507055 12.472835300710967 
-99.5412212320795 -39.32590366466002 91.92545199904878 58.88556019407515 13.33229998028963 
-71.51057909642752 -22.925337307087734 69.59473451329133 47.08742033099917 10.720753039813431 
-51.627401427527566 -5.94781232873325 49.368964600043185 32.657457214845664 7.247918261582914 
-40.84766025063821 3.162288168611048 40.570608723899106 25.005019658389116 5.200750478813905 
-38.163310429696274 4.986483703339658 40.61238515151047 24.05393930285895 4.5281736656508125 
-39.457222912430254 4.083240308709638 43.6088157926123 25.89081530284308 4.364556871150065 
-38.744416579713466 0.8003394294993521 46.62194717214866 29.509438752079856 4.348379907549109 
-43.11864002745445 2.538699965788908 51.60046243348373 30.164036684541067 3.61753155317092 
-43.65628142123491 9.564409868543745 56.20049803791119 29.376956908719357 2.6668825784193917 
-33.02252823502565 25.70309526774605 50.965185033732716 22.450202981975384 1.7849627633454743 
-23.452941016972087 43.16339476477079 47.63430850932605 15.26430495250976 1.5613669375619144 
-3.739438260213358 49.85589304864515 35.98884834924303 9.589768481393213 1.4183148642784416 
60.727056210470685 76.51125914054435 -20.53485330475391 -12.47742426614555 -0.44401853091818483 
50.522306068528266 53.064819126390695 -32.37337498704802 -12.656916126462804 -2.0031080533807724 
156.44742605869962 64.13913332406042 -153.380285997244 -24.45666338844618 -19.107374737263846 
153.13083196453357 69.20785267130799 -198.8753933197261 -34.47366876275714 -18.57250367437795 
127.86136357790981 54.037573680086616 -211.91818206997246 -60.62168706372619 -106.54158137455497 
119.50100270071519 39.60910781958142 -254.7624715530974 -76.93367228556426 -218.10277669610463 
157.9890672243461 71.95380542707193 -269.88666452397365 -150.3234363640065 -140.55063101103065 
89.62900999893097 90.13470005898853 -29.5534408057995 7.668878474331687 0.48601745468885676 
136.592258432832 140.2421509633816 -61.244788682105316 -12.676107756582743 -14.902763454692106 
129.8472800366568 141.51658153567698 -58.165078391016785 -21.3336969280144 -15.241338431228106 
107.9387544322207 88.42383142545705 -68.18744642124612 -17.064271119543626 -17.0826426464084 
79.9244961972668 24.005497025350763 -68.30300002751869 -8.10782132659313 -21.308979660083242 
58.81910925968265 23.06322950731004 -64.68768365004601 -16.88622431250979 -25.258055377368372 
75.6270152968567 29.272184735490956 -94.45235196117558 -39.68267408513281 -19.203712702278025 
-7.211844481260762 -0.7916501689705169 -1.6809446176046565 7.257042154973098 -5.819626227453428 
16.96978330199065 8.324781304748317 9.800558589465373 14.473418053908349 2.5240045224763334 
83.13909552184984 48.222397847269725 -31.520573223563094 13.308585604880154 -31.020651120784994 
90.16541173818818 100.01951404685144 -87.56050201940286 -39.74982193365184 -17.497959636893164 
233.6348539749759 106.98319575577865 -262.45292803624557 -132.50628301344236 -121.35511252116805 
236.6192869843358 155.8938633847106 -284.52764886512415 -149.2433051936774 -120.86333626655424 
201.4831575209815 129.5187449213154 -285.37814459552374 -156.38900317924202 -166.50979447029474 
167.39435654574538 127.76974987891865 -175.11022411581067 -88.92897295792933 -48.47746353871091 
120.53909150509416 63.91176214309257 -90.61360471017295 -1.338915431398512 -130.8440431075732 
60.82440940280878 37.33036138339123 -33.21885656749296 29.11386270373856 -117.30489827114185 
37.61029824039285 13.838003622624587 -13.57652541581315 32.67283714568196 -77.96801680098166 
-20.96475261222825 -6.060679341307745 28.849130685879324 12.072018003989726 1.2059464058642648 
-36.636751459988254 -13.861762895971458 45.05612394335515 22.87873645542499 2.8449140811712548 
-150.74613209556802 -71.22008423956707 132.49009445975383 82.22100632542698 13.78821627737069 
-146.82585226729137 -65.12940831156853 114.90996653479898 71.16857928916019 15.588901111572428 
-158.13228886296162 -70.16462034965885 123.23699145511422 72.58586059899092 14.066465907565732 
-156.3675634134487 -68.09175118974908 128.8773692266675 76.54644554485986 14.564081847809264 
-112.50576134846973 -44.315460541112365 100.63656142528149 62.300474717836416 12.190887611832814 
-66.54156240570286 -23.02386491767552 66.86413965660138 43.951705863955226 8.95744553849837 
-43.97614212733317 -11.11351138835718 47.20231526700113 33.57266064444188 7.192970986640439 
-41.095188293600046 -2.3767556467780224 41.34476928062974 29.22445859878525 6.384199549740468 
-42.77073242529302 3.028978276167891 40.641122863974516 25.049005209184873 5.504390293159887 
-41.340641368619266 3.9565574782786386 40.99911603027375 22.574398693148158 4.941446420172867 
-39.02208285183412 5.430976149998086 40.231811139241124 20.415797404853507 4.407596152714329 
-34.30563003529792 8.048673271824159 39.56769753297737 20.355613410428315 3.753431808926987 
-30.962729533063143 12.429340647298126 43.589848728237136 22.882830695750933 2.965310146521963 
-30.813150249558333 26.001283122161823 52.60789999584192 23.127674514346975 2.162741517362739 
-16.310514962831093 45.349722846134185 49.87090472931351 15.558868413264364 1.8367196813796893 
-0.09633703173378255 50.651517549990956 34.10544293291453 6.717086855692705 1.3822308962047758 
5.2301667509040355 28.51049565709377 8.028210994800009 -2.273461655876782 0.4783334662053041 
68.53252682423847 35.88998275374951 -53.80205463854363 -20.303450065419003 -1.191842043145979 
64.73391329599443 46.37892231862699 -42.562440627384966 -15.928643073374435 -0.8187748220071327 
61.63186102886895 22.130065194136424 -49.89348983747035 31.708458103705222 26.25779227660095 
78.70194677657994 35.95350203792036 -113.54463139857464 21.209077982789026 42.625123141861486 
69.09763221733893 32.14633471574188 -98.22095542952891 20.668039309852094 37.571549594280285 
87.10553577622862 46.12118673197065 -99.05942565740118 7.388428314407998 27.60984027200641 
114.74100882761104 66.2091077145761 -113.96682548589793 -12.746459058630323 17.624733941849883 
129.62508751600546 79.22271114847857 -125.95923623560827 -36.65312583169271 5.963628879062656 
134.73251409418654 87.28554735687015 -136.8622847456283 -67.77925756793847 -35.64554264126687 
130.39683437704514 86.12402232362773 -144.20138642366933 -80.587563828816 -77.27970066370696 
124.2574826306275 77.93332184387548 -138.8919015980062 -69.5000347591567 -78.89063241493074 
109.73667821927197 68.94853182261377 -119.97765793534975 -57.09643607644686 -71.53899496699103 
87.56668744632734 56.18808832111754 -94.1251562550941 -41.7260799469861 -65.23358985484053 
60.230771854228706 39.21133129192855 -64.89340942658973 -23.781710473241745 -61.866096763261346 
36.97556012347981 23.683010479215145 -40.55922153241106 -8.15787451673471 -60.94262890952449 
21.31215882460882 12.660637774116518 -23.6929472921396 3.0336006655729806 -60.79878808988024 
13.114378012497056 6.945805287107419 -13.33755973602775 9.991074662382504 -59.95096471112597 
11.144323857176394 5.352702191903643 -8.948205046894417 12.95450229971927 -58.39606089241986 
13.401851110097272 6.108196350622229 -9.247412293524997 13.120429391399574 -56.764107156596076 
19.22064766425578 8.854708250316035 -13.549893303743513 10.924187094227712 -55.978051168910554 
30.386576657809716 14.677569779391195 -23.217514454641194 6.128506246308933 -56.82307630760296 
44.41306022116489 22.819158507573754 -34.96444739876688 0.7752347769208087 -59.253097252006604 
50.28182305581095 26.713464630457885 -38.69430881055368 0.24446957771181727 -61.118985919814016 
59.21405109311089 29.570432046502376 -52.20802765970749 -7.397163392070818 -62.632787064429 
72.8118427454635 33.91979092760497 -70.26892627323711 -22.037157516963294 -59.20555025269513 
35.29569880024765 32.25067745018448 -4.20161810651545 7.91519571096431 2.4047124763969543 
84.84336427961381 49.99652794040828 -55.47735567082397 9.651520547943809 -71.05200177960579 
58.66036503765181 22.498188827393303 -44.24699592839898 8.214510889334735 -66.17104705878266 
22.79420615791017 12.267541906746088 -25.99220311314851 -19.85484035403964 -3.4998087886146734 
-12.7760108525091 27.59984171156106 25.913281800069655 11.654507458560147 1.617473457653279 
-89.52891814210996 -22.01775804422682 58.48012060022467 22.549479319946673 2.5990971827874505 
-91.62573334343871 -30.148545841982262 48.27429333215463 19.728897603422816 3.8483721636276704 
-82.90083376028235 -24.029675510108046 51.93833043643243 27.693855452580937 6.25163067209347 
-73.5853463571482 -18.599158302413972 56.01407681120662 32.335407618644844 7.039699547753432 
-52.46150995815375 -11.810501722039234 48.466449658845434 29.752240423465953 6.595395702926282 
-38.72857992492363 -8.373142424928657 41.80717444094526 28.628640870487192 6.440996968512024 
-40.794874901326686 -8.109846142891051 44.65349112195136 31.16589808584025 6.724118296058525 
-50.65462468892703 -8.893317367873347 53.28504963423237 34.59207003378111 6.818274327443753 
-61.069589398847945 -13.12150378744095 64.52317838293816 39.918916197886574 7.010149897521349 
-75.92616164949321 -22.6953926294952 80.5613285057709 49.3713054012186 7.567121727196765 
-83.31995577352193 -27.85666617368066 89.12078696120933 55.183370993503544 7.330229812828348 
-87.45617261844204 -32.821421246031896 95.8146546078949 61.492433669965294 6.675356387339754 
-84.6021255771601 -30.03924069108545 96.41930658659096 62.27728264587456 4.976203555128188 
-77.1949720069826 -20.792454639359907 93.70890732092592 59.306320729938676 2.8721508998175236 
-57.906925391024096 -4.8789376549892305 78.4507288191295 48.17391722201867 0.5962753240373988 
-40.84993282805453 11.241861941923206 61.57358082246291 22.48854436119353 2.368425875171667 
-38.04887287042829 5.052864069404839 51.423187770936615 16.838171043169094 2.106456851824393 
11.19481445840135 18.87077058806447 12.5250710524517 5.761416053865634 1.431291862210372 
16.151295416890097 10.781277564151265 1.6448493780011435 45.902966407461264 24.7481137870485 
57.300344190863015 19.714218489448342 -63.423481121051815 60.466064288681906 53.73609770228984 
56.16681472376695 24.36865019481047 -71.7163528782696 35.590078099250626 41.306824379257336 
56.397827435145665 27.785412505045457 -71.91132943650945 11.446874958018093 26.278721634817682 
54.65356552671845 30.55228009428325 -73.02746104873631 -17.34382974672634 -25.977931241246214 
40.05409658229925 26.36174032638591 -62.98979389599507 -32.96281861699997 -77.24594220779841 
25.598125930127182 14.777271830069777 -51.8176809479889 -20.134506410066823 -80.141674291841 
17.273258429646646 8.160062266585417 -38.822205622498984 -9.474329556351105 -71.58441952419017 
4.590015126782669 0.3337394010176592 -21.95870166812162 1.9784350209293284 -64.54959951577965 
-4.059263744898659 -3.7807610871727975 -7.934212709170021 11.614738701794714 -60.20710191962835 
-5.981114020256864 -4.5035231639296756 -1.4986099448700785 16.830694403521065 -58.09702978043814 
-4.941899039862665 -4.032817660113782 0.6330863636705998 19.4391878953037 -57.31640385153046 
-3.42165790358727 -3.3490227320594967 1.767849794245928 21.051457119950296 -56.919083066848685 
-2.039450999785212 -2.73217972401743 2.8983551105150704 22.597197053517828 -56.09586782828961 
-0.4297395239254468 -1.9869832533478304 3.4226066544247256 23.214367725474737 -54.753244194460926 
3.5534601690737806 -0.2545977922323793 0.5507926457235996 21.441679731292762 -53.37590463344153 
14.458773893330315 4.333607269506792 -10.566850242354167 15.275047106175727 -53.66444040306105 
36.565119363830924 15.052781533547057 -31.201161197631695 5.094137660818349 -58.136168088389326 
61.09587277073042 35.14648297658708 -49.181043171062946 -2.2149946881343303 -67.25832975856817 
70.47820047710518 39.81363552694514 -53.80994225851417 1.1324011900262863 -78.56422340485648 
75.17920171069463 36.22411392016748 -59.32382907294856 1.7045797563357894 -84.57542459011063 
66.93796538494746 26.72053592305068 -64.49948841788655 -9.00147597721268 -73.49169205670225 
9.518650313855975 5.571654778513753 -4.235218907853783 -2.5009452989672036 0.8577610693451594 
11.098794553632663 5.945516248773486 2.197980425021044 4.385595899518768 0.5113631956464176 
9.46359358252005 44.89305152064105 9.102200853739847 3.383444428047755 0.46423666108485506 
-39.706333614539 18.90501093399651 20.453693468589943 5.312381148196721 1.2118605803196625 
-35.34823255242741 9.07857463969385 5.418987487262224 -1.151571337684211 0.5862853317564551 
-25.04866901884223 13.114498758734145 -1.0402681390988089 -4.562121500775001 0.1426544834632649 
-18.617479742750046 13.626505460414917 2.4403362599002443 -2.5043103724046634 0.1859130862861342 
-8.820901754559433 17.366029879166582 0.15443107387115002 -2.854078278387257 0.07675706849509348 
1.9415979339653342 22.017736620780095 -4.1875219848796 -4.16067321518117 -0.09332382569673914 
7.130498351909673 25.537243737341587 -6.192991511347676 -4.79266960408352 -0.13928696494366727 
7.343846145809355 27.46283129476361 -4.698450043341494 -4.253676717623452 -0.05333620458110195 
3.0110979565123706 27.585077958541735 -1.1463700726262367 -3.192285928854561 0.10917420583865362 
-1.8812747246937276 20.496379607471116 6.62896312574033 1.154405117070877 0.4808404048339465 
-10.928096777029383 11.90706650067031 16.12334324094512 6.348631859055624 1.0399858561276802 
-23.401795991964445 7.592965722713503 30.577528974488043 14.470408586646373 2.260416551998725 
-35.975070024865545 4.808598967846924 50.436683946298466 35.842425609677484 8.868209056902506 
-36.26084638286508 6.927792863168766 59.478458771570246 45.28674748519446 11.897032963347826 
