-19.606350270689603 -15.902581879860104 14.034346019402177 5.159034234719621 -42.53008241174668 
-19.345940897783688 -15.825582629708833 14.503627130384428 5.386405010841689 -41.43763421893922 
-18.31712567349728 -14.988765708294956 15.698249827733163 5.2991202196402725 -38.263241329794255 
-16.968706182124798 -13.09406015468542 16.666968498157214 5.410578257777464 -33.62438349232764 
-16.25888076185745 -10.704640979056492 16.547279806639335 5.5067991603436655 -28.6972874149364 
-16.635611187633927 -9.462011813376638 15.233171708483294 4.5478749162931456 -23.7945525957482 
-18.26982434879003 -9.730731272334 12.689813672307636 1.943685291779374 -18.15846815068345 
-26.121149714056664 -5.440624044021236 4.197685096152071 1.2332671022033035 -10.019977901426445 
-27.154007241805797 -3.6461672467727197 3.3061916392346014 -5.462969704387883 -0.005034671716480033 
-25.751404916098018 -2.027527755594706 3.935523746625403 -6.484726926906075 -0.09963819819704202 
-22.856928393737455 -1.4960729712530683 4.459297661132668 -3.3425323233168327 0.37297041041606455 
-17.879952323022646 -4.204109981176902 4.843058532553852 1.7171916415941773 1.0465862145864675 
-11.917774397485339 -9.100478185825999 5.349517193886454 6.189916512940996 1.362216819238732 
-8.921347011684436 -10.428068038538337 6.07394354888395 8.119158489103514 1.358601642440976 
-8.559699286064804 -8.820198086375223 7.147633922459372 7.324902633573756 1.138888327011467 
-8.069969776422534 -8.553593561143577 8.336336421892048 5.105135516265259 0.9202024852875613 
-7.261571842943289 -9.835395302749056 9.05198609292331 2.754824070428768 0.7503870917551686 
-6.593124436378858 -11.726166695053474 8.81634187441707 0.928776674672019 0.611814031288418 
-6.330615750496083 -13.489171401959926 7.452419869820865 -0.3390379289123436 0.5423324458128829 
-6.402611900987685 -14.831336776844843 5.071242022547525 -1.338099507235215 0.43213303868397623 
-6.514303078530618 -15.774456626593745 1.9881630529016396 -2.3794724210787015 0.30963398759060345 
-6.256005997750501 -16.37469889048194 -1.2941710820490442 -3.693511619640833 0.16365589751739698 
-5.147736285529219 -16.67906720897997 -4.202053841144523 -5.3673747065509865 -0.015452518133032599 
-2.9370770426295905 -16.43857026207007 -6.0968797111344415 -7.270945950064537 -0.21829956975847162 
0.19521265773675994 -14.996775049008043 -6.448764879314199 -9.121051488706437 -0.5342489281011427 
3.6438103015468313 -11.515779122135307 -5.127290922651173 -10.356635554908907 -0.8740096747195054 
6.762082948797831 -5.458916917852785 -2.4299157708502275 -10.402335125868541 -0.975466954213452 
9.192213959202986 2.668517824695844 0.9576555814695212 -9.101741342425731 -0.7472067471283051 
10.962250567567821 10.945514890356774 3.807585114871193 -6.795898595638772 -0.31681856444018613 
12.422519224292289 16.28107864850878 4.457655254989465 -3.4188598730224107 0.07532009784324421 
14.006900762670451 15.460185220800875 1.0710814154112664 2.2345261828182656 0.7691411499800546 
15.190867579878118 7.668038593452096 -7.9575130894049035 12.113959302681346 1.9925078474913154 
12.456987602884302 -1.0370340957548392 -22.974185207184185 26.913557776357045 -3.7448488201337327 
9.538812403088235 -0.5490852753755039 -31.64987209157451 33.995068350585235 -10.389723952074858 
7.984058084027381 1.4013832762659817 -34.397851615573764 32.26108895504621 -16.9033723337796 
7.380959736857959 2.772030334082305 -33.21050050476238 24.421071027251614 -24.35671077029676 
6.990517244505959 3.6566915382097664 -28.903868029879458 12.204320407348773 -34.80447078541979 
6.537366084214208 4.307736028279211 -21.577371129733105 -3.4241536785208515 -48.97517586885684 
5.964377040514008 4.295491505666855 -14.666554611801656 -16.280471467685192 -65.00771767680585 
5.231280167145617 2.539581532374458 -14.338094224548888 -16.716137113649147 -76.04018089006573 
4.731629891688783 0.37689674587664646 -14.111486169763454 -14.271327779931436 -80.57007448395383 
3.985682807908516 -0.8035281765088313 -11.441376613569886 -12.374935003186303 -77.10933083406702 
2.4936609184997787 -0.5983507117114129 -6.631216762272108 -10.089179299120104 -63.91304022183222 
0.18074163729301068 0.1672982471249927 -1.405278125474882 -4.0899714234124875 -39.4543413386539 
-2.7260363210050387 0.07572458825154264 1.7106305841574265 8.965086471818513 2.768663059243665 
-5.606343332592588 -1.761223552344257 5.718490875619067 -0.6621765946691623 -1.5577557688526655 
-8.059853960890678 -5.163470530906941 7.239754178244352 -9.909905210866677 -39.63941162126323 
-9.746422480371635 -8.978594128968167 6.872951362264147 -9.976913814462678 -67.62774087243152 
-10.76819044214099 -11.3682146572418 7.7957620823050995 -7.514615946111221 -85.4877351161635 
-11.981923460015613 -10.276976388020834 9.824971988748798 -3.812929619743638 -94.5927489341126 
-13.512446259794554 -5.922976833428505 12.143280287494237 0.6874618343585603 -96.66127030670096 
-13.923070682025674 -2.355113893020991 14.293499111389261 4.830943561685211 -93.41718158106622 
-12.109284772163896 -2.885811873879854 15.48901307436153 7.6698941665326545 -86.7935196441718 
-11.049571164303241 -7.717461943746208 12.196458657220644 10.604415066805425 -77.73266019948747 
-14.153990143213433 -12.726161822901803 3.7953745648484496 12.818941783598298 -63.7042326426601 
-17.940747138774313 -15.473808460088511 -2.2914064502136298 7.6657915853895515 -38.220248137822345 
-20.403955611105975 -14.736240211468568 -4.083497149220792 -4.721844684514173 1.096032804857101 
-17.306821963751705 -12.995735614060008 -1.1506359772375054 -7.515168496347176 -1.125567165589148 
-12.917183116470488 -8.950483904863281 2.7543228847768657 -5.684460583179236 -0.2846983825766664 
-8.35624771395327 -4.685081003089779 5.956102969251038 -1.1429937160118493 0.4962966259991103 
-4.09100689708387 -2.090842417684324 7.864211617381419 3.9069123670649133 1.1109083019029964 
-0.6763574573870652 -1.6234978083865075 8.442380926593218 7.7546257914054735 1.446846474448283 
1.4500845865304393 -2.8042313210176264 8.080448973378909 9.43842998318177 1.4291062369660088 
2.1958730064735987 -4.991406243548507 7.414437281913498 8.80388676227164 1.2322323658046688 
1.809549429204979 -7.797208337684651 6.990041794418261 6.44523384293197 1.0062801124253682 
0.6588923131811385 -10.917283237208432 6.973605149285173 3.3867841599293937 0.804044958369782 
-0.9305793403871638 -13.956596219009892 7.095680778633484 0.6138437785596861 0.608879797152883 
-2.95154524703438 -16.362880218438587 6.812491257245098 -1.2072546334974077 0.5304871961630527 
-5.273965771726509 -17.86888078957076 5.805430482598039 -2.0966991968156727 0.4547708511983159 
-7.470624346611361 -18.566403697644287 4.099302892019424 -2.4972458347708604 0.33398710596415554 
-8.923938617630544 -18.795312942667397 2.0322015391530637 -2.9961249322190078 0.2100358911811576 
-9.043078742421834 -18.795070131301802 0.1402058619895517 -3.9391336417949927 0.11735671251396129 
-7.467057095828168 -18.43090916320943 -1.065849784834372 -5.158290766449484 0.04747852819165214 
-4.225534917772567 -17.1869771979151 -1.2462589254824588 -6.254378212628672 -0.060334817820102596 
0.2254506201975862 -14.23236263798948 -0.33452412431523987 -6.870875839983254 -0.1614076459336519 
5.203306106881861 -9.101451847621368 1.5402369709690962 -7.097858179434124 -0.2928788857531199 
10.246917008904566 -2.5247826842176715 3.887347524294059 -7.217574678118198 -0.5233984321134747 
15.31958913382477 3.4212807778655674 5.3166646320910855 -6.7664772747545685 -0.5784155498744004 
19.321039395137976 6.941954200930951 2.460991068942427 -3.3483200316742394 0.08238940201449543 
20.7392178110182 7.075489069487945 -7.747846592594718 5.724893239764711 1.6605492567861428 
16.682679542986598 5.5108775348652514 -26.725768847476562 21.777866043446206 -0.4746740258129572 
12.953159287652896 0.19900877807500833 -43.367414629182115 35.026068880414556 -4.121381117347791 
11.887941767559088 -1.8595467856124455 -49.15864061278708 39.32383569983455 -9.008337680379114 
11.852989317850472 -1.4429984838215792 -47.767894536221384 36.64744234005526 -15.032658942048696 
11.8359904947702 0.717849659610131 -41.89426322866686 28.57111739046686 -22.730298732834193 
11.5034218050485 3.845982856000756 -32.610340399346995 15.36183756335878 -32.61106808287117 
11.106001675566668 6.946103580258168 -20.701540509950465 -1.8194584443775204 -44.50409049561989 
10.69674426134582 8.652253224031346 -11.223606023088399 -14.525501904330849 -56.38876992868528 
10.101434118727749 7.439441985665381 -11.375333622415116 -11.657251813172204 -61.95867585769647 
9.872782453702257 4.692125884058259 -12.224225867439348 -6.909736037712997 -63.08727518148876 
9.123340138478332 2.3237280473720765 -10.867555777176255 -4.831155649172784 -61.740669306361596 
6.658970158238623 1.6569777042896594 -7.624983525733588 -4.849587402596171 -59.47768521694897 
2.0686182980595484 2.7654702576609638 -3.520662796390779 -5.123343309798775 -57.631571442895286 
-3.4032144355126093 3.5390974751769106 0.8297094787117771 -4.253726598570861 -57.31201604795884 
-6.954380596116696 -0.33937373470882837 5.571541862706115 -1.8201944008408815 -59.09454300082501 
-8.75181983434176 -6.89455300168466 10.870130284173118 1.7520667009127147 -61.98248619775111 
-11.47984564215146 -10.865581528095708 16.513545641859654 5.271045324630916 -63.3075964890563 
-15.838286924557968 -12.063572717448183 22.485300018122295 6.94582197780884 -60.18041340172488 
-22.363647151068236 -11.722289541760052 27.633104594102864 6.202800794529142 -50.10821743795119 
-32.84252526221505 -10.621045073150288 27.70562299607412 6.3329555466505205 -31.385263322456343 
-46.441228606272404 -11.611030454416825 19.063718089613644 10.902054013401848 2.3528521573473515 
-58.55220480112816 -15.086390332610305 4.763192478122489 11.118469528001508 -23.525795028770776 
-54.60482894866076 -24.315425960838084 2.470872064203213 3.244824517167233 -22.824378362391553 
-45.26855984381352 -29.056970331363637 5.721021803953242 -8.560111008394513 1.0535544781351815 
-39.30249419712711 -21.968667257134225 8.340029455909612 -8.68783533834646 -1.4781525416345611 
-32.86728677394382 -12.931412369484518 10.734275248250833 -4.968096736796098 -0.3473038800249886 
-25.259266780321116 -5.837784023267991 12.383238497352037 0.5095761726113537 0.5596856351712661 
-17.42448898314163 -1.2672249453496562 12.904353653255193 6.021304499247241 1.324657589878023 
-10.55649466015011 1.3599855488894013 12.426310278396857 9.981280420212425 1.8271258368541816 
-5.384634063039387 2.7829361555872643 11.390341920459672 11.354216088808315 1.7733913087030435 
-1.9573396769060796 3.3550832665953414 10.250328142176606 10.045082101125058 1.4547048038804358 
0.08071194495624506 3.0460278098534745 9.172525962889837 6.961882681537048 1.081300877793598 
1.1650232288555085 1.776146138171578 8.030302829117993 3.411823732138051 0.7844668350126451 
1.5987992739166825 -0.2457911093700477 6.53068536919058 0.46080312425314773 0.573819423134615 
1.602319598767249 -2.5102489591594717 4.475964146775342 -1.492405059988713 0.43748174836213555 
1.4244438916996023 -4.490825711114129 1.9420047738064585 -2.6807982116567977 0.3734762981028537 
1.394910813067109 -5.841424287589739 -0.7061959043513598 -3.563934853086965 0.2873355396607197 
1.920261496274507 -6.2763300482654625 -2.908322527039911 -4.581317362538852 0.17269554907129941 
3.382389354878073 -5.419783520346558 -4.105934171207041 -5.971123081942083 -0.011514336470917342 
5.9182118736139975 -2.965874548013921 -3.9355914515665114 -7.800336693280968 -0.29341386549231574 
9.57930435692632 0.8251281002057993 -2.34116591236024 -9.956101493974346 -0.7271232128262549 
14.297096585362135 5.012161596296034 -0.1817137206565287 -11.3007909019735 -0.9969355540486398 
19.845640177292392 8.03530854309418 0.6520082495683417 -9.201663517700174 -0.7868866945356737 
24.834372898798566 8.744669717170975 -2.735686301855913 -0.9064726882567389 0.7860819864619696 
25.19694335405118 8.443617581071615 -13.703298113713977 13.403767456534387 12.945927682340733 
19.30322720990452 8.45728890936466 -30.17641716272088 30.238333209215835 25.141922321217688 
18.25933999176939 2.1596961805602573 -39.33258318310284 47.868634007342514 18.230727458725404 
18.432957447941163 0.5756370397388445 -40.493018981074435 56.75451765787687 11.448613065564663 
18.400686613334713 0.4691433481799296 -36.42681287429588 57.53008098764211 5.469496591051087 
17.467765990299426 1.836404973493785 -30.307083209833987 52.92326068918453 -0.44395280604280885 
15.496908717928681 3.884088894559802 -24.394007383639863 45.57485059961489 -7.251312505896544 
13.06170853342651 5.6132447675615404 -19.039448818999816 36.60635737982756 -15.84782953469429 
10.717299027819966 6.5525040846574125 -12.996945126107489 24.95537852336532 -26.747389607069657 
8.831191859515535 6.683221248573595 -4.960272449060034 9.506781730602421 -39.608635125761474 
7.261018318939458 5.959437331992395 1.945887290334013 -3.9841857461839902 -52.49396151439639 
5.499654796019392 3.921479453363979 0.9182870451359153 -4.4553834229383 -60.28334383204047 
3.129996198814553 2.2731279249236516 -1.1051615471668972 -2.5355789739912336 -64.51794271963644 
-0.612016929066435 2.1713516265147406 -1.47298140866918 -2.0356971479052057 -67.13268180454348 
-4.971141735296141 2.0326870741986185 -0.1343187861704059 -2.2816273956178317 -69.6315999128114 
-7.368113125639457 -2.8672139269812718 2.832711062972951 -2.0550671582874807 -72.60612848187756 
-9.036239396679989 -9.060057796012252 7.17027981495823 -0.6942551485169609 -74.59710345474366 
-12.04859927263203 -12.454886180485435 12.607865498263035 1.887376611530539 -72.33078964796712 
-16.103564625758086 -13.486567626093406 18.946179570969736 5.806814899557565 -61.93450024246925 
-20.214266295309297 -13.860517238594019 24.793161721590316 12.789852429532495 -39.6277040242886 
-23.786847607596467 -14.977834690694795 27.16426028348779 24.63197865477248 4.236743718236519 
-26.770716896929358 -18.094537091028275 26.46000513212295 18.993334250131873 -31.360558511453128 
-30.383183307800145 -21.06049952070097 19.68986042582142 20.86723761114822 -48.74691612671971 
-36.58120651287486 -18.415970689208283 10.138951321184015 21.681598512217455 -46.455877029622876 
-38.777011036235805 -13.900119566345449 8.933207646075216 6.395074829828706 -17.287334017108552 
-38.39683153725216 -6.775531400157093 15.269590216406337 -11.570875820053345 0.14001393593984043 
-32.40377074464124 -3.588281102481715 13.894969290851424 -7.381893280591596 -0.993515970963532 
-23.916917570632094 -1.709561207800837 11.347292217267379 0.6991774733087698 0.6454320935065139 
-15.206852448194708 -0.045374743069373016 9.301310491487202 7.503508974311343 1.6030719926668813 
-7.658012861604467 1.714194135794682 8.06061012292634 10.876673342302963 1.8537826041691248 
-1.7926364184662191 3.4898255565181855 7.358011594148499 10.980835149804845 1.6344601040513627 
2.6289349110364184 4.957991936385439 6.957168715704175 8.838425804956826 1.2953210117754599 
6.147842298022978 5.858904702539368 6.598629523302829 5.7552902864331115 0.994021601968189 
9.210319245913277 5.982141913270369 5.9788665359084066 2.801082157852108 0.7395021997085313 
11.94965618801932 5.3621797831427145 4.783178254929303 0.5399950586605332 0.5888198315252663 
14.319778524687875 4.416229552730416 2.7942215577024396 -1.0278173955077423 0.5021843319277269 
16.24846683439035 3.659068099606398 -0.1607674517140378 -2.3497075167602177 0.4221053006821722 
17.91541014857593 3.1862188635489175 -4.158558184041883 -4.024525307606402 0.24013168800230364 
19.696419209488173 2.735149124298677 -9.279646651765534 -6.471912259225326 -0.0037908806186077127 
21.846914612699877 2.2041276896842192 -15.594910028093345 -9.88698006288653 -0.36304907522996865 
24.057079658751505 2.1108934156179333 -22.957651883537544 -14.491971177818233 -0.8182214630129178 
25.483619768502287 3.335289415785186 -30.942806387629155 -20.930192994795885 -1.1969006017587807 
25.39523968158433 6.05620923415703 -38.97113337254237 -29.45522405016097 -2.1935954341245076 
23.815776111306782 8.922546828850162 -47.025341072862844 -36.14545688958682 -19.482652186031302 
21.219464150418705 9.234323488898204 -55.98610924783151 -35.84107929099137 -47.53610611216792 
17.058163643899793 5.1896216964717485 -67.30579520956428 -28.232830312074334 -74.43165464994689 
16.53835594062117 -3.8292313004916236 -74.0373855115858 -18.197013377615832 -94.57906964713811 
16.510671437592972 -4.50940416147071 -72.43660105036037 -11.041684081865583 -102.94619791884321 
17.377054282366338 -1.8642042763185844 -65.27650563510913 -5.202526868815139 -102.19308637282566 
18.047407957371284 2.2910173845437196 -53.51152640761238 -1.5531750519599237 -93.45083153358594 
18.500773759655495 6.767749277607447 -37.71270070511735 -0.12212734459934543 -76.34126293973445 
18.368243698678164 10.736361202294507 -21.219484170323874 2.629612328778663 -47.88438661649412 
17.128742449311424 13.289424759662417 -9.118626713267146 11.388176166939349 2.766166632159861 
14.976684350609158 13.482553172392933 -0.8962150265004373 5.341357596984304 0.16694245450625117 
12.256238110143084 10.961709889220844 1.1508502385007717 -0.3573126846741999 -0.8659814637920598 
9.505552237680147 6.145784518924464 0.37696753473283684 1.675736182755696 -40.33282381809707 
6.437440736551201 0.7154192828538795 1.8986690019985641 4.518632398126598 -71.29925712584046 
1.468350373767667 -2.6016495289889727 7.055717109686757 4.806269423172016 -94.73462095392851 
-6.529272125357283 -2.067348936922463 14.282794686605861 3.978669164020487 -111.42819706320424 
-15.429571468906085 -0.6267177510569619 22.13103634917957 4.024644565122426 -121.56065289121705 
-18.57943386881113 -9.878242812043343 30.63341635756932 5.596805731918597 -123.60703872619655 
-21.82218260551553 -16.284706278853957 38.07996347130702 9.364262415214082 -111.76965595658714 
-28.608719333829047 -18.89671122911875 41.900154870830384 14.565455956104351 -73.85413556875146 
-39.259282027304984 -21.97552223167507 39.24291689386681 20.604173889283718 4.293053129883544 
-46.12646764514199 -27.763704711455635 37.86607273406885 15.120073449389551 1.2753420372964985 
-51.085259905778116 -33.29149122537693 33.572234960065785 7.561625143299184 -0.4569328428926564 
-56.033725417395466 -36.35684808328059 25.481184059287774 3.8116223664983466 -0.3150329280818578 
-61.77090058640284 -29.361452315436264 16.69302529282203 3.64424846185286 0.5332223481310681 
-56.097352410906346 -21.948965706704033 17.978251423672372 0.4319611017756934 0.3455268103915639 
-42.76850491237853 -14.455212063006185 22.81428508674163 -1.337443623470487 0.3028540548194085 
-24.76039022789413 -8.354354702660988 24.587188165326765 2.505780610717863 0.797430111091749 
-3.538328133132891 -5.356869527668624 18.959967380775563 14.629264477098001 2.2401572858389254 
17.70586999750336 -3.9140639441676273 1.5240182335803045 38.26608850312469 5.679177593675156 
36.86817652786118 1.2059473585761298 -19.315017214544955 65.37357646964624 -25.048461118189326 
46.71453588262026 25.53338846925015 -28.274157070092734 70.99266303924453 -37.47402789605101 
38.180153674235626 38.69835135058211 -24.35331543678589 48.8339692151585 -22.446333135203748 
28.254252418508088 25.12509213434704 -3.575699503201495 7.365740888013149 -5.750712419152391 
13.309561271731726 11.474748122562572 18.989296882359792 -22.268892523654447 -0.11908228959628582 
-5.810713671744719 5.971069399763778 16.21262417551853 -2.031270977898312 -0.6864291191739446 
-17.233240617083673 -5.651246392956544 13.161551195385282 15.693458660077686 1.396617750515293 
-23.104556184178392 -12.550930033215675 13.970674738285112 23.158176582028002 2.6894577870124756 
-24.76116493465503 -17.90496122081917 17.427247998714048 20.11422575811368 2.5675413805519165 
-24.466539938799627 -21.877403097205704 20.07438400564406 12.69288842157791 1.9509161196369817 
-23.357946572082913 -24.594626644380043 19.745059981373178 6.138023992524617 1.4624858362860091 
-21.610553660385435 -26.343164559751024 16.343301279355604 2.3108486994737683 1.0218658061986927 
-18.939454691293108 -27.204846088114973 11.356301258497817 0.18098629617551998 0.1798604484427937 
-14.972640133669719 -27.015814641962802 6.687016126009687 -2.2746708449865998 -0.037467015480370465 
-9.619072738810688 -25.479959783573054 2.9441689601240992 -5.000017475665175 0.06296754853226695 
-3.08490799204914 -22.380099461885848 -0.15665334489724259 -7.0559825777894805 -0.05121696811062907 
4.188722258885824 -17.695500917497636 -3.027687022308012 -8.240210458905498 -0.19819830077106415 
11.374686725777428 -11.617462577596227 -6.095839103159742 -9.066817183163273 -0.40719876875406175 
17.359344533529836 -4.723301550215582 -9.631566983468723 -10.822372006098144 -0.602040258993245 
21.028785185854353 1.5799096530755308 -14.150808795255527 -14.350309769971041 -1.4072781927399656 
20.948593294698934 5.526067199740204 -21.845726499737875 -16.36074185125225 -14.875550711653174 
14.727820823718503 6.875195286915496 -36.16938155026367 -12.442624443268059 -33.554236437010985 
13.924326609470377 -0.3243839504133355 -44.66987153269317 -10.38280714367664 -53.01252448429647 
14.497628129411957 -1.4517137392643495 -47.24725522463785 -10.75884421766386 -66.71483664334653 
15.461197446009006 0.31961665271163014 -47.83364901764354 -9.948996514225287 -76.25754843452845 
16.476393842690417 2.424087457610917 -46.94299784954769 -8.466349136324958 -83.57359299520813 
17.178114214855984 3.8507466700216684 -44.3890365131492 -7.456788945428724 -89.89685095531543 
17.132278830377125 4.503513221920003 -40.339092485473294 -7.170839475819614 -95.43901875513303 
15.99388901256897 4.620374458902258 -35.0877266695103 -7.034958951564164 -99.4249637558945 
13.835268583406377 4.467863978031307 -28.411822218351812 -6.496493852177805 -100.19575931602738 
11.176215343199294 4.3365134192926655 -19.75862687823653 -5.245982643975272 -95.1706273291877 
8.660792881504763 4.427257602373192 -9.062304973606215 -2.362993283698225 -80.83670373960248 
6.626473070369496 4.61837620557031 2.152151691262668 5.200420072798316 -52.47625287141672 
4.761175701984896 4.429379223106285 10.171473774688161 20.644418049520958 4.318735573498226 
2.580940617489682 3.439391909367392 16.155470666080326 13.016170135562577 0.8669740623386323 
-0.20462445394199996 1.471848592735824 16.41103166684483 3.1937740013852176 -0.9979511827222237 
-3.173802617163303 -1.7522207809459949 13.473767701357373 2.958423247092756 -51.212052739992 
-6.293665073775318 -6.01387846444948 12.249851386618367 5.349467423877134 -81.62108908215157 
-10.423038265890998 -10.483732028407301 14.155664796565846 5.5723712075903915 -91.35026429637934 
-16.90264495156724 -13.85717561566247 17.107850907917513 4.739215733915575 -80.60940784374907 
-26.45596771518905 -15.161732627166385 19.31631554304866 3.7026350652693316 -49.9258133833202 
-39.06681020351513 -13.845863830757668 19.074257814615784 3.2288604113439106 0.9135018172585473 
-54.279790404621394 -10.859992609325122 14.195846467029243 1.849757734337158 -25.357976582965676 
-65.62601285167872 -8.817297915028895 6.640075692689986 4.273105179433027 -33.82889174473925 
-65.40286689784602 -11.89961912301624 7.199233445985623 2.1180338012345756 -24.243440042829967 
-59.04545472533274 -16.76276316674269 10.760734379370005 -0.4190951841048014 1.1706953143079735 
-50.93885587222844 -20.350877333879986 14.047295600545064 -2.077704554309385 -0.2377091269886093 
-43.80283391362884 -20.818643414256904 15.54994111780855 -2.2339221965535794 0.123368002037851 
-38.230981326874904 -18.603348386132794 15.479116327251539 -0.5535441718524516 0.47164269445906937 
-33.34433290276323 -15.9891553413653 14.697944510323346 1.983788550846647 0.8387226242044739 
-28.351017964872113 -14.928800303752631 13.876600917821728 4.374222496096433 1.131439496075842 
-23.641844918366292 -15.601144255933647 12.955494301000918 6.112274241495198 1.2533695857974874 
-21.37733112352589 -15.960801402083584 10.859768511456489 7.502712422393425 1.2813263820380445 
-20.572375753516443 -15.861921061776588 9.54847633075703 7.9467775871517405 1.2531187288039938 
