-40.844379557674436 -17.089135451072764 2.633659227094045 -15.176725860373194 -38.17983240182791 
-41.50977342390509 -16.967460872341587 2.643394049743635 -15.660263893330496 -36.84170653015143 
-42.41392211401276 -16.63279604588184 2.6011509364287195 -16.59311776364891 -34.48343982884346 
-45.11179352182549 -12.750854584244571 1.1473755228592368 -15.72013285554943 -32.50279242887552 
-49.63881063496731 -5.995019934087619 -2.156873651596472 -14.415672908244314 -29.577405101885585 
-55.80372715398604 2.3893096529722246 -8.153935059157135 -11.537956124990085 -25.67550496020494 
-53.361880781873985 6.674943057490604 -7.121150221791306 -13.173514356062562 -17.25959072728159 
-43.77708833627756 5.241365763786857 -5.803752685067296 -12.737267973846357 -0.662854142024287 
-23.98735917959004 -1.7375526598171058 -0.8205470516349394 -10.900578705216825 -0.47921233266933977 
-6.9200214975927405 1.2995609355489879 3.621561887777335 -5.008814908266164 -0.03641730850290325 
7.908169205672612 7.31996084768385 5.828234051495668 4.106699042945089 1.1523634842790664 
20.20550430396298 11.743720534501223 5.8201968194314695 12.277940837675946 2.126483130807578 
26.48917655286765 17.717382924677057 4.344692350725754 14.619986561878251 2.175504233096558 
20.7166987943283 33.067704388845826 2.0554273690883553 9.166981106142524 1.2259536128909336 
11.02860150844165 5.011954900699032 0.15419990753858756 0.05578356824663893 0.38500371549870827 
-0.3538965918749483 -5.208968594059413 -0.8765314622113557 -0.4800362868332607 0.13897762716952178 
-8.520013109444546 -9.542562302912815 0.5269997722126294 0.7804471140264434 0.4088427072586402 
-12.497992186231874 -13.623770566087364 3.7265921329647047 1.0705881018813128 0.5499812881009511 
-13.764147267191218 -18.269625682668014 7.048022153115641 0.19176163613577546 0.6319475026608257 
-14.086920349845439 -22.488956895579115 8.979799475735708 -1.0530136677273771 0.597863636892921 
-14.327637809348488 -25.555843806443377 8.863755444401743 -2.0630915515319153 0.48320730750820484 
-14.50676154770892 -27.106145330697316 6.981430093370821 -2.86528336815626 0.34100942726766614 
-14.070360434115038 -27.124256790534425 4.160870104226299 -3.814514441263173 0.20999028754226867 
-12.449403032869775 -25.576795710824243 1.4355028784737978 -5.139135975975408 0.007181558331206168 
-9.438215474280033 -22.22585556375382 -0.2875042827283595 -6.817163767402561 -0.3472420567198059 
-5.330253416946674 -16.720744577150782 -0.5840392068595093 -8.285597524328928 -0.7422403539660974 
-0.6553951081085453 -8.902744900313444 0.4920145177096151 -8.781301259213269 -0.8896715978739173 
4.013447332160819 0.6970005398760261 2.5312393360482224 -7.997966081099407 -0.6976439351741267 
8.147901413005696 10.544144666284575 4.73841695705475 -6.302112310484467 -0.30153887687868086 
11.338829634060861 18.09043362489201 5.868962083568009 -3.5419522402486043 0.07386384336096925 
13.269178585447435 19.96252057841574 3.9222009601545866 2.4124792838085902 0.45881755895136433 
13.752095113609435 12.587990901815965 -3.5309210466621406 15.309915832161607 3.1990814655133377 
13.98430165447836 -2.351143221541171 -14.798990193464412 33.78186955951588 23.357138604922863 
10.138588444595504 -1.4939448638194106 -23.412875333004315 52.62702915310653 17.129648897361108 
8.130726132992143 2.1297970085098377 -23.424918588243084 56.54176919833963 15.305503503837368 
8.389156630826076 4.901474643456177 -18.662178320817862 51.32262736612918 15.772385085985503 
10.065907495056171 6.390736240326351 -12.672972767639422 42.54892065597423 16.40870191426687 
12.21235653357783 6.789648594633453 -7.679370355449045 33.847303984071644 15.872308576318678 
14.0890678706304 6.120529827792982 -4.658015197619634 26.840690866579425 13.50667955835437 
14.985379855949885 4.5897634229778435 -3.6711284830158855 21.488819424589508 9.239728905408324 
13.881478291849508 3.1592538783520534 -4.266192060657486 16.979507643976127 3.183689916242484 
9.8155575733111 3.162708509692536 -5.678981558111578 12.318116687560787 -4.612084017336722 
2.827650335948617 5.08228637156804 -6.897735513418674 6.516502748508625 -14.474717172918957 
-4.707623524955129 6.093048876233491 -6.525937427085002 -1.3729573102744508 -27.012160926192504 
-8.833106429358432 1.2414194705972912 -3.4906224441501945 -11.140106377792929 -42.65095364596036 
-9.27256749693116 -7.191976502576018 0.8310450111520988 -19.120913275150063 -60.327345315232876 
-10.744222008535552 -8.415943895666093 2.8796952061277716 -19.89770052070573 -75.67637630808464 
-10.11118006216626 -10.562936341748715 4.1687791351829695 -16.016741146844264 -85.72356999458701 
-8.417645403473282 -11.516417328375006 6.203056010633619 -10.359220510267269 -90.77303810730291 
-6.215017503568671 -10.507159391424526 8.989684040884136 -3.545281583686141 -91.40334163613475 
-3.9882019573287435 -7.447558388707488 12.256874667284913 3.6493588792424796 -87.96583278938634 
-2.28643743732714 -3.1847223412991545 15.76986929241051 9.690316869887901 -80.70104843760375 
-1.676475104088549 -0.4261392813755145 19.07516497432638 12.686940308004505 -69.97417942347215 
-3.5868141716131237 -2.253720806178401 20.492094357237082 11.767574549184864 -56.885262172403195 
-11.239590666534815 -8.909980002270832 16.51527746372913 8.719383148635826 -43.54582651381212 
-22.386646427579798 -18.0549898925084 10.267736606726915 2.6488258707910664 -30.88481426171039 
-38.5351619957049 -22.300159998302263 0.26323368809421993 -0.9125705089632536 -18.529321316495107 
-47.87173681477892 -21.964669462403048 -3.027111237550266 -5.326690653128197 0.5347000321458134 
-48.29965549214938 -18.728505507675216 -3.3091962576023213 -10.204594711886868 -0.5617093744281243 
-35.61617538743161 -16.78645812696385 0.05983865038978323 -10.443169671976335 -0.30072822189796344 
-16.046414967692733 -10.120873589395613 6.177117011363576 -4.8800100064035945 0.359398548888375 
2.8832562964882005 1.4613690283105263 10.04702826729393 5.302732466137743 1.2714822758618458 
18.301144580641353 12.904937637808885 10.139953480516292 15.350575361254132 2.0049909302373816 
28.528930760413644 20.728163698691425 6.864398411086211 20.216652148334603 2.296857913508715 
33.02885251646725 24.415996146397628 1.83463087025695 16.763863571358197 1.8617448999755337 
31.711085883740473 26.31663489993664 -2.851944515650739 4.631184703754801 0.5757571918272746 
25.78645247255539 -32.34192939239703 -8.217989816279907 -9.444055305716356 -0.2567380941247088 
1.204276730147752 -29.89357696361987 -10.96233548676776 -10.336559432181781 -0.43697440044673586 
-10.071256851613215 -22.33422875521966 -3.4653823694015156 -7.9303408859306606 -0.20612090388763427 
-15.441697241523613 -19.658701904270103 1.6483268853772646 -4.441021447707608 0.18642302708649572 
-16.203342309182542 -21.560944598121313 4.793069849290113 -2.280359113400899 0.29837312122890686 
-15.133579101368934 -24.029288684910515 6.016156151631066 -1.7690566587205399 0.29896099916200536 
-13.057796570031938 -25.30279723833967 5.780671034357982 -2.3946542363805228 0.2738867681162046 
-9.761495111555544 -25.068996622904187 4.759076272561054 -3.6309658876547175 0.13144183851048175 
-5.216714930524207 -22.957959837847305 3.3745116424670534 -5.059014205387217 -0.06748583261969415 
-0.10548656597684648 -18.306303822383935 1.6214280735218423 -6.444793653155584 -0.2942367658533218 
4.596243875616582 -11.0200601642179 -0.9048319708010396 -7.7622335189668865 -0.6224794717474041 
8.582006523471541 -2.7272070428900785 -4.70826795699199 -9.376710204947528 -0.4547058097248733 
11.643052667238672 3.8047421193775097 -10.77349695059237 -11.092996483675684 -1.3675755663897882 
11.958656447849517 6.958142062579438 -21.416497508971933 -8.793843546303638 -26.114078708505115 
9.642140842919245 3.7532753421742684 -35.2129919755808 -4.483418101802034 -50.31441269570307 
7.9610285414829045 -7.242196156457155 -46.46913294755759 -1.566449348999453 -69.82320892735538 
7.459510942203382 -4.597867366746002 -48.502012703608905 -3.6064072489373458 -83.88905226743982 
8.6688927316762 0.299081259186788 -46.11951988359798 -6.658585751691729 -92.30954473482579 
10.931559999215851 4.229403880218094 -41.78197969520631 -9.494325908561045 -95.8341982806061 
13.26061376275436 6.6572538295292665 -36.844988785125445 -11.517102792640324 -95.01210287918336 
14.992432524421464 7.923484314474887 -31.83592298824613 -12.170367931522861 -89.83048364637152 
15.860860738081664 8.436458287085603 -26.615360086461422 -11.238202225632309 -79.55825018688378 
15.787230928702767 8.362283483666745 -20.832581168938685 -8.862028725188319 -62.778286458865786 
14.7599989861133 7.566978274420463 -14.533279977316473 -4.797746262375404 -37.432164282961224 
12.57596089350733 5.8470691001411454 -8.439415579338469 1.5799973988473777 1.1615309261412048 
8.926624142256012 3.430697214905496 -1.10908930064659 -0.5950963436665175 -39.61116474074104 
3.342199842038438 1.2300402726285322 5.24880897789758 2.0862860750729655 -67.36183250960305 
-3.6983570892785194 -0.8083389445836892 12.355429407476311 6.557500842879831 -82.21393120870192 
-10.80585534316009 -4.934735601101708 20.982424872337706 11.107139548687977 -84.02763284258002 
-17.96128671474524 -11.270570874172721 31.099546591950325 14.715412472410996 -71.86848486070245 
-27.97711132984862 -16.366001250073197 41.06498473379858 17.4306542462339 -43.975862034597455 
-43.904936406013384 -18.730792809627648 46.702078227416024 21.569375890709473 3.557449462231351 
-61.56801460037073 -20.999132290452316 51.090643006114256 15.392683248468131 0.09650547263664222 
-90.25630255351477 -15.57876135071389 39.453703786320354 14.083627878483943 1.5653114773042875 
-106.05290895858036 -15.565914505230996 32.54150427646309 8.209926231831629 1.2521289567992866 
-100.28900401483745 -26.53211302112494 34.864458121196435 -1.2338348727420456 0.2530665767289647 
-83.22703766330086 -41.72887788253703 32.1020365072508 -0.023681461686712237 0.4299138468267838 
-58.317641050453204 -48.64474473235391 29.294842212140374 8.251682863401813 1.4423609299648155 
-37.52631331173343 -30.63060546391195 28.35930334355701 18.753261880487376 3.2086384431143067 
-13.404354700707731 -14.319446495186241 21.691329437339288 35.96997032063695 8.392366873613158 
9.48069405977925 -1.2419679092819227 10.710735613749595 51.96870078015656 13.70468076344571 
20.264967757076278 19.399321536609627 6.479001437742147 47.45288759025813 8.037463030200106 
7.502787071335887 41.75949446762808 22.18950368837089 10.849693629426527 -1.1780303795555136 
-1.313414567447973 32.2866868870929 33.438839710351054 -16.946904410700082 0.1814096156811508 
-7.389944188763651 16.48444734618478 26.10709205175881 -1.2986258148437542 -0.36384776456636947 
-7.531552928667221 0.05714837661469076 18.5808522151131 16.695498632583433 1.870151418553976 
-8.325916492815162 -9.52095851291748 15.307839819857113 22.583349174206447 2.662272928257222 
-10.119801070911326 -13.893727207845313 15.118580914175464 17.692695028562618 2.28779055810269 
-11.927213732413707 -15.969353452568907 15.104359312956099 8.820691155531383 1.5330917033012885 
-13.20648876667837 -17.164527226140848 13.1550058334382 1.3274273081311065 0.8720552491566832 
-13.771173498131718 -17.749595316919272 8.882408796078446 -2.8977150025826104 0.41571073972082667 
-13.387120937662832 -17.562485163555717 3.3945662948584046 -4.680506895337472 0.14251412403961738 
-11.723704049962514 -16.299793484299055 -1.6655562776783246 -5.692320724503603 -0.09214578628373876 
-8.57172444158339 -13.683269398348248 -4.924866564089826 -7.073247798537833 -0.36617887286994844 
-4.074328508368406 -9.45196809233785 -5.683575945125917 -9.073179207234299 -0.7502533950437339 
1.352931901669989 -3.5188524199206426 -3.9892501714516344 -11.166269680901465 -1.101179498687462 
7.248495459670624 3.548392070882967 -0.5745941469134513 -12.141467938382014 -1.1512891290490277 
13.222875964283507 10.107537867576205 2.8475034956716527 -10.047534650207904 -0.6856255506467049 
18.512711944387974 14.031122350946365 3.2981732915766435 -2.3660438090961846 0.418567922277517 
21.155834289158843 13.911904442030737 -2.5708563793647357 12.933875760933859 1.961779695166096 
17.583735359474243 9.396126477615159 -17.16413831868861 35.95676391066147 -3.380394198893874 
16.4442322544357 -2.0398676810159024 -28.064678412901145 52.273664505400404 -9.14908809019012 
13.657495601989389 -1.7234060032159053 -31.206488242983884 56.225113918967715 -12.900550252902015 
12.950350285154858 0.9776441241804011 -29.093147016178825 51.48247661594851 -16.025983404664558 
12.469584417624096 4.607955250260914 -25.248895954069674 42.103727981943955 -19.794649783715233 
12.249296909071115 7.19333115730536 -21.130647668855538 30.78130399321243 -25.48072520402593 
12.24440653726458 8.067234797435201 -16.81863876082896 18.46710006371862 -33.941425396824314 
12.21452875703338 7.421114705299982 -11.826783432796631 5.363098086314404 -45.34255561684299 
11.741518856923442 5.706294963754991 -7.5918977680026964 -5.3392741406306286 -58.613471302562935 
10.111093886196196 3.566592587650128 -7.506845812488856 -7.647805549579667 -70.81923356997459 
6.708153897127259 2.668190029262903 -7.840856554135295 -7.039266706901532 -81.92264196061909 
1.4190212042611052 3.2593032076641597 -6.724767939146623 -6.073227727129294 -91.63489193520864 
-3.430550918897381 0.5830209881369677 -3.8143562809396063 -4.589849985682737 -98.63892262532448 
-6.147890717226839 -7.835696391455257 0.8251639429282134 -2.07412415925343 -99.71058472550071 
-10.53300474470808 -11.98147249759982 6.404278426387165 1.5859209382689683 -88.8004346707936 
-15.218156505355434 -13.834851595962014 12.694717074651258 5.805444715243314 -57.913177575845545 
-19.517483691026012 -13.895124769716913 18.007267907920692 11.017006874802972 3.4608806304202293 
-22.59559201559151 -13.046514165317962 20.887689661715413 9.55403226350059 0.6602568292240342 
-21.038832603665835 -12.417215590863181 23.03602757798066 7.441720720528634 -0.43358652910489703 
-16.6077181444734 -10.751457132838192 23.055214679539894 10.6795072610338 0.05415023492935996 
-11.564396141963817 -8.798004864105568 20.306342004540713 22.146774737523494 -35.793413416389214 
-8.624501221871046 -6.888439717570826 16.696570116828035 28.554085092683064 -49.39780889395706 
-12.098602130384267 -3.0334304663675264 9.828579705979266 27.626986182325847 -43.17315079494805 
-21.963596791933735 4.0665333678916475 1.0733997127991826 15.548950700594231 -16.658448965014422 
-24.017157058887275 6.949261357943098 5.970215156041301 -7.7990785742204585 -0.09934683884354495 
-21.848288973005342 6.600301459029829 6.272915588422537 -8.860270961171393 0.028543548742354714 
-17.813429301998312 5.101926256630301 5.76233228489183 -2.2595274774143617 0.7136216470243777 
-13.13557491029141 3.228879499467108 5.945281857760604 4.6828114698237515 1.274228936154641 
-8.770977409262915 1.6494543555123262 6.9055724322081495 8.880870278567217 1.4320308396438892 
-5.156791334248854 0.8686686209147577 8.131544256297028 9.985228815146389 1.3737284539855783 
-2.154330000756774 0.8608692671246345 8.946790746114388 8.954761574082198 1.1878060546054785 
0.5791224469845103 0.9775006720851636 8.889846774529016 6.801253983137045 0.968773620394905 
3.1243152472360953 0.7415899724089691 7.723882238678053 4.288033530259803 0.8175393772515755 
5.33010108870575 0.2722961027950365 5.45776824946229 1.8616196583682012 0.675555545850721 
7.057276067094135 -0.1515043021250238 2.2881044114160236 -0.4395201938839457 0.5364559437617957 
8.465763218890183 -0.48416846620773263 -1.3865659587995094 -2.8187726735599217 0.3334792178844328 
10.069720929165111 -0.9450384090440334 -5.10990849525291 -5.457919873061221 0.0870476606115336 
12.474795892543723 -1.6225626770634962 -8.493732339622115 -8.362396199535238 -0.26340989903919765 
15.788563252549757 -1.9734396396228984 -11.3299205801962 -11.230390061272763 -0.5644967702941257 
19.325882557885027 -0.7765721932678813 -13.830228656552878 -13.568458059184414 -0.8280653970870611 
22.029962817328553 3.1283290303001885 -16.30552659971453 -15.26968965416505 -1.0622762355473314 
23.219246681099253 9.850763579564374 -18.52655440056817 -17.168773376265857 -1.0912980887361459 
22.836292561921574 17.908113451909767 -20.223978055585434 -19.64679001586007 -2.0393084275831304 
21.119359678133033 24.473614610255456 -22.544233848454112 -19.14353278066349 -15.646242448642484 
18.376298426278538 25.071963436502934 -27.508361556217316 -14.595173776352492 -35.68145968699945 
16.213529939212076 9.124684277178702 -36.20503242708366 -7.529695013919879 -54.791202257493154 
18.676011225378797 -11.086312536248602 -46.506799467374975 1.3754243888846 -72.50935501960336 
13.750539485437512 -3.658713930384176 -50.002861824242366 2.084900141667577 -80.11001935463072 
14.221950634317011 2.6555486413281035 -47.169187137583585 -2.380151013396514 -81.7604804369358 
15.74023869549166 8.183670037823925 -43.02532359988992 -8.004522274298344 -79.4686886014784 
16.452592748967017 11.78779301171278 -39.93240940930112 -12.613421886008872 -75.603037294473 
17.160948860390636 12.335702450132011 -37.57003007019137 -15.42315345286774 -72.57994073600288 
17.803460936828383 10.374030186451437 -35.19050010660306 -16.401530250588877 -71.99831379360582 
17.814382792477538 7.104174119377572 -31.907531541844538 -16.263539288181722 -74.47241221021447 
16.373765903559338 3.8988449755976777 -27.012645721345223 -15.694621145622204 -79.50921042270363 
12.477194937083361 1.9989887468448846 -20.24154655214904 -14.753672594432217 -85.49724418586288 
5.803975871229024 1.5504155316457067 -11.551455837182486 -13.031995396691768 -89.97580121141266 
-1.9455403044725865 -0.5621035729467359 -0.7279659441298455 -10.014749464345044 -89.58585870546541 
-8.585014816633501 -7.170731980592873 12.205240737861775 -4.513531654179998 -79.65463046597533 
-15.990983137269454 -11.23871113778662 25.38289401258672 6.838648689863506 -53.706097599496786 
-22.25951157976057 -14.846843197208061 35.525067493841384 26.966059544467495 4.638868035515576 
-27.077152672293828 -16.818248365029042 42.681509720939665 21.76820264535461 1.412749302194195 
-30.623499462602908 -14.81226403658459 41.276465731314815 15.267708822386574 1.0250616340668315 
-31.583790977400863 -7.910017469229351 33.959587998334136 14.71361848682068 -9.78421494219927 
-26.43341703518046 0.01031472707007866 26.914347366123053 17.560568497775606 -68.2254066895011 
-12.356926229773084 2.78468491638849 20.434291916942474 26.542301504214763 -106.30818242498458 
11.70443821612197 1.5621235896734047 16.25976197206548 35.769441967673195 -123.91776669008652 
32.22769357953669 14.776504946814711 12.688895815000928 41.333007884367056 -119.6634745216514 
35.25772256363212 13.505239479674175 7.126707489242072 38.394575293209236 -89.62915704258559 
21.85759422537926 10.76995286685593 2.4431566140993093 20.768731075673834 -34.2354036314487 
5.9449085707413944 8.794489914950367 13.199654817241115 -5.561169363656341 0.30959163327962536 
-8.454476547235139 5.3153500442796195 12.375747946739542 -4.244007079293281 -0.5132014284257108 
-19.17878278890106 2.6925344449856707 9.847257296092463 0.2777868976193155 0.5576656501904513 
-25.021083797823337 3.3181229929872584 7.7511956077054025 3.664782030823894 1.218793710730276 
-24.76365398624485 1.393330798700536 5.803690101969228 5.590503513781563 1.3324597040382844 
-17.48258861683691 -6.618474480055975 4.468182393081806 6.750480215405334 1.2005131388899224 
-8.088113685448619 -14.589585764298493 3.6464411939352006 7.237285710750574 1.073245822595827 
-5.368694933200501 -11.195077259729809 3.260558233263792 5.427934582094639 0.9548951051810731 
-4.045690919459536 -6.773087752524672 3.4697747384209925 2.430728997736179 0.7513184657091453 
-2.395697757404622 -5.3259850984298165 3.566686051079858 -0.3056799914375583 0.5738355373485341 
-1.2187056117203516 -6.143721723733445 2.904198868472101 -2.1127650071453536 0.4567908989093733 
-1.2397917201346071 -7.897608627304829 1.3902895566218343 -3.065842168140598 0.3615828257312146 
-2.3931210876452607 -9.868382336802721 -0.6122594452790141 -3.6145153741982177 0.18538167638696262 
-3.9233831936373025 -11.846647959398014 -2.516213050740671 -4.222487940017528 -0.034638370187636144 
-4.788511605180517 -13.78241739923279 -3.8004094756702624 -5.135903380561784 -0.1729232687100138 
-4.038316246760432 -15.557203367043616 -4.194646446919235 -6.31043648055004 -0.24537538503406173 
-1.1943378371250752 -16.739077793970278 -3.7603914990927394 -7.334949937952458 -0.3187685362015857 
3.4807839218145964 -16.479473580521113 -2.931046242658388 -7.917384638224595 -0.39799430573101213 
8.96339251768396 -13.86557192066328 -2.42865900944745 -8.117608071689592 -0.5287341100749007 
13.939853812555912 -8.785441714789028 -2.9077611579063793 -8.582704454039256 -0.7545091265491691 
17.19982075489445 -2.655646838298189 -5.0769276900709155 -10.299750202652133 -0.5801793282010811 
17.223283565624044 2.2908113125444696 -10.753561471278218 -12.67730723533807 -1.525562935765811 
10.679653335054859 5.591312509725616 -24.24109708571454 -8.598462933694298 -28.210576266650374 
5.662662244743883 0.43496748154065756 -36.670103706320965 -3.6731649201050494 -51.33880870606868 
6.296348236676254 -5.889489467569905 -39.76339477200195 -3.204165902329028 -68.22278317103338 
8.511425310296023 -3.063496392380372 -39.7106881785794 -2.8170456416621334 -78.04404491134048 
11.283815806973118 0.5997486285852335 -38.07171047125175 -2.682850271512358 -81.90707858265237 
14.08888343658212 4.099734002854085 -35.301878925169255 -3.480438847826267 -81.64206153444682 
16.51682486116725 7.033978140872143 -32.06347622120315 -5.264442920394257 -78.82028702677498 
18.275016779277585 9.179784378972156 -29.121942977209205 -7.291023813623526 -74.74626269200304 
19.37168885172969 10.211817649470019 -26.728646278150052 -8.773824990909933 -70.47063518771158 
19.994342537612315 9.883667021706023 -24.6366221444327 -9.449747214834748 -66.76806085174026 
20.147955601664716 8.32152604236881 -22.36883991263946 -9.581463174136221 -64.19907542202041 
19.37309237525731 6.1475301964530535 -19.492027401539747 -9.536086125837373 -63.079772319982304 
16.804889065876402 4.365937916507081 -15.851846272302517 -9.418638264160576 -63.44841850075833 
11.740239134954146 4.013602205599915 -11.568981277354576 -8.945633001558196 -65.19977381072731 
4.659747958656101 4.98858040187876 -6.825591923237721 -7.6231656416618465 -68.21109136478245 
-1.395345892559645 3.028689499863555 -1.2643550592723574 -5.274433068007642 -72.1903483695048 
-3.490276127473686 -7.0996767547131485 5.935374071863614 -2.2789525568964915 -75.92772432208363 
-9.878251771152524 -8.572303982917663 13.530897836786371 1.5626426371607347 -75.46885084623635 
-16.835071169868076 -13.15188496873846 21.777213836374624 4.7544503198510695 -65.22232410183958 
-26.32023071579418 -16.94028371745169 29.42859379128244 7.923254135218228 -41.5689331125239 
-39.640785605548814 -17.60305607815188 32.953231943885946 13.590478703253682 2.9934820753749074 
-59.20930811763411 -11.656745267649148 27.45304160502337 10.203170550926185 -0.09409693859813395 
-73.86822190935493 -4.480898320464525 18.779505342013152 4.75513119241406 0.5400622705988601 
-77.90788769680154 1.6660111233694872 14.241605325877705 -1.8554351324096736 0.5887734034280089 
-74.87778105878586 8.658147664495008 11.001139738833006 -6.695201646736763 0.13669794518339737 
-65.25708854727853 14.803330584443168 8.10051208290285 -9.637141313969666 -0.28187876662229255 
-44.35209125500312 11.372846541086554 5.387127684403306 -9.80310217801073 -0.1560651389201558 
-10.211507578826456 -6.571980507740885 1.8923098771185938 -3.1411212174095953 0.43105957060085437 
22.09515318365278 -14.989062439094779 -1.588270909651945 5.712885539863209 1.1353002288778924 
31.894138419898155 10.342060545569701 -6.470080537759824 7.355901425772866 1.4212627432445035 
31.693308268074595 47.318697297545775 -11.716607775172882 2.64417813164071 0.6510822550046755 
33.82700534286695 19.756479659009855 -16.390817234076895 -3.8512127740897366 0.16409981923485506 
31.470952377384346 14.175356340474794 -19.20585152624583 -4.4103115580214665 -0.00651768985886963 
