-66.52948871322127
-58.9057003932412
-55.392191183084925
-48.70721976428628
-51.54064681754108
-56.727527074924346
-60.975156513205036
-59.023136853421704
-45.52702974275489
-19.003374751683662
-7.775555960697805
-11.86076078626237
-17.260402412602936
-20.20279409399112
-20.492891932590588
-18.156933909544673
-13.549292771339832
-7.44991465835023
-0.9092423130503686
4.597714030675721
7.363964014876088
5.731630528781172
-1.66312772398579
-15.611338675042525
-35.91694422353739
-60.94282079208652
-86.98556228708297
-108.28313322633213
-118.71046744758883
-118.19722043717748
-114.88796768797467
-109.49470488981864
-101.74188757639497
-91.4605178031518
-79.19506016682304
-66.12805149412306
-53.43829568325831
-41.96057133833971
-32.0284086472132
-23.992816885577927
-17.871742974998952
-14.23952958932667
-13.964946999754481
-17.317244057300385
-22.952894712822832
-26.913350144779603
-30.458997145532226
-34.34962618416308
-37.76448464142784
-40.35687729387498
