-78.95701974999399
-75.26215764614399
-70.88111103395923
-62.02969307781194
-46.27884948212695
-27.326293448105623
-11.445155570374354
-4.045780575080246
-4.803675422233134
-12.425631721599382
-1.3612625445949886
8.591910711141217
16.142928673026645
19.755427746674467
25.362560444485162
26.261350237346765
25.683140063218268
22.655875265187913
16.374555324075455
9.156644906116322
2.1130109282814433
-6.344720531642813
-17.639114912183633
-32.29222334745896
-49.78658803557735
-68.4476168375034
-85.36559523241895
-97.17298415188881
-100.08463343459866
-97.55617478048286
-95.55213354463145
-92.14670064258335
-86.03379556732523
-76.94519534925348
-65.57989680930173
-53.25497378131078
-41.16858053528155
-30.15504569686087
-20.77607194308176
-13.472789152281415
-9.035790122563858
-8.38974044114141
-12.041184078489504
-19.214843555018017
-24.632808387726566
-26.84295180200047
-29.159088109880432
-35.41725419178768
-40.17254772127201
-43.76486215169174
