-23.226768095975764
-32.13115836016862
-10.131735334977453
-9.86539424544655
-9.890441285580035
6.726029391584074
-1.8085879268102656
-33.26237665488763
47.72212489156604
125.58072915210117
134.672952296194
62.811785514982
25.996537542016622
14.285971843007632
-7.242389487157546
-45.04791010179701
-47.28729339125381
-87.79784674524123
-148.17134154026368
-164.53018531946142
-221.63116197076744
-266.44052070266326
-207.0810899686241
-212.92738403739085
-219.41382025322778
-175.51956376702145
-173.12532602204038
-164.76925832524822
-130.53237522220016
-121.25687197607377
-93.3485144726719
-68.30039328316663
-83.05233144320073
-80.44975949703844
-55.75677981771667
-24.29936569272774
11.052302800092201
32.14125640474249
40.20044705223485
51.319027482985504
68.96668878670735
69.65875021012721
87.79815054164523
111.69790838974981
109.0360385515435
106.96667278386727
114.11784251686389
113.54130575920249
103.59366112579093
113.14111031811838
