-13.215378170204373
-19.3059319741277
-28.88327812914083
-40.99772133034836
-52.856375257435765
-61.87027831377609
-66.70835732430997
-66.11557948864572
-59.350710782465114
-44.935286182227586
-20.680452713456717
-4.044217197267945
-0.0735946690319385
-3.39555774316036
-9.501754834336278
-12.683527904056232
-13.572430215596734
-13.743897290202682
-14.24630695109681
-16.08814122087957
-20.149280588642306
-26.805615103920157
-36.18804762087756
-46.89086537701614
-54.911536109625025
-52.776979149539116
-53.17982273743161
-56.91508390255105
-59.84823721885661
-56.963210421237505
-48.39773268616806
-46.84460814414758
-46.72503928690524
-44.92815243794757
-40.83313569909389
-35.45268823960507
-30.037407842905804
-25.13597833187901
-20.469392592767512
-15.801169284359847
-11.316419188168478
-7.6299640423975905
-4.330668708768908
-1.8561882137903951
-1.896679881456297
-1.187614938975241
1.3523353382088694
3.7298489998598683
4.9592426737948445
5.030003224280825
