2.154095266994768
-2.9207048985989292
-6.726690504256152
-9.825167492403434
-13.847485334964242
-22.106651785883646
-31.96955653536912
-41.3759563102502
-48.44604193088338
-51.80483078001667
-51.85661457624967
-49.72725200849134
-46.62486177954468
-43.55918925563161
-41.11918857199873
-39.39588074882046
-38.34381888896468
-38.26823985688401
-39.02895903840819
-40.51364676629896
-42.811642155632825
-46.006939617278775
-50.104417024044366
-54.9697806331849
-60.2589531550533
-65.51006787551796
-69.59825389455546
-71.12026271923612
-68.94042782983901
-60.738229170431964
-47.838011675327905
-41.15923879362458
-37.10295338312549
-32.1811115700235
-25.85262701061736
-19.148085783085822
-13.128178472573325
-8.196288435237523
-4.019981890008717
-0.2274626285709364
3.226756313525289
5.663687980122132
6.128716261727489
5.183269583947937
4.35776708050566
4.552520387307729
6.293473328123385
7.937947996327394
8.242465682424855
7.041296050860529
