-0.4406392339911331
-6.19276801723317
-11.046280296777597
-15.840298920573838
-23.182656381188274
-31.5297128928928
-39.34584793348701
-44.607169779512446
-47.44335504862547
-48.912923167696924
-48.926894233035775
-47.36636878975051
-44.840213611830265
-42.22750540050419
-39.98533648111778
-38.272625517064355
-37.17340036730377
-37.046830231157564
-37.87638163583509
-39.61062321060826
-42.322481633643626
-46.0289001992794
-50.62142948229167
-55.80524917070668
-61.01291303882474
-65.44928512712721
-67.51198597081293
-65.14320055151734
-55.72970581048277
-44.01902482839681
-33.584534836653006
-31.716557302126052
-32.72094919471742
-31.87827896073466
-28.56946527510463
-24.20688312587647
-20.09847284942665
-16.62182614135392
-13.346241352508814
-9.933819195069802
-6.734635574189932
-4.774047467485852
-3.7466500724256693
-2.7704111941247187
-1.5691130677623528
0.13218729849895072
0.9499416892142323
1.8666059272858508
2.344889725820724
2.442405064701674
