-23.725047029692842
14.7762478951731
2.4243064772675353
-182.0876738535047
-28.83776195839952
-84.73512489741123
-25.24384778876601
-26.535824843734027
-55.791718794401795
-13.453464498019592
-27.826554204640917
37.6768964189775
-0.6715538024368328
-42.064179822943395
1.137601223703335
-23.95204101398849
-21.26586457791482
6.045159206809153
-118.56333418531273
-81.22770070319353
-56.103427629402674
-161.54514524542964
-206.14192141492913
-240.1762854336614
-273.3624699407079
-306.73664019471283
-219.25399082961627
-304.58592607359685
-402.5949924523503
-286.6432495755535
-160.2879498486123
-219.16379642238604
-256.250329790387
-189.7021042231945
-62.95306429456694
-37.24357180107056
-25.925348355488453
2.746946026391875
29.38847506410977
57.7675640103904
93.32343096252141
-2.9944909873905274
-39.183301710341254
-52.11447859104225
16.496013311380587
-54.35171717518935
-53.00459590129992
-152.92045321103691
-158.82183001641383
33.503455170785365
