21.721718176174612
29.906895046893617
51.57060362397252
-7.443019612751765
38.5402546888336
2.1794845822224858
26.463791250921304
-5.125654448933368
106.7488544033168
5.043527925929368
18.19466540184134
180.94038605041908
-2.0742249703950932
78.9094560340742
111.11717788307513
-17.078300962717023
-39.65703218127851
-24.711997078215823
-109.31132105383114
-139.03417430017421
-202.31010978871618
-214.69488590579283
-334.9358908194452
-402.215380161608
-416.21467566425105
-446.9138428074576
-478.79766964065396
-365.24382585373024
-303.612174781015
-223.23915369625493
-111.16589802319305
-65.41885189626178
-30.364490598453916
-4.809808125204898
9.518885197260357
17.068548232834452
23.69412247736549
34.374359863924184
43.628814096059536
53.71003470407075
44.56006130643125
49.75716833872325
34.81200474707348
-5.453740309308113
9.506369068043238
-54.920927365228316
19.28433311219154
8.924782844710666
25.528991311442915
44.36795137961737
