32.231404958677686 38.01652892561984 39.66942148760331 43.80165289256198 44.62809917355372 44.62809917355372 46.28099173553719 46.28099173553719 44.62809917355372 44.62809917355372 42.97520661157025 
32.231404958677686 37.1900826446281 38.84297520661157 42.97520661157025 43.80165289256198 44.62809917355372 44.62809917355372 44.62809917355372 43.80165289256198 42.97520661157025 39.66942148760331 
31.40495867768595 36.36363636363637 38.01652892561984 39.66942148760331 42.97520661157025 42.97520661157025 42.97520661157025 42.97520661157025 41.32231404958678 38.84297520661157 38.01652892561984 
31.40495867768595 34.710743801652896 38.01652892561984 38.84297520661157 39.66942148760331 41.32231404958678 41.32231404958678 39.66942148760331 38.84297520661157 38.01652892561984 34.710743801652896 
31.40495867768595 34.710743801652896 37.1900826446281 38.84297520661157 38.84297520661157 39.66942148760331 39.66942148760331 38.84297520661157 38.01652892561984 37.1900826446281 32.231404958677686 
31.40495867768595 34.710743801652896 37.1900826446281 38.01652892561984 38.84297520661157 38.84297520661157 38.84297520661157 38.01652892561984 37.1900826446281 33.88429752066116 31.40495867768595 
32.231404958677686 35.53719008264463 38.01652892561984 38.01652892561984 38.84297520661157 38.84297520661157 38.84297520661157 38.01652892561984 37.1900826446281 32.231404958677686 28.92561983471074 
32.231404958677686 37.1900826446281 38.01652892561984 38.84297520661157 38.84297520661157 38.84297520661157 38.01652892561984 37.1900826446281 34.710743801652896 31.40495867768595 27.27272727272727 
34.710743801652896 38.01652892561984 38.84297520661157 38.84297520661157 39.66942148760331 38.84297520661157 38.84297520661157 37.1900826446281 34.710743801652896 31.40495867768595 26.446280991735538 
37.1900826446281 38.84297520661157 39.66942148760331 40.49586776859504 40.49586776859504 39.66942148760331 38.84297520661157 38.01652892561984 34.710743801652896 31.40495867768595 26.446280991735538 
38.84297520661157 39.66942148760331 42.97520661157025 42.97520661157025 42.97520661157025 41.32231404958678 39.66942148760331 38.01652892561984 35.53719008264463 31.40495867768595 26.446280991735538 
