-2.09714713874 8.54952010092 -2.09714713874 -8.54952010092 -0.0525113387853 0.0 -1.01999999871 0.0 
-2.09724092842 8.54967341908 -2.09724092842 -8.54967341908 -0.0524985639541 0.0 -1.02018245448 0.0 
-2.09725926847 8.54955093382 -2.09725926847 -8.54955093382 -0.0525038519819 0.0 -1.02043363792 0.0 
-2.09747389626 8.55033907467 -2.09747389626 -8.55033907467 -0.0524696977857 0.0 -1.02090886717 0.0 
-2.09758351695 8.55016172557 -2.09758351695 -8.55016172557 -0.0524548546186 0.0 -1.02080473905 0.0 
-2.09739680842 8.55055748001 -2.09739680842 -8.55055748001 -0.0523673618831 0.0 -1.02146768324 0.0 
-2.09690028864 8.55178829893 -2.09690028864 -8.55178829893 -0.0528443577571 0.0 -1.01918489746 0.0 
0.423116499953 55.3690487923 0.423116499953 -55.3690487923 -0.0828628231273 0.0 -1.48086306204 0.0 
-320.148895006 0.0 -2.87083042683 0.832330551855 -2.87083042683 -0.832330551855 0.238492603004 0.0 
-246.391720382 0.0 -1.92492578178 3.65597277835 -1.92492578178 -3.65597277835 2.91269473868 0.0 
