0.0
2.1649348980190553e-15
0.0
-6.661338147750939e-16
-1.3322676295501878e-15
1.0408340855860843e-17
0.0
-2.220446049250313e-16
0.0
-3.2003994817841885e-05
-4.348375132678939e-05
-2.044334851802887e-05
-7.957225543364643e-06
-5.47243932658148e-06
-1.8096671245970695e-06
-1.2546961604797955e-05
-7.0819100983499075e-06
-9.633434302713795e-06
-4.440892098500626e-16
-3.1086244689504383e-15
0.0
-5.551115123125783e-16
4.440892098500626e-16
0.0
-2.220446049250313e-16
-2.220446049250313e-16
6.106226635438361e-16
-3.755816486616937e-05
-3.031734684100229e-05
-2.9096072967860213e-05
9.160583047673754e-08
6.534836849425574e-08
2.2799511167903574e-08
-2.9188236316812773e-05
-1.621553297059819e-05
-8.371572768339774e-06
2.220446049250313e-16
2.525757381022231e-15
-2.7755575615628914e-17
1.3877787807814457e-15
-2.7755575615628914e-17
0.0
1.1102230246251565e-16
-2.220446049250313e-16
-8.881784197001252e-16
-4.474652058661377e-06
-1.179314241994689e-05
-2.820104691547698e-06
-3.057264663652859e-09
-4.939071374110426e-10
2.1069037625665032e-09
-2.8167606878071183e-06
-1.5021880770405005e-06
-1.9376999347286983e-06
0.0
2.3592239273284576e-16
0.0
-1.0408340855860843e-15
-8.881784197001252e-16
0.0
-2.498001805406602e-16
4.440892098500626e-16
8.881784197001252e-16
8.46926932496217e-06
-9.777074296835053e-06
8.063165187310872e-06
-3.1163395419753215e-08
-1.7250666672907755e-08
-3.3789062658939883e-09
8.092203172438417e-06
4.73595426431217e-06
2.4429151324056875e-07
2.220446049250313e-16
-1.6202317265623378e-15
-1.3877787807814457e-17
3.469446951953614e-16
4.440892098500626e-16
0.0
2.220446049250313e-16
-1.7763568394002505e-15
-4.440892098500626e-16
6.9816042724824e-06
-9.251429389678378e-06
6.958294727965608e-06
-5.262228164326643e-08
-2.5721625718233554e-08
-5.873875941198037e-09
7.00618426741073e-06
4.296180518004178e-06
2.9412663948846784e-07
-8.881784197001252e-16
1.4710455076283324e-15
4.163336342344337e-17
8.326672684688674e-16
6.661338147750939e-16
1.1102230246251565e-16
0.0
1.7763568394002505e-15
0.0
3.0944258355702914e-07
-9.209595646098023e-06
1.6951367562967334e-06
-8.440634680084713e-08
-3.8599744289768985e-08
-1.0316409504440571e-08
1.781331103956063e-06
1.6190661082937652e-06
-5.134660021610671e-07
4.440892098500626e-16
9.159339953157541e-16
0.0
-1.7763568394002505e-15
-9.992007221626409e-16
-2.220446049250313e-16
0.0
-8.881784197001252e-16
8.881784197001252e-16
-1.3554525182257748e-06
-6.040462409373503e-06
3.1331077954277475e-07
2.3737315331118225e-06
1.0433769455087116e-06
-1.3413118793437206e-07
-2.0383705043869327e-06
-2.7186988604821494e-07
-1.0311404476937014e-06
-2.220446049250313e-16
-1.2073675392798577e-15
9.020562075079397e-17
4.440892098500626e-16
-1.4432899320127035e-15
0.0
-4.440892098500626e-16
-3.552713678800501e-15
0.0
-7.633781194726907e-06
-2.323471676390909e-06
-6.452967145520461e-06
-6.500113926222184e-06
-3.5356680019305027e-06
-5.912201288538199e-07
2.3276853999831815e-08
-1.3166499002181808e-09
1.288809836630378e-09
0.0
-2.220446049250313e-15
1.0408340855860843e-17
2.220446049250313e-16
2.220446049250313e-16
4.440892098500626e-16
0.0
0.0
0.0
-1.5342561141551414e-06
-7.06000378158933e-08
-1.3309938786676412e-06
-1.2708774761449604e-06
-7.026765196371798e-07
-1.3876801574497222e-07
-2.7608559716174597e-08
-3.5852947277703606e-09
-2.5110389462179583e-10
-8.881784197001252e-16
3.497202527569243e-15
-9.71445146547012e-17
2.220446049250313e-16
-1.1102230246251565e-16
0.0
0.0
-8.881784197001252e-16
1.7763568394002505e-15
1.2253477166268567e-07
2.427792367143411e-07
5.9423143738968065e-08
1.2231300416942759e-07
5.726492280366813e-08
-1.808017202620249e-08
-3.45363479481442e-08
-1.236197322285193e-08
-9.905298803403184e-10
1.3322676295501878e-15
-2.0261570199409107e-15
0.0
2.220446049250313e-16
9.992007221626409e-16
0.0
4.440892098500626e-16
-4.440892098500626e-16
0.0
6.043401867827924e-08
1.7313565603416237e-07
1.7886151226775837e-08
3.886399468910895e-08
3.707031126509719e-09
-2.2827734369457175e-08
-1.2376876190600683e-08
-3.9388989847566336e-09
-3.460932651577764e-10
8.881784197001252e-16
2.192690473634684e-15
0.0
-6.661338147750939e-16
-9.43689570931383e-16
-2.220446049250313e-16
-8.881784197001252e-16
2.220446049250313e-15
4.440892098500626e-16
1.1909988018032892e-07
-5.0424908693003096e-08
8.813777974125969e-08
9.209166584867033e-08
5.2393001048756105e-08
-8.15987277746899e-11
-1.483466238738629e-09
-2.1033637054301835e-09
-1.9912027582336123e-10
2.220446049250313e-16
-2.9004576518332215e-15
5.551115123125783e-17
4.440892098500626e-16
6.938893903907228e-18
5.551115123125783e-16
1.3322676295501878e-15
2.6645352591003757e-15
0.0
1.626789156716768e-07
-1.6594640328548849e-07
1.339435506952924e-07
1.4306609319447716e-07
8.025818676316021e-08
-6.433921839743562e-09
-8.347512014950098e-09
-4.9024952986087555e-09
-3.587716790320883e-10
-2.220446049250313e-15
-1.1102230246251565e-15
-5.551115123125783e-17
-6.661338147750939e-16
-1.1102230246251565e-16
-3.3306690738754696e-16
8.881784197001252e-16
-1.3877787807814457e-16
-1.3322676295501878e-15
6.687020004392252e-08
-3.2277810646519356e-07
3.89498566732982e-08
4.403664988217315e-08
2.1493339552591806e-08
-3.585611096923458e-08
-5.579307682523904e-09
1.2825918105363598e-09
1.5162004984858868e-10
-1.1102230246251565e-16
3.920475055707584e-15
5.551115123125783e-17
4.440892098500626e-16
2.3314683517128287e-15
2.220446049250313e-16
-8.881784197001252e-16
-4.218847493575595e-15
4.440892098500626e-16
-4.554262744704829e-08
-3.617069239680859e-07
-6.473901636994128e-08
-6.908059102528341e-08
-4.5280876825870564e-08
-5.6365472289598983e-08
3.3961367051915654e-09
4.31837854364403e-09
3.065785403322252e-10
3.3306690738754696e-16
-4.0696612746415894e-15
5.551115123125783e-17
-2.220446049250313e-16
-1.2212453270876722e-15
2.220446049250313e-16
6.661338147750939e-16
3.9968028886505635e-15
4.440892098500626e-16
-1.2281924810508826e-07
-3.050787142910849e-07
-1.224887182793566e-07
-1.2710622598888222e-07
-7.756134046132956e-08
-5.960742299748745e-08
4.280893861619006e-09
-1.6108110401091835e-09
-4.746603110561409e-10
-3.3306690738754696e-16
4.038436252074007e-15
0.0
0.0
-7.771561172376096e-16
-5.551115123125783e-16
-1.5543122344752192e-15
3.1086244689504383e-15
-2.220446049250313e-15
-1.1820583978305878e-07
-1.6674222536039451e-07
-1.023423044088645e-07
-8.591511235778171e-08
-5.226366717181463e-08
-3.8645865174657956e-08
-1.6317658335651686e-08
-1.7581688993573152e-08
-3.6920224655290212e-09
2.1094237467877974e-15
2.636779683484747e-16
5.551115123125783e-17
0.0
2.220446049250313e-16
7.771561172376096e-16
-1.1102230246251565e-15
-5.773159728050814e-15
1.3322676295501878e-15
-1.031241314564113e-07
2.4299140477523906e-08
-7.328521745009198e-08
1.631566526327788e-08
7.786987055169448e-09
-6.880270575493341e-09
-8.937063000757917e-08
-6.949650299681309e-08
-1.3312525748432336e-08
-1.6653345369377348e-15
-4.773959005888173e-15
0.0
0.0
1.3322676295501878e-15
-9.43689570931383e-16
4.107825191113079e-15
4.440892098500626e-15
8.881784197001252e-16
-1.4092865896486728e-07
1.34502775139822e-07
-8.981269772334598e-08
4.65549421235778e-08
2.6392267926667046e-08
5.352347898224252e-09
-1.3593678360734884e-07
-1.0152810185626304e-07
-1.3632661777229771e-08
7.771561172376096e-16
3.4416913763379853e-15
-1.1102230246251565e-16
0.0
-7.771561172376096e-16
4.996003610813204e-16
-5.551115123125783e-16
-1.7763568394002505e-15
-4.440892098500626e-16
8.321575606373699e-08
-9.4974659248237e-08
5.661862001460349e-08
1.0075301482004306e-08
4.9545434421816026e-09
-1.9175558918504976e-09
4.685284427097258e-08
3.580902108168971e-08
1.7585465861280625e-09
-1.2212453270876722e-15
-1.3183898417423734e-15
1.6653345369377348e-16
0.0
8.881784197001252e-16
-1.1470858984896637e-16
-1.1032841307212493e-15
-8.881784197001252e-16
0.0
-6.322562740024296e-08
-7.048172889767557e-08
-6.121548956627976e-08
-6.194981683194101e-08
-3.780816371090623e-08
-1.9817150587186916e-08
7.947882352254966e-10
1.8680523794500914e-10
1.0477183010060287e-09
2.886579864025407e-15
7.147060721024445e-16
-1.1102230246251565e-16
0.0
-9.43689570931383e-16
-1.6653345369377348e-16
-5.551115123125783e-16
8.881784197001252e-16
0.0
-1.9055681121926682e-07
-1.6674965763741056e-07
-1.5994573399069623e-07
-1.4067331477463085e-07
-8.487818092817179e-08
-4.1662403305053886e-08
-1.9265376079158347e-08
-8.403735485273955e-09
6.982558420354223e-10
-2.220446049250313e-15
-7.355227538141662e-16
-8.326672684688674e-17
0.0
7.441963711940502e-16
-2.7755575615628914e-16
2.220446049250313e-16
1.7763568394002505e-15
-2.220446049250313e-16
-2.55837825591243e-07
-2.7844183847491877e-07
-2.050990248747553e-07
-1.9544601048693266e-07
-1.1820641887538841e-07
-6.144061615032115e-08
-9.596537564604546e-09
-7.337748186841964e-10
1.0015815503361392e-09
2.220446049250313e-15
1.2628786905111156e-15
-9.71445146547012e-17
-3.3306690738754696e-16
-7.216449660063518e-16
9.992007221626409e-16
0.0
-8.881784197001252e-16
3.3306690738754696e-16
-3.2096383506541315e-07
-3.983804575113936e-07
-2.4214713878478733e-07
-2.479810352618017e-07
-1.499249080438858e-07
-8.425359965258394e-08
5.9551863440532316e-09
8.420726338442819e-09
3.2403280059156714e-09
-3.9968028886505635e-15
-1.0755285551056204e-15
5.585809592645319e-16
3.3306690738754696e-16
-1.1102230246251565e-15
0.0
6.661338147750939e-16
-1.3322676295501878e-15
0.0
-3.8760595089115663e-07
-5.184681413084036e-07
-2.63503702413459e-07
-2.7330253693502726e-07
-1.6605261166091623e-07
-1.0765964475467626e-07
1.0057351840231377e-08
1.0693238294834373e-08
8.203332013678732e-09
8.881784197001252e-16
-2.4771851236948805e-15
-5.377642775528102e-16
3.3306690738754696e-16
6.661338147750939e-16
-6.661338147750939e-16
-1.27675647831893e-15
1.1102230246251565e-15
0.0
-2.5443925721901905e-07
-4.758053862019551e-07
-9.651028420876173e-08
-6.979608269119808e-08
-4.955303367637498e-08
-8.640557780381641e-08
-2.6322650503729506e-08
-1.4491776667568956e-08
9.187036242863655e-09
8.881784197001252e-16
3.344546861683284e-15
5.273559366969494e-16
-6.661338147750939e-16
1.5543122344752192e-15
0.0
8.604228440844963e-16
-2.1649348980190553e-15
2.220446049250313e-16
-1.1005113265127875e-06
-7.718441281667765e-07
-6.543254773561102e-07
-5.602279573579949e-07
-3.2457394194551625e-07
-2.2384537601283228e-07
-9.390082444937775e-08
-5.7805602082794394e-08
8.912342530642547e-09
1.7763568394002505e-15
-1.8735013540549517e-16
-6.661338147750939e-16
-4.163336342344337e-17
4.440892098500626e-16
0.0
-2.220446049250313e-16
8.881784197001252e-16
1.1102230246251565e-16
-4.869880967817153e-06
-2.383677927042527e-06
-3.3027295023302368e-06
-3.116358909593942e-06
-1.7386040132016944e-06
-8.986071833305687e-07
-1.8678770485891502e-07
-1.2188348641473112e-07
1.6541119807200744e-08
-1.9984014443252818e-15
-1.5126788710517758e-15
5.134781488891349e-16
-4.440892098500626e-16
-2.6645352591003757e-15
0.0
-7.771561172376096e-16
4.440892098500626e-16
-2.220446049250313e-16
-4.8339974227928906e-06
-4.0943231738310715e-06
-2.809849613427673e-06
-2.622076145541996e-06
-1.2723881455123376e-06
-9.91358490409766e-07
-1.8975384641350956e-07
-1.3361902695407935e-07
2.055908688430863e-08
-2.220446049250313e-16
-3.0531133177191805e-16
-1.942890293094024e-16
8.881784197001252e-16
8.881784197001252e-16
0.0
4.440892098500626e-16
-1.609823385706477e-15
-2.220446049250313e-16
-2.1613616496551913e-06
-1.6905582924664486e-06
-8.116917573630644e-07
-3.3304448976423373e-07
7.388861877899444e-08
-2.9913919874502426e-07
-4.788407430567077e-07
-3.033098430194059e-07
5.4623906176054504e-08
-8.881784197001252e-16
3.608224830031759e-15
-5.551115123125783e-17
-4.440892098500626e-16
2.6645352591003757e-15
-4.440892098500626e-16
-8.881784197001252e-16
1.4432899320127035e-15
0.0
-1.9450437775958562e-06
-6.988538700625213e-06
-3.3020597989263938e-06
-7.630873710695596e-11
-5.46080947128047e-09
3.1687039658834237e-09
-3.300969773079032e-06
-1.7100725315799536e-06
-1.0262539511529667e-06
1.7763568394002505e-15
-2.725250580759564e-15
1.1102230246251565e-16
4.440892098500626e-16
-8.881784197001252e-16
1.3322676295501878e-15
0.0
-3.885780586188048e-16
-4.440892098500626e-16
-1.1705466249622987e-06
-1.2719980304609635e-06
-1.0642479395528426e-06
-2.6971065381076187e-09
7.690387276645949e-09
4.3410506300745055e-09
-1.0646117161172697e-06
-5.195985721684337e-07
-1.6149076387250716e-07
-6.661338147750939e-16
-7.494005416219807e-16
5.551115123125783e-17
0.0
2.6645352591003757e-15
4.440892098500626e-16
-1.3322676295501878e-15
-1.1102230246251565e-15
1.1102230246251565e-16
1.4319206655954988e-06
-1.2640696240850957e-06
1.0521400781726697e-06
4.114609097882749e-09
3.5794807118350036e-09
3.944252036092166e-09
1.0478775394062723e-06
6.642307255333435e-07
7.118172362652331e-08
3.3306690738754696e-15
2.7755575615628914e-16
-2.7755575615628914e-16
-4.440892098500626e-16
8.881784197001252e-16
4.440892098500626e-16
0.0
4.440892098500626e-16
4.163336342344337e-16
1.955697854327809e-06
-1.417456360286451e-06
1.4830473560323298e-06
1.1764313967432827e-09
-4.681404264239575e-09
3.1923459431482115e-09
1.4818550155837329e-06
9.010032786527233e-07
1.0169561193151821e-07
-4.6629367034256575e-15
9.992007221626409e-16
5.551115123125783e-17
4.440892098500626e-16
-9.325873406851315e-15
-2.220446049250313e-16
1.3322676295501878e-15
2.220446049250313e-16
-1.1102230246251565e-16
-1.8448051264385867e-07
-6.302078361386521e-07
-2.638131846310898e-07
-8.435216969360226e-09
-7.540513102810564e-09
3.1757720897473973e-09
-2.553218063638951e-07
-1.4926558833394665e-07
-1.2410588112743426e-07
3.552713678800501e-15
-2.3869795029440866e-15
1.3877787807814457e-17
-1.3322676295501878e-15
9.547918011776346e-15
-1.1102230246251565e-15
2.7755575615628914e-17
2.220446049250313e-16
-4.440892098500626e-16
2.055459361827161e-06
-1.5035937366292274e-06
1.5331277296581902e-06
-5.512379885885821e-09
-2.894497086458614e-09
3.55024343257071e-09
1.5385503084885954e-06
8.943887053192157e-07
2.1742877720498655e-08
8.881784197001252e-16
4.052314039881821e-15
1.1102230246251565e-16
1.7763568394002505e-15
-5.828670879282072e-15
9.43689570931383e-16
1.1102230246251565e-16
-1.3322676295501878e-15
0.0
6.616843695184116e-06
-3.355335167043449e-06
5.187784683613472e-06
-1.766373713962821e-09
9.885390284125606e-10
3.7682827969121035e-09
5.1894875419122855e-06
3.054699833526797e-06
3.2084243883900854e-07
-3.774758283725532e-15
-2.67841304690819e-15
-1.942890293094024e-16
-2.6645352591003757e-15
2.4424906541753444e-15
-1.6653345369377348e-15
2.7755575615628914e-16
2.7755575615628914e-17
0.0
-2.3063543608259354e-07
9.818666057981318e-08
-1.6854020934431446e-07
2.129194598410322e-10
1.965862139741148e-09
3.608140897171097e-09
-1.6867587238067472e-07
-9.24314189632014e-08
7.372813914940934e-09
6.661338147750939e-16
2.456368441983159e-15
3.0531133177191805e-16
8.881784197001252e-16
3.9968028886505635e-15
6.661338147750939e-16
-2.220446049250313e-16
8.881784197001252e-16
6.661338147750939e-16
-7.719268868555673e-08
2.993106136273127e-07
-4.782318185903023e-08
1.166140961572637e-09
1.812332506290204e-09
3.1432914049389638e-09
-4.8984115430528163e-08
-5.348647391656414e-08
-3.4223823774937046e-10
1.5543122344752192e-15
-3.941291737419306e-15
-1.6653345369377348e-16
-4.440892098500626e-16
4.440892098500626e-16
-4.440892098500626e-16
0.0
-8.881784197001252e-16
-7.216449660063518e-16
-2.8747225826464273e-06
2.6286417664778128e-06
-2.5087549389013475e-06
-3.91752408290813e-09
6.711675659687444e-10
2.6756010740314196e-09
-2.504236839173668e-06
-1.531550765321299e-06
-3.0840311149304966e-07
-3.1086244689504383e-15
4.052314039881821e-15
-5.551115123125783e-17
8.881784197001252e-16
-2.6645352591003757e-15
4.440892098500626e-16
-6.661338147750939e-16
2.220446049250313e-16
6.661338147750939e-16
-4.323574245290729e-07
-2.2633439868968708e-06
-5.439695627273977e-07
1.00678576586688e-09
7.302175863976856e-09
3.895859079783293e-09
-5.3541480582453e-07
-2.6192628155286e-07
-1.5623167914924352e-07
-1.9984014443252818e-15
-3.0531133177191805e-15
0.0
4.440892098500626e-16
-8.881784197001252e-16
2.220446049250313e-16
6.661338147750939e-16
1.5265566588595902e-16
-6.661338147750939e-16
-6.960067082673049e-07
-8.320419624396892e-07
-5.582956426053443e-07
5.799812985429753e-08
4.5118326408299936e-08
7.648117028580259e-09
-6.191917378828293e-07
-3.348586954388111e-07
-1.1430946855739421e-07
7.105427357601002e-15
1.0894063429134349e-15
1.734723475976807e-17
-4.440892098500626e-16
-8.881784197001252e-16
-6.661338147750939e-16
0.0
-1.3877787807814457e-16
-2.220446049250313e-16
1.827234328288796e-07
-6.281889568526822e-07
1.7044455979942086e-07
7.76708756200506e-08
6.055487045131258e-08
6.7615909538076835e-09
8.586871835802867e-08
5.814611547805271e-08
-2.564214440781143e-08
2.4424906541753444e-15
5.342948306008566e-16
-8.326672684688674e-17
2.4424906541753444e-15
-2.6645352591003757e-15
4.440892098500626e-16
-2.220446049250313e-16
4.440892098500626e-16
5.551115123125783e-16
2.1741639244510225e-07
-3.7552721821043633e-07
2.0772015529857413e-07
-1.5357484173250666e-09
-2.048503588980566e-09
1.8201956608621115e-09
2.0517507692829895e-07
1.2118985326381448e-07
3.5866953851382277e-09
-1.7763568394002505e-15
-1.9984014443252818e-15
2.7755575615628914e-16
-3.1086244689504383e-15
8.881784197001252e-16
0.0
-2.220446049250313e-16
-1.6653345369377348e-16
1.1102230246251565e-16
1.201587345178723e-07
-2.2225569296097092e-07
1.0624000990056004e-07
-2.736326720764737e-10
-2.719575675769192e-10
1.7362370985374298e-09
1.0700747044012358e-07
6.12993176218879e-08
-1.4623324773310742e-09
-6.217248937900877e-15
3.0531133177191805e-16
-5.551115123125783e-17
2.220446049250313e-16
8.881784197001252e-16
2.220446049250313e-16
0.0
4.440892098500626e-16
-6.661338147750939e-16
7.073567426241212e-08
-9.856277927156043e-08
5.433792926723413e-08
-8.343796764620492e-10
-3.9977265942070517e-10
1.5775503126036483e-09
5.679678224956852e-08
2.9542292168116546e-08
-5.966022342818178e-09
1.9984014443252818e-15
2.914335439641036e-15
-2.220446049250313e-16
1.1102230246251565e-15
-1.7763568394002505e-15
-1.1102230246251565e-16
2.220446049250313e-16
-4.440892098500626e-16
-4.440892098500626e-16
3.1483823770273034e-08
-4.764138683555075e-08
2.4400559794912624e-08
-4.48960335575066e-09
-2.8999487255987333e-09
7.829489279131963e-10
2.8893794912221438e-08
1.4866254005596602e-08
-3.2170532904274296e-09
4.218847493575595e-15
-9.575673587391975e-16
1.1102230246251565e-16
-1.9984014443252818e-15
8.881784197001252e-16
0.0
-2.220446049250313e-16
-4.440892098500626e-16
7.771561172376096e-16
-6.126517226867634e-08
-2.2132951471576234e-08
-4.387005247963316e-08
-1.429012819187392e-08
-1.0021841134744136e-08
-1.3840768531281353e-09
-2.923206032789949e-08
-1.6826239956913014e-08
-7.940357704683265e-09
-6.217248937900877e-15
6.245004513516506e-16
-1.1102230246251565e-16
4.440892098500626e-16
-4.440892098500626e-16
1.1102230246251565e-16
1.1102230246251565e-16
-4.440892098500626e-16
-7.355227538141662e-16
6.023039311742195e-08
-1.540920209208707e-07
2.1739118949426484e-08
1.9322285993439436e-09
3.827606676054529e-09
1.6361525467800675e-09
2.1126231430912412e-08
1.138575500547745e-08
-7.979963356774533e-10
3.774758283725532e-15
3.8163916471489756e-16
1.1102230246251565e-16
-4.440892098500626e-16
3.885780586188048e-16
-1.1102230246251565e-16
1.1102230246251565e-16
8.881784197001252e-16
6.661338147750939e-16
2.8725491318937202e-08
-1.9825824892905075e-07
-9.61347979000493e-09
1.0665231364725969e-08
1.217120271235217e-08
3.4926699310489084e-09
-1.9524797778558423e-08
-1.110754954680715e-08
-9.571607506586588e-09
-3.774758283725532e-15
-4.274358644806853e-15
0.0
1.3322676295501878e-15
5.551115123125783e-17
1.1102230246251565e-16
-2.220446049250313e-16
4.440892098500626e-16
4.440892098500626e-16
9.172024562076331e-08
5.2706951692016446e-08
1.1115771059166946e-07
-3.757634381429398e-08
-2.5233664935342404e-08
-6.248164430289194e-09
1.4919011448455421e-07
8.243580218447732e-08
1.0709783282436547e-08
6.661338147750939e-15
2.1649348980190553e-15
-5.551115123125783e-17
-1.1102230246251565e-16
2.220446049250313e-16
0.0
0.0
6.661338147750939e-16
-8.881784197001252e-16
2.4635880890855333e-08
-8.747079505155853e-08
7.793198619765462e-08
-1.6669138958036456e-08
-1.4717416618736935e-08
-1.9084838154270756e-09
9.452847749003013e-08
5.397087754488439e-08
-1.3980823609927029e-08
-6.661338147750939e-16
2.8033131371785203e-15
-2.7755575615628914e-17
1.1102230246251565e-15
-4.440892098500626e-16
0.0
0.0
-8.881784197001252e-16
4.440892098500626e-16
5.067261099611642e-08
-5.703066108253552e-07
1.3597441927970522e-07
-4.3507450975255324e-07
-2.5183212670754074e-07
-4.707387568636534e-08
5.709850086077495e-07
3.315074845744448e-07
2.557733580488275e-08
1.7763568394002505e-15
-9.853229343548264e-16
0.0
2.220446049250313e-16
-4.440892098500626e-16
2.220446049250313e-16
0.0
-1.7763568394002505e-15
-4.440892098500626e-16
1.1245313942254143e-06
-1.0144528630462446e-06
1.1186283828124033e-06
1.0853266729782263e-08
3.1416309553833344e-09
3.774587087335135e-09
1.1075179564556947e-06
6.662150298097913e-07
8.611466029151416e-08
-7.771561172376096e-15
7.216449660063518e-16
0.0
-1.5543122344752192e-15
1.1102230246251565e-15
2.7755575615628914e-17
4.440892098500626e-16
2.6645352591003757e-15
-1.1102230246251565e-16
-1.4019196044046112e-06
2.9000659651501337e-07
-1.1846636169821068e-06
-9.210684481786302e-07
-5.160508216306425e-07
-9.277926693584959e-08
-2.6852744028360576e-07
-1.66534487533454e-07
-3.1788908838592533e-08
2.886579864025407e-15
-4.350686477749832e-15
0.0
6.661338147750939e-16
-7.771561172376096e-16
-4.440892098500626e-16
-2.220446049250313e-16
-8.881784197001252e-16
0.0
-1.7736007862367845e-07
-4.804424307280897e-07
-1.94420668009343e-07
-3.6444855311401625e-07
-2.11466652189074e-07
-7.207707852785461e-08
1.723798952468769e-07
1.1550340062171925e-07
2.3607371169021008e-08
1.3322676295501878e-15
2.4841240175987878e-15
0.0
-2.220446049250313e-16
-4.440892098500626e-16
4.440892098500626e-16
8.881784197001252e-16
2.220446049250313e-15
-8.881784197001252e-16
9.7135867349607e-08
6.938418692925552e-07
-3.406113791015741e-08
4.787508416370656e-07
2.491453763298068e-07
3.482195154447254e-08
-5.09272776838543e-07
-3.485630073463142e-07
-7.233142085283362e-08
2.6645352591003757e-15
6.002143226879753e-16
5.551115123125783e-17
-2.220446049250313e-16
3.3306690738754696e-16
-4.440892098500626e-16
0.0
0.0
-8.881784197001252e-16
7.716587617778714e-07
2.8225833261785738e-06
5.581030251278207e-07
5.666998319497907e-07
6.665292318075444e-08
-1.1783487252614577e-07
-4.6699000222361065e-09
-1.0085515533830858e-08
-2.514504715556143e-09
6.661338147750939e-16
-2.9247437804968968e-15
-2.7755575615628914e-17
6.661338147750939e-16
4.163336342344337e-16
2.220446049250313e-16
0.0
-1.7763568394002505e-15
1.7763568394002505e-15
-9.430637959439991e-07
2.782371296916608e-06
-9.33376465894753e-07
-9.284554991495498e-07
-7.786287739008912e-07
-2.747804614955385e-07
1.2075958011337207e-09
-1.2142420402483367e-10
-2.0928969668432273e-10
-4.440892098500626e-15
-4.579669976578771e-16
-2.42861286636753e-17
4.440892098500626e-16
2.220446049250313e-16
-6.661338147750939e-16
-4.440892098500626e-16
4.440892098500626e-16
-6.661338147750939e-16
-3.9203401769327684e-07
-2.943186814263754e-07
-3.282032849938332e-07
-3.177811755961102e-07
-1.7170753796591498e-07
-4.736081393730274e-08
-1.00955261927993e-08
-2.4436452861209546e-10
-1.655382497744995e-10
-1.3322676295501878e-15
1.762479051592436e-15
-1.1102230246251565e-16
-2.220446049250313e-16
8.881784197001252e-16
8.881784197001252e-16
4.440892098500626e-16
-3.011479954295737e-15
0.0
-5.923104140492797e-08
-9.107435161581634e-08
-9.683759216727596e-08
-8.985014332552055e-08
-5.910348299664747e-08
-4.1118077831470146e-08
-8.859718292342222e-09
1.2946301808369753e-09
4.755236204800894e-10
-1.5543122344752192e-15
5.828670879282072e-16
8.326672684688674e-17
-2.220446049250313e-16
-1.0547118733938987e-15
-6.661338147750939e-16
-2.7755575615628914e-17
0.0
0.0
2.0438690171431517e-06
-2.6365682828100034e-06
1.6376613558577446e-06
-1.6776200517654163e-07
-1.0222703927809107e-07
-9.221444230433917e-08
1.8039136815417578e-06
1.3580351776454336e-06
2.2340670291498554e-07
1.7763568394002505e-15
-1.6653345369377348e-16
-1.1102230246251565e-16
1.1102230246251565e-16
-4.440892098500626e-16
-3.0531133177191805e-16
4.996003610813204e-16
1.1102230246251565e-15
0.0
5.496914923242002e-06
-7.277275074102363e-06
4.5508809307648335e-06
2.449973734997002e-08
1.1708254032960497e-08
-1.9211893231840804e-07
4.526740211119318e-06
3.500219619922973e-06
6.486650701020835e-07
-8.881784197001252e-16
-1.3877787807814457e-15
1.3877787807814457e-16
4.440892098500626e-16
8.881784197001252e-16
0.0
-2.220446049250313e-16
1.1102230246251565e-15
-8.881784197001252e-16
3.3377563326553172e-06
-5.425193997155021e-06
2.956343479354473e-06
-1.5891975024828753e-07
-1.0374933623324978e-07
-9.1879579500187e-09
3.116943790182347e-06
2.660203811899464e-06
4.214544766512063e-07
-3.774758283725532e-15
2.0469737016526324e-15
-1.1102230246251565e-16
-4.440892098500626e-16
0.0
6.661338147750939e-16
2.220446049250313e-16
-6.661338147750939e-16
8.881784197001252e-16
-2.1381695916034005e-05
1.4372869202361471e-05
-1.637387720521133e-05
-1.61796906823497e-05
-8.068839071673217e-06
1.0058189503503456e-06
-1.9279071317157562e-07
7.431939650359709e-07
-1.566652372275712e-07
1.7763568394002505e-15
-2.4702462297909733e-15
-1.1102230246251565e-16
0.0
4.440892098500626e-16
-1.1622647289044608e-16
8.881784197001252e-16
4.440892098500626e-16
0.0
-1.5944768385622865e-06
-1.6791761936474359e-06
-1.541136366078888e-06
-1.5248200839756976e-06
-9.682316033376992e-07
-4.318198350006242e-07
-1.2714316710571438e-08
-6.257055318314997e-09
-5.77062397866257e-10
6.661338147750939e-16
1.654926196081874e-15
-1.1102230246251565e-16
2.220446049250313e-16
-4.440892098500626e-16
-2.220446049250313e-16
-1.3322676295501878e-15
1.9984014443252818e-15
-8.881784197001252e-16
-3.948895672678532e-07
-6.654437907371857e-07
-3.4829446704520706e-07
-3.514062072440538e-07
-2.1987266052292398e-07
-1.3305329105151031e-07
7.306937277462566e-10
-7.709228810881541e-10
-4.924507468473394e-10
6.439293542825908e-15
-3.157196726277789e-16
1.1102230246251565e-16
0.0
-6.661338147750939e-16
2.7755575615628914e-16
-8.881784197001252e-16
-3.3306690738754696e-15
-4.440892098500626e-16
2.188337244746208e-08
-5.530381450569166e-07
6.515623240943569e-08
4.491986516086399e-08
1.1732424809451913e-08
-5.5900969186950527e-08
1.6877216069133283e-08
2.202222404434906e-08
3.419442506924497e-11
-6.994405055138486e-15
2.1961599205866378e-15
-2.220446049250313e-16
1.3877787807814457e-17
7.771561172376096e-16
-6.245004513516506e-16
2.4424906541753444e-15
8.881784197001252e-16
0.0
1.5783649587319815e-07
-3.055687454178724e-07
1.2969150020580855e-07
1.1269005995018233e-07
5.514198164746631e-08
-2.738393334311695e-08
1.2533842408402052e-08
4.857760416143719e-09
7.007017188698228e-11
-1.2212453270876722e-15
-3.4416913763379853e-15
2.220446049250313e-16
1.1102230246251565e-16
-6.938893903907228e-17
-1.6653345369377348e-16
-2.3314683517128287e-15
8.881784197001252e-16
4.440892098500626e-16
4.558160782153209e-08
-1.266428562018973e-07
6.271438834914989e-08
9.556672608823646e-08
4.8612108116685704e-08
-1.5549716181340045e-08
-3.3927346265727465e-08
-3.2983563436062013e-08
-4.322051383454095e-09
8.43769498715119e-15
1.887379141862766e-15
1.6653345369377348e-16
0.0
5.551115123125783e-17
5.551115123125783e-16
-3.3306690738754696e-16
-8.881784197001252e-16
2.220446049250313e-16
-9.265058764640344e-08
-5.4019224204893135e-08
-4.061621083906175e-08
-3.499152967378905e-09
-6.301156929566787e-09
-2.082197170238942e-08
-3.612676380271296e-08
-3.377319712782878e-08
-2.964199219412933e-09
-4.218847493575595e-15
6.366435156834882e-16
-6.106226635438361e-16
-2.220446049250313e-16
-2.220446049250313e-16
5.551115123125783e-17
1.1102230246251565e-16
8.881784197001252e-16
-2.220446049250313e-16
-1.547450523275984e-07
-1.0984273934866451e-07
-1.0732864197393609e-07
-8.33269808708792e-08
-5.2612683987263154e-08
-3.272673154697259e-08
-2.2008395106354328e-08
-1.889491318962655e-08
-2.63210137019243e-09
1.5543122344752192e-15
-1.4684434224143672e-15
6.938893903907228e-18
0.0
1.8041124150158794e-16
-4.440892098500626e-16
3.3306690738754696e-16
1.7763568394002505e-15
0.0
-3.1695053337443824e-07
-1.7923856177048947e-07
-2.3609793586842898e-07
-2.0539519951512375e-07
-1.2556954942510856e-07
-6.094498417041905e-08
-2.7224816179227673e-08
-2.2031663604593632e-08
-5.092468211009837e-09
-2.886579864025407e-15
2.6732088764802597e-15
5.273559366969494e-16
2.220446049250313e-16
-8.881784197001252e-16
0.0
1.4432899320127035e-15
-2.220446049250313e-15
3.885780586188048e-16
-3.893207605187854e-07
-3.0611203527541875e-07
-2.8192754619738025e-07
-2.3684693850611893e-07
-1.4857349839303424e-07
-8.480195390347944e-08
-4.013266474700572e-08
-2.92997333062317e-08
-7.444858285410305e-09
5.10702591327572e-15
-1.700029006457271e-16
-2.7755575615628914e-16
-5.551115123125783e-16
0.0
2.220446049250313e-16
-6.106226635438361e-16
0.0
-4.440892098500626e-16
-1.9233975478982757e-07
-4.645188198537653e-07
-1.0213540324599534e-07
-5.515669609934548e-08
-4.533020359076545e-08
-7.124664591628971e-08
-4.194729488760096e-08
-2.8177846722599043e-08
-7.129096313285288e-09
-2.886579864025407e-15
3.469446951953614e-17
2.220446049250313e-16
6.661338147750939e-16
-4.440892098500626e-16
-4.440892098500626e-16
-7.771561172376096e-16
1.1102230246251565e-15
0.0
-2.1074072265037103e-07
-7.302254942942454e-07
-9.403256395756898e-08
-5.988876550233613e-08
-4.237006301366364e-08
-9.04068002682834e-08
-3.209312082752547e-08
-1.9146865426478143e-08
-4.886271609549908e-09
1.3322676295501878e-15
-7.7021722333370235e-16
-2.220446049250313e-16
-3.3306690738754696e-16
4.440892098500626e-16
0.0
0.0
8.881784197001252e-16
2.220446049250313e-16
-2.3324166420479742e-07
-1.0469716462679912e-06
-5.797105551152982e-08
-3.84120433238877e-08
-1.9352619062829035e-08
-1.1147275102985077e-07
-1.905712099237178e-08
-8.713803012483368e-09
-3.2493484569684483e-09
-5.995204332975845e-15
1.99926880606327e-15
1.6653345369377348e-16
4.163336342344337e-16
1.7763568394002505e-15
0.0
7.771561172376096e-16
-8.881784197001252e-16
0.0
1.46260063615955e-07
-7.434133095785e-07
2.2112880770919216e-07
2.2481762584902756e-07
1.448871920217698e-07
-2.0932262145834102e-08
-5.759066556976222e-09
1.9137260665047506e-09
-1.6857335527475923e-09
4.218847493575595e-15
-3.816391647148976e-15
-5.551115123125783e-17
0.0
-4.440892098500626e-16
4.440892098500626e-16
0.0
0.0
-8.326672684688674e-17
-2.706580914946244e-07
-3.818367986241356e-07
-9.671240519537605e-08
-1.1284692291724241e-07
-4.428598110450821e-08
-6.244567174462645e-08
1.1465083993300595e-08
-2.1294805918614657e-09
2.69141237074777e-09
-8.881784197001252e-16
-1.4432899320127035e-15
-8.326672684688674e-17
-6.661338147750939e-16
1.7763568394002505e-15
-8.881784197001252e-16
6.661338147750939e-16
8.881784197001252e-16
0.0
-2.934224063722013e-07
-2.4477049009874463e-07
-1.0608147427149106e-07
-1.0859749011160602e-07
-3.7938090002853635e-08
-4.7034310668436774e-08
-2.6454642920725746e-09
-1.2802877868978157e-08
3.0783316451454823e-09
-4.440892098500626e-15
1.1102230246251565e-15
0.0
8.881784197001252e-16
0.0
0.0
-4.440892098500626e-16
-2.220446049250313e-15
0.0
-4.020676414029367e-08
1.88916828847141e-08
2.4763497918911526e-09
3.955616278972229e-09
2.419276556864247e-09
3.777876900201704e-09
-5.203673936193809e-09
-5.254614521277289e-09
2.3970465612421776e-09
1.7763568394002505e-15
2.831068712794149e-15
-1.1102230246251565e-16
-4.440892098500626e-16
-4.440892098500626e-15
-8.881784197001252e-16
-4.440892098500626e-16
2.220446049250313e-15
-3.3306690738754696e-16
3.2187750349521593e-06
-2.0658160622133437e-06
2.5476337981444885e-06
-1.589913978250479e-09
2.4358643990751716e-09
3.4292264583513088e-09
2.5539754702208484e-06
1.734270703934726e-06
4.580942203347149e-07
-2.886579864025407e-15
-3.219646771412954e-15
1.5222198501696482e-16
0.0
0.0
1.3322676295501878e-15
1.7763568394002505e-15
-5.551115123125783e-16
3.3306690738754696e-16
-5.764959041698603e-06
-3.3868387845359393e-06
-5.394117735590953e-06
-1.0598313338050502e-09
-1.0989564813712605e-09
2.9323827810401326e-09
-5.388417299911907e-06
-2.958672389752337e-06
-8.339824981717925e-07
3.1086244689504383e-15
2.5431046157819992e-15
1.3877787807814457e-17
-8.881784197001252e-16
4.440892098500626e-15
-8.881784197001252e-16
-2.1094237467877974e-15
6.661338147750939e-16
0.0
-1.3204648894316051e-06
-1.3536415508497157e-06
-1.2260221637916402e-06
-2.113566210937279e-09
-1.1165468549734214e-09
2.9469475748555847e-09
-1.228383297302571e-06
-6.258672300418766e-07
-1.9093765324385004e-07
3.774758283725532e-15
-1.7763568394002505e-15
0.0
-4.440892098500626e-16
-5.773159728050814e-15
1.1657341758564144e-15
1.9984014443252818e-15
-1.4988010832439613e-15
-4.440892098500626e-16
2.195031001406278e-08
-1.2536361282400321e-06
-8.507260318424414e-08
-2.565339940474587e-09
-1.8720447414466435e-09
2.6435684752357247e-09
-8.476408197566343e-08
2.9302093196292844e-08
-5.806367830984982e-08
1.1102230246251565e-15
2.4424906541753444e-15
-8.326672684688674e-17
4.440892098500626e-16
4.884981308350689e-15
-1.2212453270876722e-15
-1.7763568394002505e-15
1.5543122344752192e-15
8.881784197001252e-16
4.0032929859989963e-07
-1.3514225543076464e-06
2.2788496423231663e-07
-3.0815314744359057e-09
-3.2003839578464977e-09
2.177185542961979e-09
2.3294046869182242e-07
2.135978007800077e-07
-2.6908253403234997e-08
4.440892098500626e-15
8.326672684688674e-17
1.1102230246251565e-16
1.3322676295501878e-15
7.771561172376096e-16
6.661338147750939e-16
8.881784197001252e-16
-4.440892098500626e-16
-7.216449660063518e-16
3.063858979857059e-07
-1.6743314077416473e-06
1.5827203014850966e-07
-4.194756542119649e-09
-3.5440157475363776e-09
1.6338204122945399e-09
1.649372372014568e-07
1.8056040573810606e-07
-5.275467529486378e-08
-8.43769498715119e-15
8.881784197001252e-16
-2.7755575615628914e-17
-1.7763568394002505e-15
3.3306690738754696e-15
-6.661338147750939e-16
0.0
8.881784197001252e-16
6.938893903907228e-18
-9.910843346006004e-08
-1.8335968547944503e-06
-1.4170058015849918e-07
-7.390442036125933e-09
-6.696708076958657e-09
5.352549514725524e-10
-1.3469620796513482e-07
-7.046655259301814e-09
-1.1061800364586817e-07
9.103828801926284e-15
-1.429412144204889e-15
5.551115123125783e-17
8.881784197001252e-16
-5.773159728050814e-15
6.661338147750939e-16
-2.220446049250313e-16
1.1102230246251565e-16
3.885780586188048e-16
-2.5398901115636363e-07
-7.414401181904395e-07
-3.214136938822776e-07
-2.7116534795368352e-08
-2.2296851476255597e-08
-2.8155775488869494e-09
-2.938922056827664e-07
-1.79379989972972e-07
-1.6037511585409447e-07
-7.549516567451064e-15
-2.525757381022231e-15
-1.942890293094024e-16
-1.7763568394002505e-15
1.3322676295501878e-15
4.440892098500626e-16
6.661338147750939e-16
2.7755575615628914e-16
3.0531133177191805e-16
-2.2421051681931206e-07
-4.879487534026339e-07
-2.5576353235301497e-07
-1.643889948610422e-07
-1.294610241231453e-07
-2.1514324766158666e-08
-9.045213555936016e-08
-5.798054836247957e-08
-1.1070082450714837e-07
0.0
1.762479051592436e-15
1.1102230246251565e-16
8.881784197001252e-16
1.3322676295501878e-15
-2.220446049250313e-16
-5.551115123125783e-16
-2.1996293675385914e-15
-3.3306690738754696e-16
-2.9102935172886646e-08
-4.51084190444817e-07
-5.570330330328943e-08
-1.2410176752908342e-07
-9.196998318472538e-08
-1.2422636919140473e-08
6.845600353244663e-08
3.169642681655205e-08
-7.202369545211695e-08
-1.1102230246251565e-15
-4.2500725161431774e-16
1.6653345369377348e-16
1.5543122344752192e-15
-2.6645352591003757e-15
0.0
2.220446049250313e-16
1.9984014443252818e-15
-4.996003610813204e-16
1.2619558731330471e-08
-3.715708558615916e-07
8.100101922536851e-09
-1.1682024947390347e-07
-9.252293065031834e-08
-9.151315927269366e-09
1.2471086918708352e-07
6.322916767942388e-08
-5.8142433090324637e-08
3.774758283725532e-15
-1.7520707107365752e-15
-2.1510571102112408e-16
1.2212453270876722e-15
8.881784197001252e-16
2.220446049250313e-16
2.220446049250313e-16
-5.828670879282072e-16
3.3306690738754696e-16
3.544386828480128e-08
-4.1328443955990224e-07
3.9377475502533343e-08
-5.489165921801486e-08
-4.354146510010537e-08
-1.4575354256862736e-09
9.300305192638803e-08
4.5876406673528436e-08
-5.8606900665836286e-08
-9.325873406851315e-15
1.8943180357666733e-15
1.6653345369377348e-16
-3.774758283725532e-15
-8.881784197001252e-16
0.0
0.0
-2.2551405187698492e-17
5.551115123125783e-16
7.209218910730897e-08
-4.186975903763823e-07
5.318388751618386e-08
-2.3536124160727923e-09
3.6750584797573538e-09
7.838071858223827e-10
5.188538387823627e-08
2.4584156932405676e-08
-4.645902151878545e-08
1.532107773982716e-14
1.790234627208065e-15
-2.498001805406602e-16
1.9984014443252818e-15
8.881784197001252e-16
-4.440892098500626e-16
-2.220446049250313e-16
-9.159339953157541e-16
-2.220446049250313e-16
1.5041332979137678e-07
-3.5752717053583183e-07
1.2931367088242496e-07
4.658655683442703e-10
-1.1130687482818757e-09
3.9209235858095326e-10
1.3026748302280566e-07
6.992708012631965e-08
-2.7976014393971127e-08
-1.7985612998927536e-14
-1.942890293094024e-15
1.1102230246251565e-16
-2.4424906541753444e-15
-8.881784197001252e-16
4.440892098500626e-16
-2.220446049250313e-16
8.326672684688674e-16
-2.220446049250313e-16
2.577065494335784e-07
-3.696318628954032e-07
2.358264978852276e-07
-1.6546053416277573e-10
-2.1651089809893165e-09
6.593955381717365e-10
2.390885853742475e-07
1.32948463349436e-07
-1.440163543975359e-08
1.3988810110276972e-14
1.970645868709653e-15
0.0
2.220446049250313e-15
2.6645352591003757e-15
-2.220446049250313e-16
0.0
-5.551115123125783e-16
0.0
2.8069176494227577e-07
-4.6395030040002894e-07
2.524122741931478e-07
-9.705232173473632e-10
9.234231157506656e-10
5.747144982137797e-10
2.542677428607476e-07
1.4367862144482046e-07
-1.1678821465466172e-08
-3.552713678800501e-15
-6.38378239159465e-16
-1.1102230246251565e-16
0.0
-1.7763568394002505e-15
-8.326672684688674e-17
4.440892098500626e-16
-1.3322676295501878e-15
0.0
7.33974403033244e-07
-4.028647140330577e-07
6.674215873303524e-07
-4.94676299922503e-10
4.359890226623975e-11
8.150675689932996e-10
6.660712124073598e-07
3.831008452692686e-07
6.588032874788041e-08
5.995204332975845e-15
4.163336342344337e-16
1.1102230246251565e-16
-1.5543122344752192e-15
4.440892098500626e-16
4.163336342344337e-17
-2.220446049250313e-16
1.3322676295501878e-15
0.0
6.689475782195586e-07
-5.509731408892549e-07
6.341581983981825e-07
-3.9672798379797314e-10
-2.2215651540591352e-10
1.0058429644743683e-09
6.367929472617107e-07
3.7525453144837684e-07
5.236076816572677e-08
3.9968028886505635e-15
-6.123573870198129e-16
0.0
2.220446049250313e-16
-3.3306690738754696e-16
1.1102230246251565e-16
3.0531133177191805e-16
8.881784197001252e-16
0.0
-1.2123400061625489e-08
5.5520104069728404e-09
-2.804434018344182e-09
-5.963300964140217e-10
-5.744063003021438e-10
1.031182250699203e-09
-1.8872157170335413e-09
-1.6044410244830942e-10
-3.784488278313347e-10
-5.10702591327572e-15
-1.7763568394002505e-15
-5.551115123125783e-17
-1.1102230246251565e-16
4.440892098500626e-16
1.1102230246251565e-16
-1.942890293094024e-16
-1.734723475976807e-15
4.440892098500626e-16
-1.1741874139659103e-08
6.673587904515443e-08
3.8365000065709864e-09
1.3881340521493257e-09
-1.7013945807775597e-09
9.909650877659715e-10
5.508802303211269e-10
8.633094239485218e-13
1.3766204842724505e-10
-8.881784197001252e-16
-1.3322676295501878e-15
0.0
1.1102230246251565e-15
-8.881784197001252e-16
-1.1102230246251565e-16
-3.885780586188048e-16
-4.440892098500626e-16
-8.881784197001252e-16
-2.110296213331253e-07
-2.6354616977641854e-07
-1.394467687987344e-07
4.3751917644385685e-09
2.130613907525003e-09
1.9051169530825973e-09
-1.4495599387487346e-07
-7.084818420821648e-08
-5.398298696945858e-08
-1.199040866595169e-14
6.661338147750939e-16
-5.551115123125783e-17
-6.661338147750939e-16
2.6645352591003757e-15
2.220446049250313e-16
2.220446049250313e-16
-1.7763568394002505e-15
0.0
-2.5039171447360786e-07
-4.0097415876516607e-07
-2.2638925400997323e-07
-9.686741009318212e-08
-5.690447935080556e-08
-3.2817283113217854e-08
-1.3282120825408583e-07
-6.352640014029021e-08
-4.245132600999568e-08
5.995204332975845e-15
-2.7755575615628914e-16
5.551115123125783e-17
0.0
-2.6645352591003757e-15
-4.440892098500626e-16
2.220446049250313e-16
3.552713678800501e-15
-1.7763568394002505e-15
1.2411952354796085e-07
-1.1037155900339712e-07
1.1906813313089515e-07
1.2583150876821492e-07
7.36095504549894e-08
1.3480160987455745e-08
-8.390328876117792e-09
4.204654402428787e-09
-8.355389269354419e-09
8.659739592076221e-15
1.7555401576885288e-15
-2.7755575615628914e-17
-2.220446049250313e-16
1.7763568394002505e-15
0.0
0.0
-3.552713678800501e-15
8.881784197001252e-16
1.4578684215393878e-07
-8.397589112973947e-08
1.1574461034058459e-07
1.2179895492181458e-07
7.112759137228863e-08
1.2415043215696642e-08
-1.6649686074288184e-09
4.404537179425461e-09
2.38092656701383e-10
-1.0880185641326534e-14
-1.7572748811645056e-15
2.0816681711721685e-17
2.220446049250313e-16
-1.1102230246251565e-15
0.0
4.440892098500626e-16
-8.881784197001252e-16
0.0
3.023257022505277e-08
-9.587476768047054e-08
3.201206943970192e-08
5.316667284205323e-08
3.1367966890627486e-08
2.9183979677327443e-09
-1.828498241707166e-08
1.750303013636767e-09
6.585847422968527e-10
8.881784197001252e-16
-3.885780586188048e-16
-1.0408340855860843e-17
6.661338147750939e-16
2.7755575615628914e-17
2.220446049250313e-16
0.0
0.0
-8.881784197001252e-16
5.9248691286484245e-08
-6.003604369198001e-08
3.628430000901517e-08
3.69976618230794e-08
2.194980819325565e-08
6.576925670742639e-10
6.026628085464836e-10
3.1269364875186056e-09
1.0298830677157866e-09
2.220446049250313e-15
3.011479954295737e-15
-7.632783294297951e-17
0.0
1.4988010832439613e-15
-6.661338147750939e-16
-1.3322676295501878e-15
-1.7763568394002505e-15
-7.771561172376096e-16
-1.7800580565108248e-08
-1.3020554590070788e-07
-1.2605786636754603e-08
-8.25945356552893e-09
-3.864890629756701e-09
-6.832422627667256e-09
-4.5445789353948385e-09
9.722036509174359e-09
1.4048797680743519e-09
-4.440892098500626e-16
1.1657341758564144e-15
4.163336342344337e-17
0.0
-1.2212453270876722e-15
-1.1102230246251565e-16
1.3322676295501878e-15
9.769962616701378e-15
1.5543122344752192e-15
2.1284421336531523e-08
-1.929805577560728e-07
-1.4945171322722217e-08
-4.211108395324459e-08
-2.2632055340920942e-08
-1.815715222619474e-08
2.7315172346220606e-08
2.0915452481062857e-08
3.365197231985917e-09
-4.440892098500626e-16
-7.28583859910259e-16
2.7755575615628914e-17
-8.881784197001252e-16
-1.2212453270876722e-15
7.771561172376096e-16
-4.440892098500626e-16
-8.104628079763643e-15
-1.7763568394002505e-15
1.7452165934628283e-08
-2.4827696165630186e-07
-2.9336129969692593e-08
-6.08318208583647e-08
-3.2869353461251194e-08
-3.2297627683419705e-08
3.110772972547693e-08
1.4998143171851552e-08
2.531725495913406e-09
-7.549516567451064e-15
-9.282939000820889e-16
-5.551115123125783e-17
0.0
3.3306690738754696e-16
-6.661338147750939e-16
-1.3322676295501878e-15
3.3306690738754696e-15
1.7763568394002505e-15
-2.242313357214698e-08
-3.146270728393574e-07
-5.099570099531548e-08
-7.174275595822621e-08
-4.008072007621877e-08
-4.4647869401615026e-08
1.9811857043805503e-08
8.260313322239199e-09
1.1603789040748325e-09
8.881784197001252e-15
4.85722573273506e-16
5.551115123125783e-17
2.220446049250313e-16
1.7763568394002505e-15
-1.1102230246251565e-16
-2.220446049250313e-16
1.9984014443252818e-15
-2.220446049250313e-15
2.18856186506855e-08
-3.536604111786801e-07
3.598740860866201e-09
-1.3458162584356614e-08
-7.704949567255426e-09
-4.22451265080781e-08
1.621170575560882e-08
7.102824106652861e-09
3.4960490058466576e-10
1.099120794378905e-14
1.6653345369377348e-15
-5.551115123125783e-17
0.0
-1.7763568394002505e-15
-4.440892098500626e-16
1.5543122344752192e-15
-1.3322676295501878e-15
1.3322676295501878e-15
1.125007020874591e-07
-3.168055613400611e-07
1.025553846289995e-07
7.670521418035037e-08
4.222996707881066e-08
-2.6585389889532962e-08
2.4907595985723674e-08
1.01204311597769e-08
6.076280589795147e-10
-7.549516567451064e-15
-2.0886070650760757e-15
1.1102230246251565e-16
0.0
2.4424906541753444e-15
5.828670879282072e-16
-2.220446049250313e-16
8.881784197001252e-16
0.0
2.6643495865119604e-07
-2.493998980668266e-07
2.4720718272419617e-07
1.9092792058472696e-07
1.073498947512519e-07
-5.067761321697617e-09
5.580157580453715e-08
2.4605328774462976e-08
3.862443032076612e-09
-7.882583474838611e-15
2.1371793224034263e-15
0.0
-2.220446049250313e-16
-3.3306690738754696e-16
-3.0184188481996443e-16
5.551115123125783e-16
-2.6645352591003757e-15
-4.440892098500626e-16
3.3019597545091983e-07
-1.8182098404651015e-07
3.093931013609108e-07
2.1829920537896896e-07
1.2280289629629237e-07
5.153808046998165e-09
9.080994134436082e-08
4.228115191295956e-08
3.892929478777063e-09
7.993605777301127e-15
-3.400058012914542e-15
-3.3306690738754696e-16
2.220446049250313e-16
-1.9984014443252818e-15
9.71445146547012e-16
-2.1649348980190553e-15
0.0
4.440892098500626e-16
1.3393366415925811e-07
-1.2048584352442049e-08
1.7086129844301468e-07
1.807738936321357e-07
1.0141407891239851e-07
4.015348054053902e-09
-1.0118103688228075e-08
-3.8756229781000684e-08
-1.187862647133997e-08
-1.1102230246251565e-15
3.2612801348363973e-15
1.6653345369377348e-16
0.0
1.8318679906315083e-15
-9.992007221626409e-16
5.551115123125783e-17
8.881784197001252e-16
4.440892098500626e-16
-8.463141654146966e-08
6.262337337581414e-08
1.4272094617240327e-08
8.155003961007878e-08
4.4657589626240224e-08
-9.658208455221029e-09
-6.73894060554403e-08
-7.240618860038239e-08
-9.974075149132844e-09
7.327471962526033e-15
-3.802513859341161e-15
-5.551115123125783e-17
0.0
-7.494005416219807e-16
0.0
-1.1102230246251565e-15
2.6645352591003757e-15
0.0
-1.4392481517688793e-07
-2.3569398877043568e-08
-5.1977446346995755e-08
-1.4011547477821296e-09
-3.099461132194392e-09
-2.386946107435506e-08
-5.053752349937213e-08
-4.572646439271466e-08
-5.705422051471842e-09
-7.771561172376096e-15
5.759281940243e-16
-2.220446049250313e-16
4.440892098500626e-16
-5.204170427930421e-16
8.881784197001252e-16
1.9984014443252818e-15
1.7763568394002505e-15
0.0
-1.1088135920545028e-07
-1.4180210117231695e-07
-5.73065932485406e-08
-1.2631499402004921e-08
-9.999012728911794e-09
-2.8812209507123047e-08
-4.445425005883408e-08
-2.8186986966716177e-08
-5.460050911398895e-09
6.439293542825908e-15
2.5396351688300456e-15
3.0531133177191805e-16
2.220446049250313e-16
-2.7755575615628914e-17
-2.220446049250313e-16
1.3322676295501878e-15
-8.881784197001252e-16
-1.9949319973733282e-16
4.891266769391223e-08
-2.747570908567809e-07
5.4806644556038e-08
1.0198892752555366e-07
5.50949936783951e-08
-1.5604157965753984e-08
-4.679041332167344e-08
-2.3202471055583374e-08
-7.750347252866163e-09
-4.6629367034256575e-15
5.967448757360216e-16
1.1796119636642288e-16
-4.440892098500626e-16
8.881784197001252e-16
2.220446049250313e-16
-1.3322676295501878e-15
0.0
3.885780586188048e-16
1.6086430321138323e-07
-3.333789688753086e-07
1.6427647508976406e-07
2.249993524827687e-07
1.2625352319162175e-07
-1.8707169147091918e-10
-6.045323353021104e-08
-3.59674672267829e-08
-1.2598495802151888e-08
6.439293542825908e-15
-4.163336342344337e-17
6.938893903907228e-17
-1.1102230246251565e-16
6.661338147750939e-16
0.0
1.4432899320127035e-15
-5.828670879282072e-16
0.0
-2.9606641760437924e-07
-4.163499731646425e-07
-1.9308897591940877e-07
-1.5757992244402885e-07
-8.847105270604061e-08
-7.210980612626372e-08
-3.553489946739319e-08
-1.764717794117132e-08
-7.027021409200529e-09
-1.0880185641326534e-14
-1.0824674490095276e-15
-4.510281037539698e-16
4.440892098500626e-16
-1.3322676295501878e-15
0.0
-2.3592239273284576e-15
-4.440892098500626e-16
0.0
-3.0897483895842015e-06
-2.4744061732917544e-06
-2.980892645609856e-06
6.694009258012557e-08
5.0058227785143565e-08
-3.162711692539233e-08
-3.047831938829404e-06
-1.7217938594882298e-06
-5.912508207472911e-07
8.43769498715119e-15
-1.8318679906315083e-15
1.3877787807814457e-16
-6.661338147750939e-16
-4.440892098500626e-16
0.0
1.887379141862766e-15
4.440892098500626e-16
0.0
-2.235096282277027e-06
-1.3570964441100843e-06
-1.9287880270724145e-06
-1.3339562343617217e-07
-5.2037730569054474e-08
-6.425106491292354e-08
-1.7954629498717622e-06
-1.0213966765704185e-06
-3.2437799291074043e-07
-1.4654943925052066e-14
-8.049116928532385e-16
9.71445146547012e-17
2.220446049250313e-16
2.6645352591003757e-15
0.0
2.220446049250313e-16
4.440892098500626e-16
4.440892098500626e-16
-1.9119069918360765e-06
-5.399919729143221e-07
-1.7032792740678817e-06
6.80412526321561e-09
3.4774378931956562e-09
5.532482860726162e-09
-1.7101178784173499e-06
-9.764581282434293e-07
-2.7941792524188713e-07
2.4424906541753444e-15
5.689893001203927e-16
-1.8041124150158794e-16
4.440892098500626e-16
-4.440892098500626e-15
-4.440892098500626e-16
-1.5543122344752192e-15
-2.6645352591003757e-15
-4.440892098500626e-16
-1.8025332337856523e-06
-3.1691475044226536e-07
-1.5447999217599317e-06
-3.4445495344925803e-09
8.002962736952669e-10
3.239830792534093e-09
-1.5414974399163839e-06
-8.800095061545221e-07
-2.3013279815131682e-07
1.4432899320127035e-14
2.7755575615628914e-16
-6.938893903907228e-17
-4.440892098500626e-16
0.0
-4.440892098500626e-16
-4.440892098500626e-16
1.6653345369377348e-15
0.0
-1.1631968135361603e-06
-2.334634032763461e-07
-9.879454445638203e-07
-3.04517655536074e-09
2.6872943870159816e-09
3.3918674535726723e-09
-9.852800815224327e-07
-5.571951442462364e-07
-1.4792168201438471e-07
-2.886579864025407e-15
1.4988010832439613e-15
1.6653345369377348e-16
4.440892098500626e-16
5.329070518200751e-15
1.3322676295501878e-15
1.7763568394002505e-15
2.6229018956769323e-15
-4.440892098500626e-16
-5.329376762119864e-07
-2.3055555686823936e-07
-4.7448311946141075e-07
1.6604673191977779e-10
7.923794953512697e-11
3.148905025618376e-09
-4.7453274021336256e-07
-2.610989686679943e-07
-8.601783463291213e-08
-1.6653345369377348e-14
-2.706168622523819e-15
1.3877787807814457e-17
1.3322676295501878e-15
-2.6645352591003757e-15
-2.1094237467877974e-15
2.220446049250313e-16
-1.4988010832439613e-15
4.440892098500626e-16
-1.7661296425330875e-07
-2.413813433577161e-07
-1.8668998791326888e-07
1.7749073322192999e-09
-3.1201246031287155e-09
2.869913418024339e-09
-1.875000350537448e-07
-9.780906773393383e-08
-5.5922228625604475e-08
1.554312234475219e-14
1.304512053934559e-15
1.3183898417423734e-16
-8.881784197001252e-16
2.6645352591003757e-15
6.38378239159465e-16
-1.3322676295501878e-15
-1.1102230246251565e-16
-2.220446049250313e-16
-8.975790777299153e-08
-2.5684465043696036e-07
-1.0737868905152936e-07
1.1636416274996009e-09
-2.5877024967257967e-09
2.8578990285410555e-09
-1.0769753089334699e-07
-5.296246996522313e-08
-4.862037883412995e-08
-8.43769498715119e-15
1.2385925618474403e-15
-2.983724378680108e-16
8.881784197001252e-16
-3.1086244689504383e-15
-2.220446049250313e-16
2.220446049250313e-16
0.0
-1.1102230246251565e-15
-9.208001472416072e-08
-2.9021860825650947e-07
-1.0120469440266788e-07
2.348592431644647e-10
-8.357492475852268e-10
2.7269302371735193e-09
-1.0108960779575682e-07
-4.90327862756601e-08
-5.1662013333952934e-08
4.440892098500626e-16
-1.762479051592436e-15
3.469446951953614e-18
-1.3322676295501878e-15
-2.6645352591003757e-15
8.881784197001252e-16
-2.220446049250313e-16
-1.7763568394002505e-15
1.4988010832439613e-15
3.7700462973688786e-08
-2.870951050226722e-07
1.3004168408770054e-08
-3.742187004718289e-09
-6.657110418473167e-09
1.6390084844886132e-09
1.738002453066656e-08
1.625201040411639e-08
-3.8795647583356185e-08
-7.327471962526033e-15
-1.2490009027033011e-15
2.68665298341908e-16
0.0
7.438494264988549e-15
-2.220446049250313e-16
6.661338147750939e-16
6.661338147750939e-16
-1.3877787807814457e-15
7.735663132280024e-08
-3.1881657491794613e-07
5.511745015951419e-08
-1.1491001927765865e-08
-1.2283252637246278e-08
1.4209966536782304e-11
6.695079335372611e-08
4.365932504413195e-08
-3.783522117828397e-08
1.84297022087776e-14
3.58046925441613e-15
-8.326672684688674e-17
1.7763568394002505e-15
-8.43769498715119e-15
8.881784197001252e-16
-2.220446049250313e-16
-6.661338147750939e-16
0.0
-7.92908849689411e-09
-3.5182256397092715e-07
-7.106841337645164e-09
-4.753360371978488e-08
-3.887173272154598e-08
-6.0570929383274574e-09
4.047623036740333e-08
2.885608196834255e-08
-5.048541140695306e-08
-2.6645352591003757e-15
-2.7755575615628914e-16
-2.1510571102112408e-16
-2.220446049250313e-15
4.884981308350689e-15
-4.440892098500626e-16
-2.220446049250313e-16
-4.440892098500626e-16
4.440892098500626e-16
-2.7968802385203162e-08
-2.79924620372185e-07
-1.1432884861051207e-08
-1.9741888124258367e-07
-1.5572684564091333e-07
-2.8091903359062087e-08
1.8599624773685264e-07
1.103473699082258e-07
-4.30460147526901e-08
-9.992007221626409e-15
-2.0539125955565396e-15
2.914335439641036e-16
8.881784197001252e-16
0.0
6.661338147750939e-16
0.0
1.3322676295501878e-15
0.0
-3.793537928231672e-09
-5.851057949257665e-07
4.051701640861438e-08
-8.037443111064135e-08
-6.045177647351352e-08
-8.19689605080498e-09
1.2098710922003875e-07
7.538192647871256e-08
-6.718353517953801e-08
7.771561172376096e-15
6.661338147750939e-16
-2.498001805406602e-16
1.4988010832439613e-15
8.881784197001252e-16
-8.881784197001252e-16
0.0
-1.5543122344752192e-15
0.0
-3.984960983416386e-08
-8.62827846503933e-07
2.9371850729376096e-08
-2.4830262290720384e-09
9.923128985178664e-10
1.2228523194046659e-09
3.2655066206643824e-08
3.1106051512352906e-08
-9.402806711023004e-08
-1.021405182655144e-14
4.440892098500626e-16
2.220446049250313e-16
1.1102230246251565e-16
0.0
6.661338147750939e-16
2.0816681711721685e-17
1.3322676295501878e-15
0.0
1.1993002146937215e-07
-1.052315731442377e-06
1.925836752292298e-07
-2.4086208583185e-09
-6.784315331742619e-10
1.1087650797492188e-09
1.9448410171207797e-07
1.4153999217114688e-07
-7.452972994315132e-08
1.532107773982716e-14
-1.1102230246251565e-15
1.1102230246251565e-16
-4.440892098500626e-16
0.0
-5.551115123125783e-16
-1.1102230246251565e-16
6.661338147750939e-16
8.881784197001252e-16
-3.9492360492943135e-09
1.252294623554917e-08
-2.583588454285746e-09
-8.89713192009367e-10
-4.639417738871998e-10
1.2520968706297708e-09
-3.573248363863968e-10
-8.457305966658168e-10
5.366018740460276e-11
-1.7763568394002505e-14
1.5265566588595902e-15
-3.3306690738754696e-16
-1.1102230246251565e-15
-2.6645352591003757e-15
-1.1102230246251565e-16
0.0
-1.7763568394002505e-15
0.0
5.138343617261398e-08
-1.220065541929216e-07
4.934667252598502e-08
-3.006164206453832e-10
-3.858708907955588e-10
1.265276328155096e-09
4.8571763500149245e-08
3.350401911461631e-08
-1.868195820264873e-09
1.0436096431476471e-14
1.4016565685892601e-15
1.1102230246251565e-16
4.440892098500626e-16
0.0
3.3306690738754696e-16
1.6653345369377348e-16
6.661338147750939e-16
6.661338147750939e-16
-5.414430725991792e-08
9.159396086033667e-08
-5.007792758249252e-08
6.131273266873905e-11
-1.788009740266716e-10
1.2770908774939471e-09
-4.865664493536315e-08
-3.027026096447116e-08
8.434106191224089e-10
2.220446049250313e-16
-4.996003610813204e-16
5.551115123125783e-17
4.440892098500626e-16
-4.440892098500626e-16
-2.498001805406602e-16
-1.1102230246251565e-16
8.049116928532385e-16
1.6653345369377348e-16
-4.331724756667654e-08
-9.641780707170255e-10
-2.7206976227489577e-08
-3.2648017622705083e-10
2.2247448328016617e-10
1.174265129577634e-09
-2.5900511957388517e-08
-1.3096427053937987e-08
1.0762388202856243e-10
-9.325873406851315e-15
-2.7755575615628914e-15
-5.551115123125783e-17
-1.7763568394002505e-15
4.440892098500626e-16
4.865899350114944e-16
2.220446049250313e-16
-1.5543122344752192e-15
-8.049116928532385e-16
-2.110591879045387e-08
-2.1398750504886266e-07
1.1303072255941515e-08
2.0578099224621837e-09
1.2355556577858806e-09
1.214649714142979e-09
1.1521528620050958e-08
1.9091003444771104e-08
-1.0281394624556128e-09
1.3100631690576847e-14
-8.326672684688674e-16
0.0
8.881784197001252e-16
2.498001805406602e-16
-4.440892098500626e-16
1.1102230246251565e-16
1.7208456881689926e-15
6.661338147750939e-16
-2.528574327698152e-08
-5.637096478494641e-08
-1.0392494687039289e-07
1.708957313439896e-07
9.623787278201235e-08
-3.313238039481803e-08
-2.7777258893024737e-07
-1.5877227532712368e-07
1.4589583319235544e-08
-9.325873406851315e-15
4.884981308350689e-15
0.0
8.881784197001252e-16
1.942890293094024e-15
-4.440892098500626e-16
0.0
0.0
-2.220446049250313e-16
2.0757113929903426e-06
-3.240846240259998e-06
1.7800561238345833e-06
7.180170769061078e-08
3.7009456832493015e-08
-3.720001018336916e-08
1.7055554173417418e-06
1.0356455906190831e-06
-8.423715769367845e-08
1.176836406102666e-14
-4.9439619065339e-16
0.0
-8.881784197001252e-16
-2.220446049250313e-15
4.440892098500626e-16
0.0
8.881784197001252e-16
-8.881784197001252e-16
-3.3880802448038594e-06
-5.461839691633941e-07
-2.872989583124763e-06
4.850421753133105e-08
2.855452763128596e-08
-3.316506536066299e-08
-2.9221155823933027e-06
-1.6280532797452454e-06
-4.723994635469353e-07
-1.5765166949677223e-14
-4.551914400963142e-15
-5.551115123125783e-17
2.220446049250313e-16
1.7763568394002505e-15
-2.220446049250313e-16
0.0
-8.881784197001252e-16
8.881784197001252e-16
2.736072275411061e-07
-7.140239404179738e-07
2.1129752525439474e-07
7.875366492271496e-08
5.317719597996984e-08
-2.1384316539752035e-08
1.3353726480147543e-07
9.993625127435735e-08
-2.582666525086097e-08
4.884981308350689e-15
3.941291737419306e-15
0.0
6.38378239159465e-16
-1.7763568394002505e-15
0.0
5.551115123125783e-17
2.220446049250313e-16
0.0
-1.5275411158199859e-07
-4.2010424294858245e-07
-1.0270165162751255e-07
1.9290176567210437e-08
1.1567628632747073e-08
3.730002973156843e-10
-1.2165371643391154e-07
-3.967176809283046e-08
-6.035641320067953e-08
1.3322676295501878e-14
6.106226635438361e-16
1.1102230246251565e-16
-6.661338147750939e-16
-1.3739009929736312e-15
0.0
2.498001805406602e-16
-6.661338147750939e-16
-1.7763568394002505e-15
-2.6987319756699435e-07
-2.9549300961662084e-07
-1.9424764019504437e-07
8.216218816414766e-10
5.378311129788926e-10
7.467648721615205e-10
-1.952563160045884e-07
-8.569936937874445e-08
-6.032509247688722e-08
-1.7763568394002505e-15
-1.6653345369377348e-15
-2.220446049250313e-16
4.440892098500626e-16
2.886579864025407e-15
-1.1102230246251565e-16
-2.220446049250313e-16
1.3322676295501878e-15
8.881784197001252e-16
-1.2615974753771297e-07
-1.9050986566071515e-07
-7.565803983311525e-08
1.0082601420435822e-11
2.767315265828074e-10
7.094205223268091e-10
-7.600820595143887e-08
-2.2620286865837613e-08
-2.5120408864154342e-08
-1.176836406102666e-14
-1.8925833122906965e-15
8.326672684688674e-17
-4.718447854656915e-16
-1.7763568394002505e-15
0.0
4.440892098500626e-16
0.0
0.0
3.154202143917928e-08
-4.891455773758934e-08
2.3215612543481257e-08
8.940119755607157e-10
6.012541575728392e-10
7.563623061201952e-10
2.346949123932518e-08
2.022332168394314e-08
6.665544116657429e-09
1.1324274851176597e-14
1.7763568394002505e-15
1.1102230246251565e-16
0.0
9.957312752106873e-16
4.440892098500626e-16
-8.881784197001252e-16
-8.881784197001252e-16
4.440892098500626e-16
-1.611772404430667e-07
-1.9235210402257508e-07
-1.452869184959127e-07
1.5366148375939304e-07
9.508021037163417e-08
-1.1763194862624005e-09
-2.991112655337247e-07
-1.6921365864064342e-07
-6.281564279841945e-08
-1.7985612998927536e-14
-4.718447854656915e-16
-1.1102230246251565e-16
0.0
-2.498001805406602e-16
0.0
1.7763568394002505e-15
-1.7763568394002505e-15
2.220446049250313e-16
-2.8875035695818948e-08
-1.2896504131276743e-07
-3.901521949956077e-08
-4.06078228820661e-08
-2.0368345232668617e-08
-2.1876836342471506e-08
9.629719244230728e-10
-9.73686908878335e-10
-1.4768275491405802e-10
1.3322676295501878e-14
-2.3592239273284576e-15
5.551115123125783e-17
-4.440892098500626e-16
-9.992007221626409e-16
2.220446049250313e-16
-8.881784197001252e-16
0.0
-1.3322676295501878e-15
-8.586445687797095e-08
-9.647335730278429e-08
-7.280073432980316e-08
-7.021194647904849e-08
-3.8806343027886214e-08
-1.9870384448950063e-08
-4.066013303827276e-09
2.3928414805141074e-10
-3.3546276867468805e-11
-3.9968028886505635e-15
7.28583859910259e-16
0.0
0.0
1.4432899320127035e-15
-2.220446049250313e-16
-4.440892098500626e-16
1.9984014443252818e-15
1.5543122344752192e-15
-9.30375634311531e-08
-7.957331860097838e-08
-7.595857576259135e-08
-7.10992811292499e-08
-3.960513073053562e-08
-1.6585815387770708e-08
-5.425873084163868e-09
1.4414069937629392e-09
-2.679945154682173e-11
1.7763568394002505e-15
4.364564265557647e-15
0.0
2.220446049250313e-16
-1.7763568394002505e-15
4.440892098500626e-16
2.220446049250313e-16
3.1086244689504383e-15
0.0
-1.0102120207022836e-07
-1.0490205681890075e-07
-8.312256305487153e-08
-7.922078637534469e-08
-4.4039908719817333e-08
-1.8525618372677854e-08
-3.1249776100139566e-09
4.4414214528387674e-09
-1.3533596465720166e-10
-3.885780586188048e-15
-2.0469737016526324e-15
-5.551115123125783e-17
0.0
1.9984014443252818e-15
-1.1102230246251565e-16
4.440892098500626e-16
-4.440892098500626e-16
-4.440892098500626e-16
-9.366959718981605e-08
-1.462021828047e-07
-8.366032733242434e-08
-8.360207415236687e-08
-4.668051656331329e-08
-2.1715173659231368e-08
7.855653905153303e-10
7.08404890303882e-09
-2.3703372598049555e-10
1.0325074129013956e-14
-3.1988300897012323e-15
0.0
-2.220446049250313e-16
-6.661338147750939e-16
-5.551115123125783e-17
-2.220446049250313e-16
-3.9968028886505635e-15
-4.440892098500626e-16
-2.4256101127662077e-08
-1.7656453721315302e-07
-3.507771140220939e-08
-3.2047580367233763e-08
-1.8363240705809858e-08
-1.4531437386722247e-08
-2.2241710695425354e-09
6.473186431321665e-09
-1.0744851675070777e-09
-1.887379141862766e-15
2.1510571102112408e-16
0.0
-2.220446049250313e-16
2.220446049250313e-16
2.2898349882893854e-16
0.0
1.7763568394002505e-15
1.3322676295501878e-15
-1.552858108766486e-08
-1.4427872940814268e-07
-3.241610890825086e-08
-3.652810054433076e-09
-2.395688980527666e-09
-1.0221185675618472e-08
-2.898483408841912e-08
-1.770390145594547e-08
-4.7612621623116524e-09
-7.549516567451064e-15
1.8318679906315083e-15
1.1102230246251565e-16
0.0
8.881784197001252e-16
-5.273559366969494e-16
2.1094237467877974e-15
-2.6645352591003757e-15
-4.440892098500626e-16
-1.3946716848067808e-07
9.710904835813494e-08
-1.0586079213226184e-07
1.937559135356537e-08
1.0293422114671102e-08
-6.804270924476441e-09
-1.2606688848393333e-07
-1.1094154322988103e-07
-1.2474390076455677e-08
-8.992806499463768e-15
3.219646771412954e-15
-3.3306690738754696e-16
2.220446049250313e-16
-1.4432899320127035e-15
3.885780586188048e-16
-1.4988010832439613e-15
1.7763568394002505e-15
0.0
-2.2047825609661229e-07
3.241979951162932e-07
-1.1127479737638167e-07
4.7489066012929015e-08
2.6209619363726233e-08
-2.435442070236604e-09
-1.5981601353409758e-07
-1.5153530830147588e-07
-7.436941951155518e-09
1.9206858326015208e-14
-3.1155633628543455e-15
2.220446049250313e-16
1.1102230246251565e-16
1.3322676295501878e-15
-2.220446049250313e-16
-2.1788126858268697e-15
-8.881784197001252e-16
4.440892098500626e-16
-3.200983655915479e-08
2.1327825949768453e-07
4.487310079070994e-08
9.144689272488904e-08
5.166902816711172e-08
5.589427587437967e-09
-4.706902778650602e-08
-6.187218737352396e-08
5.834656438552521e-10
-1.7985612998927536e-14
-8.881784197001252e-16
-4.440892098500626e-16
0.0
-7.771561172376096e-16
2.220446049250313e-16
6.661338147750939e-16
-8.881784197001252e-16
4.440892098500626e-16
3.426610817314213e-08
6.092624715847705e-08
6.349391057369758e-08
7.865632944970002e-08
4.441890366635448e-08
5.652026402458432e-09
-1.3964941203425951e-08
-1.9086554559066826e-08
5.88059601014379e-11
2.220446049250313e-15
-1.6653345369377348e-16
3.3306690738754696e-16
2.220446049250313e-16
-4.163336342344337e-16
-4.440892098500626e-16
8.881784197001252e-16
1.7763568394002505e-15
0.0
-4.763138861108018e-08
-6.936877827712351e-08
-3.350882238351005e-08
-1.09906466150278e-08
-7.243778799015388e-09
-9.015138857648708e-09
-1.9846410737045517e-08
-9.77895986409294e-09
-2.907262430795754e-09
-8.881784197001252e-16
3.4139358007223564e-15
-2.220446049250313e-16
-6.661338147750939e-16
-1.1657341758564144e-15
0.0
6.661338147750939e-16
8.881784197001252e-16
2.220446049250313e-16
8.387461036818422e-08
-1.556614126485556e-08
9.258856792371262e-08
1.8188854866707516e-07
1.038348680371115e-07
2.2729466309101554e-08
-8.807830553791973e-08
-5.533544111813171e-08
-1.6776248390470982e-08
9.547918011776346e-15
6.938893903907228e-16
-1.1102230246251565e-16
-2.220446049250313e-16
2.3314683517128287e-15
0.0
-1.5543122344752192e-15
-8.881784197001252e-16
-4.718447854656915e-16
-2.2550989342562389e-07
7.879155639045621e-08
-1.2433319440674495e-07
1.9176586363300885e-07
1.0803404126846772e-07
1.1948252165439044e-08
-3.1770858299751126e-07
-2.1060274235651377e-07
-5.899982591373032e-08
9.992007221626409e-15
-3.4416913763379853e-15
1.1796119636642288e-16
4.996003610813204e-16
-2.4424906541753444e-15
4.440892098500626e-16
7.771561172376096e-16
1.9984014443252818e-15
-8.881784197001252e-16
-4.2281567402824294e-07
-1.9381151119546303e-06
-6.543681791981726e-07
-2.1308347442072773e-07
-1.2783920411152394e-07
-9.02860222140589e-08
-4.385200327305938e-07
-2.3339035948310993e-07
-2.3046961494799234e-07
1.9984014443252818e-15
2.491062911502695e-15
-2.0122792321330962e-16
4.440892098500626e-16
1.3322676295501878e-15
-4.440892098500626e-16
-1.3739009929736312e-15
-4.440892098500626e-16
4.440892098500626e-16
-1.1775176318451486e-06
-2.399734071900639e-06
-1.3549795099265793e-06
-1.3789345132408926e-07
-7.752129160820687e-08
-7.427691173234052e-08
-1.2120903605250533e-06
-6.352358070671471e-07
-3.766316538644787e-07
3.3306690738754696e-15
-1.5404344466674047e-15
-2.7755575615628914e-17
-2.220446049250313e-16
0.0
0.0
4.718447854656915e-16
-1.3322676295501878e-15
4.440892098500626e-16
-4.860346209056843e-06
-1.6512269347401796e-06
-4.216272614598893e-06
-7.650556099747519e-08
-2.3445989150161495e-08
-4.606986969690752e-08
-4.132946642698698e-06
-2.3348279967194685e-06
-6.609923417499886e-07
-2.9976021664879227e-14
-5.620504062164855e-16
3.885780586188048e-16
4.440892098500626e-16
0.0
-8.881784197001252e-16
8.881784197001252e-16
-2.220446049250313e-15
-2.220446049250313e-16
-3.517072748593364e-06
-1.0559853365066374e-06
-3.1460048717235622e-06
-5.447461148833099e-09
-5.764380084372078e-09
5.717168960472918e-10
-3.1361886243530535e-06
-1.7567733863188548e-06
-5.227473423019546e-07
1.3322676295501878e-14
1.6028844918025698e-15
1.1102230246251565e-16
0.0
-1.7763568394002505e-15
0.0
1.1102230246251565e-15
4.440892098500626e-16
1.1102230246251565e-16
-2.844965255377474e-06
-7.925152658572188e-07
-2.4880516775738215e-06
-2.544393140624379e-09
-9.176819304457241e-10
2.1222310575552683e-09
-2.4868672454658736e-06
-1.4041652924845494e-06
-4.3133809413120616e-07
-1.5987211554602254e-14
-9.71445146547012e-16
-4.440892098500626e-16
-4.440892098500626e-16
1.7763568394002505e-15
-4.440892098500626e-16
-4.440892098500626e-16
2.1094237467877974e-15
2.220446049250313e-16
-2.5881543450623212e-06
-4.4088659478802583e-07
-2.217179186914109e-06
-5.001936642656801e-10
-1.6951373638107725e-10
2.67386668362235e-09
-2.2196706055410687e-06
-1.26506709285934e-06
-3.702679265416009e-07
1.2434497875801753e-14
-1.7763568394002505e-15
0.0
4.440892098500626e-16
-1.7763568394002505e-15
2.220446049250313e-15
-6.661338147750939e-16
-6.938893903907228e-17
-6.661338147750939e-16
-1.061733788887409e-06
-3.45244018262747e-07
-9.098837239207569e-07
2.5288215965701966e-11
-1.0946932249566999e-10
2.7534590163469375e-09
-9.139529595358908e-07
-5.160107807711256e-07
-1.7654579664849734e-07
-3.1086244689504383e-15
3.4416913763379853e-15
0.0
8.881784197001252e-16
2.6645352591003757e-15
0.0
-1.1102230246251565e-15
5.273559366969494e-16
4.440892098500626e-16
-5.3415675438373e-07
-2.8547970032377634e-07
-4.492408294254346e-07
-7.313261107810832e-10
-3.987015162465468e-10
2.9599340756192305e-09
-4.528529373715174e-07
-2.517679780211779e-07
-1.0282485618517967e-07
-1.199040866595169e-14
-3.7192471324942744e-15
1.1102230246251565e-16
-1.7763568394002505e-15
2.6645352591003757e-15
-4.440892098500626e-16
1.1102230246251565e-15
1.1102230246251565e-16
0.0
3.38873611838153e-07
-4.3921316006390043e-07
2.962754166446757e-07
-9.57296464321189e-10
8.674128082475363e-11
2.6374120665195733e-09
2.9348946384288865e-07
1.914711416084458e-07
7.717567029885686e-09
2.4202861936828413e-14
-1.3877787807814457e-16
0.0
8.881784197001252e-16
-9.547918011776346e-15
-2.7755575615628914e-16
-4.440892098500626e-16
-1.3322676295501878e-15
8.881784197001252e-16
-8.364603676369597e-09
2.4540440790588036e-08
-1.0901688440867474e-09
-4.3570480556809343e-11
-2.547047017742443e-10
2.5799318237318403e-09
-1.842046515321272e-09
-1.682494144006341e-09
-2.703099966083755e-10
1.0658141036401503e-14
4.314257284754319e-15
0.0
0.0
9.103828801926284e-15
3.3306690738754696e-16
4.440892098500626e-16
-4.440892098500626e-16
0.0
2.828838496782282e-09
-1.0820713214343414e-08
-1.4480470156286174e-09
-9.386980082126684e-11
9.769607345333498e-11
2.188046632767282e-09
-7.412479519075531e-10
-1.6893153542696382e-11
1.4230372435974914e-10
-2.930988785010413e-14
-4.884981308350689e-15
4.163336342344337e-17
-4.440892098500626e-16
-1.7763568394002505e-15
-2.220446049250313e-16
0.0
1.7763568394002505e-15
-8.881784197001252e-16
-2.3078774447071737e-09
-6.11634050073917e-08
-5.9824358800142355e-09
-2.106474994434393e-09
5.241531653155107e-10
1.5780878825921718e-09
-3.726437824980167e-09
1.0080158929781646e-09
-2.855330971662795e-10
2.1538326677728037e-14
4.218847493575595e-15
5.551115123125783e-17
4.440892098500626e-16
8.881784197001252e-16
4.440892098500626e-16
-3.3306690738754696e-16
-8.881784197001252e-16
6.661338147750939e-16
5.031944567690516e-07
-5.14655710048828e-07
3.517765208016499e-07
3.5152188004872187e-07
2.8388100759002555e-07
5.1332305517348686e-08
1.9493100467116165e-09
-7.578844218869563e-10
4.8397730267879524e-11
-2.5091040356528538e-14
-2.3869795029440866e-15
-1.1102230246251565e-16
2.7408630920433552e-15
-6.661338147750939e-16
-1.9984014443252818e-15
3.3306690738754696e-16
8.881784197001252e-16
2.220446049250313e-16
7.271465278790856e-07
-7.610458965245925e-07
5.508857725544658e-07
3.6652162549444256e-07
2.8401478857631446e-07
5.7194903035906464e-08
1.859330502895773e-07
1.1061916538324114e-07
-1.3646785257392937e-08
2.731148640577885e-14
1.6930901125533637e-15
-5.551115123125783e-17
-8.881784197001252e-16
4.996003610813204e-16
2.220446049250313e-15
-2.220446049250313e-16
-1.1102230246251565e-15
-6.661338147750939e-16
-2.6972329862928746e-06
2.125765661276091e-06
-2.2357153710572675e-06
-1.9880378943071264e-07
-6.513937478302978e-08
-5.5807163334975485e-08
-2.0405409415502618e-06
-1.1570048492615115e-06
6.246973960344349e-08
-1.0658141036401503e-14
-2.095545958979983e-15
-1.1102230246251565e-16
-6.661338147750939e-16
-2.220446049250313e-15
-4.440892098500626e-16
-1.1102230246251565e-16
-4.440892098500626e-16
2.220446049250313e-16
-2.593031780406818e-07
-2.658884454831423e-07
-2.60959316378262e-07
-1.2620989764400292e-07
-2.4874594828361296e-08
-4.617343307700139e-08
-1.3352820005252397e-07
-7.539628477104543e-08
4.405792841666312e-09
1.532107773982716e-14
3.677613769070831e-15
2.220446049250313e-16
-1.7763568394002505e-15
-4.440892098500626e-16
-4.440892098500626e-16
2.7755575615628914e-17
1.3322676295501878e-15
-1.1102230246251565e-16
-2.2736157490044206e-07
-4.1238899939344265e-07
-2.2491720841344431e-07
-1.9584227928248765e-07
-6.921021622474655e-08
-6.412955144696753e-08
-2.899492201891007e-08
-1.6308058015113147e-08
2.6822832843720334e-10
-4.440892098500626e-15
-4.718447854656915e-16
-2.220446049250313e-16
-4.440892098500626e-16
-2.220446049250313e-15
0.0
2.636779683484747e-16
0.0
5.551115123125783e-16
-1.4885542753972913e-07
-5.753043978984351e-07
-1.41856304036736e-07
-1.309733299592608e-07
-2.5171594586481657e-08
-6.321635481754129e-08
-1.2525029902121787e-08
-5.91767923552311e-09
-6.687217446454953e-10
-3.3306690738754696e-15
-3.524958103184872e-15
4.440892098500626e-16
0.0
4.440892098500626e-15
0.0
-2.7755575615628914e-17
0.0
-4.440892098500626e-16
4.60121967194027e-08
-5.847161688166125e-07
1.3083487626630586e-08
2.1323447896293146e-08
5.088737253799991e-08
-4.961368915701314e-08
-6.6904464190997714e-09
-3.880141874468279e-09
2.35469976850311e-11
7.105427357601002e-15
2.1649348980190553e-15
-2.7755575615628914e-16
1.3322676295501878e-15
-4.440892098500626e-15
0.0
-1.8041124150158794e-16
2.220446049250313e-16
1.6653345369377348e-15
-7.264013213159615e-08
-6.079089445165664e-07
-8.515465488301288e-08
-7.736277751746456e-08
-2.0103737341514716e-08
-7.713182981206046e-08
-5.869097208233143e-09
-3.088838518294779e-09
-2.1496038282720065e-10
-5.329070518200751e-15
1.249000902703301e-16
-1.6653345369377348e-16
0.0
1.7763568394002505e-15
0.0
2.220446049250313e-16
-1.124100812432971e-15
-2.220446049250313e-15
-3.400309083190223e-07
-1.106075927737038e-06
-2.824329499162559e-07
-2.7426924731344116e-07
-1.2701583074203882e-07
-1.614184625964299e-07
-7.834909609982788e-09
-4.864999070264275e-09
-3.328135544933275e-10
-2.4424906541753444e-14
1.734723475976807e-15
-5.551115123125783e-17
-4.440892098500626e-16
-8.881784197001252e-16
0.0
0.0
0.0
1.7763568394002505e-15
-9.376522314141766e-08
-7.086943014655845e-07
-7.829525117131197e-08
-7.343139429849543e-08
-4.107488038584961e-08
-1.0470832023656838e-07
-2.3101378587853105e-09
-2.6902320371391397e-09
4.743420656261321e-10
-1.3322676295501878e-15
-3.858025010572419e-15
4.996003610813204e-16
2.220446049250313e-16
2.1094237467877974e-15
2.220446049250313e-16
-5.551115123125783e-17
8.881784197001252e-16
-8.881784197001252e-16
-7.004811664046429e-08
-6.714510050187528e-07
-1.129600946114806e-08
-1.1902463015189824e-08
1.476973210401411e-09
-7.713694571975793e-08
9.015437285597726e-10
1.2319603115429345e-09
-3.808073856248484e-10
2.7977620220553945e-14
9.992007221626409e-16
-4.440892098500626e-16
2.220446049250313e-16
-8.881784197001252e-16
1.1102230246251565e-16
1.1102230246251565e-16
8.881784197001252e-16
-8.881784197001252e-16
-3.595846180814988e-07
-1.7886102909869805e-06
-2.0362659824968432e-07
-1.1899369312118324e-07
-4.6929663710670866e-08
-9.106916820655897e-08
-8.511226923246795e-08
-5.111294854032167e-08
-1.598735792640582e-07
-1.3988810110276972e-14
-2.248201624865942e-15
5.551115123125783e-17
4.440892098500626e-16
-1.7763568394002505e-15
-4.440892098500626e-16
-1.3877787807814457e-16
-2.220446049250313e-15
8.881784197001252e-16
-1.2283068429042032e-07
-7.737140776953311e-07
-6.507491079332794e-08
6.926805440343742e-08
4.3888633172173286e-08
4.128955399806955e-09
-1.33976570282357e-07
-6.989059997408731e-08
-1.0600896871437726e-07
1.6653345369377348e-14
4.593547764386585e-15
0.0
1.1102230246251565e-16
3.3306690738754696e-15
3.3306690738754696e-16
0.0
1.7763568394002505e-15
-4.440892098500626e-16
-3.968967803302803e-07
-5.788202770418138e-07
-2.8461568035709206e-07
1.945549854553974e-08
1.057631493495137e-08
1.59728585913399e-09
-3.0391706218324543e-07
-1.619265290742078e-07
-1.1740641525648243e-07
-7.771561172376096e-15
-3.164135620181696e-15
-1.1102230246251565e-16
-2.2898349882893854e-16
-1.3322676295501878e-15
-3.3306690738754696e-16
-5.551115123125783e-17
2.220446049250313e-16
4.440892098500626e-16
-4.48610649073089e-07
-6.687618565592857e-07
-3.0331150924212125e-07
4.447000634399956e-08
2.609650096019323e-08
2.9915923072110218e-09
-3.484727173486135e-07
-1.7773173333068826e-07
-1.306281234292328e-07
1.3100631690576847e-14
4.996003610813204e-16
1.1102230246251565e-16
-2.706168622523819e-16
0.0
0.0
0.0
4.440892098500626e-16
0.0
-6.216241672518663e-07
-1.0733585895650322e-06
-3.894705287166289e-07
4.708958556420839e-09
7.305050786499123e-09
1.2245555680578946e-09
-3.948267064401989e-07
-1.7575681532377985e-07
-1.6319160067723715e-07
-2.6867397195928788e-14
3.3861802251067274e-15
0.0
1.1102230246251565e-16
-4.440892098500626e-16
1.1102230246251565e-16
0.0
8.881784197001252e-16
-8.881784197001252e-16
-5.366312905152881e-07
-4.423404504905193e-07
-3.828655081861143e-07
2.9387344113729344e-08
1.5253561969075236e-08
1.0150349449844498e-09
-4.0553027247369755e-07
-2.0457512484028936e-07
-1.0728293631245833e-07
1.199040866595169e-14
-5.2475385148298415e-15
5.551115123125783e-17
8.881784197001252e-16
-4.440892098500626e-16
1.1102230246251565e-16
-4.440892098500626e-16
-8.881784197001252e-16
-8.881784197001252e-16
2.210142291403372e-08
-4.6585796553699765e-08
1.2213565270258187e-08
1.603763877255915e-08
8.994987865662551e-09
-4.057436608917442e-10
-4.377842088842954e-09
3.389679648080346e-10
-4.036403433715918e-10
3.3306690738754696e-15
4.440892098500626e-15
0.0
0.0
-1.3322676295501878e-15
0.0
0.0
-1.7763568394002505e-15
8.881784197001252e-16
-4.923219023567071e-07
2.7387238787923707e-07
-3.898862424023264e-07
-3.8367982924114585e-07
-2.2792188403286675e-07
-5.631699828700931e-09
-4.418691190721802e-09
-6.311680067483394e-10
3.7773784100636476e-11
-1.9539925233402755e-14
0.0
-5.551115123125783e-17
-1.2212453270876722e-15
1.7763568394002505e-15
2.220446049250313e-16
4.440892098500626e-16
-1.7763568394002505e-15
-1.7763568394002505e-15
-4.8813131172664725e-06
4.146426419993077e-06
-3.4024499981910594e-06
-3.4203180732106375e-06
-1.939579924226109e-06
1.2548701322501188e-07
5.429237948106902e-09
5.0246948823939874e-09
1.0529074417897633e-09
2.375877272697835e-14
-5.551115123125783e-16
2.7755575615628914e-17
1.1102230246251565e-16
-4.440892098500626e-16
-2.220446049250313e-16
8.881784197001252e-16
2.6645352591003757e-15
1.4432899320127035e-15
4.5180286178947426e-08
-3.9500514503743034e-07
-2.4276999965877618e-08
-2.6096678595877165e-08
-1.7880708469419915e-08
-4.5211805854705744e-08
2.168581758610344e-09
1.3725268921405132e-08
1.6409720249299653e-09
-2.5091040356528538e-14
-3.3584246494910985e-15
4.85722573273506e-17
2.220446049250313e-16
1.9984014443252818e-15
0.0
-8.881784197001252e-16
-4.440892098500626e-15
6.591949208711867e-16
2.1802654259772678e-07
-2.734827830863651e-07
1.3765690454192736e-07
1.1422796220017517e-07
6.86089212109664e-08
1.341220468020765e-10
2.3946537197616635e-08
2.693773559769852e-08
3.559623706905768e-09
9.547918011776346e-15
2.8935187579293142e-15
-2.7755575615628914e-17
6.661338147750939e-16
1.942890293094024e-16
0.0
-1.7763568394002505e-15
-1.1102230246251565e-15
-2.7755575615628914e-16
2.6905411232291954e-07
-2.448188922699046e-07
1.6758865939436873e-07
1.2974035090707048e-07
7.548015723557455e-08
8.88934437170974e-09
3.653492264277247e-08
3.7255086127174764e-08
4.7980404094261075e-09
-6.661338147750939e-15
4.0419056990259605e-16
0.0
0.0
0.0
4.440892098500626e-16
2.220446049250313e-15
4.912736883966318e-15
-1.887379141862766e-15
2.8377344563068613e-07
-2.4424412004009355e-07
1.687508932590731e-07
1.2354749578946667e-07
7.077817608391879e-08
1.0241322456749913e-08
4.356135008265482e-08
4.456417812548352e-08
5.815314896295831e-09
8.881784197001252e-16
-1.3739009929736312e-15
0.0
2.220446049250313e-16
-6.661338147750939e-16
4.440892098500626e-16
-1.9984014443252818e-15
-1.3322676295501878e-15
1.5543122344752192e-15
2.9669827483758127e-07
-2.2468728388957973e-07
1.8786551825300535e-07
1.4134507075880265e-07
7.973929427862458e-08
1.166223739801353e-08
4.683310450559475e-08
4.535658781890106e-08
6.061141810675963e-09
2.475797344914099e-14
1.2663481374630692e-15
0.0
-2.220446049250313e-16
-1.887379141862766e-15
-6.661338147750939e-16
1.9984014443252818e-15
-1.7763568394002505e-15
-1.7763568394002505e-15
2.8468310375728834e-07
-1.9402432016590865e-07
2.1283159412632815e-07
1.619977769706793e-07
9.059738914629634e-08
8.827200304040161e-09
5.3454879633818564e-08
4.2123765808810276e-08
6.036979360857231e-09
-2.3092638912203256e-14
0.0
0.0
0.0
1.3322676295501878e-15
4.440892098500626e-16
-8.881784197001252e-16
3.1086244689504383e-15
6.661338147750939e-16
1.6967122284938796e-07
-2.0650869458904708e-07
1.5876320702545854e-07
8.291882203081968e-08
4.456680002817848e-08
-1.287611439693137e-08
8.092046499541539e-08
5.274655157094798e-08
9.52747625238004e-09
3.6637359812630166e-15
-9.02923569245928e-16
5.551115123125783e-17
0.0
2.220446049250313e-16
-7.494005416219807e-16
-2.220446049250313e-15
-2.6645352591003757e-15
8.881784197001252e-16
1.0898223568034382e-07
-3.725573973767382e-07
1.6385707213295575e-07
-5.7259972763290534e-08
-3.6615086074220926e-08
-4.5833843387299567e-08
2.2900761464939023e-07
1.5750548937321085e-07
2.688784694893087e-08
-6.994405055138486e-15
-1.970645868709653e-15
0.0
0.0
-5.551115123125783e-16
7.494005416219807e-16
2.4424906541753444e-15
1.7763568394002505e-15
-4.440892098500626e-16
-7.925311074075125e-08
-3.758657225461093e-07
-2.7537856439607822e-08
-1.8405681601052493e-07
-1.1014098433292929e-07
-7.656628042695957e-08
1.655267087841139e-07
7.265079804419372e-08
-4.039470058447847e-08
-9.769962616701378e-15
6.87817858224804e-16
-1.1102230246251565e-16
-2.220446049250313e-16
4.440892098500626e-16
-1.3877787807814457e-16
5.689893001203927e-16
8.881784197001252e-16
-4.440892098500626e-16
-4.588059482557583e-06
3.4434844042863233e-06
-3.2680862940281945e-06
-5.177300153036413e-07
-3.0187986865826133e-07
-1.4918154533916095e-07
-2.7396446089511532e-06
-2.2108759019090485e-06
-3.298751169444891e-07
3.086420008457935e-14
-7.979727989493313e-17
1.6653345369377348e-16
4.440892098500626e-16
-5.551115123125783e-16
-5.551115123125783e-17
-3.2751579226442118e-15
-1.7763568394002505e-15
4.440892098500626e-16
-2.3675077258644706e-06
1.1817349907516927e-06
-1.4834030015453692e-06
-5.713927784256612e-07
-3.341402141643357e-07
-1.7547789354921406e-07
-9.021887410476381e-07
-7.682091025529303e-07
-8.482759757122427e-08
-2.9531932455029164e-14
3.5024066979971735e-15
-1.3877787807814457e-16
0.0
-3.469446951953614e-16
-4.440892098500626e-16
3.6637359812630166e-15
-8.881784197001252e-16
-4.440892098500626e-16
-1.030878543417657e-06
2.8994368062029707e-07
-5.185173736488302e-07
-2.800746399245213e-07
-1.666014242118763e-07
-1.285379909177209e-07
-2.351751478002484e-07
-2.3312440600165019e-07
-2.480813982106561e-08
2.731148640577885e-14
-2.2776919239575477e-15
-4.163336342344337e-17
4.440892098500626e-16
1.3877787807814457e-16
7.771561172376096e-16
-3.3306690738754696e-16
4.440892098500626e-15
2.220446049250313e-16
-4.539113405144235e-07
-6.06667853730869e-08
-1.8874840101990031e-07
-3.60477860894548e-08
-2.51400820161507e-08
-7.53716307144714e-08
-1.557334993185222e-07
-1.2928473491768955e-07
-1.8754236580376116e-08
-1.5765166949677223e-14
1.35828848168984e-15
-2.7755575615628914e-17
2.220446049250313e-16
-1.942890293094024e-16
-2.220446049250313e-16
-8.881784197001252e-16
-1.7763568394002505e-15
2.220446049250313e-16
-5.046223634508351e-07
-4.709997938334709e-07
-3.5879244730807613e-07
-2.2337717875409166e-07
-1.3475601079449007e-07
-1.1073603900513262e-07
-1.3868185899656996e-07
-9.096603292846339e-08
-2.2511964681282137e-08
5.551115123125783e-15
-1.7520707107365752e-15
2.7755575615628914e-16
-1.1102230246251565e-15
1.609823385706477e-15
0.0
1.2212453270876722e-15
-4.440892098500626e-16
-1.1102230246251565e-16
-4.3192349608034414e-07
-5.77304231086373e-07
-3.029786856956207e-07
-1.6307881711696837e-07
-1.0267298833355198e-07
-1.0637997149842704e-07
-1.3984266655775457e-07
-9.149891244675246e-08
-2.73062724653883e-08
7.105427357601002e-15
2.7755575615628914e-15
-1.942890293094024e-16
6.661338147750939e-16
-1.8318679906315083e-15
-4.440892098500626e-16
-1.7763568394002505e-15
4.440892098500626e-16
-2.7755575615628914e-17
-9.507244129736137e-07
-9.54032332245447e-07
-6.893455264389559e-07
-5.761196089082432e-07
-3.4137110116461145e-07
-2.1239394243366405e-07
-1.1401939281618922e-07
-7.200025287090739e-08
-2.2686972855900933e-08
-2.375877272697835e-14
-1.2490009027033011e-15
-2.7755575615628914e-17
4.440892098500626e-16
5.551115123125783e-16
0.0
1.6653345369377348e-16
-1.4432899320127035e-15
0.0
-2.4700261747057084e-06
-1.8718108485415994e-06
-1.7665357940899185e-06
-1.721084100125836e-06
-1.000339181711496e-06
-5.17760568641279e-07
-4.5944483051396645e-08
-2.7244001721271616e-08
-1.0972548314391872e-08
2.930988785010413e-14
-2.6645352591003757e-15
2.498001805406602e-16
-3.885780586188048e-16
1.7763568394002505e-15
0.0
3.608224830031759e-16
1.5543122344752192e-15
-2.220446049250313e-16
-2.411407010072253e-06
-2.6233173571199586e-06
-1.510257909842494e-06
-1.5337632106593446e-06
-8.50454235923337e-07
-5.517345584848954e-07
1.6933105057015396e-08
1.1129677623955558e-08
-1.5886100213080565e-09
5.10702591327572e-15
1.8735013540549517e-15
-1.942890293094024e-16
2.220446049250313e-16
-4.440892098500626e-16
0.0
-4.440892098500626e-16
4.440892098500626e-16
0.0
-6.735404681990076e-06
-5.133812379654046e-06
-4.363221409064977e-06
-4.383045911993122e-06
-2.3397929638235837e-06
-1.3297749248408763e-06
-7.525611245284837e-10
2.873698612404496e-09
6.950641728842299e-10
-2.220446049250313e-16
-2.914335439641036e-15
-4.163336342344337e-17
-4.440892098500626e-16
-1.7763568394002505e-15
0.0
1.3877787807814457e-15
2.220446049250313e-16
1.1102230246251565e-16
-5.4331373604554756e-06
-6.77743281585208e-06
-2.5683259856634777e-06
-2.5975396056310274e-06
-1.0189238341951068e-06
-1.0534579235610408e-06
-8.22900148023109e-09
-2.947551758225586e-09
2.1857182730400382e-10
-1.7763568394002505e-14
2.55351295663786e-15
2.1510571102112408e-16
2.220446049250313e-16
0.0
0.0
0.0
-8.881784197001252e-16
0.0
3.837434690012742e-07
-1.2721250186586985e-07
2.3774121160613504e-07
1.7403594654297194e-07
8.590635047767137e-08
3.2669178251509834e-08
6.597502277827516e-08
5.0303308185561946e-08
1.3181438163201165e-08
1.9761969838327786e-14
4.440892098500626e-16
-3.191891195797325e-16
0.0
8.881784197001252e-16
-8.881784197001252e-16
-1.3322676295501878e-15
2.220446049250313e-16
-1.1102230246251565e-16
6.431859276290197e-07
2.4461769498884678e-08
4.887037654555115e-07
1.53463677321497e-08
2.8535923846106925e-08
7.331240503560821e-09
4.956845529591192e-07
2.754657266734739e-07
5.6676693560575586e-08
2.220446049250313e-15
-1.942890293094024e-15
2.7755575615628914e-16
0.0
0.0
1.9984014443252818e-15
2.3592239273284576e-16
-4.440892098500626e-16
0.0
1.2823085171476123e-07
-2.0646439224947247e-08
4.5951402682931075e-08
6.639066185698539e-09
-6.75256073279229e-10
3.953848470850119e-09
4.7761432142579e-08
3.158783812295951e-08
6.2892722141327795e-09
-2.1094237467877974e-14
-1.1674688993323912e-15
-5.551115123125783e-17
4.440892098500626e-16
1.7763568394002505e-15
-3.3306690738754696e-16
-4.440892098500626e-16
1.7763568394002505e-15
0.0
1.4634292710979935e-07
-3.353079591761343e-08
8.428521880432527e-08
1.9550761010123097e-10
-1.5993073643194577e-08
2.2878741123832924e-09
8.636224890778976e-08
5.98934306594856e-08
4.039454992721403e-09
-1.021405182655144e-14
4.218847493575595e-15
8.673617379884035e-17
0.0
-1.7763568394002505e-15
-1.8041124150158794e-15
0.0
-2.55351295663786e-15
-2.220446049250313e-16
5.3510930797529e-08
-1.6232297639362514e-07
3.102675449895287e-08
-3.5876670523293792e-09
-1.1011331763066678e-08
2.3648495384165354e-09
3.555684457978714e-08
3.690520955501597e-08
-5.58574697606673e-09
-5.10702591327572e-15
-6.800116025829084e-16
2.7755575615628914e-17
4.440892098500626e-16
5.773159728050814e-15
2.220446049250313e-16
2.220446049250313e-16
2.609024107869118e-15
4.440892098500626e-16
-1.4914556345502206e-07
-1.7479312930390734e-07
-1.0314338894090724e-07
-1.4269733839000764e-08
-1.656235060210065e-08
1.470522370539129e-09
-8.359755554465664e-08
-3.0417872665111645e-08
-2.022293799086583e-08
-2.220446049250313e-16
-2.8171909249863347e-15
-1.942890293094024e-16
-4.440892098500626e-16
4.440892098500626e-16
6.661338147750939e-16
8.881784197001252e-16
-4.440892098500626e-16
-1.1102230246251565e-16
-1.8598681705839226e-07
-2.406942130050993e-07
-1.1680556966098266e-07
-1.7298077636951348e-08
-7.787172684459165e-09
1.5998948832418591e-09
-9.526403133008898e-08
-3.8270869140433206e-08
-2.287754341523396e-08
2.042810365310288e-14
4.288236432614667e-15
-1.1102230246251565e-16
-8.881784197001252e-16
-6.439293542825908e-15
1.3322676295501878e-15
0.0
-6.661338147750939e-16
-6.661338147750939e-16
-1.3553723832160358e-07
-2.19791175481987e-07
-7.55282876241381e-08
-1.789165615662114e-08
-2.0469110850740435e-09
1.4022361050081145e-09
-5.423720139674515e-08
-2.1274715295005464e-08
-1.7932222817762522e-08
-2.4424906541753444e-14
-4.246603069191224e-15
4.163336342344337e-17
2.220446049250313e-15
-3.6914915568786455e-15
-1.3322676295501878e-15
-4.440892098500626e-16
8.881784197001252e-16
3.885780586188048e-16
-6.762711990404568e-08
-1.4334431597262665e-07
-4.0786801491776714e-08
-1.6351959786220505e-08
5.391260771148154e-10
5.653872925392989e-10
-2.165510082363653e-08
-1.303973284905169e-08
-1.6218152154579002e-08
2.842170943040401e-14
2.0261570199409107e-15
1.0061396160665481e-16
4.440892098500626e-16
9.992007221626409e-15
2.220446049250313e-16
0.0
-2.220446049250313e-16
6.661338147750939e-16
4.3057251986056144e-08
-1.1419285073088759e-07
1.8455512673654084e-08
-2.683978372886031e-08
-1.5434886257992275e-08
-3.2003788508205844e-09
4.655335672509864e-08
2.5509297785220042e-08
-4.816982368538447e-09
-2.1760371282653068e-14
2.275957200481571e-15
-1.214306433183765e-16
-1.7763568394002505e-15
-5.773159728050814e-15
0.0
-2.220446049250313e-16
3.3306690738754696e-16
-5.551115123125783e-16
4.786962648495319e-08
9.12466191493877e-08
-6.561774235080975e-09
-1.3965307044117026e-07
-1.1852179082616487e-07
-2.039141033804981e-08
1.3318544844764801e-07
7.428880799409397e-08
7.370658750005532e-09
2.90878432451791e-14
-3.608224830031759e-15
1.7520707107365752e-16
2.220446049250313e-15
-2.220446049250313e-15
-6.661338147750939e-16
0.0
0.0
4.440892098500626e-16
-2.5309890450131434e-07
6.224064179605193e-07
-2.3344848898432247e-07
-4.859936808543353e-07
-4.0052830363457304e-07
-5.7166451350454395e-08
2.521857211945644e-07
1.414842181191034e-07
2.0845703829763806e-08
-3.108624468950438e-14
-3.3306690738754696e-16
-7.632783294297951e-17
-2.220446049250313e-15
4.440892098500626e-15
2.220446049250313e-16
2.220446049250313e-16
-1.887379141862766e-15
-4.440892098500626e-16
3.6244262346940564e-07
6.515273298646207e-08
3.182211094632237e-07
-1.5482372950348378e-07
-1.3257186637360974e-07
-1.0847192588592236e-08
4.7282115467339736e-07
2.6715852197156664e-07
3.817359583990765e-08
3.2862601528904634e-14
1.1657341758564144e-15
-2.7755575615628914e-17
9.71445146547012e-16
-4.440892098500626e-15
2.220446049250313e-16
2.220446049250313e-16
1.5681900222830336e-15
4.440892098500626e-16
1.0144722217830804e-06
-8.690954302892351e-07
8.906471062886112e-07
2.192735326644879e-09
2.020783540501725e-09
1.3311482471856095e-09
8.88416714417417e-07
5.088443399969833e-07
3.3118439546342415e-08
5.10702591327572e-15
-9.43689570931383e-16
5.551115123125783e-17
-5.551115123125783e-16
0.0
-1.1102230246251565e-16
-1.1102230246251565e-16
-4.440892098500626e-16
0.0
1.526626853376456e-06
-2.779700565724852e-06
1.4557530159109433e-06
-1.6183965279026324e-08
-6.752670422827123e-09
4.3371595204177993e-10
1.47204914568988e-06
8.671539299953678e-07
-7.475657071154274e-08
-3.68594044175552e-14
-2.498001805406602e-16
2.7755575615628914e-17
9.992007221626409e-16
2.6645352591003757e-15
0.0
2.220446049250313e-16
7.771561172376096e-16
8.881784197001252e-16
-1.2748689215413833e-08
1.4601528164348565e-07
-1.2939691984570343e-08
-1.372242941499735e-08
-2.6282096499130603e-09
6.926252349437333e-10
1.0479777046157324e-09
-1.0723242738208683e-08
9.93116699987695e-12
-1.5543122344752192e-15
2.8449465006019636e-15
5.551115123125783e-17
-1.9984014443252818e-15
-8.881784197001252e-16
-1.1102230246251565e-16
0.0
-1.5543122344752192e-15
0.0
-2.471899662737087e-08
4.475850801100023e-09
-1.5236356176728805e-08
-1.0574376929639584e-08
-1.1783933828724003e-09
5.883227793823664e-10
-4.8209649605723826e-09
-4.442531675863393e-09
-1.2962118600690076e-09
2.5757174171303632e-14
3.885780586188048e-16
-1.0668549377257364e-16
2.3314683517128287e-15
-8.881784197001252e-16
-1.1102230246251565e-16
1.1102230246251565e-16
1.1102230246251565e-15
-1.1102230246251565e-15
-1.6621610754441463e-09
-1.0763267255242681e-07
-7.681562053107882e-09
-6.771010419015511e-09
-6.234515126379847e-10
1.8607915208690429e-10
-8.710365761999128e-10
2.779527719098951e-09
-1.1681839939825522e-09
-2.708944180085382e-14
2.220446049250313e-16
6.938893903907228e-17
-1.1379786002407855e-15
4.440892098500626e-16
2.0816681711721685e-16
-2.7755575615628914e-16
-8.881784197001252e-16
0.0
2.548204847130364e-07
-2.5233550218217715e-06
3.3913498498350236e-07
-3.680424853769182e-09
2.8760638315361575e-10
-4.126590180675293e-10
3.4245800861754105e-07
1.7250307049465619e-07
-2.7613347697297286e-07
3.4861002973229915e-14
-3.83026943495679e-15
-1.3877787807814457e-17
-2.220446049250313e-16
4.440892098500626e-16
1.1102230246251565e-16
2.220446049250313e-16
-8.881784197001252e-16
4.440892098500626e-16
-7.182301060559837e-07
-1.8296050967592237e-06
-4.934558077707152e-07
-3.941355686265524e-09
5.803606484278134e-10
-1.1082237350024116e-09
-4.897505903045385e-07
-2.7540163038963783e-07
-2.983234566045212e-07
-1.554312234475219e-14
1.1657341758564144e-15
2.7755575615628914e-17
9.992007221626409e-16
-1.1102230246251565e-15
-2.220446049250313e-16
1.1102230246251565e-16
0.0
0.0
-1.194672194060331e-06
-1.7210583109772415e-06
-8.204236294773182e-07
-3.315047436558416e-08
-1.7125300288967082e-08
-6.7658977309648086e-09
-7.874245113725921e-07
-4.2632176366907965e-07
-3.462753852545575e-07
1.6209256159527285e-14
-1.6653345369377348e-16
0.0
-1.2212453270876722e-15
6.106226635438361e-16
2.220446049250313e-16
1.3877787807814457e-17
2.220446049250313e-15
3.3306690738754696e-16
-2.3264041871584595e-05
2.134873626857825e-05
-1.5419504599378797e-05
-1.61037689743182e-05
-1.0759190361753213e-05
-3.5442701209476013e-06
6.963732346321194e-07
4.14126851921992e-07
-8.088234437764184e-08
-2.9531932455029164e-14
-1.7208456881689926e-15
0.0
9.159339953157541e-16
4.440892098500626e-16
-2.220446049250313e-16
-4.440892098500626e-16
1.7763568394002505e-15
-8.881784197001252e-16
3.9932369304551685e-06
-3.4557160120129993e-06
3.353802910055492e-06
2.218610148929656e-06
1.4245869417450763e-06
4.583384178857841e-07
1.1430218034291784e-06
7.078913863978187e-07
-7.077844088598795e-09
-5.551115123125783e-15
2.220446049250313e-16
0.0
-1.0408340855860843e-15
0.0
1.1102230246251565e-16
2.220446049250313e-16
-4.440892098500626e-15
8.881784197001252e-16
3.4993723581067115e-06
-7.18087926543376e-06
1.6428050031436212e-06
6.956360891763325e-07
4.4747911509546157e-07
-3.3740055727093926e-07
9.598585331005438e-07
6.555539435737501e-07
-1.6785548950792872e-08
3.042011087472929e-14
9.71445146547012e-16
-1.1102230246251565e-16
6.661338147750939e-16
-8.881784197001252e-16
-4.440892098500626e-16
0.0
1.7763568394002505e-15
0.0
-2.5099908782522107e-06
-3.462166887402418e-06
-2.099108719733067e-06
-2.198261341845864e-06
-1.1573885312365917e-06
-3.351845663246422e-07
8.503210757737634e-08
2.138819716890339e-07
-1.2671755555970776e-07
-3.019806626980426e-14
1.8596235662471372e-15
0.0
1.3322676295501878e-15
7.771561172376096e-16
4.440892098500626e-16
0.0
1.7763568394002505e-15
0.0
-1.1829235404547944e-06
-1.0347518184516957e-06
-1.122191701341535e-06
-1.1141992288798974e-06
-5.72668662712772e-07
-1.4215564192454622e-07
-1.8276370639114248e-08
-1.0340896139382494e-08
-2.998011949806312e-09
3.1308289294429414e-14
1.6653345369377348e-15
0.0
-1.7763568394002505e-15
-1.9984014443252818e-15
0.0
0.0
-3.552713678800501e-15
0.0
7.211241381810396e-08
-4.783849476552859e-07
-1.3489507733055461e-08
-1.1643855657439417e-08
9.072987694480616e-09
-1.1588149106955825e-08
-1.8057431105944488e-09
1.8791119771321974e-09
1.3284828792592407e-10
-2.55351295663786e-14
-1.0547118733938987e-15
0.0
0.0
1.5543122344752192e-15
5.551115123125783e-17
0.0
1.7763568394002505e-15
4.440892098500626e-16
2.7154769099979603e-07
-2.5321141450262985e-07
1.84772975142522e-07
1.8607161766936997e-07
1.0714914178144852e-07
5.128171665091941e-09
-2.420363909294565e-09
9.538414502685555e-10
7.386544154108776e-11
1.509903313490213e-14
1.2490009027033011e-15
9.71445146547012e-17
5.551115123125783e-16
5.551115123125783e-16
0.0
4.440892098500626e-16
-8.881784197001252e-16
4.440892098500626e-16
-4.296154543226294e-08
-1.8116146804914024e-07
-7.443816052443708e-08
-7.336208085462204e-08
-4.2847133396861636e-08
-3.194971043285477e-08
-5.963312066370463e-09
-4.2240344555466436e-10
1.5142398446243988e-10
1.1213252548714081e-14
-3.191891195797325e-15
-5.551115123125783e-17
-2.220446049250313e-16
-8.881784197001252e-16
-2.7755575615628914e-17
-8.881784197001252e-16
1.7763568394002505e-15
3.885780586188048e-16
5.440570305381698e-08
-2.6115392870451615e-07
-9.028887859585666e-09
-3.0509426096614334e-09
-8.842349075166567e-11
-2.8598741153018636e-08
-8.879071700107488e-09
2.635804463579916e-09
3.870224141167e-10
-9.992007221626409e-15
1.762479051592436e-15
-1.1102230246251565e-16
8.881784197001252e-16
8.881784197001252e-16
2.220446049250313e-16
1.7763568394002505e-15
2.1094237467877974e-15
-7.771561172376096e-16
-2.82353830982629e-07
1.597107370798767e-07
-2.1398416905071826e-07
-1.9750584812072702e-07
-1.0639148229074637e-07
1.3708580937077388e-08
-9.297178138467643e-09
9.581777149492154e-09
6.304006205937185e-10
-1.4432899320127035e-14
2.0122792321330962e-16
0.0
-1.1102230246251565e-15
0.0
0.0
-2.220446049250313e-15
-2.886579864025407e-15
-1.1102230246251565e-15
6.548771636971651e-06
-1.417972953277058e-06
5.349919177888296e-06
5.3564670920991375e-06
3.003324849260025e-06
5.04395419653747e-07
-1.3886289451647826e-08
1.3696064726786972e-08
5.170652794816988e-10
