0.0
3.83026943495679e-15
-7.216449660063518e-16
3.3306690738754696e-16
1.7763568394002505e-15
5.551115123125783e-16
1.5265566588595902e-15
-8.881784197001252e-16
-4.440892098500626e-16
-7.216863991743593e-06
7.789180017425679e-06
-6.580704052794317e-06
4.895800245208193e-07
9.932826827707685e-08
1.8513091504246404e-08
-7.051016744696881e-06
-4.322892127817113e-06
-4.5178953911317876e-08
-2.220446049250313e-16
-4.385380947269368e-15
0.0
1.3322676295501878e-15
6.661338147750939e-16
-1.1102230246251565e-16
-2.220446049250313e-16
-1.5543122344752192e-15
4.440892098500626e-16
3.4160958222173576e-06
-1.75694651716185e-07
2.4095201780482967e-06
6.499211835375718e-08
4.537146836014472e-08
1.2152891581962422e-08
2.32151495183075e-06
9.845076966996658e-07
3.4267957360611945e-07
8.881784197001252e-16
6.6058269965196814e-15
-1.1102230246251565e-16
-4.718447854656915e-16
8.951173136040325e-16
0.0
0.0
4.440892098500626e-16
0.0
-4.5867638789331985e-06
7.41323486863621e-06
-4.546956084539033e-06
1.1054044790625994e-08
6.179165623620975e-09
3.7706371358581237e-10
-4.615572400723522e-06
-2.852637093653243e-06
4.456246927020402e-08
-4.440892098500626e-16
3.939903958638524e-14
5.144218384600663e-13
8.393286066166183e-14
-7.271960811294775e-13
-6.689648834878881e-13
2.0594637106796654e-13
-5.435651928564766e-13
5.111466805374221e-13
-3.331481227775157e-06
8.509349868290883e-06
-4.0003125594267885e-06
6.3810325912072585e-09
3.7198724101017437e-09
1.8142982671776053e-09
-4.009262678295045e-06
-2.595755374201758e-06
2.6558203458648677e-07
-3.3306690738754696e-15
-2.203098814490545e-15
2.7755575615628914e-17
-3.9963692077815693e-16
-4.440892098500626e-16
0.0
-3.7136960173711486e-14
4.440892098500626e-15
0.0
-1.4538646553319268e-06
1.1042686992368544e-05
-3.1939551572435217e-06
1.0805434769167732e-08
-8.154223962719698e-10
2.577412505644361e-09
-3.1977221368606475e-06
-2.4420709312522604e-06
5.524617030516765e-07
-1.3322676295501878e-15
-6.8833827526759706e-15
5.551115123125783e-17
-1.7208456881689926e-15
-7.327471962526033e-15
8.881784197001252e-16
-4.585221091701897e-13
-6.217248937900877e-15
4.440892098500626e-15
3.657879872775993e-06
1.6422963994955353e-05
-3.276754991787811e-07
7.07382952214175e-09
-1.6127419399936116e-09
-8.812230944954536e-10
-3.4266604842514425e-07
-1.5661938750355375e-06
1.3536558221005635e-06
3.1530333899354446e-14
5.6066262743570405e-15
-1.1102230246251565e-16
0.0
3.9968028886505635e-15
7.882583474838611e-14
4.440892098500626e-16
1.7763568394002505e-15
-1.7763568394002505e-15
1.838097792017379e-05
2.250174031814822e-05
9.567754302608478e-06
6.537550163443484e-07
2.6208761116919277e-07
-3.9751636649043576e-08
8.903308840402246e-06
2.2233403194071855e-06
3.3297110881846947e-06
1.5543122344752192e-15
-3.7192471324942744e-15
1.1102230246251565e-16
6.661338147750939e-16
-9.992007221626409e-16
0.0
-4.440892098500626e-16
-8.881784197001252e-16
2.6645352591003757e-15
5.82976824148318e-06
-2.488356528829172e-06
4.956289117785673e-06
5.944552228243083e-08
7.694632664367873e-08
-5.8429037608220824e-08
4.8379299926182284e-06
2.771248844624097e-06
9.905532923001892e-07
0.0
6.022959908591474e-15
2.6020852139652106e-17
-4.440892098500626e-16
-1.3322676295501878e-15
-4.440892098500626e-16
-8.881784197001252e-16
2.6645352591003757e-15
8.881784197001252e-16
-2.2275371804880706e-06
-1.0869346738218155e-06
-1.9098332302291965e-06
-1.8374839925172635e-06
-1.0020506966412768e-06
-2.3216201583409204e-07
-5.25309920007544e-08
1.2952880545924472e-08
4.667005559788606e-09
3.1086244689504383e-15
-4.0870085094013575e-15
-1.1796119636642288e-16
4.440892098500626e-16
1.7763568394002505e-15
0.0
8.881784197001252e-16
0.0
-8.881784197001252e-16
-6.552679963078845e-07
-1.084452378563583e-06
-6.284885643026428e-07
-5.575842187965918e-07
-2.771784073374306e-07
-9.55099750399313e-08
-3.973257811651366e-08
1.776479852111379e-09
2.6646596040791337e-10
-4.218847493575595e-15
2.7200464103316335e-15
6.938893903907228e-17
-4.440892098500626e-16
2.1163626406917047e-16
0.0
-1.7763568394002505e-15
6.217248937900877e-15
2.4424906541753444e-15
8.670254061371452e-07
-1.2755099874084408e-06
6.065063864468812e-07
6.423346565753718e-07
4.05790137048001e-07
7.721084216427698e-09
-1.849257458275133e-08
-3.064683617992614e-09
-7.746145946896377e-10
1.127986593019159e-13
-5.154210391822289e-14
-5.065392549852277e-14
-2.4424906541753444e-14
3.717026686445024e-13
8.72635297355373e-14
1.4566126083082054e-13
-1.8207657603852567e-14
-3.419486915845482e-14
-3.1725744520372245e-07
-5.885030844865469e-07
-3.6477710985138856e-07
-3.595609534556843e-07
-2.1030277341793635e-07
-1.2582059127907996e-07
-2.10213002560522e-09
-8.463507228384515e-09
-1.7049919254219503e-09
1.5543122344752192e-15
-2.7200464103316335e-15
-2.7755575615628914e-17
-4.440892098500626e-16
6.661338147750939e-16
-1.6653345369377348e-16
1.7763568394002505e-15
-3.774758283725532e-15
-1.3322676295501878e-15
-2.715881350923155e-07
-4.778285545015137e-07
-3.2751548406650954e-07
-3.457092052627786e-07
-2.032178985089672e-07
-1.1833881785605627e-07
2.019663636332325e-08
-1.896422574532153e-09
-9.669423040037373e-10
-2.220446049250313e-16
-1.0547118733938987e-15
-2.7755575615628914e-17
6.661338147750939e-16
-8.881784197001252e-16
-2.7200464103316335e-15
-7.549516567451064e-15
4.65599780952175e-15
4.440892098500626e-16
2.480866641008106e-07
-4.440921763659844e-07
1.3892682382277144e-07
1.1594497806299842e-07
6.011132036576328e-08
-5.30458663661193e-08
2.5588573926427216e-08
1.1379758468876844e-08
6.920743977900656e-10
-3.552713678800501e-15
1.4710455076283324e-15
-5.551115123125783e-17
2.220446049250313e-16
1.3322676295501878e-15
-2.7755575615628914e-16
-1.7763568394002505e-15
-4.218847493575595e-15
4.440892098500626e-16
7.14142686319974e-07
-5.032526289028283e-07
5.608218054398151e-07
5.297247360758206e-07
2.9624931840999125e-07
1.6146941561601125e-09
3.286915806199886e-08
2.8299074195103913e-08
2.571904356152288e-09
6.661338147750939e-16
3.747002708109903e-15
-5.551115123125783e-17
-2.220446049250313e-16
-7.771561172376096e-16
4.107825191113079e-15
3.9968028886505635e-15
-5.773159728050814e-15
4.440892098500626e-16
7.190422302016941e-07
-6.329867403565004e-07
5.923532926388475e-07
5.436069914210861e-07
3.074026331262303e-07
1.6148362647072645e-09
4.94089160696376e-08
5.512011824748697e-08
6.565750720888275e-09
-7.993605777301127e-15
-4.746203430272544e-15
4.440892098500626e-16
0.0
-1.1102230246251565e-16
-2.7755575615628914e-17
-1.1102230246251565e-15
1.2878587085651816e-14
8.881784197001252e-16
5.767667019540568e-07
-8.027181195302546e-07
4.797403134748635e-07
3.9821590025468373e-07
2.3087283196332464e-07
-2.274724408835027e-08
8.151888586382938e-08
9.146300494755621e-08
1.3573590251780843e-08
6.772360450213455e-15
6.38378239159465e-16
0.0
2.220446049250313e-16
7.771561172376096e-16
6.38378239159465e-16
-6.661338147750939e-16
-1.1546319456101628e-14
-1.3322676295501878e-15
6.556391687340124e-07
-9.668339941981685e-07
5.061548979112818e-07
3.538975041905701e-07
2.0987092419488818e-07
-3.042205776182527e-08
1.5282281129458397e-07
1.435427436358161e-07
2.1554846463267552e-08
-7.771561172376096e-16
1.8388068845354155e-16
1.1102230246251565e-16
0.0
9.43689570931383e-16
-1.790234627208065e-15
2.2870594307278225e-14
-3.730349362740526e-14
-1.0658141036401503e-14
8.947369272149786e-07
-8.271871934084629e-07
6.490216981624997e-07
4.585216730745856e-07
2.67042794988015e-07
-3.2319746878783917e-10
1.921304049190553e-07
1.3252290109733167e-07
1.199651494809828e-08
2.1094237467877974e-15
7.9432987964978e-15
1.2601031329495527e-14
3.375077994860476e-14
2.881028748902281e-14
3.2154834350706096e-14
2.55351295663786e-14
-4.440892098500626e-15
-4.440892098500626e-16
4.1918539750440686e-07
-8.610774671069521e-08
2.9543633406348135e-07
2.165729684477924e-07
1.236438027518716e-07
-8.888292768460815e-09
8.032007769998017e-08
-4.641296413865348e-08
-1.623325418531607e-08
-3.219646771412954e-15
-4.440892098500626e-16
0.0
2.220446049250313e-16
-9.992007221626409e-16
1.446325698095663e-16
4.145989107584569e-15
4.440892098500626e-15
4.440892098500626e-16
-9.647205807539194e-07
5.03879988400513e-07
-7.279587714847935e-07
-6.981619020685059e-07
-4.007489149415733e-07
-1.3309821156326507e-07
-3.032150575066339e-08
-1.759342316276502e-07
-2.3556434691762718e-08
2.220446049250313e-15
-3.3584246494910985e-15
5.551115123125783e-17
-6.661338147750939e-16
-5.828670879282072e-16
8.795048023202412e-16
-7.771561172376096e-16
-4.440892098500626e-15
4.440892098500626e-16
-2.254753880492899e-06
1.9242884263803717e-07
-1.7275448414011407e-06
-1.6266726361457984e-06
-9.475828921523544e-07
-2.954998237214568e-07
-1.0343291290126899e-07
-1.494010390956646e-07
-1.2533919097057478e-08
-2.220446049250313e-15
6.4254157550180935e-15
-3.251565683370927e-14
-9.792167077193881e-14
1.3239409568654992e-14
-6.713553324377841e-14
9.703349235223868e-14
1.7763568394002505e-15
-6.394884621840902e-14
-2.6682983431669527e-06
-7.354633737577387e-07
-2.066296296732162e-06
-1.9486185518502452e-06
-1.1796552570331187e-06
-4.0001327761274297e-07
-1.204828725676066e-07
-5.195590624396118e-08
7.490225106820958e-10
-1.7763568394002505e-15
2.7478019859472624e-15
-1.5265566588595902e-16
6.661338147750939e-16
5.551115123125783e-16
8.326672684688674e-16
3.3306690738754696e-15
3.552713678800501e-15
-3.3306690738754696e-16
-1.957458742651852e-06
-1.2342490478545187e-06
-1.513487820403725e-06
-1.457901443568943e-06
-9.115842853901768e-07
-3.602296345661671e-07
-5.812133796467833e-08
2.4057893455164958e-08
6.711687761118412e-09
3.552713678800501e-15
-3.885780586188048e-16
2.220446049250313e-16
4.440892098500626e-16
-4.440892098500626e-16
-7.216449660063518e-16
-2.220446049250313e-16
-8.881784197001252e-16
-2.220446049250313e-16
3.0026949104922096e-07
-8.606887575979272e-07
2.470802566989505e-07
2.500249740577942e-07
1.2029157847592842e-07
-3.324205977150996e-08
-5.641423328484052e-09
5.173490436050088e-08
7.167936688645682e-09
-2.020605904817785e-14
-4.697631172945194e-13
9.43689570931383e-15
3.255173908200959e-13
6.572520305780927e-14
-6.195044477408373e-14
3.5083047578154947e-14
3.175237850427948e-14
8.815170815523743e-14
1.5398690038637142e-06
-2.0054068627928245e-08
1.3150489763802398e-06
1.3640303908601936e-06
7.762749676398784e-07
2.307500324150169e-07
-5.2778982073675706e-08
-4.971866474079434e-09
2.305551083381374e-09
-6.8833827526759706e-15
5.194733532221107e-13
1.3877787807814457e-16
-1.1940448629843559e-13
-2.6645352591003757e-14
6.661338147750939e-16
1.7590096046404824e-15
0.0
2.0650148258027912e-14
3.084447399714918e-07
3.4394722980835013e-07
4.102610606793178e-07
4.577765455593408e-07
2.6646096884519466e-07
7.280868885573e-08
-5.099586553036772e-08
-4.969677469546241e-08
-2.7621019915713414e-09
8.881784197001252e-16
-1.6375789613221059e-15
-2.498001805406602e-16
-6.245004513516506e-16
-8.881784197001252e-16
-4.440892098500626e-16
-4.440892098500626e-16
-8.881784197001252e-16
1.1102230246251565e-16
1.7854848977094662e-07
-2.700138423961107e-07
9.514737620008873e-08
1.0506853342917566e-07
6.90028461036718e-08
-9.134950573752575e-10
-4.678877285613226e-09
-1.4129898140424757e-08
-7.733866380643661e-09
1.7763568394002505e-15
1.8318679906315083e-15
1.3877787807814457e-16
0.0
4.440892098500626e-16
0.0
1.609823385706477e-15
2.220446049250313e-15
-1.3877787807814457e-16
2.433264967294235e-07
-4.899416090609066e-07
8.167249321289205e-08
1.5126591712544268e-07
8.787520044961639e-08
2.19447429117281e-08
-6.194630408629109e-08
-1.0721126209034537e-08
-7.332731699616346e-09
4.6629367034256575e-15
1.5848988788036422e-12
1.7291723608536813e-14
6.987743716990735e-13
-5.861977570020827e-14
4.1744385725905886e-13
-1.220135104063047e-13
4.2299497238218464e-14
2.2470914018413168e-13
-3.405517929877533e-07
-3.612655063989223e-08
-2.7778241573628293e-07
-2.8094470394535165e-07
-1.5885797566284054e-07
-5.716307782677176e-08
4.128218433763209e-09
7.2189223487839635e-09
3.0592464117518148e-09
6.661338147750939e-16
-1.7491008641457029e-12
1.1102230246251565e-16
-3.6148861681795097e-13
5.329070518200751e-15
-3.170796958329447e-13
2.4868995751603507e-14
-7.993605777301127e-15
-2.8199664825478976e-14
-1.651710874739365e-07
1.2142572813900188e-07
-1.1984894499050824e-07
-1.3600898896015678e-07
-7.429287585125621e-08
-3.0741595935523947e-08
1.8177871652369504e-08
4.907658279762473e-09
1.7761792037163104e-11
-3.9968028886505635e-15
-4.0245584642661925e-15
-1.0408340855860843e-16
0.0
-6.217248937900877e-15
0.0
3.1086244689504383e-15
2.4424906541753444e-15
4.440892098500626e-16
1.1663975669762294e-06
-6.662316422989534e-07
7.995909516722577e-07
-2.1327242194502105e-09
-4.4703539758828015e-09
-1.668360782858258e-09
8.028252658220936e-07
5.024192333280553e-07
4.627158922687613e-08
-2.6645352591003757e-15
7.150530167976399e-15
2.7755575615628914e-17
4.440892098500626e-16
4.440892098500626e-15
-1.3322676295501878e-15
7.771561172376096e-16
-2.220446049250313e-15
0.0
2.7326326801357936e-07
-2.96627831630758e-07
1.996338099274908e-07
-1.4707914886002982e-09
4.682232379593643e-11
-7.971527882233431e-10
2.0008623025091765e-07
1.3895416373088665e-07
1.9469256429260895e-08
-4.6629367034256575e-15
-4.912736883966318e-15
-1.3239409568654992e-14
-4.014566457044566e-13
-3.552713678800501e-15
-2.6645352591003757e-15
-1.340039190722564e-13
7.605027718682322e-14
-1.6497914145929826e-13
1.724279599102374e-07
-2.611788545436866e-07
1.1974178448781458e-07
-7.112417321764042e-10
1.0455381560525723e-09
-4.2492553919970533e-10
1.2075161848201788e-07
8.478442481418824e-08
7.764423770595386e-09
4.6629367034256575e-15
5.273559366969494e-16
-9.71445146547012e-17
1.3322676295501878e-15
2.6645352591003757e-15
2.55351295663786e-15
-1.3322676295501878e-15
-1.9984014443252818e-15
0.0
-1.8683209646042087e-08
-2.9444584015436703e-07
-4.3978140240596986e-08
-5.315001772032701e-10
2.0510793063976962e-10
-4.0977476967185567e-10
-4.361542949027353e-08
-7.882249519752804e-09
-1.5950580412038562e-08
2.886579864025407e-15
9.992007221626409e-16
1.249000902703301e-16
0.0
-8.881784197001252e-16
-2.9976021664879227e-15
2.4424906541753444e-15
-7.771561172376096e-16
0.0
-6.57680985227671e-08
-2.825641161052772e-07
-7.67179928473638e-08
-3.5199398951135663e-10
-2.9242563925890863e-10
-7.2372330350845e-11
-7.653837030829891e-08
-2.8241810667850586e-08
-2.059977699531146e-08
-2.042810365310288e-14
-5.440092820663267e-15
2.8033131371785203e-15
-4.440892098500626e-16
-4.718447854656915e-15
3.1086244689504383e-15
4.218847493575595e-14
-9.592326932761353e-14
-6.38378239159465e-14
-4.801942754539823e-08
-2.920107249337889e-07
-5.6279890081611945e-08
5.67919045124654e-11
-2.581312941174474e-10
4.860285507390927e-10
-5.666741920151707e-08
-1.706609964458039e-08
-1.8311157146122525e-08
5.551115123125783e-15
2.3037127760972e-15
0.0
0.0
5.10702591327572e-15
-3.1086244689504383e-15
0.0
1.887379141862766e-15
-3.552713678800501e-15
-3.459469377631308e-08
-3.0229125513869803e-07
-4.0488873143118553e-08
9.96688953591729e-10
3.148423743937201e-10
9.171183812384243e-10
-4.1417013818545456e-08
-9.501516018417533e-09
-1.7099494264982695e-08
9.103828801926284e-15
5.551115123125783e-16
3.802513859341161e-15
-1.3322676295501878e-15
-4.218847493575595e-15
2.6645352591003757e-15
-8.881784197001252e-16
-2.886579864025407e-15
7.771561172376096e-16
-2.004440302627586e-08
-3.0245766424741305e-07
-2.3133109205986102e-08
5.161195915093231e-09
3.801749137721799e-09
1.113476644221123e-09
-2.8255300321688992e-08
-4.360730443409011e-09
-1.5859248136962378e-08
1.7763568394002505e-15
-1.7277845820728999e-15
3.608224830031759e-16
2.220446049250313e-15
1.2434497875801753e-14
-2.220446049250313e-15
4.440892098500626e-16
-2.220446049250313e-16
-4.440892098500626e-16
2.242520658057856e-08
-3.024230679216089e-07
1.6681337200452617e-08
1.8767535081565256e-08
1.6139118930169616e-08
2.2566202240170696e-09
-1.942748184546872e-09
7.095565912607071e-09
-1.2552607842053476e-08
3.3306690738754696e-15
4.711508960753008e-15
-1.3877787807814457e-16
0.0
-1.021405182655144e-14
0.0
3.26405569239796e-14
1.9984014443252818e-15
6.106226635438361e-16
-5.826801796615655e-08
-1.709818064909996e-07
-4.398627329038618e-08
-5.245362011407906e-08
-4.263618880173681e-08
-8.620712144136178e-09
8.824365238524479e-09
9.93358217904472e-09
-1.0737988276332544e-08
-6.217248937900877e-15
-3.71057351511439e-15
-1.1102230246251565e-16
-3.3306690738754696e-15
-4.440892098500626e-15
8.881784197001252e-16
-2.220446049250313e-16
4.440892098500626e-16
-5.551115123125783e-16
-8.896240899503027e-08
-9.854694837940768e-08
-6.272492569792122e-08
-6.210387759608693e-08
-5.040996686744847e-08
-7.057345596805931e-09
-5.165023964082138e-10
1.422357343017211e-09
-1.2232760582264746e-08
2.886579864025407e-15
-1.4398204850607499e-15
1.942890293094024e-16
-2.4424906541753444e-15
1.7763568394002505e-15
4.440892098500626e-16
0.0
-4.996003610813204e-16
2.220446049250313e-16
-9.27002652417741e-08
-2.6213356818516328e-08
-7.512018029842693e-08
-3.920150160041658e-08
-3.106894830295914e-08
-2.688510303272551e-09
-3.583475205459763e-08
-2.3821510097832288e-08
-1.8861662454128236e-08
5.10702591327572e-15
9.935524625248604e-13
2.9688057567867077e-14
1.199040866595169e-13
2.4868995751603507e-14
-9.103828801926284e-15
-6.505906924303417e-14
-1.1136924715771102e-14
6.128431095930864e-14
-4.568174816199644e-08
-6.027401866504078e-08
-3.523505731628518e-08
-1.9053772781774114e-08
-1.425254314568747e-08
1.358519963190474e-10
-1.5742005032848283e-08
-1.1890875839526416e-08
-1.5207326953259326e-08
-1.0658141036401503e-14
-1.0011991236069662e-12
4.649058915617843e-16
-2.886579864025407e-14
-3.552713678800501e-15
1.176836406102666e-14
-2.220446049250313e-16
-1.1657341758564144e-15
-2.220446049250313e-16
-1.7834790089210628e-08
-8.71004033342615e-08
-1.5568609068594697e-08
-1.1640022279379991e-10
4.7339909770016675e-12
2.505038954048189e-10
-1.5520312146577453e-08
-1.1078878259240808e-08
-1.4178013429955172e-08
-1.84297022087776e-14
-2.42861286636753e-15
-5.273559366969494e-16
3.9968028886505635e-15
2.6645352591003757e-15
-2.220446049250313e-16
2.220446049250313e-16
-7.771561172376096e-16
1.1102230246251565e-15
-6.9648209422013e-09
-8.377743654364168e-08
-4.2648693465707765e-09
-1.304867325302439e-10
-7.02105040772949e-11
8.664869932673014e-10
-4.163775990662089e-09
-4.387207042100271e-09
-1.218562317717442e-08
2.220446049250313e-15
5.23192600354605e-15
-2.7755575615628914e-17
-1.5543122344752192e-15
1.7763568394002505e-15
-2.220446049250313e-16
-1.1102230246251565e-16
1.3322676295501878e-15
-6.661338147750939e-16
-8.306464849283657e-09
-8.136527629432067e-08
-5.239813916091407e-09
4.092424177315479e-10
4.427445077226366e-10
1.4540862958156708e-09
-5.8379217016124585e-09
-4.838611289414985e-09
-1.1609188277361682e-08
6.8833827526759706e-15
-2.4841240175987878e-15
4.440892098500626e-16
-6.661338147750939e-16
-2.220446049250313e-15
-2.220446049250313e-16
-2.220446049250313e-16
-1.1102230246251565e-15
1.2212453270876722e-15
1.4107865098367254e-08
-7.763986431541525e-08
1.433455132371364e-08
1.0101093295133978e-09
7.838565352358273e-10
8.491023439916036e-10
1.3125523445900455e-08
6.24815932326328e-09
-8.220240488299169e-09
-7.327471962526033e-15
-2.914335439641036e-16
1.1102230246251565e-16
6.661338147750939e-16
4.440892098500626e-16
1.1102230246251565e-16
2.220446049250313e-16
2.886579864025407e-15
-3.552713678800501e-15
2.2665897603246776e-08
-7.666054813171286e-08
2.2658962706145758e-08
4.7739163733240275e-09
3.375527413140844e-09
-2.213373928583451e-10
1.781168190717608e-08
9.305614057097955e-09
-6.894751436448132e-09
-3.9968028886505635e-15
1.85268467234323e-15
-1.942890293094024e-16
1.1657341758564144e-15
-6.938893903907228e-17
0.0
0.0
2.220446049250313e-16
2.7200464103316335e-15
4.820776666747406e-08
-8.762282277530176e-08
4.4022836931389975e-08
1.6767745414369983e-08
1.1022407875316276e-08
3.740562748433263e-09
2.7315445905173874e-08
1.4948741078324446e-08
-5.343977704796998e-09
-2.0872192862952943e-14
4.685488108613356e-15
4.912736883966318e-15
-9.492406860545088e-15
-3.219646771412954e-15
5.412337245047638e-16
-6.550315845288424e-14
-4.75175454539567e-14
-5.895284260759581e-14
1.8261995293755717e-07
-2.577386908342305e-07
1.3040121871199517e-07
1.1190736026733816e-07
7.640749588588847e-08
2.458447401210151e-08
1.8440941218500484e-08
1.0253399018722575e-08
-7.480366548406892e-09
-5.10702591327572e-15
-4.2674197509029455e-15
5.551115123125783e-17
3.552713678800501e-15
-6.106226635438361e-16
8.704148513061227e-14
-2.220446049250313e-16
4.440892098500626e-16
6.661338147750939e-16
-1.5126578034596605e-07
9.286902979965816e-08
-8.765877623773122e-08
-1.198505881205847e-07
-8.088321923338526e-08
-2.6366522298815198e-08
3.245156321440845e-08
1.8305644999827564e-08
-6.252463435885147e-09
7.993605777301127e-15
-5.412337245047638e-16
-2.0594637106796654e-14
-1.1102230246251565e-15
-5.551115123125783e-16
0.0
5.10702591327572e-15
8.881784197001252e-16
6.661338147750939e-16
2.760534556500716e-08
-1.7604378399482812e-08
4.280077803286986e-08
-1.160681539769115e-08
-1.0462800403843175e-08
-4.5502064338620585e-09
5.459745722191655e-08
3.173673235323804e-08
-4.0773784348857584e-10
-6.217248937900877e-15
2.8033131371785203e-15
8.326672684688674e-17
4.440892098500626e-16
2.220446049250313e-16
-3.3306690738754696e-16
1.1102230246251565e-16
1.3322676295501878e-15
-8.881784197001252e-16
4.139691611726448e-08
-5.1008813173325513e-08
5.445688167071694e-08
1.4618557475643001e-09
-4.876796744213152e-10
5.899036814582814e-10
5.2928609051150495e-08
3.234591261502828e-08
6.24034157681308e-10
8.881784197001252e-15
-2.040034807748725e-15
0.0
-2.4424906541753444e-15
9.992007221626409e-16
3.885780586188048e-16
0.0
8.881784197001252e-16
-8.881784197001252e-16
4.613836779299163e-08
-6.624433979141031e-08
6.19554114678067e-08
-3.752649746502357e-09
-1.1521361642508057e-09
-9.837943792945225e-10
6.649301909078531e-08
4.2599975103030374e-08
4.167631573182007e-09
-3.1086244689504383e-15
3.899658373995862e-15
-2.7755575615628914e-17
0.0
2.1094237467877974e-15
0.0
4.440892098500626e-16
0.0
0.0
-3.261773251495015e-08
-3.5417443200458365e-08
-2.94095059416577e-09
8.587061728348999e-09
4.740934755886883e-09
1.855326559052628e-09
-1.2790611125801377e-08
-1.3136656207279884e-09
-7.506912425014889e-09
5.329070518200751e-15
-5.329070518200751e-15
5.551115123125783e-17
1.9984014443252818e-15
-3.608224830031759e-15
-2.220446049250313e-16
-4.440892098500626e-16
-6.217248937900877e-15
-4.440892098500626e-16
-6.362427029671381e-09
-3.538283621651317e-08
-4.190553681837628e-09
-2.4761988015598035e-09
3.824185412781844e-10
-1.0187264365413284e-09
-2.450473379767004e-09
1.9038015608430214e-10
-2.274270771707165e-10
-1.4654943925052066e-14
4.3576253716537394e-15
0.0
-2.220446049250313e-16
1.0200174038743626e-15
-2.220446049250313e-16
-4.440892098500626e-16
4.440892098500626e-15
-2.6645352591003757e-15
7.63118634949933e-09
-9.193217920255847e-08
-7.3120425270190034e-09
-7.891038933394157e-09
-1.1009841927034358e-09
-7.296584669802541e-09
1.1803469313065307e-10
-3.5213698623692835e-10
1.0180767340273178e-10
-4.440892098500626e-15
-4.08006961549745e-15
1.0477729794899915e-14
-7.327471962526033e-15
1.6486811915683575e-14
0.0
1.1102230246251565e-14
1.7763568394002505e-15
1.7763568394002505e-15
-2.48258942292523e-08
-8.815307417364693e-08
-3.539472004376876e-08
-3.512808710581794e-08
-2.0604474570973252e-08
-1.4637109302384488e-08
-2.247091401841317e-12
1.4562662187245223e-10
3.210479104787112e-11
7.327471962526033e-15
9.575673587391975e-16
-5.551115123125783e-17
2.0650148258027912e-14
-2.7144952952085077e-14
1.1102230246251565e-16
-1.3322676295501878e-15
-3.552713678800501e-15
-1.5543122344752192e-15
-4.281433518826816e-08
-5.91327939947206e-08
-4.460117608573455e-08
-4.46063044279299e-08
-2.6596955748914294e-08
-1.2012662864435697e-08
4.255840124756105e-10
5.330598185082636e-10
3.278088911429222e-11
5.995204332975845e-15
-2.6922908347160046e-15
2.7755575615628914e-17
-8.881784197001252e-16
3.191891195797325e-16
2.220446049250313e-16
-2.220446049250313e-15
4.884981308350689e-15
-8.881784197001252e-16
-1.664895421527035e-08
-2.5236179368448575e-08
-1.9556983588131516e-08
-2.1289986662509364e-08
-1.2825760009604892e-08
-5.314845452630834e-09
1.9863266587094586e-09
3.1159697044813583e-10
6.293676690916072e-11
-3.3306690738754696e-15
2.6506574712925612e-15
4.163336342344337e-17
2.220446049250313e-16
-1.6653345369377348e-15
5.551115123125783e-17
3.552713678800501e-15
-1.1324274851176597e-14
2.4424906541753444e-15
-4.060304092945444e-09
-8.211078039721542e-09
-5.2511652803843845e-09
-6.089130089037554e-09
-3.794724534600391e-09
-1.2733352150462451e-09
9.973470938007267e-10
-7.583622618767549e-11
-6.556089005016474e-12
-1.176836406102666e-14
1.249000902703301e-16
2.7755575615628914e-17
-2.220446049250313e-16
1.6653345369377348e-15
-1.3877787807814457e-16
0.0
4.773959005888173e-15
0.0
-1.760476919798748e-08
-1.1424312162944261e-08
-1.4230116585078887e-08
-1.416136719001315e-08
-7.992934314415834e-09
-2.3109620883587922e-09
4.806821607417078e-11
1.7787726847018348e-10
-6.469336177872265e-11
2.2648549702353193e-14
4.232725281383409e-15
0.0
0.0
-9.992007221626409e-16
-2.0816681711721685e-17
-1.5543122344752192e-15
3.219646771412954e-15
-6.661338147750939e-16
-4.324148861201138e-08
-1.8726225903265004e-08
-3.686090721544133e-08
-3.721511454557458e-08
-2.126742693064898e-08
-6.693859688766678e-09
3.9534597817691974e-10
9.238920739562673e-11
1.124456083800851e-11
-1.354472090042691e-14
-2.1788126858268697e-15
-5.551115123125783e-17
0.0
9.992007221626409e-16
-2.0860049798621105e-16
2.886579864025407e-15
-4.440892098500626e-16
0.0
-4.964517330563467e-08
-1.63302331657178e-08
-4.3297211926862644e-08
-4.363049832534216e-08
-2.5485567434202494e-08
-8.056041167492367e-09
3.0250291160882625e-10
-5.910045786094997e-10
1.1305523184290678e-10
-8.104628079763643e-15
-2.0539125955565396e-15
3.4416913763379853e-15
3.930189507173054e-14
1.3489209749195652e-14
-1.84297022087776e-14
-1.0880185641326534e-14
-2.708944180085382e-14
4.241051954068098e-14
-1.5385543505885835e-08
-1.63829554367112e-08
-1.2828706513756673e-08
-1.2798096804544912e-08
-7.991509676230635e-09
-3.4040965601889184e-09
-4.1749892432108027e-10
-3.8675729285841953e-11
8.362721626298253e-11
9.992007221626409e-15
-5.368969158148218e-16
1.1102230246251565e-16
-3.3306690738754696e-15
-6.106226635438361e-16
8.604228440844963e-16
-2.220446049250313e-16
1.8207657603852567e-14
-2.220446049250313e-16
5.843391992499392e-08
-2.2658767306893424e-08
4.889489368942179e-08
4.8673210351068974e-08
2.7157785353892905e-08
4.946194565036421e-09
1.9060841793816508e-10
1.1375766995058711e-09
-3.7905234506752095e-12
-8.881784197001252e-16
-1.304512053934559e-15
1.6653345369377348e-16
0.0
5.273559366969494e-16
-2.220446049250313e-16
-2.886579864025407e-15
7.105427357601002e-15
-8.881784197001252e-16
1.1731788429614198e-07
-2.8830129394918913e-08
9.702552983270607e-08
9.729689143256337e-08
5.4762697487831247e-08
1.0539920936025737e-08
-2.1970247843228208e-10
3.032092354970928e-10
-1.1300460567298387e-10
1.7763568394002505e-15
-2.9976021664879227e-15
-5.551115123125783e-17
0.0
-1.0824674490095276e-15
-1.3877787807814457e-15
6.439293542825908e-15
2.6645352591003757e-15
4.440892098500626e-16
9.311412085821758e-08
-4.010870213733142e-08
7.879888386241873e-08
8.031842924083321e-08
4.472788894815949e-08
6.665281659934408e-09
-1.5443535339443315e-09
-6.058442636458494e-10
-1.368318791605816e-10
1.3322676295501878e-15
1.970645868709653e-15
-7.438494264988549e-15
8.43769498715119e-15
-8.229528170033973e-15
8.271161533457416e-15
-3.652633751016765e-14
-8.881784197001252e-15
4.440892098500626e-16
7.13217929160237e-10
-4.208124693150239e-08
6.304961885916782e-09
6.764471649489679e-09
2.433541368418446e-09
-4.3331453980499646e-09
-6.303972899246446e-10
-9.433036574080234e-10
-2.9648059007847394e-10
3.552713678800501e-15
1.457167719820518e-15
0.0
0.0
3.8566372317916375e-14
8.049116928532385e-16
5.773159728050814e-15
1.7763568394002505e-15
2.220446049250313e-16
-6.445986144854032e-08
-3.314405461196657e-08
-4.373521811373848e-08
-4.411117826563782e-08
-2.675990273814932e-08
-1.1935654242734017e-08
7.208522667667694e-11
-1.7152661513364365e-09
-4.874927128639683e-10
-1.199040866595169e-14
1.049160758270773e-14
1.4016565685892601e-14
2.9753977059954195e-14
3.762268274698499e-14
6.390721285498557e-14
3.9968028886505635e-14
-8.881784197001252e-16
5.706546346573305e-14
-5.439648731453417e-08
-2.2850485947856214e-08
-3.4811538540679976e-08
-3.2220895840318065e-08
-1.984605013660712e-08
-1.0315943654859439e-08
-2.700874635053197e-09
-2.936889842430901e-09
-3.1241079341548517e-10
1.3988810110276972e-14
-7.538414337204813e-14
-1.8735013540549517e-16
-5.129230373768223e-14
-6.644684802381562e-14
-8.019973574135975e-14
-1.1102230246251565e-16
-1.7763568394002505e-15
3.3306690738754696e-16
-1.672732707902469e-08
-2.6183883505837002e-08
-7.97958854548142e-09
-3.95608923398072e-09
-3.2775808733731537e-09
-5.5864859405119205e-09
-4.0435317316678265e-09
-2.2911414987447642e-09
-2.0852389259751192e-10
-7.993605777301127e-15
5.981326545168031e-14
2.576411306520754e-14
-8.881784197001252e-16
0.0
-9.43689570931383e-16
-2.220446049250313e-15
1.3322676295501878e-15
5.551115123125783e-16
-5.773415523435688e-09
-3.258688874296922e-08
-2.0165380476555583e-09
3.3380942454641627e-10
-4.616378390664977e-10
-4.4421852862797095e-09
-2.3826158823681e-09
-1.4681873494737374e-09
-5.917170087244017e-10
2.220446049250313e-16
-2.55351295663786e-15
-1.0408340855860843e-17
1.9984014443252818e-15
-9.992007221626409e-16
1.1102230246251565e-16
3.941291737419306e-15
0.0
-1.3877787807814457e-16
-2.565256806974503e-08
-2.4679895460621992e-08
-1.622757395125518e-08
-5.0881610036412894e-09
-3.411146476395288e-09
-5.597215135821898e-09
-1.1049886561309563e-08
-7.759778597460354e-09
-2.6371276273806643e-09
1.5543122344752192e-15
3.469446951953614e-15
5.9396931817445875e-15
-4.440892098500626e-16
0.0
4.440892098500626e-16
-7.417677583276827e-15
-6.994405055138486e-15
3.1086244689504383e-15
-4.285121235625411e-08
-5.315140327866175e-09
-2.1502938096773505e-08
6.212278691464235e-09
3.0571827291936415e-09
-4.9043080707633635e-09
-2.7655392864645023e-08
-1.874122723677374e-08
-5.147965442819924e-09
1.1102230246251565e-15
1.304512053934559e-15
1.1102230246251565e-16
-1.5154544286133387e-14
2.4424906541753444e-15
0.0
2.1510571102112408e-15
4.468647674116255e-15
8.881784197001252e-16
3.1328340810432564e-08
-3.0902910452823555e-08
3.9021458064780745e-08
5.431437699598973e-08
3.09503640494313e-08
3.425668637646595e-09
-1.496241952558819e-08
-1.0120585702821927e-08
-3.1883470308358146e-09
1.3322676295501878e-15
1.5260293029228933e-12
7.244205235679146e-15
1.4732659536775827e-13
5.81756864903582e-14
2.1360690993788012e-13
-2.9033719872728625e-13
-3.419486915845482e-14
1.617594946878853e-13
1.1627071216935293e-07
-8.409248763996402e-08
1.1360443608054993e-07
1.1104474495482462e-07
6.439288391391074e-08
1.2474536958961835e-08
2.531285403506445e-09
1.4089536759520627e-09
4.6505377326866437e-10
-1.1102230246251565e-15
-1.2357892487102617e-12
-2.159938894408242e-13
-3.774758283725532e-14
0.0
-1.6253665080512292e-13
2.819550148913663e-13
-8.171241461241152e-14
-4.163336342344337e-17
-1.716254303119058e-07
-2.4031894696463496e-07
-8.426377284820319e-08
-1.097055317700324e-07
-5.020766380425812e-08
-4.124711239228418e-08
2.4436952017481417e-08
1.7484644843079877e-08
6.126359863856123e-09
-1.9984014443252818e-15
-3.191891195797325e-15
5.134781488891349e-16
0.0
0.0
8.881784197001252e-16
9.992007221626409e-16
-4.440892098500626e-16
0.0
-8.757487890420636e-08
-1.755039136241976e-07
-4.566743427858455e-09
-8.01666466543338e-08
-2.5054820440573167e-08
-2.607403182253165e-08
7.540302249253727e-08
4.460200742073539e-08
7.621821396242012e-09
7.549516567451064e-15
4.638442407944865e-13
3.942679516200087e-14
-8.881784197001252e-14
-7.194245199571014e-14
-1.474376176702208e-13
-4.496403249731884e-14
1.6697754290362354e-13
-1.8429702208777599e-13
1.7624735448862339e-07
-5.376392664402374e-09
1.4171511963922967e-07
-3.395506098513579e-11
-4.966707045639396e-10
-2.3394275405763665e-09
1.4260253067277517e-07
8.330792766741979e-08
1.5944259246225556e-08
-1.3988810110276972e-14
-4.767089500923305e-13
-1.474514954580286e-17
4.884981308350689e-15
-8.881784197001252e-16
0.0
-6.661338147750939e-16
-1.3322676295501878e-15
-4.440892098500626e-16
7.4951746142915e-08
-2.1057417143310886e-08
6.03790084596767e-08
-6.01319882775897e-10
-1.2840795093893576e-10
-2.0189310223628354e-09
6.179448064358439e-08
3.7056029356108404e-08
6.225832294148859e-09
9.547918011776346e-15
3.7192471324942744e-15
6.938893903907228e-17
-1.4210854715202004e-14
-3.552713678800501e-15
8.881784197001252e-16
2.220446049250313e-16
8.049116928532385e-16
-1.1102230246251565e-15
1.0663427474355558e-08
-2.6967228450303082e-08
6.6871024273496005e-09
-2.95125701654797e-10
-2.4316326729945104e-11
-1.444156350061121e-09
7.365429155470338e-09
6.1531224559985276e-09
-2.3572255258841324e-10
-8.881784197001252e-16
-2.1649348980190553e-15
0.0
2.398081733190338e-14
2.6645352591003757e-15
-1.942890293094024e-15
-1.7763568394002505e-15
3.1086244689504383e-15
1.1102230246251565e-15
7.282906366867792e-08
-7.395809120680497e-08
5.2246193149585445e-08
4.975113654381857e-10
6.882696634846752e-10
-8.56455351083696e-10
5.093986032989051e-08
3.448836238817421e-08
2.5838531314548163e-09
-2.4424906541753444e-15
1.1102230246251565e-16
3.3306690738754696e-16
8.881784197001252e-16
-3.1086244689504383e-15
1.5543122344752192e-15
1.3322676295501878e-15
-1.3322676295501878e-15
-2.220446049250313e-16
-2.8061311496685448e-08
-8.030077225384957e-08
-2.7142519343215102e-08
-1.5376855344584328e-10
-2.0629187247322989e-10
4.427458399902662e-11
-2.642427787691304e-08
-1.0113192228100587e-08
-6.641108996063849e-09
-1.509903313490213e-14
5.10702591327572e-15
2.6367796834847468e-15
-2.6645352591003757e-15
4.6629367034256575e-15
0.0
-1.7763568394002505e-15
-2.3314683517128287e-15
-5.551115123125783e-16
-3.099165368780632e-08
-4.689479737862712e-08
-3.0981809118202364e-08
-1.8113155419996474e-10
-1.397406634850995e-10
5.279432446769761e-10
-3.052706887274326e-08
-1.6366376698329077e-08
-9.282146606892638e-09
1.4210854715202004e-14
-3.885780586188048e-15
-9.71445146547012e-17
2.220446049250313e-15
-4.718447854656915e-15
1.1102230246251565e-15
1.7763568394002505e-15
2.6645352591003757e-15
6.938893903907228e-18
-3.523708969055406e-08
-3.555536665089676e-08
-3.294805495102082e-08
-8.077094548752939e-11
-6.018474607571989e-11
3.210474108783501e-10
-3.265841641564293e-08
-1.797716464579935e-08
-8.622166092209227e-09
-9.992007221626409e-15
3.3306690738754696e-15
1.3704315460216776e-16
-2.220446049250313e-15
1.0325074129013956e-14
-1.7763568394002505e-15
-2.220446049250313e-16
-1.0390993621101074e-14
1.0555445406623676e-13
-3.039944473925971e-08
-2.1880133260765433e-08
-2.7205746988556715e-08
-3.466382736405649e-11
8.01936295147243e-12
-5.045497353250994e-10
-2.7092497134617588e-08
-1.5018610355355122e-08
-6.267654839575698e-09
2.531308496145357e-14
-4.746203430272544e-15
2.0816681711721685e-16
0.0
-1.7763568394002505e-15
0.0
6.661338147750939e-16
2.220446049250313e-15
-1.1102230246251565e-16
-2.0825211777264485e-08
-1.105014746372035e-08
-1.810445704464314e-08
1.5282353160728235e-10
2.518678599017221e-10
-7.475313701377218e-10
-1.8333846441009882e-08
-1.0092216840007495e-08
-3.6840646089331126e-09
-3.019806626980426e-14
1.5265566588595902e-16
-4.440892098500626e-16
3.552713678800501e-15
-4.884981308350689e-15
-8.881784197001252e-16
-1.1102230246251565e-15
-4.440892098500626e-16
5.273559366969494e-16
-7.86765852467397e-09
-3.625899580583791e-10
-6.488598991438721e-09
1.2487895162394125e-09
1.024130114046784e-09
-3.521514191362485e-10
-7.763059528542726e-09
-4.277320719836553e-09
-7.766161047584319e-10
2.731148640577885e-14
2.1371793224034263e-15
-6.0645932720149176e-15
2.2426505097428162e-14
-1.9539925233402755e-14
2.842170943040401e-14
0.0
-9.969802761133906e-14
-1.1417256029488954e-13
1.5171899292454327e-09
-3.5794300856650807e-10
1.076593036941631e-09
6.219226023063129e-09
4.810412512767925e-09
3.987916663561464e-10
-5.15657738731079e-09
-2.8716211630808175e-09
5.033058414483094e-10
-1.9984014443252818e-14
2.2551405187698492e-17
3.608224830031759e-16
-9.992007221626409e-16
-8.881784197001252e-16
-2.220446049250313e-16
-4.440892098500626e-16
1.9984014443252818e-15
1.394717674685353e-15
-2.544787136571358e-08
9.490662478128797e-09
-2.0898252017786945e-08
-2.582624558655766e-09
-1.7363799287295478e-09
2.288351730328486e-10
-1.831726592627092e-08
-1.0199914246555863e-08
-1.3059917591817793e-09
1.1324274851176597e-14
3.164135620181696e-15
-1.0408340855860843e-16
2.942091015256665e-15
4.440892098500626e-15
2.220446049250313e-16
0.0
-2.4424906541753444e-15
-2.7755575615628914e-16
-3.014632365960779e-08
1.2660251513807452e-08
-2.5566222916495462e-08
4.87404783200418e-10
1.1027689872378232e-10
2.0842605419346683e-10
-2.6232906513712354e-08
-1.485577483251177e-08
-2.221142381131358e-09
-3.3306690738754696e-15
5.859202012459264e-14
7.695059867085519e-14
3.7414515929867775e-14
2.398081733190338e-14
-4.0190073491430667e-14
-5.1958437552457326e-14
3.06588088250237e-13
1.4477308241112041e-13
-1.685972073062203e-08
4.488032345761894e-08
-1.5916805651272625e-08
-3.283595617631363e-11
-8.519762673131481e-11
7.72191477427242e-10
-1.605732791176706e-08
-8.66199245663779e-09
3.0362272696038417e-09
2.220446049250313e-15
-3.3362201889985954e-14
-3.057276654061525e-14
1.887379141862766e-15
-3.552713678800501e-15
2.220446049250313e-16
5.551115123125783e-17
-2.220446049250313e-15
8.881784197001252e-16
-9.12182294143804e-08
8.850406629790085e-08
-7.953161684781662e-08
9.592682204129233e-11
1.0045120291124476e-10
1.5418252230503526e-09
-7.978865923519152e-08
-4.082528803905916e-08
7.738059082385007e-10
8.43769498715119e-15
2.0539125955565396e-15
0.0
4.440892098500626e-16
8.881784197001252e-16
1.249000902703301e-16
2.220446049250313e-16
0.0
-1.7763568394002505e-15
-5.492286447861261e-08
3.473996912362054e-08
-5.446591444524529e-08
1.074907629572408e-08
7.2562715835999825e-09
2.6981883394228134e-09
-6.531500318374128e-08
-3.690839101011534e-08
-8.985563404451113e-10
6.661338147750939e-15
2.1094237467877974e-15
-4.529709940470639e-14
-3.907985046680551e-14
4.440892098500626e-16
8.881784197001252e-16
-4.3520742565306136e-14
-1.1218803663837207e-13
-1.822986206434507e-13
-6.000357188895578e-08
-1.1473730410216376e-08
-6.713520406265161e-08
-8.750603797125223e-09
-4.268706277343881e-09
-4.187338475958313e-09
-5.7987044499441254e-08
-3.287448357980338e-08
-2.231570483957057e-09
6.8833827526759706e-15
-1.7486012637846216e-15
0.0
1.7763568394002505e-15
-1.5543122344752192e-15
1.3322676295501878e-15
0.0
7.771561172376096e-16
-4.884981308350689e-15
3.64319626555698e-06
-3.4885285913333064e-06
3.4468474154891737e-06
1.9677018059383045e-07
1.14497769487798e-07
1.9987338006899336e-08
3.2499985311851276e-06
1.800672117857616e-06
7.0791683001725225e-09
-1.4876988529977098e-14
1.6653345369377348e-16
0.0
2.55351295663786e-15
-4.440892098500626e-16
-4.440892098500626e-16
6.661338147750939e-16
-1.5543122344752192e-15
1.7763568394002505e-15
1.3562491290031176e-06
2.7002886326954467e-07
1.0698091443828162e-06
7.323951223270342e-09
4.821592014536691e-09
5.987093043557934e-10
1.0628291393643963e-06
5.989295126518357e-07
2.199339448338833e-07
-2.4424906541753444e-15
-2.886579864025407e-15
-1.1102230246251565e-16
-1.9984014443252818e-15
-8.881784197001252e-16
2.220446049250313e-16
-1.0755285551056204e-16
1.9984014443252818e-15
0.0
1.039977178152185e-06
2.0558633195832954e-07
8.311495918178479e-07
4.894581788761343e-07
2.8332710400036376e-07
5.8023060134360094e-08
3.4125383585603686e-07
1.9367337450448827e-07
8.276877849766606e-08
1.6653345369377348e-14
4.6629367034256575e-15
2.220446049250313e-16
1.7763568394002505e-15
4.440892098500626e-15
-3.885780586188048e-16
-5.551115123125783e-16
-2.220446049250313e-15
0.0
4.837482094899315e-07
2.8342764224476014e-07
3.4966541306857835e-07
-1.5751080439940779e-09
-1.2170140450962208e-09
5.977074390983717e-10
3.518466122898189e-07
1.9099046488779692e-07
9.565858505311553e-08
-1.7763568394002505e-15
-3.7192471324942744e-15
0.0
-1.7763568394002505e-15
-8.881784197001252e-16
-1.1102230246251565e-16
0.0
4.440892098500626e-15
0.0
1.7503261062756792e-08
1.2379928193695378e-08
6.7871734898972136e-09
6.941160535234303e-09
4.032377987073232e-09
5.716709883252236e-10
-2.5510349388468967e-10
-4.062254532755105e-09
1.0856249232915616e-09
5.551115123125783e-15
-7.632783294297951e-17
0.0
2.220446049250313e-15
-8.881784197001252e-16
2.220446049250313e-16
4.440892098500626e-16
0.0
4.440892098500626e-16
3.969199724451755e-08
-4.46860326519527e-08
1.3691533240489662e-08
5.888753928928736e-10
3.3082603323464355e-10
-6.975781730034214e-09
1.3191741476958894e-08
4.6301167344608984e-09
1.0419474172351784e-09
-1.3766765505351941e-14
-1.8110513089197866e-15
5.551115123125783e-17
-1.609823385706477e-15
-8.881784197001252e-16
2.220446049250313e-16
-4.218847493575595e-14
1.4654943925052066e-13
8.881784197001252e-16
1.458029430523311e-08
-2.7062583285442088e-08
-2.0924844079672766e-09
-2.2634988994241212e-08
-1.2992124265309712e-08
-7.592895201469219e-09
2.0316783810869765e-08
8.868117795657326e-09
1.4555934235715995e-09
9.547918011776346e-15
2.6328939028985587e-13
1.3877787807814457e-17
9.992007221626409e-16
-1.509903313490213e-14
0.0
0.0
-1.7763568394002505e-15
-4.440892098500626e-15
8.349434210686013e-08
-4.094746230975943e-08
6.202109048558668e-08
-9.143427348590194e-09
-5.703385985711407e-09
-6.368715332882857e-09
7.117297506908926e-08
3.8611249308928564e-08
1.3209994903506939e-08
-2.886579864025407e-15
1.8041124150158794e-16
-4.5102810375396984e-17
-9.992007221626409e-16
-8.881784197001252e-16
-4.440892098500626e-16
4.440892098500626e-16
3.552713678800501e-15
-3.552713678800501e-15
2.2224298845685553e-08
-3.9450245736816214e-08
1.1566155144748791e-08
3.716134955311645e-09
1.7010797215277762e-09
-5.417192028289719e-09
7.732703366514215e-09
4.3408701078107015e-09
1.7450335620949886e-10
1.1546319456101628e-14
-1.491792800401015e-13
-2.831068712794149e-15
0.0
-1.0547118733938987e-15
4.440892098500626e-16
-4.440892098500626e-16
-6.217248937900877e-15
4.440892098500626e-16
1.9395685058043455e-10
-3.225871836320948e-08
-8.750486557573822e-09
-8.933305650771217e-09
-5.535786495869388e-09
-8.055522471295262e-09
1.9565327136206179e-10
-1.8456400852073784e-09
-8.520619765306492e-10
-1.2212453270876722e-14
-8.829742492721948e-16
5.551115123125783e-17
6.661338147750939e-16
1.6792123247455493e-15
6.661338147750939e-16
0.0
1.1102230246251565e-14
2.345346139520643e-15
-6.373272753990022e-08
-3.3367356877533894e-08
-6.033487132128812e-08
-4.315937296439643e-08
-2.5298904304804637e-08
-1.4090133504396363e-08
-1.724135501035562e-08
-1.1212388351111713e-08
-1.6540440128665068e-09
-1.1546319456101628e-14
3.0982161280945775e-15
-5.551115123125783e-17
-2.220446049250313e-16
-1.5543122344752192e-15
-1.5543122344752192e-15
8.881784197001252e-16
1.3322676295501878e-15
-1.9984014443252818e-15
-1.7213408654015439e-07
-5.264082858502661e-08
-1.4212517207567998e-07
-1.1271215427655079e-07
-6.417877196351895e-08
-2.2858117176838277e-08
-2.954597988491514e-08
-1.3121404407456794e-08
-2.3201609522516264e-09
8.43769498715119e-15
-1.817990202823694e-15
5.551115123125783e-17
2.220446049250313e-16
-6.661338147750939e-16
4.440892098500626e-16
0.0
1.3500311979441904e-13
-8.881784197001252e-16
-2.47233476358133e-07
-3.893432909407579e-08
-2.04719007967924e-07
-1.8440246840611965e-07
-1.0375754277980322e-07
-2.9605772056129354e-08
-2.0609110862324084e-08
-1.0455504906303759e-08
-3.0430544750714716e-09
3.4416913763379853e-15
1.0408340855860843e-15
-1.1102230246251565e-16
-2.220446049250313e-16
1.2212453270876722e-15
-2.7755575615628914e-16
-4.440892098500626e-16
2.9976021664879227e-15
-4.440892098500626e-15
-2.0968905900531354e-07
-2.0593148519765236e-08
-1.7403459828813084e-07
-1.6081332265827086e-07
-9.092202013505357e-08
-2.485663230800128e-08
-1.3246710395264927e-08
-7.852485772730233e-09
-2.851751279564496e-09
-1.7208456881689926e-14
-2.598615767013257e-15
5.551115123125783e-17
0.0
-2.220446049250313e-15
1.2906342661267445e-15
-8.881784197001252e-16
-2.220446049250313e-15
3.1086244689504383e-15
-1.3174200752530396e-07
-3.920768421039611e-08
-1.0276428730193742e-07
-8.976527077209084e-08
-5.1591172223197646e-08
-1.3263615983305499e-08
-1.2814869165822529e-08
1.8511521204800374e-09
-7.613299990438804e-10
2.731148640577885e-14
-4.672694522978027e-15
1.1102230246251565e-16
-2.220446049250313e-16
2.6645352591003757e-15
-8.673617379884035e-18
0.0
3.552713678800501e-15
1.7763568394002505e-15
2.9297115844428845e-09
-6.440779998229118e-08
1.0097271463394009e-08
-6.681132092012377e-09
-4.4551731193109845e-09
1.0929568361461861e-09
1.699771168262032e-08
2.760392114886656e-08
5.033779837404495e-09
-6.661338147750939e-15
7.490535969267853e-15
-5.551115123125783e-17
0.0
-1.887379141862766e-15
-2.0816681711721685e-16
-4.440892098500626e-16
-4.884981308350689e-15
-4.440892098500626e-16
1.582508737385524e-07
-2.345050731378251e-07
1.2989293551868286e-07
-1.1656300813456255e-08
-6.672926211592767e-09
-1.4487255839412683e-09
1.414577859293331e-07
1.2580760033742422e-07
2.5001505199462315e-08
-2.531308496145357e-14
-4.15639744844043e-15
-5.551115123125783e-17
0.0
2.220446049250313e-16
3.0531133177191805e-16
4.551914400963142e-15
8.881784197001252e-16
4.440892098500626e-16
8.936208004683976e-07
-9.5949542355811e-07
6.900818974031608e-07
-3.552697958042472e-08
-2.0625904539883777e-08
-8.806168239061662e-09
7.255289773411278e-07
5.748710872888196e-07
9.846155402115642e-08
1.2656542480726785e-14
1.970645868709653e-15
2.7755575615628914e-17
2.220446049250313e-16
1.7208456881689926e-15
6.9111383282915995e-15
-4.218847493575595e-15
2.6645352591003757e-15
0.0
2.236063700422619e-06
-2.253740746027688e-06
1.6038243879634706e-06
1.9652025784466787e-08
9.431131431369977e-09
-1.9846453369609662e-09
1.5850211827483918e-06
1.233191033955805e-06
1.3848103941338508e-07
9.992007221626409e-15
-3.039235529911366e-15
4.163336342344337e-17
0.0
7.216449660063518e-16
4.996003610813204e-16
-1.6653345369377348e-16
0.0
-4.440892098500626e-16
8.742287747054434e-07
-4.993253170937351e-07
6.465422601742432e-07
2.7358497955987104e-07
1.5551582599471203e-07
4.769542982785424e-08
3.740002862961944e-07
2.7693029025499527e-07
1.3683700450517478e-08
7.327471962526033e-15
-1.3600232051658168e-15
0.0
-1.1102230246251565e-15
-2.248201624865942e-15
-5.551115123125783e-16
-3.6637359812630166e-15
-8.881784197001252e-16
0.0
2.095224687082009e-07
-2.4263755449283053e-08
1.5438509137766232e-07
9.808708811842592e-08
5.677000736170612e-08
1.865215892848937e-08
5.6652006641400015e-08
3.336857812286098e-08
1.1686279721700998e-10
-1.7541523789077473e-14
1.8596235662471372e-15
2.3592239273284576e-16
1.1102230246251565e-15
2.192690473634684e-15
-1.1102230246251565e-16
5.662137425588298e-15
-2.6645352591003757e-15
0.0
5.077795606212021e-08
6.081087633447169e-09
3.152065986000707e-08
1.5421227184120312e-08
9.283438018314882e-09
3.6690721572085745e-09
1.6201284314121267e-08
7.851070904507651e-09
-6.778227701342843e-10
1.2434497875801753e-14
-3.247402347028583e-15
-1.6653345369377348e-16
-2.220446049250313e-16
-2.7755575615628914e-16
4.440892098500626e-16
-2.1094237467877974e-15
2.6645352591003757e-15
5.551115123125783e-17
3.3390634257557394e-08
1.2670717808305199e-08
1.8623513398097202e-08
1.126728133016286e-08
6.322546930448425e-09
3.528526804075227e-09
7.200608997948166e-09
4.148906107559469e-09
-1.0875569889101655e-09
-1.199040866595169e-14
6.411537967210279e-15
1.6653345369377348e-16
0.0
2.220446049250313e-16
0.0
3.885780586188048e-16
-1.7763568394002505e-15
-2.220446049250313e-16
3.2290188300976297e-09
1.1810749711571589e-08
7.16173786940999e-10
-3.7164582522564164e-09
-2.0044592652368465e-09
1.7291768017457798e-10
4.289587351991031e-09
2.7620918885418178e-09
-2.026651069186869e-10
2.220446049250313e-15
-2.6645352591003757e-15
3.913536161803677e-15
-4.285460875053104e-14
1.4876988529977098e-14
-6.439293542825908e-15
1.1929346399597307e-13
-2.6645352591003757e-15
-2.375877272697835e-14
-7.20033597190195e-08
-5.807862635265337e-09
-5.0358430314645375e-08
-4.9100695065362736e-08
-2.7568283655909912e-08
-1.2169032004294422e-08
-1.1632996788080163e-09
-1.9944533802274123e-09
5.451789020227693e-10
3.9968028886505635e-15
3.747002708109903e-15
-1.1102230246251565e-16
-5.551115123125783e-16
4.440892098500626e-16
0.0
9.392486788328824e-14
3.885780586188048e-16
-4.440892098500626e-16
-2.9801603318446723e-07
3.6834200045632315e-07
-1.8265448176180143e-07
5.230381106002823e-08
3.025158523684013e-08
8.386585648167966e-09
-2.3513426761212486e-07
-1.7526657991595584e-07
-4.9909465005271165e-08
-5.551115123125783e-15
-2.3869795029440866e-15
9.71445146547012e-17
-2.220446049250313e-16
0.0
0.0
-1.8640644583456378e-13
-2.220446049250313e-15
4.440892098500626e-16
1.0415067919211651e-07
2.119911926001805e-07
9.811026302486425e-08
7.850347216731279e-08
4.351542504110739e-08
1.7736759616582276e-08
1.9855507460420085e-08
-1.2942038551955193e-08
-8.09729172601692e-09
4.440892098500626e-15
1.1657341758564144e-15
-1.6653345369377348e-16
0.0
-3.552713678800501e-15
4.440892098500626e-15
-2.4980018054066022e-15
1.7763568394002505e-15
-5.551115123125783e-16
-2.3535989157608128e-08
-7.661162015892842e-08
-2.7821727144328176e-08
4.3511416691899285e-09
4.609539416833286e-10
2.1729924526425748e-09
-3.20106394724462e-08
-6.397801399771197e-09
9.726331740012029e-09
2.220446049250313e-15
-1.8041124150158794e-15
1.6653345369377348e-16
8.881784197001252e-16
-3.552713678800501e-15
8.881784197001252e-16
2.1094237467877974e-15
4.440892098500626e-16
-1.942890293094024e-16
4.5618911315159494e-07
-1.3233206175300438e-07
3.37848931053486e-07
-7.788081290982518e-11
3.133449055781057e-11
4.87658025072335e-10
3.3757859796423867e-07
2.0206979201020658e-07
2.1734470223577773e-08
8.215650382226158e-15
-1.4155343563970746e-15
-8.326672684688674e-17
0.0
8.881784197001252e-16
-8.881784197001252e-16
3.3306690738754696e-16
-4.440892098500626e-16
1.3322676295501878e-15
1.1143908551503044e-07
-3.982677299063653e-09
8.914151550243332e-08
-1.1959677692630066e-10
6.800116025829084e-13
-1.0614054080093639e-10
8.920603278284034e-08
5.335886754664898e-08
1.0041564912910417e-08
4.884981308350689e-15
-3.6914915568786455e-15
-8.326672684688674e-17
0.0
7.105427357601002e-15
1.7763568394002505e-15
-2.220446049250313e-15
1.6653345369377348e-15
-1.1102230246251565e-15
3.39656338610439e-08
-5.673996383848134e-09
2.5462753683314077e-08
4.6771475581408595e-12
5.245737177972387e-11
-2.7387203616058287e-10
2.55887400157917e-08
1.5627996674538736e-08
2.6797515317866782e-09
-6.439293542825908e-15
1.942890293094024e-15
8.326672684688674e-17
4.440892098500626e-16
-3.552713678800501e-15
-1.6653345369377348e-16
8.881784197001252e-16
-9.43689570931383e-16
-6.661338147750939e-16
1.3331771242519608e-08
-4.865910341322888e-09
1.0171948616743975e-08
5.4653170877827506e-11
2.928068898455649e-11
-2.954982925018612e-10
1.014231898466278e-08
6.349999637222937e-09
1.0019967078278569e-09
-6.661338147750939e-15
2.3592239273284576e-15
-1.6653345369377348e-16
4.440892098500626e-16
-4.440892098500626e-16
1.3322676295501878e-15
2.6645352591003757e-15
2.220446049250313e-15
2.3314683517128287e-15
3.1534668210042582e-09
8.219146252486098e-09
3.1475853035090044e-09
-3.5782932172878645e-11
4.744116210986249e-11
3.1712876769063314e-10
3.0847076004647533e-09
1.021938089706964e-09
7.025668935511931e-10
-8.659739592076221e-15
-1.1102230246251565e-15
1.1102230246251565e-16
-4.440892098500626e-16
3.9968028886505635e-15
-1.1102230246251565e-15
-3.1086244689504383e-15
-3.774758283725532e-15
-1.3322676295501878e-15
2.815777122577856e-08
-8.60758575527143e-09
2.1272825279083918e-08
-9.276135415348108e-12
-2.937383669632254e-11
7.24712734267996e-10
2.1637191593981697e-08
1.3736716653056646e-08
1.9275674389973574e-09
2.220446049250313e-15
-2.2343238370581275e-14
3.712308238590367e-14
5.773159728050814e-15
-1.6653345369377348e-15
-8.881784197001252e-16
-1.021405182655144e-14
5.750955267558311e-14
-1.1102230246251565e-16
4.572953571368998e-09
-2.6985837564552636e-08
2.534121523734001e-09
7.086686792945329e-11
-6.190603585309873e-11
5.109388467872122e-10
2.5613626775111697e-09
4.165318756577108e-09
-1.7960175568987322e-09
-5.995204332975845e-15
-2.4313884239290928e-14
2.7755575615628914e-17
3.1086244689504383e-15
-1.1546319456101628e-14
8.881784197001252e-16
-8.881784197001252e-16
-1.5543122344752192e-15
-1.582067810090848e-15
-7.52950768401206e-09
1.5365870353889477e-08
-5.474310338371424e-09
-2.1437074337882223e-11
7.566303139583397e-11
-4.776623541147273e-10
-5.5984685776167e-09
-4.172454826090188e-09
-6.586020617760369e-10
1.2212453270876722e-14
-2.609024107869118e-15
-5.551115123125783e-17
-1.3322676295501878e-15
-2.6645352591003757e-15
-1.7763568394002505e-15
4.440892098500626e-16
8.881784197001252e-16
3.885780586188048e-16
7.070884322502025e-08
3.3537617127876733e-09
5.8019965498701254e-08
-1.0388045978970696e-10
1.6463808094613341e-10
-6.882838743393904e-10
5.8108464484618594e-08
3.185743358002924e-08
6.51558451636447e-09
1.0658141036401503e-14
4.440892098500626e-16
1.3877787807814457e-16
1.5543122344752192e-15
-2.220446049250313e-15
2.220446049250313e-15
2.220446049250313e-16
-3.219646771412954e-15
-8.049116928532385e-16
9.86706751859856e-08
-9.251223787032359e-09
8.027616438255335e-08
4.093019256856678e-10
2.916733521374226e-11
-4.293627675622247e-10
7.986589123376575e-08
4.402886877308276e-08
7.388933909169282e-09
-9.325873406851315e-15
6.908362770730037e-14
-5.517808432387028e-14
9.592326932761353e-14
-9.325873406851315e-15
2.4424906541753444e-14
3.397282455352979e-14
6.88338275267597e-14
1.1146639167236572e-13
1.5284865639841883e-07
-8.896414271930553e-08
1.235786015740814e-07
5.4137934135667365e-08
4.135828102214134e-08
6.091344317837866e-09
6.939825691887336e-08
3.823800798219423e-08
4.845304601985845e-09
1.509903313490213e-14
-1.5021317523178368e-13
1.1102230246251565e-16
-4.218847493575595e-15
5.329070518200751e-15
6.661338147750939e-16
2.220446049250313e-16
3.885780586188048e-15
-8.93729534823251e-15
3.136567983119676e-08
3.1614177942174138e-09
2.8065311852287778e-08
-2.1222025248235354e-08
-1.6967213412044657e-08
-1.3106872254198265e-09
4.913453688359936e-08
2.69944426811719e-08
1.8704895410337485e-09
-2.5091040356528538e-14
1.6653345369377348e-16
-1.1102230246251565e-16
8.604228440844963e-16
1.7763568394002505e-15
0.0
2.220446049250313e-16
-1.3322676295501878e-15
1.6653345369377348e-15
-2.0467441963489819e-07
1.908035933695373e-07
-1.3365884043992082e-07
-1.50537503795789e-07
-1.1433043090036676e-07
-6.574205069220795e-09
1.6595139817887627e-08
8.894769365497268e-09
-2.290661882398126e-09
2.6645352591003757e-15
2.4424906541753444e-15
2.7755575615628914e-17
-6.661338147750939e-16
8.881784197001252e-16
0.0
0.0
-7.216449660063518e-16
1.1102230246251565e-16
-4.293552358092256e-08
-1.729383924953254e-08
-3.037379237014193e-08
-1.8582775318520817e-08
-1.2208738908725536e-08
1.3584922076148587e-09
-1.2099072410620693e-08
-7.1301922144328955e-09
-6.381256412169023e-09
1.3322676295501878e-15
8.743006318923108e-16
-7.0360384185619296e-15
2.6645352591003757e-15
1.7763568394002505e-15
-8.881784197001252e-16
8.881784197001252e-15
1.3100631690576847e-14
-2.220446049250313e-15
-2.5984977725102e-08
-6.118346362882221e-08
-2.2139705180279634e-08
-3.4365310597195275e-10
2.205862159598837e-10
9.752306184829251e-10
-2.1934950744650905e-08
-1.284132550294359e-08
-9.077453455574869e-09
-7.105427357601002e-15
-3.282096816548119e-15
-7.632783294297951e-17
2.886579864025407e-15
-3.552713678800501e-15
2.220446049250313e-16
-2.220446049250313e-16
-1.5265566588595902e-16
-6.661338147750939e-16
6.296732379951209e-08
-4.040947487737867e-08
6.341702984968833e-08
4.794209473857336e-10
-1.18926379855111e-09
-1.1523542120528418e-09
6.355058168594496e-08
3.519860158895938e-08
1.5350423154814052e-09
1.687538997430238e-14
5.14518982974721e-15
-7.892991815694472e-15
-5.773159728050814e-15
-3.552713678800501e-15
-1.1102230246251565e-16
2.9976021664879227e-14
-9.248157795127554e-14
-2.3314683517128287e-15
1.2145558514475852e-07
-8.045023491831671e-08
1.0993364085720715e-07
-4.814921794604743e-10
-1.7110401984155033e-10
-5.45650746808235e-10
1.1058669358021689e-07
6.193528445663787e-08
7.039076876935724e-09
6.217248937900877e-15
2.8171909249863347e-15
9.64783808399261e-14
1.5543122344752192e-15
8.881784197001252e-16
-1.1102230246251565e-16
-1.8984813721090177e-14
-1.9095836023552692e-14
8.104628079763643e-15
9.158746294701814e-08
-1.2157136097812327e-07
8.986819821643621e-08
7.945502034090167e-10
6.346656533651185e-10
1.8522726685787916e-09
8.902026493728954e-08
5.090922439165979e-08
3.0971847309047007e-10
-1.2878587085651816e-14
4.9404924595819466e-15
-8.326672684688674e-17
-4.440892098500626e-16
8.881784197001252e-16
0.0
-1.1102230246251565e-16
-6.661338147750939e-16
0.0
-3.902783873854787e-09
4.728804015030619e-09
-3.437744311440838e-09
-2.570075707808428e-09
-1.8421957292957813e-09
-3.1559357349664197e-09
-9.213252383233338e-10
-5.319407136994414e-10
-8.525180561491652e-12
3.3306690738754696e-15
-1.887379141862766e-15
5.551115123125783e-17
0.0
-1.1102230246251565e-16
-4.440892098500626e-16
4.996003610813204e-16
6.661338147750939e-16
-8.881784197001252e-16
2.2777906849569263e-07
-1.1590998383326223e-07
2.137133634505517e-07
1.4169567208455192e-07
8.205325974230959e-08
2.2437692592802705e-08
7.143935576436888e-08
4.2725735838189394e-08
-2.661437292772462e-09
-7.549516567451064e-15
-8.56259507742152e-15
-9.642286968869485e-14
8.43769498715119e-15
-2.220446049250313e-15
-1.3766765505351941e-14
1.6264767310758543e-14
7.061018436615996e-14
9.459100169806334e-14
6.834000032540644e-09
-3.421104111112072e-07
-1.5638654815575137e-08
3.332804254796429e-08
2.0484918650254258e-08
-1.4932584946336647e-08
-4.9135545410194936e-08
-2.2706662328175753e-08
-2.6333793812227665e-08
-3.1086244689504383e-15
1.609823385706477e-15
-1.942890293094024e-15
1.7763568394002505e-15
0.0
0.0
-2.864375403532904e-14
5.861977570020827e-14
-9.681144774731365e-14
-1.6994757512378555e-07
-2.2396261556423267e-07
-9.076600804291958e-08
-4.7256143886897917e-08
-2.457173842174143e-08
-6.43982289716405e-09
-4.32439737352297e-08
-1.0063751609834526e-08
-2.9518012922835624e-08
2.9753977059954195e-14
2.4841240175987878e-15
-1.1102230246251565e-16
2.886579864025407e-15
1.7763568394002505e-15
0.0
5.995204332975845e-15
-8.43769498715119e-14
-9.547918011776346e-15
-2.001087295866455e-08
-6.112713890615851e-09
-1.4107836676657826e-08
-1.4458841235409636e-08
-5.999891250496603e-09
-1.6356764831471082e-09
5.675939718230438e-10
4.888365268129746e-10
-2.752154060203793e-11
-3.952393967665557e-14
-1.1934897514720433e-15
5.551115123125783e-17
-2.6645352591003757e-15
2.220446049250313e-16
0.0
0.0
0.0
-8.881784197001252e-16
-1.4867282516206615e-08
6.12989481396653e-09
-1.3090883044242219e-08
-1.2238619007121088e-08
-6.390052043059314e-09
-1.5561951727249834e-09
-7.253628808712165e-10
-4.5470471832231846e-10
1.2701917295743215e-10
1.2878587085651816e-14
-4.85722573273506e-16
0.0
2.220446049250313e-16
-3.552713678800501e-15
1.1102230246251565e-15
0.0
-1.7763568394002505e-15
0.0
8.805187690086314e-09
4.0172826176743115e-09
6.4362595253442115e-09
5.360636379236894e-09
3.056969788417518e-09
1.9116441762889735e-09
1.1547047762405782e-09
9.474034889933591e-10
1.420716790739851e-10
2.020605904817785e-14
7.355227538141662e-16
1.2295719997723609e-14
0.0
4.107825191113079e-15
7.460698725481052e-14
-4.39648317751562e-14
5.417888360170764e-14
-2.042810365310288e-14
9.8436458983997e-09
1.220840317728289e-08
1.1714297087905834e-08
1.2638890822813664e-08
6.873864588641254e-09
3.79537823391729e-09
-8.03660249459881e-10
-6.394963725231406e-11
-5.3157034329842645e-11
1.1102230246251565e-15
-8.326672684688674e-17
1.1986939218999737e-15
-2.220446049250313e-16
0.0
-1.1102230246251565e-16
7.149836278586008e-14
2.1316282072803006e-14
2.7755575615628914e-14
-2.7130127477903443e-08
1.3760718786670623e-08
-1.734332411018613e-08
-1.4770440870393031e-08
-8.667802475770259e-09
7.579927796541597e-10
-2.3838735430103952e-09
-1.5852563706175715e-10
-6.998579493711077e-11
-1.0658141036401503e-14
1.0824674490095276e-15
-1.3877787807814457e-17
6.661338147750939e-16
-2.498001805406602e-16
-1.249000902703301e-16
-1.3322676295501878e-15
-1.3322676295501878e-15
-1.1102230246251565e-15
-4.132593289796205e-08
2.320215486406596e-08
-3.3859204440211954e-08
-3.5654386110195446e-08
-2.0418997159765695e-08
-1.5417498389069806e-09
1.8586359118444307e-09
1.7073276126211567e-10
1.9656942740198247e-11
-1.6653345369377348e-15
-3.608224830031759e-15
2.7755575615628914e-17
-4.440892098500626e-16
1.3322676295501878e-15
2.220446049250313e-16
4.440892098500626e-16
-6.439293542825908e-15
-1.1102230246251565e-15
-5.290539917268689e-08
3.701880757489562e-08
-4.5946996429790936e-08
-4.807685272112394e-08
-2.7416957593118244e-08
-2.324341608073155e-09
2.2732757898324962e-09
-1.144267791630682e-09
-1.5740964087740394e-11
3.3306690738754696e-15
-3.885780586188048e-16
1.8623991238087e-14
2.5091040356528538e-14
3.5083047578154947e-14
6.517009154549669e-14
2.6645352591003757e-15
-4.794775687599895e-14
1.5187850976872141e-13
-5.935655167377263e-08
3.136256410130045e-08
-4.6491671845672045e-08
-4.570072081877541e-08
-2.5817620041834743e-08
-1.4489742738987843e-09
-7.02570446264872e-10
-2.518758535074994e-10
-3.518207947195151e-11
-2.7755575615628914e-15
-1.5737411374061594e-14
-1.9262369477246466e-14
-5.995204332975845e-15
-5.551115123125783e-15
-3.0753177782116836e-14
-1.3322676295501878e-15
-2.886579864025407e-15
-2.220446049250313e-15
-9.371741072072837e-08
1.4979200102516188e-08
-7.092177334300231e-08
-6.91816663955791e-08
-3.9164011145231825e-08
-4.497884731335944e-09
-1.8713359750677228e-09
3.618933597238083e-09
9.543033030467996e-11
1.454392162258955e-14
2.7478019859472624e-15
0.0
4.440892098500626e-16
-1.3322676295501878e-15
2.220446049250313e-16
-2.220446049250313e-15
7.993605777301127e-15
-8.881784197001252e-16
-1.1217792383888535e-07
4.8139725095097674e-08
-9.81956471690637e-08
-1.0110032122589985e-07
-5.752364351518935e-08
-8.941363205394737e-09
3.2785658632406008e-09
7.046550010159081e-10
4.753317739414342e-10
-5.329070518200751e-15
8.881784197001252e-16
2.220446049250313e-16
-2.220446049250313e-16
2.886579864025407e-15
-1.1102230246251565e-15
6.661338147750939e-16
-8.881784197001252e-16
8.881784197001252e-16
-1.2087132361671138e-07
4.555809596240579e-08
-1.059811580716996e-07
-1.0441998299359768e-07
-5.946939984902144e-08
-1.0446932208196813e-08
-1.690444229041077e-09
-1.7219692338699133e-09
3.043577612160675e-10
-5.329070518200751e-15
-4.427014310692812e-15
0.0
2.220446049250313e-16
-1.6653345369377348e-15
4.440892098500626e-16
1.3322676295501878e-15
-7.993605777301127e-15
4.440892098500626e-16
-1.2591764786407111e-07
1.7383854356012307e-09
-1.0691481300284522e-07
-1.0899045131684827e-07
-6.209310843274807e-08
-1.3619768424177892e-08
1.8709851445919412e-09
3.659529013155804e-09
8.027400966170717e-11
7.66053886991358e-15
2.8961208431432794e-15
-2.7755575615628914e-16
2.220446049250313e-16
-1.7763568394002505e-15
-3.3306690738754696e-15
-3.3306690738754696e-16
8.881784197001252e-16
0.0
-1.2296885643081623e-07
-1.9468544110168295e-08
-1.0635481384468902e-07
-1.1274340017131124e-07
-6.499888360878003e-08
-1.6486389142755797e-08
6.164910359984788e-09
6.8271197584124366e-09
-6.740991098652671e-10
-6.8833827526759706e-15
1.672273430841642e-15
2.220446049250313e-16
-4.440892098500626e-16
1.4432899320127035e-15
2.4313884239290928e-14
-2.192690473634684e-15
0.0
0.0
-6.338965619079318e-08
5.070810971119499e-08
-5.415930015573167e-08
-4.816083087888501e-08
-2.8934620033282954e-08
-5.496005428540229e-09
-6.261204443802626e-09
-5.883502796066864e-09
-9.994532979007431e-11
-1.021405182655144e-14
3.0531133177191805e-16
-5.551115123125783e-17
-2.220446049250313e-16
-1.27675647831893e-15
-3.419486915845482e-14
5.551115123125783e-16
8.881784197001252e-16
0.0
8.003813434243057e-08
5.2079073498134676e-08
6.313908995636552e-08
6.924957363096951e-08
3.86366654225867e-08
1.6864454721599028e-08
-6.3327076915697936e-09
-1.6973857874802434e-09
1.21321064305846e-10
1.0880185641326534e-14
-1.096345236817342e-15
1.8041124150158794e-16
6.661338147750939e-16
3.1363800445660672e-15
0.0
2.4424906541753444e-15
-2.6645352591003757e-15
-8.881784197001252e-16
2.523892845829323e-07
2.7463414653539076e-08
2.0208961837298034e-07
1.971342573625634e-07
1.1221377960168866e-07
3.8812800084997434e-08
4.7962609994733896e-09
3.58343044126741e-09
-2.695825299103838e-10
4.884981308350689e-15
-1.970645868709653e-15
-3.157196726277789e-16
-2.220446049250313e-16
-4.996003610813204e-16
-2.220446049250313e-16
-1.5543122344752192e-15
4.440892098500626e-15
2.220446049250313e-16
2.5979771578477084e-07
3.631109279922384e-08
1.9912240789565772e-07
1.9619898972145222e-07
1.1256812459947696e-07
4.058238545212589e-08
2.433161394588268e-09
2.462234860445278e-09
-5.049628493125624e-10
2.220446049250313e-15
-1.6375789613221059e-15
0.0
0.0
2.220446049250313e-16
0.0
-9.43689570931383e-16
-1.3322676295501878e-15
3.3306690738754696e-16
2.6742384306999156e-07
9.329455252782282e-08
2.0270990042092762e-07
2.1071650513349027e-07
1.216992915331616e-07
4.8724977830261196e-08
-8.24470092197771e-09
-3.69426267354811e-09
-2.189474157532345e-10
-4.6629367034256575e-15
4.052314039881821e-15
3.3306690738754696e-16
1.1102230246251565e-16
-1.5543122344752192e-15
-2.220446049250313e-16
-1.5959455978986625e-15
1.3322676295501878e-15
2.5673907444456745e-16
-5.8821981951950875e-08
2.9728624895142275e-08
-5.4998736231937067e-08
-5.472052055921495e-08
-2.9956552127785585e-08
-7.080302566464525e-09
-1.4091972033725142e-10
2.395807996435906e-10
-1.5091206062578524e-10
1.4210854715202004e-14
4.718447854656915e-16
5.551115123125783e-17
-4.440892098500626e-16
-8.881784197001252e-16
2.220446049250313e-16
-2.220446049250313e-16
-4.107825191113079e-15
-6.661338147750939e-16
-1.7363223037136777e-07
-4.0239896748062165e-08
-1.2415912742369528e-07
-1.2442109742494267e-07
-6.963273246896051e-08
-3.310053386940126e-08
2.6692603682931804e-10
-2.492362760619926e-09
-7.105610544400065e-10
-8.43769498715119e-15
-5.495603971894525e-15
-8.326672684688674e-17
-3.3306690738754696e-16
2.220446049250313e-15
4.440892098500626e-16
3.219646771412954e-15
3.3306690738754696e-15
4.440892098500626e-16
-2.326695209831087e-07
-1.877992730214828e-07
-1.5220827798145822e-07
-1.4742115084231955e-07
-7.727465778373244e-08
-4.82620237107767e-08
-3.931459602313225e-09
-2.3743114141439037e-09
-9.180299853639439e-10
-5.129230373768223e-14
1.8318679906315083e-15
-8.326672684688674e-17
1.4876988529977098e-14
-1.687538997430238e-14
0.0
-3.219646771412954e-15
-8.881784197001252e-16
-4.440892098500626e-16
-4.1736164746453147e-07
-1.3785550834199967e-07
-2.4333689907507505e-07
-1.4506300161087893e-07
-6.389707252196786e-08
-5.6418066662899946e-08
-9.732740391399375e-08
-6.940423880053004e-08
-2.10280539647556e-08
2.3092638912203256e-14
4.218847493575595e-15
1.3877787807814457e-16
-8.881784197001252e-16
1.7763568394002505e-15
-8.881784197001252e-16
1.2212453270876722e-15
-1.5543122344752192e-15
0.0
-2.0384145926755084e-07
-2.6101074013240577e-07
-7.280053360148031e-08
-1.6299081195825238e-07
-6.28123402179881e-08
-5.601452635062288e-08
8.946083340788391e-08
4.89003717518699e-08
8.650015814737344e-09
2.4868995751603507e-14
-5.717648576819556e-15
-1.6653345369377348e-16
4.440892098500626e-16
-1.7763568394002505e-15
8.881784197001252e-16
-1.960237527853792e-15
3.375077994860476e-14
2.6645352591003757e-14
-2.8919046712871932e-08
-8.05098636647017e-08
-3.251076918786566e-08
3.1578561987544163e-09
2.6391537844006052e-09
1.8230799092577854e-09
-3.494080402788313e-08
-1.4956995642023685e-08
2.49670506491384e-10
-2.1316282072803006e-14
-4.760081218080359e-15
3.322342401190781e-14
8.43769498715119e-15
2.042810365310288e-14
4.440892098500626e-16
-8.326672684688674e-16
5.417888360170764e-14
-7.112366251504909e-15
-1.6071898656377925e-07
-5.750405307480832e-08
-1.3557734490632356e-07
-1.1225935736547399e-09
-1.919968184438403e-09
2.1057955379433222e-10
-1.3459658987358125e-07
-7.121022349565465e-08
-8.834000198021386e-09
2.930988785010413e-14
-7.43762690325056e-15
8.326672684688674e-17
0.0
-8.881784197001252e-16
-1.5543122344752192e-15
8.881784197001252e-16
9.992007221626409e-16
3.885780586188048e-16
-3.333383347126073e-08
-1.7658408069110008e-09
-2.684516431372685e-08
-1.4037944140454783e-09
-5.72427216738447e-10
-1.1432799151833704e-10
-2.675029264764817e-08
-1.5525245089520467e-08
-3.923044999964986e-09
-2.1538326677728037e-14
4.9404924595819466e-15
-1.942890293094024e-15
-4.440892098500626e-16
0.0
-5.689893001203927e-16
1.3322676295501878e-15
-8.881784197001252e-16
-8.881784197001252e-16
-5.170413430732879e-09
1.1798135801655008e-08
-2.6675657238683925e-09
-6.107399030952365e-10
2.7733593199741335e-10
-1.0450562637487337e-10
-2.187825032251567e-09
-2.394074272160651e-09
7.443148319907777e-10
-1.7319479184152442e-14
8.049116928532385e-16
-9.71445146547012e-17
4.440892098500626e-16
-2.6645352591003757e-15
-3.3306690738754696e-16
-1.5543122344752192e-15
1.9290125052862095e-15
0.0
1.1295243851350278e-08
9.541565759718651e-09
1.0891968216242276e-08
-3.2735769650571456e-10
7.121148115629694e-11
6.776690320009493e-11
1.0993485233257161e-08
6.140787434105732e-09
1.9410677509767993e-09
1.887379141862766e-14
-4.6629367034256575e-15
-2.7755575615628914e-17
4.440892098500626e-16
1.7763568394002505e-15
6.661338147750939e-16
8.881784197001252e-16
-1.6653345369377348e-15
4.440892098500626e-16
7.531772538982295e-09
-2.0062131511622283e-08
5.0725521560934794e-09
2.531805876060389e-10
2.6066881986253065e-10
6.196052559914733e-10
4.626901528581584e-09
4.835065681163542e-09
4.83847628629519e-10
3.3306690738754696e-15
7.188694084447889e-15
-1.249000902703301e-16
8.881784197001252e-16
4.884981308350689e-15
-4.440892098500626e-16
1.6431300764452317e-14
-1.1102230246251565e-15
-5.551115123125783e-15
-3.213257748768683e-08
5.248232071153325e-09
-2.2539897059914438e-08
4.413589493879044e-10
1.8122925382613175e-10
8.530449679966524e-10
-2.274158816817362e-08
-1.2457903153517691e-08
1.476978539471929e-09
1.5987211554602254e-14
-2.1371793224034263e-15
5.551115123125783e-17
-8.881784197001252e-16
-4.6629367034256575e-15
0.0
8.881784197001252e-16
-3.1086244689504383e-15
-2.220446049250313e-16
-5.0063912127029646e-08
2.250484101296024e-07
-9.461485372952438e-09
4.268247977279316e-10
3.0682389962066736e-10
1.6543877379149308e-11
-9.491300190234142e-09
-1.0240430725616534e-08
2.8591880862904873e-08
-3.042011087472929e-14
2.123301534595612e-15
5.551115123125783e-17
8.881784197001252e-16
3.1086244689504383e-15
0.0
-1.3322676295501878e-15
1.7763568394002505e-15
1.2212453270876722e-15
-1.0137743089444484e-08
1.5342608605806163e-07
3.9580445587716895e-09
3.800924019969898e-10
4.6500225892032176e-10
-8.789782235396614e-10
3.723610753070261e-09
-2.316646430244873e-09
1.6602827113132435e-08
-4.4853010194856324e-14
2.1621593404574924e-14
5.229150445984487e-14
-3.1086244689504383e-15
2.1760371282653068e-14
6.217248937900877e-15
-4.218847493575595e-14
2.5757174171303632e-14
-1.5987211554602254e-14
1.6172479355702762e-08
5.7134172948281054e-08
1.4695292094302204e-08
5.467423846994279e-09
4.086861959962107e-09
-1.9829471398224996e-11
9.077337548291098e-09
4.9874202545652224e-09
6.5881771149634e-09
1.7985612998927536e-14
4.590772206825022e-14
-4.198030811863873e-14
-7.771561172376096e-15
-6.661338147750939e-15
1.509903313490213e-14
-9.769962616701378e-15
-2.4424906541753444e-15
4.052314039881821e-15
-5.657920354451562e-08
-5.9619395642585e-08
-4.6127066610779366e-08
1.4317920626893965e-08
1.1857171244855635e-08
1.4113870072662849e-09
-6.082165593390698e-08
-3.00915505846433e-08
-7.0854184741619974e-09
-7.105427357601002e-15
-2.3175905639050143e-15
-1.3877787807814457e-17
2.55351295663786e-15
-3.552713678800501e-15
-1.7763568394002505e-15
0.0
-8.881784197001252e-16
5.551115123125783e-17
-3.7597573054881655e-07
-1.6685658579262963e-06
-5.413590287162151e-08
-3.8073020292017645e-09
-2.4529400732831164e-09
-2.364584084091348e-10
-5.0414937113885117e-08
8.8006912202232e-08
6.425943865906447e-08
4.063416270128073e-14
3.6290415117434804e-15
5.551115123125783e-17
-1.1102230246251565e-15
-8.881784197001252e-16
0.0
-2.220446049250313e-16
-1.4988010832439613e-15
-4.440892098500626e-16
-9.028444480918552e-08
-1.763493742146238e-07
-5.238656441974854e-08
3.239817303324344e-09
3.0423477070939953e-09
1.6635426369759898e-10
-5.527470392507894e-08
-2.14863060676862e-08
-5.147526849214046e-10
3.1086244689504383e-15
-3.885780586188048e-16
9.992007221626409e-16
2.220446049250313e-16
6.217248937900877e-15
-2.4424906541753444e-15
0.0
2.6853519408120974e-15
1.887379141862766e-15
2.7546079195417406e-08
1.247357772626856e-10
2.8322968859129105e-08
-1.0113089032870448e-08
-8.073296253741091e-09
7.271507562744972e-10
3.8862731699396136e-08
2.1623771218060028e-08
4.285453769625747e-09
-1.4654943925052066e-14
3.400058012914542e-15
5.551115123125783e-17
1.7763568394002505e-15
-3.552713678800501e-15
2.220446049250313e-16
0.0
-2.1094237467877974e-15
-1.3877787807814457e-15
1.5324373947578351e-07
4.728573088641497e-09
1.280046859619688e-07
-1.169517815924337e-09
-9.477911788735582e-10
1.3997688008693385e-09
1.2915151792469715e-07
7.216051489677966e-08
1.5993123270163778e-08
-1.7763568394002505e-14
-1.8041124150158794e-15
-1.2836953722228372e-16
-1.9984014443252818e-15
8.881784197001252e-16
0.0
2.220446049250313e-16
2.4147350785597155e-15
-1.1102230246251565e-15
1.426146098992831e-07
-3.818627192231361e-09
1.1812809930233926e-07
-3.06229708257888e-10
-1.4695800132358272e-11
7.753452324621435e-10
1.1831107116222483e-07
6.682798892043706e-08
1.4901999634275853e-08
-9.103828801926284e-15
-1.5872719805187785e-15
6.071532165918825e-17
-2.220446049250313e-16
-8.881784197001252e-16
0.0
8.881784197001252e-16
-3.885780586188048e-15
4.440892098500626e-16
-7.383143341144205e-08
-9.16421356578212e-08
-5.5200757742568385e-08
1.0164491470732173e-09
1.1564740276526209e-09
-9.83917614050256e-10
-5.6642864620926054e-08
-3.0956733398923575e-08
-1.8127110479326802e-08
3.397282455352979e-14
-1.1102230246251565e-15
2.42861286636753e-17
6.661338147750939e-16
-1.7763568394002505e-15
1.1102230246251565e-16
-8.881784197001252e-16
1.9984014443252818e-15
7.771561172376096e-16
-7.660973579959318e-07
-4.030846554314848e-07
-5.983255562114209e-07
4.158231092787901e-09
2.9820395042179375e-09
5.346985076926103e-10
-6.025579004642623e-07
-3.3750771200047325e-07
-1.3779377638911683e-07
-1.5409895581797173e-13
8.257283745649602e-15
-2.02546313055052e-14
4.96269692007445e-14
-3.097522238704187e-14
2.3092638912203256e-14
-4.773959005888173e-15
3.2862601528904634e-13
2.760014439218139e-13
-1.6781844678348534e-06
-1.1283231806658023e-06
-1.265843181386117e-06
1.808552951843012e-08
1.2076256439286226e-08
4.6235886230761025e-09
-1.2834919935755806e-06
-7.125090277781965e-07
-3.4028337836389255e-07
-1.5010215292932116e-13
3.855249453010856e-14
-5.39499001028787e-14
-2.886579864025407e-15
9.43689570931383e-16
4.440892098500626e-16
1.549316230864406e-13
-1.1102230246251565e-14
-2.7566837701442637e-13
-1.8408279345294428e-08
-2.1092560302804486e-06
1.5242825313066533e-07
2.8568144117002703e-07
1.9678617668716925e-07
5.779405398698145e-08
-1.3333521309277785e-07
-4.472666503829714e-08
-2.3949647953713793e-07
2.5202062658991053e-13
-1.582067810090848e-15
-5.551115123125783e-17
1.1102230246251565e-15
3.3306690738754696e-16
0.0
9.43689570931383e-16
-2.220446049250313e-15
0.0
-2.0830189129128485e-08
8.309746135637397e-08
-1.4822346017240307e-08
-1.681792838326146e-08
-1.5031332623038907e-08
-3.075429688692566e-09
2.5356428068334935e-09
5.968274763290538e-10
3.653695124228306e-10
-9.414691248821327e-14
-9.055256544598933e-16
5.551115123125783e-17
1.1102230246251565e-15
2.220446049250313e-16
-2.7755575615628914e-16
-1.6653345369377348e-16
2.220446049250313e-15
0.0
1.4379613801906999e-06
-2.5539379748806823e-06
1.6385822121378624e-06
4.4361847528762155e-08
2.4862047087736983e-08
6.222995452276336e-09
1.5942469282492766e-06
9.81353361240167e-07
-5.0729550338246554e-08
-9.481304630298837e-14
-3.2279734440976426e-14
1.7763568394002505e-14
-1.9317880628477724e-13
8.01581023779363e-14
-1.2989609388114332e-13
-1.0857981180834031e-13
-2.6334490144108713e-13
2.0961010704922955e-13
3.331420472818536e-07
-1.5181031471911408e-06
5.752674425707482e-07
8.117122263229248e-08
4.536372877339545e-08
7.963585346715263e-09
4.95543341472171e-07
3.701695856506148e-07
-7.82201361460011e-08
5.706546346573305e-14
-2.7755575615628914e-16
0.0
1.5543122344752192e-15
-6.938893903907228e-16
2.220446049250313e-16
-1.0436096431476471e-13
1.7763568394002505e-15
-4.440892098500626e-16
-6.02500023205721e-08
1.0132168881682446e-08
-4.746625137386218e-08
7.865228468517671e-08
4.3414609462999465e-08
7.943917523789423e-09
-1.237973084045052e-07
-6.233185034787425e-08
-1.4344941789978805e-08
3.26405569239796e-14
8.326672684688674e-17
-2.7755575615628914e-17
-2.220446049250313e-16
6.106226635438361e-16
-2.220446049250313e-16
4.3076653355456074e-14
0.0
-8.881784197001252e-16
-5.676992270764458e-05
3.309907263826517e-07
-4.641137469008072e-05
-4.9505871402288903e-08
-2.9407480894860782e-08
-4.44505587893218e-09
-4.63615720249777e-05
-2.5419614742894225e-05
-9.787300874530835e-06
-1.5187850976872141e-13
-3.885780586188048e-16
2.7755575615628914e-17
6.661338147750939e-16
2.220446049250313e-16
-8.881784197001252e-16
0.0
8.881784197001252e-16
8.881784197001252e-16
-2.2754112904976864e-06
-1.2395675241805293e-07
-1.7718593880999833e-06
-5.954454707080004e-10
-2.5091484445738388e-09
-1.721872422422166e-09
-1.7716202389550515e-06
-9.335666941723275e-07
-3.856007702585096e-07
9.992007221626409e-15
3.469446951953614e-16
-1.3877787807814457e-17
3.3306690738754696e-16
-6.661338147750939e-16
-4.440892098500626e-16
4.440892098500626e-16
8.881784197001252e-16
-1.7763568394002505e-15
-1.479236289014807e-09
-8.394939499112297e-08
3.1320579907401225e-08
4.9484249586839724e-08
2.7731999807656393e-08
3.4441995921952184e-09
-1.879767808077304e-08
6.563843690798876e-09
4.981572376827614e-10
-4.1522341120980855e-14
1.2906342661267445e-15
3.608224830031759e-16
1.1102230246251565e-16
-1.1102230246251565e-15
5.551115123125783e-16
-8.881784197001252e-16
-7.105427357601002e-15
1.3322676295501878e-15
-4.346745186012413e-09
-5.586892992681669e-08
1.2327860510197297e-08
2.904289075900124e-08
1.608185051793498e-08
-5.513953738045529e-10
-1.733292798178354e-08
-3.330379860777555e-10
1.1634525565185072e-09
3.497202527569243e-14
2.8727020762175925e-15
0.0
-6.661338147750939e-16
2.914335439641036e-15
-4.996003610813204e-16
-4.440892098500626e-16
8.43769498715119e-15
-1.5543122344752192e-15
-1.0860401289392031e-07
-5.4275905103651205e-08
-8.402047874112029e-08
-6.030924204480925e-08
-3.499826073394274e-08
-1.2375451774460089e-08
-2.425839307207411e-08
-9.0741050229326e-09
4.094988792502363e-10
1.73749903353837e-13
-6.231126725708691e-15
-1.1657341758564144e-15
1.4876988529977098e-14
-2.9698465908722937e-15
1.609823385706477e-15
3.552713678800501e-15
-1.7763568394002505e-15
-1.713629238508929e-13
-1.8364936238413065e-07
-5.005465908425322e-08
-1.6205071906583157e-07
-1.443144874713198e-07
-8.255922701039253e-08
-2.2489700768346665e-08
-1.866767807001679e-08
-1.2351838662993941e-08
-3.6470049202819155e-10
-1.4632739464559563e-13
5.995204332975845e-15
1.1102230246251565e-16
6.661338147750939e-16
1.2212453270876722e-15
2.220446049250313e-16
-8.881784197001252e-16
9.992007221626409e-15
1.2212453270876722e-14
-1.565542291359634e-07
-4.2316671056141786e-08
-1.4792033153909756e-07
-1.3584964708712732e-07
-7.750667130324018e-08
-2.0272750589356292e-08
-1.30555131150345e-08
-1.3042731339396596e-08
-1.6152688075976585e-09
8.43769498715119e-14
-5.4262150328554526e-15
0.0
-2.6201263381153694e-14
-8.881784197001252e-16
8.43769498715119e-15
1.3322676295501878e-15
-3.630429290524262e-14
-1.1546319456101628e-14
-4.829414024243306e-08
-2.7211214614908386e-08
-6.45532853837949e-08
-4.9083068276445374e-08
-2.826582168324876e-08
-7.465850160315313e-09
-1.6303626448888053e-08
-1.823665041200684e-08
-2.969416934561764e-09
1.63202784619898e-14
-6.661338147750939e-16
-1.1102230246251565e-16
0.0
-2.220446049250313e-16
1.6653345369377348e-16
-1.1102230246251565e-15
-3.9968028886505635e-15
-6.328271240363392e-15
9.270723921872559e-08
2.824505429543933e-08
3.546107940621823e-08
5.642568190467046e-08
3.166046536051681e-08
9.2255092454252e-09
-2.1209595857385466e-08
-3.272177639956908e-08
-4.868195624396776e-09
-4.9960036108132044e-14
2.2967738821932926e-15
-5.551115123125783e-17
8.881784197001252e-15
-2.3314683517128287e-15
4.493259063431676e-14
2.220446049250313e-16
-6.483702463810914e-14
-8.881784197001252e-16
2.4760518613220484e-07
1.1471543359675707e-07
1.634479604994965e-07
2.1167775354768992e-07
1.2036038032903207e-07
3.2452092568746593e-08
-4.82512847455041e-08
-6.169787658549808e-08
-1.0888515089568784e-08
5.3734794391857577e-14
-7.008282842946301e-16
4.996003610813204e-16
-5.10702591327572e-15
1.5543122344752192e-15
-8.465450562766819e-16
-3.1086244689504383e-15
-6.661338147750939e-15
8.881784197001252e-16
3.1328229077587366e-07
2.6934269214962114e-07
2.457758636609242e-07
3.9798263884449625e-07
2.2684926825888851e-07
5.751829945666031e-08
-1.5298096478488787e-07
-1.4350953536634847e-07
-2.862816550486258e-08
-2.942091015256665e-14
1.4198711650870166e-15
0.0
0.0
-1.1102230246251565e-16
9.575673587391975e-16
6.994405055138486e-15
1.7763568394002505e-15
-4.440892098500626e-16
-6.67193269521249e-08
7.635651115833753e-07
-1.1548340950184866e-08
4.735979288739145e-07
2.7010123204718184e-07
6.599569246645842e-08
-4.863962921319853e-07
-4.1026346331296537e-07
-7.30037535978667e-08
-6.439293542825908e-15
5.551115123125783e-16
-5.551115123125783e-17
-2.220446049250313e-16
4.440892098500626e-16
-3.0531133177191805e-16
-4.163336342344337e-15
-2.6645352591003757e-15
8.881784197001252e-16
-6.797283322867997e-07
1.262967160187145e-06
-4.042323737962761e-07
3.256190890255084e-07
1.86124404777388e-07
4.459761981934207e-08
-7.305696003712114e-07
-5.923795535767162e-07
-6.070737756935785e-08
-1.6431300764452317e-14
-2.2620794126737565e-15
-1.6653345369377348e-16
0.0
-6.106226635438361e-16
-4.163336342344337e-16
-2.2898349882893854e-15
4.440892098500626e-15
0.0
5.751752958360612e-07
-5.717157591789146e-07
5.070376101201646e-07
2.60645300897977e-08
1.60366582235838e-08
3.878689369685162e-09
4.810987794812149e-07
4.052633226780955e-07
8.623318586975515e-08
-1.5543122344752192e-15
6.050715484207103e-15
1.1102230246251565e-16
2.220446049250313e-16
1.1657341758564144e-15
8.049116928532385e-16
3.552713678800501e-15
-1.7763568394002505e-15
0.0
5.580520721082394e-07
-9.913433700603491e-07
3.8498953580656803e-07
-1.8532855072805887e-07
-1.0410485806744418e-07
-2.5743275955392164e-08
5.707375554386829e-07
4.73828316582825e-07
3.9868498002970654e-08
-2.220446049250313e-15
-7.216449660063518e-15
1.3877787807814457e-17
-2.220446049250313e-16
3.5388358909926865e-16
-5.551115123125783e-16
-4.218847493575595e-15
-8.881784197001252e-16
4.440892098500626e-16
8.196312961672447e-08
-4.92743971847176e-07
1.6988287221408882e-08
-2.2783119124625273e-07
-1.2872407673114594e-07
-3.38980967740099e-08
2.4448364732698735e-07
2.0080847562553572e-07
8.092965846084876e-10
-7.993605777301127e-15
3.219646771412954e-15
-6.938893903907228e-18
2.220446049250313e-16
-1.8318679906315083e-15
3.5388358909926865e-16
2.886579864025407e-15
8.881784197001252e-16
0.0
-9.643889598009991e-08
-1.30510478868473e-07
-1.248551759758243e-07
-2.1269659766787186e-07
-1.210422233555164e-07
-3.54046676420694e-08
8.647336763312197e-08
5.573336192554734e-08
-6.506004374129404e-09
3.1530333899354446e-14
-1.0352829704629585e-14
4.954370247389761e-15
4.440892098500626e-16
3.4139358007223564e-15
1.7208456881689926e-15
1.432187701766452e-14
0.0
-1.1324274851176597e-14
-1.6058145035913185e-07
-2.8814284291911463e-09
-1.69539477568037e-07
-1.8331843909535905e-07
-1.0564408725599607e-07
-3.4288959227524174e-08
1.264211690887862e-08
-2.3853123920503094e-09
-5.765405292068593e-09
-1.7985612998927536e-14
7.16093850883226e-15
9.992007221626409e-15
-6.661338147750939e-16
-5.551115123125783e-16
0.0
-4.440892098500626e-15
1.3322676295501878e-15
-3.3306690738754696e-16
-2.208744405152174e-07
-3.2902485180841268e-09
-1.8938208334873252e-07
-1.5820364662744169e-07
-9.212471230313213e-08
-3.2438876473861455e-08
-3.1751892892728506e-08
-2.2547459010979765e-08
-7.610710839323076e-09
-1.7319479184152442e-14
-5.051514762044462e-15
-2.7755575615628914e-16
6.661338147750939e-16
2.3314683517128287e-15
-3.3306690738754696e-16
1.6653345369377348e-16
-8.881784197001252e-16
8.881784197001252e-16
-4.1061746003379085e-07
4.881491832975371e-08
-3.392149814374079e-07
-2.530631686425977e-07
-1.468997377074288e-07
-5.0213060376336216e-08
-8.592352807035297e-08
-6.04274568161145e-08
-2.0818700929847722e-08
1.3322676295501878e-14
-2.220446049250313e-16
5.551115123125783e-17
-6.661338147750939e-16
1.1102230246251565e-16
2.220446049250313e-16
-9.71445146547012e-16
-7.771561172376096e-16
-8.881784197001252e-16
-5.227133215157664e-07
2.411082107300899e-07
-4.4013019717681345e-07
-2.678929433841404e-07
-1.5519641816119645e-07
-4.460017066776345e-08
-1.715249240974437e-07
-1.208426505527882e-07
-3.466731374190957e-08
-2.0872192862952943e-14
3.497202527569243e-15
-5.551115123125783e-17
-3.3306690738754696e-16
-3.9968028886505635e-15
0.0
1.5543122344752192e-15
7.355227538141662e-16
2.220446049250313e-16
-6.456931203047134e-07
3.210785521901016e-07
-5.533275846403285e-07
-3.9061603729351186e-07
-2.2358960460877597e-07
-5.5160299439194205e-08
-1.6098830180055757e-07
-1.06854028292247e-07
-2.891220331202593e-08
1.6209256159527285e-14
-5.35682609381638e-15
-2.7755575615628914e-17
-2.220446049250313e-16
4.440892098500626e-15
-4.440892098500626e-16
-2.220446049250313e-16
6.661338147750939e-16
0.0
-1.177205447788765e-06
1.7205008120413368e-06
-9.20256965741828e-07
-1.686466433170608e-07
-1.0595992350204142e-07
1.0874920519654552e-08
-7.507133537032473e-07
-5.339239761426029e-07
-1.5795140217989e-07
-4.884981308350689e-15
3.83026943495679e-15
1.6653345369377348e-16
-8.881784197001252e-16
-1.7763568394002505e-15
0.0
-1.5543122344752192e-15
-2.220446049250313e-15
0.0
-2.1252581561270745e-07
3.8117569545192964e-07
-3.7066276092900807e-07
-8.964602571381874e-08
-7.855548922464095e-08
2.651300690104108e-08
-2.791423465708931e-07
-1.559238835824317e-07
-3.2037722696998117e-08
2.708944180085382e-14
1.762479051592436e-15
-1.5612511283791264e-17
4.440892098500626e-16
-8.881784197001252e-16
8.881784197001252e-16
1.4432899320127035e-15
1.3322676295501878e-15
-4.440892098500626e-16
2.584133511618347e-07
1.5310359913200955e-07
1.6945212877317317e-07
-2.217622565581223e-07
-1.415073516142229e-07
-5.401014391281933e-08
3.886910739936411e-07
2.3182315445069435e-07
4.121687346980707e-08
-2.220446049250313e-16
2.7313221129254828e-15
-1.3877787807814457e-17
8.881784197001252e-16
8.881784197001252e-16
8.881784197001252e-16
1.7208456881689926e-15
1.7763568394002505e-15
0.0
-1.2867914733760699e-08
-7.789003575453535e-08
-1.6282363901609642e-08
4.193374536498595e-09
2.802535314927468e-09
9.832098246675969e-09
-2.0246403664714308e-08
-8.873115575624979e-10
-3.9948645502718705e-09
-1.4654943925052066e-14
-1.547373340571312e-15
-9.71445146547012e-17
0.0
-3.552713678800501e-15
-3.9968028886505635e-15
-3.219646771412954e-15
-1.3322676295501878e-15
4.440892098500626e-16
-1.1165770175125546e-07
-3.062791620322969e-08
-9.314876336929956e-08
2.05666594865761e-09
-3.0629787595159996e-10
6.6550988053748475e-09
-9.524913480163376e-08
-5.1976325465830087e-08
-1.2085863865252122e-08
-2.042810365310288e-14
-1.0416389972789375e-12
1.7922816009097176e-13
-1.7763568394002505e-15
1.7763568394002505e-15
7.993605777301127e-15
-1.0436096431476471e-14
-4.39648317751562e-14
-1.5543122344752192e-13
-1.1680760536592061e-07
1.1616748452070169e-08
-9.099906961296256e-08
2.1378578907160772e-09
4.560162247813082e-10
4.63157934227354e-09
-9.326300443035507e-08
-5.587698126419127e-08
-1.0263192962156609e-08
-3.042011087472929e-14
1.158961815406201e-12
7.632783294297951e-17
2.6645352591003757e-15
-8.881784197001252e-16
1.942890293094024e-16
2.220446049250313e-15
-2.0816681711721685e-15
0.0
-7.824723091687247e-08
4.6684455412560055e-08
-5.471565600601025e-08
-6.403215735417689e-10
-8.4138229716757e-10
3.4727937192613463e-09
-5.54304477873302e-08
-3.514200841436832e-08
-4.873879078104437e-09
5.284661597215745e-14
-3.1363800445660672e-15
-6.938893903907228e-17
0.0
-1.199040866595169e-14
6.661338147750939e-16
-8.881784197001252e-16
3.219646771412954e-15
-6.661338147750939e-16
-5.710294459504439e-10
2.192824410940375e-08
1.636171376162565e-08
-7.481178343482497e-09
-1.8198891282850127e-09
2.518612318702651e-09
2.4083842475874917e-08
1.3436238788244736e-08
1.9135306672524166e-09
-3.3084646133829665e-14
4.524158825347513e-15
2.7755575615628914e-17
1.7763568394002505e-15
8.43769498715119e-15
1.5543122344752192e-15
-1.3322676295501878e-15
-3.552713678800501e-15
9.992007221626409e-16
2.238074969795889e-08
-7.61513021529936e-08
2.266692078478627e-08
-7.39634309354642e-09
-3.112514690428725e-10
1.600674037760541e-09
3.11525383267508e-08
2.2298241475482428e-08
-3.5218761240685126e-09
9.547918011776346e-15
1.1243506126135117e-12
-2.495087469966961e-13
-5.10702591327572e-14
-1.7763568394002505e-15
5.329070518200751e-15
1.6653345369377348e-13
1.7763568394002505e-15
3.3795188869589765e-13
-1.1516156561697245e-07
-1.9133773747626037e-06
1.1192417126437702e-07
-3.1316158555227958e-09
-2.9978064475244537e-10
3.814260018941695e-11
1.1600135430001045e-07
2.4791274277902176e-07
9.98661917606114e-08
-1.7763568394002505e-14
-8.105877080666346e-13
2.1897761381950431e-13
-4.440892098500626e-16
-1.6216195053431193e-14
1.3322676295501878e-15
-1.1102230246251565e-15
-1.9984014443252818e-15
2.7755575615628914e-17
-5.700309202438803e-08
-7.234419996393626e-08
-5.2834288055692014e-08
1.2081482481107741e-09
-3.776796653198744e-09
-1.1296328317200732e-09
-5.5144486310609864e-08
-2.657998265931383e-08
-8.391850769839948e-09
-1.865174681370263e-14
3.649858193455202e-15
-5.551115123125783e-17
0.0
1.3322676295501878e-14
0.0
0.0
3.608224830031759e-16
3.3306690738754696e-16
7.839311244595137e-08
1.6945591596595477e-09
4.854819657396092e-08
-1.014335104798647e-08
-1.669791682701316e-08
-3.1443321280022474e-09
5.815745929282911e-08
3.340017507014181e-08
3.3620182193772052e-09
4.596323321948148e-14
-3.3029134982598407e-15
1.3877787807814457e-17
4.440892098500626e-16
-3.1086244689504383e-15
8.881784197001252e-16
-4.440892098500626e-16
2.55351295663786e-15
-1.2212453270876722e-15
4.2287117807404684e-08
7.891725317676901e-08
2.172245316955923e-08
-5.0720571742601805e-08
-4.9442991478798604e-08
-8.126965211907589e-09
7.194558016010433e-08
4.051207369570875e-08
6.142826691757364e-09
-3.1086244689504383e-15
-2.1871393585115584e-14
1.3786194408282881e-13
-4.147793219999585e-13
-6.727951529228449e-13
1.2656542480726785e-14
-2.2026824808563106e-13
3.4583447217073626e-13
-2.993161274389422e-13
-9.232181819029961e-08
1.6578667327848962e-07
-7.519026756774849e-08
-1.1606430572186355e-07
-9.451215499112209e-08
-1.2930251536147352e-08
4.0803621814688995e-08
2.318809055879001e-08
3.6513938539428636e-09
-3.774758283725532e-14
-3.608224830031759e-15
2.3592239273284576e-16
-1.887379141862766e-15
-8.881784197001252e-16
2.220446049250313e-16
7.704947790898586e-14
2.3869795029440866e-14
3.788080960021034e-13
-7.943754098960198e-09
2.7653499046209618e-08
2.4845903112691303e-10
-2.7620418840967886e-08
-1.819213135689779e-08
-1.1826287726890428e-09
2.788664632547011e-08
1.5846547629649876e-08
3.6221194932295475e-09
5.084821452783217e-14
4.440892098500626e-15
6.5503158452884236e-15
-1.5543122344752192e-15
0.0
2.220446049250313e-16
0.0
2.220446049250313e-16
4.440892098500626e-16
3.130471526446854e-08
4.609397308286133e-09
3.066457132661071e-08
-1.305072738766455e-08
-4.656209418030245e-09
2.5316793106355817e-10
4.3608236577341586e-08
2.4658857622483765e-08
8.285155672638211e-09
-1.9761969838327786e-14
5.051514762044462e-15
-8.326672684688674e-17
7.494005416219807e-16
5.329070518200751e-15
2.220446049250313e-16
-1.1102230246251565e-16
9.992007221626409e-16
0.0
4.3193963961130066e-08
5.373181011236738e-09
3.845546991954052e-08
-8.596428457963157e-09
-2.0229431463292258e-09
1.3461262104996763e-09
4.7096099464738466e-08
2.669009280253931e-08
1.0256769655825337e-08
-3.064215547965432e-14
8.1601392309949e-15
-1.9183266086741924e-13
1.2206902155753596e-12
1.0240697179142444e-12
-4.89386309254769e-13
1.5365486660812167e-13
-3.3861802251067274e-13
-2.957634137601417e-13
-2.865944370711304e-09
-1.746286670822883e-08
-2.6714879197697883e-09
-2.341380422876682e-09
2.2641488683916577e-10
7.399422741194428e-10
-4.702016553892463e-12
3.5631941841529624e-11
-6.1661786787681194e-12
3.26405569239796e-14
-1.3600232051658168e-15
-1.0796918914479647e-14
-1.6653345369377348e-15
-2.6645352591003757e-15
-1.1102230246251565e-16
-3.7969627442180354e-14
-2.020605904817785e-14
8.43769498715119e-15
3.0213440638249267e-09
-8.291635822388344e-09
7.347331631990528e-10
1.263476434587574e-09
5.992459861658972e-10
-1.4098865963596552e-09
-1.5129941743907693e-10
2.119193709404499e-12
5.67215718838554e-12
3.552713678800501e-15
7.771561172376096e-16
-2.498001805406602e-16
2.4147350785597155e-15
8.881784197001252e-16
1.1102230246251565e-16
-2.220446049250313e-16
-4.440892098500626e-16
9.992007221626409e-16
-1.198851595773931e-08
1.1916881703655235e-08
-1.1822606893474585e-08
1.4347065757647215e-09
1.333155807969888e-11
-1.386509795864299e-10
-1.3129199061268082e-08
-6.8167711475553006e-09
5.5517257457893265e-11
3.019806626980426e-14
-1.2212453270876722e-15
5.689893001203927e-16
-2.6645352591003757e-15
1.7763568394002505e-15
-1.1102230246251565e-16
-5.551115123125783e-17
-1.5543122344752192e-15
8.881784197001252e-16
-4.3518762637972936e-07
-7.877204666328907e-08
-3.4320880359928196e-07
1.1130758537092333e-09
1.6485479648054024e-10
2.01632532892404e-09
-3.442760423411073e-07
-1.960254980559739e-07
-6.223813642236564e-08
-5.684341886080802e-14
7.882583474838611e-15
1.4355183708403274e-13
-7.547296121401814e-13
-8.468781231840694e-13
6.901146321069973e-13
-3.086420008457935e-13
1.092459456231154e-12
-2.3443469387984806e-12
-1.36327901856248e-07
1.2004389304820506e-07
-8.397618955768849e-08
-7.518649169924174e-08
-4.9446571281919205e-08
-1.7920249728575754e-08
-9.79190062366797e-09
-6.092330195883733e-09
-2.890637063046597e-09
2.6645352591003757e-15
1.27675647831893e-15
1.1102230246251565e-16
-4.440892098500626e-16
1.6653345369377348e-15
0.0
-1.5842882561400984e-13
-1.3322676295501878e-15
5.551115123125783e-16
1.7773786353814103e-07
-1.6286207937810104e-08
1.4688715666011376e-07
5.6016055793861597e-08
3.201128340180048e-08
6.1048623933857016e-09
9.063704276002227e-08
4.972313316642385e-08
1.2864155962688528e-08
2.1094237467877974e-14
-1.6930901125533637e-15
-2.220446049250313e-16
5.551115123125783e-16
-4.440892098500626e-16
2.831068712794149e-15
2.816288868778827e-13
3.1086244689504383e-15
-5.10702591327572e-15
1.2781887903656752e-07
-2.3101165425032377e-09
1.190919718396799e-07
-2.470614646199465e-08
-1.589536613444409e-08
-2.305572621708052e-09
1.463612475660625e-07
8.078426905200331e-08
1.9638179082903662e-08
-1.9984014443252818e-15
-2.581268532253489e-15
4.440892098500626e-16
-2.220446049250313e-15
5.329070518200751e-15
2.6645352591003757e-15
5.551115123125783e-16
0.0
2.220446049250313e-15
1.462494552129101e-07
-2.6765417260321556e-07
1.6870970398485952e-07
-6.3144156570160695e-09
-4.928313313001809e-09
3.9103476012769534e-10
1.748056073225257e-07
1.0980272868721387e-07
3.4385934100100712e-09
4.1522341120980855e-14
7.327471962526033e-15
-1.1102230246251565e-16
1.3322676295501878e-15
2.220446049250313e-16
-2.220446049250313e-16
-2.220446049250313e-16
8.881784197001252e-16
-8.881784197001252e-16
-1.9867145084617735e-07
-8.646261449030134e-07
1.570940355577477e-08
-6.877556302242738e-10
-1.7993819767525565e-09
1.3110117436099245e-09
1.6638046496098013e-08
7.989170247579835e-08
-7.424637615827123e-08
-1.7541523789077473e-14
-3.0808688933348094e-15
1.1102230246251565e-16
2.220446049250313e-15
6.38378239159465e-16
2.220446049250313e-16
4.440892098500626e-16
-4.440892098500626e-15
0.0
8.684452268425957e-09
-1.4300908901532239e-08
-1.233019020219217e-09
-8.462706091449945e-10
-1.5740688752430287e-09
9.154490498985979e-10
4.645848150630627e-10
7.261036216732464e-10
3.541211768265384e-11
-1.021405182655144e-14
4.3576253716537394e-15
-1.1102230246251565e-16
-1.3322676295501878e-15
-1.1102230246251565e-16
-4.440892098500626e-16
0.0
-1.7763568394002505e-15
0.0
1.7264653706661193e-08
-3.380965551968984e-08
6.935234608818064e-09
2.3504398427576234e-09
2.745501603840239e-10
-2.7640822963803657e-10
5.622968757279523e-09
5.811312320247453e-09
4.802064301756559e-10
-2.4424906541753444e-15
-3.219646771412954e-15
-1.1102230246251565e-16
-1.1102230246251565e-15
-1.887379141862766e-15
0.0
0.0
8.881784197001252e-16
1.7763568394002505e-15
3.4077871191584563e-08
-3.253646241319075e-10
1.3966609202498148e-08
7.63492025157575e-09
4.233022821154009e-09
6.890772397127875e-10
6.624340187499911e-09
1.1128915566871456e-09
1.195895604766406e-10
2.6867397195928788e-14
-2.914335439641036e-15
-5.551115123125783e-17
0.0
-5.551115123125783e-16
0.0
0.0
5.329070518200751e-15
-1.3322676295501878e-15
5.3169742386671714e-08
-1.198650068090501e-09
2.864830683790842e-08
2.0813779144646105e-08
1.194660725900576e-08
1.870674282145046e-09
7.79557041141743e-09
1.583095876611651e-09
7.350753339352423e-11
-3.1530333899354446e-14
-1.7458257062230587e-14
6.106226635438361e-16
-5.773159728050814e-15
7.91033905045424e-16
8.215650382226158e-15
2.6645352591003757e-15
-1.7763568394002505e-15
-5.773159728050814e-15
6.31131200634627e-08
-1.159381923798719e-08
4.421057653303251e-08
3.9401697904395405e-08
2.2663739329686905e-08
2.424869194328494e-09
4.4353374306638216e-09
-1.308557706636293e-10
-1.8800416778930185e-10
-3.885780586188048e-14
2.77416978278211e-14
7.382983113757291e-15
6.661338147750939e-16
-9.992007221626409e-16
-1.1102230246251565e-16
8.43769498715119e-15
1.7763568394002505e-15
8.326672684688674e-15
7.982315253229899e-08
-3.897733336089004e-08
6.510659034120181e-08
6.49599876112461e-08
3.685518201734794e-08
1.9076722423960746e-09
-6.955449549650439e-10
-1.507900915242999e-09
-3.2776403813272736e-10
3.064215547965432e-14
1.4016565685892601e-15
-1.1102230246251565e-16
-6.661338147750939e-16
-1.4988010832439613e-15
1.1102230246251565e-16
-1.3322676295501878e-15
-1.0658141036401503e-14
3.885780586188048e-16
1.3629998818487365e-07
-7.1110584087819e-08
1.0963380070450057e-07
1.1016353873571916e-07
6.111083550308649e-08
1.2308731811572216e-09
-1.8643850907551496e-09
-3.3830254153599526e-09
-3.050215635624909e-10
4.5075054799781356e-14
1.8457457784393227e-15
-1.6653345369377348e-16
-4.440892098500626e-16
2.6645352591003757e-15
-1.6653345369377348e-16
2.6645352591003757e-15
-2.609024107869118e-15
5.551115123125783e-16
1.5314482482153835e-07
-1.375126572611407e-07
1.2016783657031738e-07
1.234761732860079e-07
6.639099936478488e-08
-5.735891761560197e-09
-4.6279811094507295e-09
-3.6001281955577724e-09
-1.8527812617463724e-10
