0.0
1.3877787807814457e-15
-2.7755575615628914e-16
6.661338147750939e-16
1.3322676295501878e-15
5.551115123125783e-17
2.498001805406602e-16
2.220446049250313e-15
3.3306690738754696e-16
7.385644096302712e-09
-3.335117071401328e-09
1.4034009510055512e-09
2.510454066850798e-10
2.5130830749731103e-10
-7.74915687173916e-11
1.3326868497642863e-09
3.9880987401375023e-10
1.4915579882313068e-10
-6.661338147750939e-16
-2.498001805406602e-16
0.0
8.881784197001252e-16
-6.661338147750939e-16
1.1102230246251565e-16
-2.220446049250313e-16
-1.1102230246251565e-15
-4.440892098500626e-16
6.043453293358425e-09
-8.272991181001998e-10
-3.537836690270524e-10
2.8346747171781317e-10
2.6331292701797793e-10
-8.020650810180996e-11
-3.7331204794099904e-10
-7.526459455675649e-10
1.188811271646273e-10
4.440892098500626e-16
2.3522850334245504e-15
0.0
-9.992007221626409e-16
-2.220446049250313e-16
-2.220446049250313e-16
6.106226635438361e-16
2.220446049250313e-16
-1.3322676295501878e-15
6.7073493426050845e-09
1.7062120605260134e-08
-1.074063504802325e-09
2.4844837298587663e-10
3.036451090565606e-10
-5.512879042157692e-11
-1.69428560070628e-09
-2.594211068185359e-09
1.6097495558753394e-10
-4.440892098500626e-16
-5.745404152435185e-15
-4.440892098500626e-16
9.992007221626409e-16
-1.9984014443252818e-15
-6.328271240363392e-15
-4.468647674116255e-15
8.881784197001252e-15
-4.3520742565306136e-14
1.0178824965123567e-06
-1.692956175247673e-08
7.738417124869557e-07
2.9548807845003466e-10
3.2950886463822826e-10
6.767320037681657e-11
7.736501004274032e-07
4.3663407467420257e-07
1.4150819183100793e-07
2.220446049250313e-16
-8.049116928532385e-16
-1.1102230246251565e-16
1.3877787807814457e-16
0.0
0.0
-4.440892098500626e-16
0.0
1.532107773982716e-14
-1.5173050726957626e-07
7.269176194313332e-08
-2.168935466784205e-07
4.022249200374972e-10
4.219478100253582e-10
2.6948887565936275e-11
-2.1655948501120292e-07
-1.2201378396525797e-07
-3.6285527471591195e-08
-2.220446049250313e-16
1.27675647831893e-15
0.0
-1.942890293094024e-15
5.773159728050814e-15
-5.773159728050814e-15
-1.1546319456101628e-14
2.6645352591003757e-15
-4.440892098500626e-16
-4.797996666638937e-08
4.54230359991925e-08
-1.2458297060646828e-07
3.1725555516004533e-10
3.995368480502748e-10
1.019748174790891e-10
-1.2442880503726883e-07
-6.424341947308676e-08
-2.467807291850477e-08
1.1102230246251565e-15
1.27675647831893e-15
0.0
-3.9968028886505635e-15
-7.771561172376096e-15
8.104628079763643e-15
4.440892098500626e-16
8.881784197001252e-16
-4.440892098500626e-16
-1.9907730575141613e-08
6.37123207525292e-08
-8.490695435625639e-08
-2.4009276344827413e-08
-1.4042312201922869e-08
8.787459648829099e-11
-6.082643722038483e-08
-2.6886869619602294e-08
-1.7912999084046533e-08
1.1102230246251565e-15
1.6653345369377348e-16
-1.942890293094024e-16
1.9984014443252818e-15
4.218847493575595e-15
0.0
0.0
3.552713678800501e-15
0.0
7.783062869748392e-07
-1.8950305502585252e-07
5.553765163313074e-07
5.470530091145065e-07
3.181176637667704e-07
5.6271959536502436e-08
4.3165595542404844e-09
6.390227014207994e-09
-3.451735341997164e-09
-1.5543122344752192e-15
1.0269562977782698e-15
2.0816681711721685e-17
8.881784197001252e-16
-2.220446049250313e-15
0.0
0.0
-1.7763568394002505e-15
-8.881784197001252e-16
1.4760246358491713e-08
3.0120531846478116e-08
2.1522701842968672e-08
2.1854010157085213e-08
1.3641106022532767e-08
1.8239987298329654e-09
7.965734738490937e-10
-4.349001159198451e-10
6.195685631205095e-11
-4.440892098500626e-16
5.689893001203927e-16
8.326672684688674e-17
-1.2212453270876722e-15
-1.3322676295501878e-15
4.440892098500626e-16
-8.881784197001252e-16
8.881784197001252e-16
3.552713678800501e-15
-2.6906121775027714e-09
3.140308990623453e-08
3.069686727030785e-09
3.0782416615693364e-09
1.8281767211192346e-09
3.703277684508066e-10
1.2313208230807504e-09
7.420464243068636e-11
2.242644958627693e-11
3.1086244689504383e-15
-3.982925100842749e-15
2.7755575615628914e-17
1.3322676295501878e-15
-1.5543122344752192e-15
-1.1102230246251565e-15
4.440892098500626e-16
-7.993605777301127e-15
-1.1102230246251565e-15
2.2879476091475226e-11
2.997879278154869e-08
3.9790677419659914e-09
4.236378359223636e-09
1.3375043295127398e-09
2.0379218312882585e-09
1.4023093797277397e-10
5.887607068544298e-11
4.36991554053634e-11
-7.771561172376096e-15
4.9404924595819466e-15
-1.4349632593280148e-14
-5.551115123125783e-15
-8.326672684688674e-15
-2.7755575615628914e-15
-1.3322676295501878e-15
3.1086244689504383e-15
2.1094237467877974e-15
4.07953848480247e-09
3.330233511178449e-08
5.759052568166112e-09
6.668203766935221e-09
2.217081629396489e-09
2.5997550778811274e-09
-6.409175412613877e-10
-1.0100720260197704e-10
1.8512968935624485e-11
-2.4424906541753444e-15
1.582067810090848e-15
0.0
2.220446049250313e-16
5.551115123125783e-16
4.996003610813204e-16
4.440892098500626e-16
8.659739592076221e-15
-2.4424906541753444e-15
1.1340119954184047e-08
1.490328571662758e-08
1.1722201320729653e-08
1.2932052761982504e-08
7.128524437405304e-09
3.892104416536313e-09
-7.92580223674122e-10
-2.2933210885867084e-10
-2.97886160183225e-11
-4.440892098500626e-16
2.498001805406602e-16
5.551115123125783e-17
0.0
-9.992007221626409e-16
5.273559366969494e-16
-4.440892098500626e-16
-4.440892098500626e-16
1.3322676295501878e-15
1.0222777291346574e-08
1.3432103429522613e-08
1.0225715385558942e-08
1.092986856576772e-08
6.388341411422971e-09
3.3724063541740175e-09
-7.343290420180892e-10
-2.738840265692488e-10
-8.341949353507516e-11
3.1086244689504383e-15
1.3877787807814457e-15
1.1102230246251565e-16
2.220446049250313e-16
8.881784197001252e-16
5.828670879282072e-16
-1.5543122344752192e-15
-7.993605777301127e-15
-1.7763568394002505e-15
7.29102112018154e-09
1.0968463470817369e-08
6.788258399836878e-09
8.101440407415339e-09
4.708336831527049e-09
2.7022792892239522e-09
-1.2641958591075306e-09
-5.175104789145735e-10
-1.3972256684979811e-10
-1.1102230246251565e-15
7.494005416219807e-16
0.0
-4.440892098500626e-16
-2.6645352591003757e-15
5.273559366969494e-16
1.9984014443252818e-15
7.993605777301127e-15
-8.881784197001252e-16
3.8329339702158904e-09
7.800984747063922e-09
3.471535059418329e-09
5.2275739292895196e-09
3.096964462656615e-09
2.0505268594206427e-09
-1.8723174122214914e-09
-7.283680325542718e-10
-1.0200829070328155e-10
1.1102230246251565e-16
-3.982925100842749e-15
-1.1102230246251565e-16
-4.440892098500626e-16
8.881784197001252e-16
-1.1102230246251565e-15
-1.9984014443252818e-15
-4.440892098500626e-16
1.3322676295501878e-15
3.861508446334483e-09
4.16800816083196e-09
3.4009888238983876e-09
2.696491918641186e-09
1.6721557472010318e-09
1.491379464368947e-09
4.952838139615778e-10
7.005569457874117e-10
3.6303360317901934e-10
2.220446049250313e-16
2.373101715136272e-15
1.1102230246251565e-16
1.1102230246251565e-16
2.7755575615628914e-15
5.551115123125783e-17
1.1102230246251565e-15
-5.329070518200751e-15
-8.881784197001252e-16
1.4256404945456325e-08
-5.516639589586703e-09
1.2698548323974991e-08
6.167963917391717e-10
4.870450709404395e-10
1.026016605010227e-09
1.187945919411959e-08
8.300020393203766e-09
2.0554610236089843e-09
-6.661338147750939e-16
-5.398459457239824e-15
5.551115123125783e-17
1.1102230246251565e-16
-2.6645352591003757e-15
2.7755575615628914e-16
2.55351295663786e-15
9.769962616701378e-15
7.549516567451064e-15
3.3028674906177e-08
-2.5375257450832578e-08
2.7127336821308745e-08
-1.570996666089286e-09
-7.696208115248737e-10
5.559215310313448e-10
2.8478693181455128e-08
2.069664195580856e-08
3.7168417232891215e-09
3.3306690738754696e-16
5.859895901849654e-15
-1.1102230246251565e-16
-1.7763568394002505e-15
-1.1102230246251565e-16
-3.544387006115812e-14
7.216449660063518e-16
4.440892098500626e-15
-1.7763568394002505e-15
2.7212843534130116e-08
-2.6569239253149132e-08
1.8684939595559058e-08
-3.6665372959987504e-09
-1.9942003604001e-09
1.1361578344804002e-10
2.210816352210543e-08
1.694039664101865e-08
1.9088793323795983e-09
-4.440892098500626e-16
-1.7381929229287607e-15
3.885780586188048e-16
-2.220446049250313e-16
-9.992007221626409e-16
-1.1657341758564144e-15
-4.690692279041286e-15
1.7763568394002505e-15
0.0
7.87219178732812e-09
-1.3856904956810467e-08
1.8226753439876118e-09
-6.247165451611636e-09
-3.497659051276969e-09
-3.637765644270985e-10
7.834613402479818e-09
6.785593864577777e-09
1.1065764971007752e-10
1.3322676295501878e-15
-1.1032841307212493e-15
-1.1102230246251565e-16
2.220446049250313e-16
4.996003610813204e-16
3.3306690738754696e-16
-2.220446049250313e-15
-7.993605777301127e-15
4.440892098500626e-16
-4.949477272475634e-09
-6.285105769165966e-09
-8.006090901346852e-09
-1.0080106527254884e-08
-5.703286731773005e-09
-9.548131174597074e-10
1.885608114093884e-09
2.3041364372033968e-09
-3.1438259287530634e-10
-1.1102230246251565e-15
-2.275957200481571e-15
3.372302437298913e-15
3.774758283725532e-15
2.609024107869118e-15
3.577693696854567e-14
5.329070518200751e-15
-3.552713678800501e-15
2.3314683517128287e-14
-1.4000519854562299e-08
-2.4831621203702525e-09
-1.4527495650895618e-08
-1.4803022231613117e-08
-8.391513262040462e-09
-1.6013075310183922e-09
1.3602718951233328e-10
8.09039057969585e-10
-2.729118597777358e-10
4.440892098500626e-15
1.6792123247455493e-15
-1.2836953722228372e-16
-2.220446049250313e-16
-1.1102230246251565e-16
1.3877787807814457e-16
-4.884981308350689e-15
2.6645352591003757e-15
0.0
-1.9192171407667047e-08
1.3877752280677669e-09
-1.7800420692992702e-08
-1.7502905347299702e-08
-9.8921031366217e-09
-1.8615367025631713e-09
-3.4643576896087325e-10
2.4648727503517875e-11
-1.7340373581475887e-10
-1.9984014443252818e-15
-2.400857290751901e-15
-2.42861286636753e-17
-1.1102230246251565e-16
-1.1102230246251565e-15
-1.6653345369377348e-16
2.55351295663786e-15
4.440892098500626e-16
-2.220446049250313e-16
-1.5368357253464637e-08
7.075662722400011e-09
-1.3668783438447463e-08
-1.3126104647653845e-08
-7.39397343352266e-09
-9.60270085670345e-10
-4.758149430017511e-10
-5.061426833208316e-10
-1.4474699217004172e-10
1.1102230246251565e-14
5.079270337660091e-15
-1.04638520070921e-14
1.0935696792557792e-14
-3.752553823233029e-14
-1.2823075934420558e-13
-1.5543122344752192e-15
-1.5543122344752192e-15
-4.729550084903167e-14
-1.0629719326971099e-09
1.167888363795555e-08
-1.4720011876079298e-09
-1.0964384955514106e-09
-5.293105953541044e-10
1.2122427506255917e-09
-3.2574387631711943e-10
-3.977280726985555e-10
-1.1251910514431529e-10
2.220446049250313e-15
1.7069679003611782e-15
-2.983724378680108e-16
1.942890293094024e-16
8.881784197001252e-16
-2.220446049250313e-16
3.0184188481996443e-15
2.248201624865942e-15
6.661338147750939e-16
1.6329920526914066e-08
1.3417164268503257e-08
1.3106035368082304e-08
1.3203557358565375e-08
7.48694706231845e-09
3.6328628993942402e-09
1.0596412636232344e-11
-3.0902924663678277e-10
-7.008460478630241e-11
-5.773159728050814e-15
-4.73232564246473e-15
5.551115123125783e-17
3.247402347028583e-15
-1.3322676295501878e-15
-2.220446049250313e-16
-2.275957200481571e-15
-4.440892098500626e-16
1.432187701766452e-14
2.51527012551378e-08
7.518714539855864e-09
2.0429242297836936e-08
2.029761780875106e-08
1.1379045261605826e-08
4.456012447917601e-09
2.3494006740065743e-10
-8.677236706944313e-11
-3.9614977964674836e-11
3.1086244689504383e-15
4.9404924595819466e-15
2.914335439641036e-16
-2.3314683517128287e-15
-8.881784197001252e-16
4.440892098500626e-16
-1.9984014443252818e-15
-8.881784197001252e-16
-4.285460875053104e-14
1.915611846925458e-08
-3.8229615029194974e-09
1.760150958318718e-08
1.741343602645884e-08
9.909403075880618e-09
2.818282496264146e-09
3.009822391319972e-10
-4.3520742565306136e-13
3.4496516754245476e-11
5.10702591327572e-15
1.6653345369377348e-15
1.6375789613221059e-15
2.4424906541753444e-15
4.085620730620576e-14
1.2523315717771766e-13
2.9976021664879227e-15
0.0
2.19824158875781e-14
-4.889415095021832e-09
-1.2632028756343061e-08
1.411670780271379e-11
-4.0320458083442645e-10
6.401528196420259e-10
-1.176317709905561e-09
3.5269209774924093e-10
2.838850265973747e-10
1.7460755064035993e-10
-3.1086244689504383e-15
-4.690692279041286e-15
0.0
0.0
8.881784197001252e-16
0.0
-3.1086244689504383e-15
1.1102230246251565e-15
0.0
-1.0788637827552348e-07
5.467487085297762e-08
-6.693902676602193e-08
-3.6553942095451934e-09
-1.296879048595656e-09
-9.762146646608016e-10
-6.345090142190202e-08
-3.491777533781715e-08
1.1468515026535897e-10
5.329070518200751e-15
2.9976021664879227e-15
-1.700029006457271e-16
0.0
-2.6645352591003757e-15
8.881784197001252e-16
2.220446049250313e-15
3.469446951953614e-16
4.440892098500626e-16
-2.0373204279167112e-07
9.371137821290176e-08
-1.5079712412102708e-07
-1.6483703291214624e-10
5.1590398619794087e-11
-5.034402894565915e-10
-1.5031245936825147e-07
-9.014838298071483e-08
-1.2842072294461104e-08
-2.220446049250313e-16
4.7704895589362195e-17
2.185751579730777e-16
-8.881784197001252e-16
-8.881784197001252e-16
-3.1086244689504383e-15
-2.6645352591003757e-15
-6.106226635438361e-16
4.440892098500626e-16
-7.584734618149013e-08
7.993401140993228e-08
-5.00603931641308e-08
-6.814637742991181e-11
-1.3554712907648536e-11
-3.307731866186714e-10
-4.992806168502284e-08
-3.322514174897151e-08
-2.9051605565655336e-09
1.9984014443252818e-15
2.7478019859472624e-15
-9.367506770274758e-16
0.0
1.7763568394002505e-15
-1.0769163338864018e-14
1.3322676295501878e-15
-2.7755575615628914e-15
3.1086244689504383e-15
-2.116601649504446e-08
7.763355824863538e-08
-7.524072032083495e-09
-5.732392338586578e-11
-6.894895765441333e-11
-2.114237673822572e-10
-7.503047072532354e-09
-8.663668893404974e-09
1.6810162151159602e-09
-1.1102230246251565e-15
-4.801714581503802e-15
2.7755575615628914e-17
2.220446049250313e-15
-3.552713678800501e-15
8.049116928532385e-16
-2.220446049250313e-15
-4.440892098500626e-16
8.326672684688674e-16
-1.855285347573954e-08
7.30653937353054e-08
-7.554657344144289e-09
-6.997957768817287e-11
-5.950884229832809e-11
-1.4783663182527107e-10
-7.551562930530054e-09
-7.770871945922408e-09
2.0022028479615983e-09
1.3322676295501878e-15
2.3869795029440866e-15
3.3306690738754696e-16
-1.3322676295501878e-15
4.884981308350689e-15
-6.661338147750939e-16
1.3322676295501878e-15
-4.440892098500626e-16
-2.248201624865942e-15
3.891898359142942e-09
4.123556607282808e-08
9.962281666275885e-09
-1.1497158780571225e-10
-6.078160197375837e-11
-8.957312669366502e-11
1.0131383731959431e-08
5.495923716125617e-09
5.857785367879842e-09
-5.773159728050814e-15
-3.219646771412954e-15
-4.461708780212348e-15
2.6645352591003757e-15
-1.2212453270876722e-15
-1.9984014443252818e-15
-4.440892098500626e-16
0.0
2.1094237467877974e-15
8.128722583933268e-09
3.866887254844187e-08
1.3295267109469933e-08
-8.54982751263833e-11
-2.3054891329366e-11
-4.348521542851813e-11
1.3431593615109705e-08
7.573749627454163e-09
6.3070899614103845e-09
7.105427357601002e-15
4.496403249731884e-15
1.249000902703301e-16
-3.9968028886505635e-15
6.8833827526759706e-15
2.4424906541753444e-15
-4.440892098500626e-16
-1.0130785099704553e-15
-6.661338147750939e-16
1.3330712533843324e-08
3.580127838631597e-08
1.6597708096810493e-08
-1.3128165221587551e-11
1.4332979247910771e-11
-8.596012790462737e-12
1.6667925706315145e-08
9.438155146312965e-09
6.3908629499565e-09
-4.6629367034256575e-15
2.6645352591003757e-15
6.522560269672795e-16
3.552713678800501e-15
-7.549516567451064e-15
-1.3322676295501878e-15
7.771561172376096e-16
-2.1094237467877974e-15
2.220446049250313e-16
4.3157299955964845e-09
3.2363054458528495e-08
7.756513653589536e-09
9.22453224916353e-11
1.3368417484116435e-11
1.828726059471819e-11
7.749564545633802e-09
4.462878067101883e-09
4.753786697619944e-09
-2.220446049250313e-16
-3.608224830031759e-15
-2.7755575615628914e-17
-3.774758283725532e-15
-2.6645352591003757e-15
-4.440892098500626e-16
-6.38378239159465e-16
3.552713678800501e-15
0.0
-1.8122779721352344e-08
3.1329193461715477e-08
-1.1852844927773276e-08
1.8100543286436732e-10
-4.4145131994355324e-11
3.170885776171417e-11
-1.2020971329462782e-08
-6.897127868832342e-09
1.7831069953899714e-09
5.329070518200751e-15
-3.760880495917718e-15
2.220446049250313e-16
3.3306690738754696e-15
6.217248937900877e-15
1.3322676295501878e-15
-2.220446049250313e-16
-1.3322676295501878e-15
0.0
3.5690517208308847e-10
1.434841578884516e-09
-2.511946206595894e-11
1.0841993969279427e-10
-1.9573276333062495e-10
1.3384293673368575e-12
-1.2793199832827895e-10
-8.392930794798303e-11
-2.3380408720186097e-11
-5.10702591327572e-15
-3.3306690738754696e-16
-3.0531133177191805e-16
-2.220446049250313e-15
-1.7763568394002505e-15
0.0
-6.661338147750939e-16
8.881784197001252e-16
4.440892098500626e-16
-4.5536197035289655e-10
2.734282134042587e-09
-1.6400036884078872e-10
1.0787992721361661e-10
-3.0114488680510476e-10
-1.4644285784015665e-11
-2.7053492779316457e-10
-1.5224621563447727e-10
-4.086841975947664e-11
-5.995204332975845e-15
8.049116928532385e-16
1.942890293094024e-16
-3.3306690738754696e-16
6.217248937900877e-15
0.0
0.0
0.0
8.881784197001252e-16
-3.4440778406974465e-07
-8.273508456113632e-08
-2.9596553119404234e-07
-3.1192740612695498e-09
-1.9406085627338143e-09
-2.9284374924998247e-10
-2.928463394002989e-07
-1.6827470261659982e-07
-4.557676902550156e-08
1.1324274851176597e-14
5.995204332975845e-15
-1.915134717478395e-15
-3.670674875166924e-15
-6.217248937900877e-15
0.0
-7.105427357601002e-15
-2.869232629265639e-15
1.554312234475219e-14
-1.1660041820960032e-07
5.4699199836250045e-08
-8.583329602629419e-08
-4.280597609707115e-08
-3.083266209014113e-08
-1.4070949960753865e-09
-4.296381650448211e-08
-2.4500216966316657e-08
-6.124196261225734e-09
6.661338147750939e-15
-1.2212453270876722e-15
2.3592239273284576e-16
-1.1102230246251565e-16
0.0
-2.220446049250313e-16
-2.220446049250313e-16
7.355227538141662e-16
-2.220446049250313e-16
7.83549580773979e-09
-4.0448000504511583e-10
7.833749648966659e-09
-1.7513261951762617e-09
-1.0555694096581192e-09
2.5369303879863025e-10
9.603509099065377e-09
5.087052556973504e-09
4.2300030145270284e-10
-1.3322676295501878e-15
-2.6367796834847468e-15
6.245004513516506e-17
-1.5543122344752192e-15
4.440892098500626e-15
2.220446049250313e-16
0.0
-2.7755575615628914e-16
4.440892098500626e-16
2.3427610740256455e-08
-9.655380495132705e-09
1.8161171899677697e-08
3.9111824889914715e-10
6.406599695196746e-10
-2.2516599695876494e-11
1.7798315710138013e-08
9.632536546178017e-09
1.354862888547359e-09
-6.8833827526759706e-15
3.1086244689504383e-15
1.1102230246251565e-16
-8.881784197001252e-16
8.881784197001252e-16
-8.881784197001252e-16
0.0
-8.881784197001252e-16
-1.3322676295501878e-15
3.088131705908381e-08
-1.2216105460538529e-08
2.374337126909154e-08
4.679518994521459e-10
3.6424729898953956e-10
-1.045834530088996e-10
2.3304108864863338e-08
1.2674359339825969e-08
1.8234089793622845e-09
1.5543122344752192e-15
-3.635980405647388e-15
-1.3877787807814457e-16
3.3306690738754696e-15
-4.440892098500626e-16
2.220446049250313e-16
-1.1102230246251565e-16
8.881784197001252e-16
2.4424906541753444e-15
4.068913028731913e-08
-9.396075029144413e-09
3.347164989619955e-08
9.111316146004356e-10
4.225206851060648e-10
1.1922862697133496e-10
3.255416292091695e-08
1.7832576304499526e-08
2.6858515411731787e-09
-3.774758283725532e-15
3.5388358909926865e-15
-2.7755575615628914e-17
-4.440892098500626e-15
-4.440892098500626e-16
0.0
0.0
-6.661338147750939e-16
-2.220446049250313e-16
7.21379294077451e-08
-2.194681769651652e-08
5.880778175537671e-08
1.0484062951121587e-08
6.951420772338679e-09
2.0744681528128694e-09
4.837523803757904e-08
2.6642844375146524e-08
4.411305098983576e-09
2.6645352591003757e-15
-3.309852392163748e-15
-1.1102230246251565e-16
4.3298697960381105e-15
9.992007221626409e-16
1.3877787807814457e-17
-2.220446049250313e-16
-1.5543122344752192e-15
-1.915134717478395e-15
1.0396190219807977e-07
-4.2830436086660484e-08
8.278484031620792e-08
2.2754239603628434e-08
1.5065197089825233e-08
4.521522711797843e-09
6.005747454906896e-08
3.319327213091583e-08
5.848235673511226e-09
-2.4424906541753444e-15
-8.465450562766819e-16
-2.220446049250313e-16
-2.609024107869118e-15
-4.440892098500626e-16
-2.7755575615628914e-17
1.2212453270876722e-15
3.1086244689504383e-15
1.1102230246251565e-15
8.140165874692684e-08
4.818076604351518e-09
7.152241821017924e-08
-1.0134295402863813e-08
-7.609406549313746e-09
-2.307997792883043e-09
8.165932352532934e-08
4.5302655626855426e-08
9.23407128539111e-09
-2.220446049250313e-15
3.1780134079895106e-15
1.1102230246251565e-16
3.1086244689504383e-15
3.3306690738754696e-16
-2.220446049250313e-16
0.0
2.220446049250313e-16
0.0
4.8208377734226815e-08
3.352180044657871e-08
4.748251036801321e-08
-3.832309847240367e-08
-2.6456711044176018e-08
-7.761800535632801e-09
8.586929967080437e-08
4.779163198520564e-08
1.0043208931165282e-08
3.1086244689504383e-15
-3.3306690738754696e-16
1.6653345369377348e-16
-3.9968028886505635e-15
-3.3306690738754696e-16
-1.1102230246251565e-16
0.0
1.3322676295501878e-15
-4.440892098500626e-16
-1.318774849323745e-07
9.118082289205631e-09
-1.0058936972257015e-07
-3.792728087148589e-08
-2.561598755335126e-08
-7.433724302785549e-09
-6.251651996080909e-08
-3.4176855123746464e-08
-1.6101381561384187e-08
4.6629367034256575e-15
-1.8041124150158794e-15
0.0
3.9968028886505635e-15
-6.38378239159465e-16
1.1102230246251565e-16
4.926614671774132e-16
-3.552713678800501e-15
4.440892098500626e-16
-1.5057054270073422e-07
5.685869552962686e-10
-1.1548416978257592e-07
-3.839333118094146e-08
-2.5455525687334557e-08
-7.153298176021395e-09
-7.707547666768733e-08
-4.166568245977942e-08
-2.0094262254133355e-08
-1.3322676295501878e-14
-7.632783294297951e-16
5.551115123125783e-17
-2.3314683517128287e-15
3.3306690738754696e-16
-2.220446049250313e-16
-3.3306690738754696e-16
1.7763568394002505e-15
0.0
-2.792341575741375e-07
-8.879581514520396e-09
-2.1357973967184307e-07
-4.33046309922247e-08
-2.7196170648835505e-08
-5.00054930796523e-09
-1.7026484755433557e-07
-9.167551695554721e-08
-3.992450814394033e-08
5.773159728050814e-15
2.275957200481571e-15
-1.1102230246251565e-16
-1.5543122344752192e-15
7.771561172376096e-16
3.0531133177191805e-16
2.220446049250313e-16
2.6645352591003757e-15
0.0
-2.336517809453653e-06
2.055264758382691e-06
-1.3732770867136423e-06
-1.2109396383408466e-06
-6.749618477464026e-07
1.0289932117490963e-07
-1.6258280233216738e-07
-8.456881062102184e-08
-3.999066677806695e-08
-1.3766765505351941e-14
-1.1102230246251565e-15
5.551115123125783e-17
1.1102230246251565e-15
-1.1102230246251565e-15
0.0
0.0
-1.7763568394002505e-15
-8.881784197001252e-16
-3.792450428363736e-06
1.6408818964919192e-05
-2.7196398804107957e-06
-2.7054264135628614e-06
-2.8758401571238323e-06
-1.4083401769227066e-06
-1.537300331477809e-08
-4.1087337976364324e-09
-6.088775705848093e-09
1.865174681370263e-14
1.2698175844150228e-15
-1.5265566588595902e-16
6.661338147750939e-16
5.551115123125783e-16
0.0
0.0
0.0
-1.7763568394002505e-15
-3.066970606369068e-07
-6.889101769047556e-07
-2.908402709778102e-07
-2.9116698208042635e-07
-1.241846909749711e-07
1.6131274094277614e-09
5.17585974080248e-10
5.439790840000569e-10
-6.716260880779146e-11
-1.1102230246251565e-15
3.837208328860697e-15
-2.42861286636753e-15
-1.9984014443252818e-15
1.1657341758564144e-15
2.220446049250313e-16
1.7763568394002505e-15
-8.881784197001252e-16
4.440892098500626e-16
1.0979843523273303e-07
-6.504814109575818e-08
8.35536226873046e-08
8.200449386208675e-08
5.1608649798140505e-08
-7.264645773830125e-09
1.0674892081397047e-09
-9.523581923076563e-11
5.929845503516162e-11
-5.10702591327572e-15
-4.621303340002214e-15
-2.8449465006019636e-16
4.440892098500626e-16
-6.661338147750939e-16
-5.551115123125783e-16
0.0
0.0
6.661338147750939e-16
8.945729490505983e-08
-1.968357139503496e-07
6.799642982002752e-08
6.654670059447199e-08
5.6053970354241756e-08
-7.761784104332037e-09
6.329621271561336e-10
-3.80107334496671e-11
3.3668512422480035e-11
-6.661338147750939e-16
4.593547764386585e-15
3.122502256758253e-17
-4.440892098500626e-16
4.440892098500626e-16
1.1102230246251565e-16
-4.440892098500626e-16
8.881784197001252e-16
-1.9984014443252818e-15
1.187972742400234e-08
-1.5757581195430248e-07
4.037071121842928e-09
3.631217992960956e-09
1.3813782118177189e-08
-1.150052497678189e-08
-1.4578560580957856e-11
-9.426948111013189e-11
1.3199663584373411e-11
-6.439293542825908e-15
-1.3877787807814457e-15
1.3877787807814457e-17
-4.440892098500626e-16
0.0
1.6653345369377348e-16
8.881784197001252e-16
-9.769962616701378e-15
0.0
1.253062009709538e-08
-8.895825942545343e-08
4.04198097214703e-09
4.325734437315987e-09
4.1776200276899544e-09
-8.155694786182721e-09
-1.5637269257240405e-10
-2.0328094763044646e-10
4.468203584906405e-12
1.1324274851176597e-14
-6.300515664747763e-15
5.551115123125783e-17
0.0
-7.771561172376096e-16
-5.551115123125783e-17
0.0
1.6819878823071122e-14
3.1086244689504383e-15
1.5347978887803038e-08
-5.1567745629199635e-08
8.764111214532022e-09
8.922863337090803e-09
5.207219544445252e-09
-5.896538368688198e-09
-3.014388738620255e-11
-1.751399025806677e-10
5.99409410995122e-12
-1.3766765505351941e-14
6.314393452555578e-15
1.1102230246251565e-16
0.0
-1.3877787807814457e-16
4.0245584642661925e-16
2.220446049250313e-16
-7.993605777301127e-15
-4.440892098500626e-16
1.6774670541508385e-08
-4.05439237738392e-08
1.2027840945449952e-08
1.2338375654508127e-08
7.015996672521396e-09
-4.099405259694322e-09
-1.5842616107875074e-10
-1.5001067055209205e-10
-1.3129497489217101e-12
1.3322676295501878e-14
-2.220446049250313e-15
-5.551115123125783e-17
0.0
-3.3306690738754696e-16
-6.938893903907228e-16
-1.5543122344752192e-15
5.329070518200751e-15
-2.220446049250313e-15
1.6076896258709894e-08
-3.423082262088428e-08
1.2376600189156761e-08
1.2769340251850279e-08
7.180773309301003e-09
-3.0182292221070384e-09
-2.5063950914727684e-10
-5.042055661874656e-11
-8.378742144543594e-12
-3.1086244689504383e-15
1.582067810090848e-15
5.551115123125783e-17
-3.3306690738754696e-15
-7.827072323607354e-15
3.011479954295737e-15
-3.552713678800501e-15
-1.2434497875801753e-14
1.5987211554602254e-14
1.3230703643785091e-08
-2.9888298058722285e-08
1.0139331818592723e-08
1.0422055218839432e-08
5.790088408730298e-09
-2.5581670115570887e-09
-1.6408385761224054e-10
6.452816059265842e-11
-8.973821685742678e-12
-1.5543122344752192e-15
-2.1163626406917047e-15
3.3306690738754696e-16
0.0
-1.7486012637846216e-15
-8.326672684688674e-16
1.7763568394002505e-15
-3.9968028886505635e-15
4.440892098500626e-16
9.602985073797754e-09
-2.6298550892533967e-08
7.0465171475575525e-09
7.130068535587952e-09
3.891516442422471e-09
-2.4294664058288618e-09
-1.298339213917643e-11
9.952461077489261e-11
-5.432099214885966e-12
3.4416913763379853e-15
4.173744683200198e-15
0.0
1.1102230246251565e-16
8.465450562766819e-16
9.159339953157541e-16
1.5543122344752192e-15
2.6645352591003757e-15
0.0
6.682472353247704e-09
-2.3005839011602802e-08
4.710820178388531e-09
4.667471742436646e-09
2.4832811362784923e-09
-2.31555929985916e-09
7.127631818093506e-11
6.169331712158055e-11
-6.61193322315512e-12
1.3322676295501878e-15
-4.3923198411732756e-15
1.1102230246251565e-16
0.0
5.551115123125783e-17
-1.942890293094024e-16
-2.6645352591003757e-15
-5.329070518200751e-15
4.440892098500626e-16
5.739915875935253e-09
-2.0047025373060023e-08
4.228258632110737e-09
4.178112522623678e-09
2.172091839724999e-09
-2.005592136811174e-09
5.3720583537142375e-11
1.7008616737257398e-13
-1.191091669738853e-11
1.5543122344752192e-15
1.1379786002407855e-15
1.1102230246251565e-16
0.0
-6.106226635438361e-16
-1.942890293094024e-16
-6.938893903907228e-16
1.7763568394002505e-15
-2.220446049250313e-16
7.148598157868946e-09
-1.7228359183718567e-08
5.796236379751463e-09
5.761166210760393e-09
2.9967495152050105e-09
-1.4308767504189746e-09
4.240618967088494e-11
-3.094235978551296e-11
-6.170702837593467e-12
4.440892098500626e-16
-4.996003610813204e-16
-1.942890293094024e-16
-4.440892098500626e-16
-2.5673907444456745e-16
2.6645352591003757e-15
2.4424906541753444e-15
-1.7763568394002505e-15
8.881784197001252e-16
9.047901983194606e-09
-1.4585019414425915e-08
7.746988828216672e-09
7.648412125860204e-09
4.036158074427476e-09
-8.265672590823669e-10
4.9965365178650245e-11
-2.290700962248593e-11
9.64701929451195e-12
3.552713678800501e-15
1.6792123247455493e-15
-8.465450562766819e-16
-2.220446049250313e-16
5.828670879282072e-16
-1.096345236817342e-15
-2.9976021664879227e-15
8.881784197001252e-16
5.10702591327572e-15
8.977330878678913e-09
-1.2149627082180814e-08
8.117092775705714e-09
8.089969166791278e-09
4.301648814930559e-09
-4.790621233041747e-10
-1.1108447495189466e-11
-3.339462040230501e-11
2.797650999752932e-11
-5.10702591327572e-15
-4.163336342344337e-16
3.382710778154774e-16
2.4424906541753444e-15
-2.7755575615628914e-16
1.609823385706477e-15
8.881784197001252e-16
1.865174681370263e-14
-7.327471962526033e-15
5.767439859027945e-09
-1.0068188061040928e-08
6.0668181589562664e-09
6.086002368732579e-09
3.217440536218419e-09
-5.823181936648325e-10
-7.205791519027116e-11
-3.416289473534562e-11
4.806394171552597e-11
4.440892098500626e-16
-2.7755575615628914e-15
-2.7755575615628914e-16
0.0
-5.551115123125783e-16
-1.1657341758564144e-15
1.1102230246251565e-16
1.3322676295501878e-15
5.551115123125783e-17
3.998508191216388e-10
-9.32061539060669e-09
2.0977211079298286e-09
2.010265731655636e-09
9.458034355702694e-10
-1.1125678156531649e-09
4.366729200455666e-11
1.042650410454371e-10
6.286804410393643e-11
-3.3306690738754696e-15
3.6914915568786455e-15
-1.249000902703301e-16
8.881784197001252e-16
1.887379141862766e-15
-4.440892098500626e-16
1.1102230246251565e-16
8.881784197001252e-16
2.7755575615628914e-17
-9.736282891026349e-10
-9.654280930249115e-09
1.1778205077916937e-09
1.1070895311604545e-09
4.912816820024091e-10
-1.1654179843390011e-09
6.493561244269586e-11
1.5769607841775724e-10
2.4577340163034478e-11
2.4424906541753444e-15
-6.356026815979021e-15
-1.3600232051658168e-15
-1.2212453270876722e-15
-2.4424906541753444e-15
8.881784197001252e-16
-2.7755575615628914e-15
-4.6629367034256575e-15
2.220446049250313e-15
2.4896849026845307e-09
-9.393552602432464e-09
4.269171682835804e-09
4.251813123801185e-09
2.3494799439305325e-09
-5.191225227463292e-10
-5.310418771387049e-12
1.9678481066875975e-11
-1.344402367209341e-11
1.5543122344752192e-15
9.992007221626409e-16
-2.7755575615628914e-16
-6.661338147750939e-16
1.5543122344752192e-15
-2.220446049250313e-16
-8.326672684688674e-17
2.220446049250313e-15
-1.1102230246251565e-15
2.2112942588137234e-09
-8.609841728457468e-09
4.237826090047747e-09
4.2419863177656225e-09
2.4591306768684262e-09
-4.3375791847211076e-10
-1.2283019046321897e-10
-1.1366729779638261e-10
-1.864031151654899e-11
0.0
4.3021142204224816e-16
1.544597783009749e-14
1.942890293094024e-16
-4.884981308350689e-15
4.440892098500626e-16
-1.1102230246251565e-15
1.7763568394002505e-15
6.661338147750939e-15
1.0874913414227194e-08
-5.384215739923093e-09
1.122910120443521e-08
1.1191044535507897e-08
6.477030467522128e-09
1.2407284089022141e-09
-1.0194733945922962e-11
-4.39701608456744e-11
-6.7415795168557224e-12
-4.218847493575595e-15
3.552713678800501e-15
-1.249000902703301e-16
1.1102230246251565e-15
1.7763568394002505e-15
0.0
1.1934897514720433e-15
1.6653345369377348e-15
-1.2434497875801753e-14
3.4272602533746976e-09
1.8348345065533067e-09
4.139014464499269e-09
5.936904301506729e-09
3.613561005977317e-09
1.0781349146782304e-09
-1.7619514736111341e-09
-1.3098713225190295e-09
-3.8442693472973133e-10
2.4424906541753444e-15
-1.8041124150158794e-15
1.8041124150158794e-16
-8.881784197001252e-16
4.440892098500626e-15
8.881784197001252e-16
-8.881784197001252e-16
-1.9984014443252818e-15
0.0
4.513437374953355e-06
6.561117515957449e-08
3.701872174133314e-06
1.8395560630324326e-09
1.0948184581138776e-09
5.687894599759602e-10
3.7003257471468487e-06
2.1527586380187813e-06
4.207271278033886e-07
2.886579864025407e-15
-1.4432899320127035e-15
5.162537064506978e-15
-1.7763568394002505e-15
-6.217248937900877e-15
8.881784197001252e-16
3.552713678800501e-15
-3.9968028886505635e-15
1.0880185641326534e-14
2.092358641903047e-08
-3.29868043991155e-09
1.7576077482317487e-08
-1.269739868803299e-10
-8.146283647647579e-11
-2.912403651578188e-11
1.767970303490074e-08
1.0823395513170908e-08
2.593905978898192e-09
-1.4876988529977098e-14
-1.1310397063368782e-15
2.7755575615628914e-16
0.0
-1.7763568394002505e-15
2.6645352591003757e-15
0.0
-1.9984014443252818e-15
4.440892098500626e-16
3.9271697005460737e-10
4.547473508864641e-13
1.5921131080176565e-10
-1.395683568716777e-11
-2.1930901539235492e-11
-4.0854208904761435e-11
2.1459811705426546e-10
2.986624281220429e-10
1.0632383862230199e-10
0.0
5.3013149425851225e-15
-1.457167719820518e-16
4.440892098500626e-16
4.440892098500626e-15
-8.881784197001252e-16
2.220446049250313e-16
-3.3306690738754696e-16
-2.220446049250313e-16
-4.529631780769705e-09
2.0353354557300918e-09
-3.5928451325162314e-09
-6.208367153703875e-12
1.2830403406383084e-11
-6.905909177845615e-11
-3.5619649452200974e-09
-2.1451356246871e-09
-3.2454749998578336e-10
-1.3322676295501878e-15
-4.246603069191224e-15
2.7755575615628914e-17
0.0
-5.329070518200751e-15
-1.27675647831893e-15
-2.220446049250313e-16
1.1102230246251565e-15
-8.881784197001252e-16
-3.752987254301843e-09
3.5194887004763586e-09
-2.7604407648595952e-09
-2.6989965817847402e-11
-2.3466006915384696e-11
-6.989342438146195e-11
-2.773553831048048e-09
-1.7399521823335817e-09
-2.08551398372947e-10
-3.552713678800501e-15
1.4988010832439613e-15
-2.220446049250313e-16
0.0
4.440892098500626e-16
1.5543122344752192e-15
2.220446049250313e-15
-8.881784197001252e-16
8.881784197001252e-16
-5.4633417789773375e-09
4.57060878034099e-09
-4.058907876469675e-09
-4.8535397922933043e-11
-2.8686386599474645e-11
-3.460698394519568e-11
-4.103196005189602e-09
-2.47964493382824e-09
-3.000408810294175e-10
7.771561172376096e-15
-2.7755575615628914e-15
4.440892098500626e-16
4.440892098500626e-16
-1.1102230246251565e-15
6.661338147750939e-16
-2.6645352591003757e-15
8.881784197001252e-16
3.885780586188048e-16
-3.5179326118850436e-09
5.632834643165552e-09
-2.6712143608165206e-09
-1.8408385926704796e-11
2.8954616482224083e-12
-2.682076782889453e-12
-2.7188384876808414e-09
-1.7015179959445348e-09
-9.120526556216646e-11
-8.43769498715119e-15
3.0531133177191805e-16
-2.220446049250313e-16
0.0
4.773959005888173e-15
0.0
-2.220446049250313e-16
3.3306690738754696e-16
1.0269562977782698e-15
-7.902265508619165e-10
3.1298270641855197e-09
-6.290896692462411e-10
5.011635550999926e-11
2.7196023211217835e-11
2.23443485936059e-11
-6.434230925833617e-10
-2.4423485456281924e-10
3.624265332291543e-10
1.9539925233402755e-14
1.304512053934559e-15
1.3877787807814457e-17
0.0
-4.218847493575595e-15
-2.6645352591003757e-15
1.1102230246251565e-15
-1.9984014443252818e-15
-1.7555401576885288e-15
1.2593730502885592e-09
2.8643114546866855e-09
1.0051053322968073e-09
6.38582520195996e-11
1.5552004128949193e-11
3.8055336659681416e-11
9.941878431618534e-10
7.168630133946863e-10
5.831708449477446e-10
-1.9539925233402755e-14
-5.1486592766991635e-15
1.3877787807814457e-16
-1.7763568394002505e-15
-8.881784197001252e-16
2.6645352591003757e-15
-6.661338147750939e-16
1.3877787807814457e-15
5.689893001203927e-16
2.3480382083107543e-09
2.78441802947782e-09
1.930560600271747e-09
9.616663021461136e-11
2.8069102597783058e-11
3.6548541970660153e-11
1.872205501740609e-09
1.1938947608314265e-09
6.513118933071382e-10
9.103828801926284e-15
6.5503158452884236e-15
-2.220446049250313e-16
0.0
3.1086244689504383e-15
-4.440892098500626e-16
4.440892098500626e-16
1.6653345369377348e-16
7.771561172376096e-16
2.9869191564557696e-09
1.2315695130382665e-09
2.640202723114271e-09
6.314788691952344e-10
5.431011196321833e-10
1.230655577444395e-10
2.0241497367123884e-09
1.2438441387985222e-09
5.928981750003004e-10
5.995204332975845e-15
-1.5543122344752192e-15
1.4432899320127035e-15
1.5543122344752192e-15
4.440892098500626e-15
8.881784197001252e-16
-2.220446049250313e-16
0.0
1.2351231148954867e-15
-2.630535789194255e-08
2.876808480323234e-08
-2.009679711534318e-08
-2.1583239195877013e-08
-1.6685823389650523e-08
-2.454682235253358e-09
1.4768062328585074e-09
9.057590233396695e-10
4.80589790186059e-10
1.3322676295501878e-15
3.642919299551295e-16
-3.3306690738754696e-16
-4.440892098500626e-16
-3.552713678800501e-15
-4.440892098500626e-16
4.440892098500626e-16
-4.440892098500626e-16
-1.124100812432971e-15
-2.560896916747879e-08
3.094565670380689e-08
-1.842045271871484e-08
-1.9482413904370333e-08
-1.5400996478120987e-08
-1.805153360123768e-09
1.033622964996539e-09
6.310898470474058e-10
3.8744474295526743e-10
8.659739592076221e-15
2.192690473634684e-15
-4.322930902134203e-15
2.8449465006019636e-16
8.881784197001252e-16
0.0
2.220446049250313e-16
1.1657341758564144e-15
5.551115123125783e-16
1.598142240766265e-08
-1.3107040786053403e-08
1.0908348002658386e-08
1.0065940525549877e-08
7.481325781100168e-09
3.9225256376340667e-10
8.280007790517629e-10
5.000426739343311e-10
3.476472443253442e-10
-1.3322676295501878e-15
-4.666446807959079e-15
-2.3592239273284576e-16
-2.1649348980190553e-14
-1.7763568394002505e-14
0.0
-1.5543122344752192e-15
-5.30825383648903e-15
1.3322676295501878e-15
9.435865422346978e-10
2.1773232106170326e-09
7.054179462784305e-10
5.411671111232864e-11
5.196998387191343e-11
-3.810357585010138e-11
6.636832194928388e-10
3.965077155498875e-10
3.5210234727856005e-10
-2.19824158875781e-14
-7.424616477180734e-16
2.7755575615628914e-17
1.1102230246251565e-15
1.7763568394002505e-15
-4.440892098500626e-16
0.0
1.7486012637846216e-15
2.220446049250313e-16
3.768825251881935e-09
1.6929551094335693e-09
2.8148008368589217e-09
-3.164224438023666e-11
6.584244260920968e-11
-6.563571908202448e-11
2.9021283154406774e-09
1.6466230601253073e-09
7.580496230730205e-10
1.5543122344752192e-15
3.5041414214731503e-15
-2.7755575615628914e-16
4.440892098500626e-16
-1.7763568394002505e-15
-2.220446049250313e-16
2.220446049250313e-16
2.157996004115148e-15
-9.992007221626409e-16
8.627978331787745e-09
5.23592547096996e-09
6.930282125949815e-09
3.248956659263058e-12
-1.2063239296367101e-11
2.7359225995837733e-12
6.909175453984062e-09
3.88068110979134e-09
1.6442669448224478e-09
1.1324274851176597e-14
1.9337829948451457e-15
-8.326672684688674e-17
3.352873534367973e-14
1.687538997430238e-14
-2.220446049250313e-16
2.220446049250313e-16
-3.969047313034935e-15
1.5543122344752192e-15
3.032293705018674e-08
1.0993659316227422e-08
2.412117794392543e-08
1.5543122344752192e-12
-8.217426739065559e-12
-5.86392046031392e-11
2.410927635310145e-08
1.334141952469281e-08
5.263117941467499e-09
3.3306690738754696e-15
-7.53563877964325e-15
0.0
-6.661338147750939e-16
3.552713678800501e-15
2.220446049250313e-16
-4.440892098500626e-16
0.0
2.220446049250313e-16
6.087287829359411e-08
2.168013679693104e-08
4.768953232314743e-08
-5.6754601018838e-12
-1.6827428339638573e-11
-2.7624125209513295e-11
4.767665728877546e-08
2.569803214669264e-08
1.061837195948101e-08
-1.3322676295501878e-15
8.174017018802715e-15
-1.6653345369377348e-16
0.0
-8.881784197001252e-16
0.0
-5.551115123125783e-17
4.440892098500626e-16
-1.1102230246251565e-16
5.98909508653378e-08
3.14024077852082e-08
4.388553165313169e-08
1.9610979506978765e-12
-7.268852186825825e-12
2.7146285219714628e-11
4.3879428091031514e-08
2.1632786229019985e-08
1.0761084467958426e-08
-7.771561172376096e-15
-6.328271240363392e-15
-2.220446049250313e-16
1.6653345369377348e-15
-3.3306690738754696e-16
0.0
3.0531133177191805e-16
-2.220446049250313e-15
0.0
2.829843026574963e-10
-1.847524799813982e-09
3.9252157080227335e-10
1.254640835668397e-10
7.94084797917094e-11
4.210720661035339e-11
2.583391278676572e-10
3.5786840157925326e-10
6.7399419378944e-11
-4.218847493575595e-15
-1.4432899320127035e-15
-7.494005416219807e-16
0.0
-4.440892098500626e-16
4.440892098500626e-16
0.0
2.6645352591003757e-15
-5.551115123125783e-16
3.1525118515673967e-08
-1.9240246729168575e-08
3.362812606155785e-08
3.494818656690768e-09
1.305823893460456e-09
-2.98001623377786e-10
3.002167403565181e-08
1.819109662903884e-08
2.2476181597320954e-09
2.7755575615628914e-14
5.551115123125783e-17
1.3877787807814457e-16
4.440892098500626e-16
4.440892098500626e-16
1.4988010832439613e-15
-2.220446049250313e-16
-1.7763568394002505e-15
-1.7763568394002505e-15
8.583856470067985e-08
5.238132416707231e-08
6.451926992667723e-08
2.1024391116952756e-09
1.1316290127183493e-09
8.109991567195608e-10
6.244556871592977e-08
3.064642761785308e-08
1.6027549065711355e-08
-2.731148640577885e-14
2.5673907444456745e-16
-5.551115123125783e-17
-6.106226635438361e-16
4.440892098500626e-16
0.0
6.661338147750939e-16
1.7763568394002505e-15
0.0
7.45661665746411e-09
1.986961706279544e-08
3.7289851206878666e-09
-1.3982770497023012e-10
-2.8959945552742283e-10
2.3566570916955243e-10
3.833664052876884e-09
4.850750912055446e-10
1.4807355341872606e-09
3.3306690738754696e-15
2.5951463200613034e-15
1.6653345369377348e-16
4.440892098500626e-16
0.0
0.0
-1.0658141036401503e-14
-5.329070518200751e-15
-2.6645352591003757e-15
-3.058303832403908e-09
5.3650239806302125e-09
-1.959328699285834e-09
-1.9043042698285717e-09
-1.3092407158410424e-09
-3.354116984155553e-11
-7.913492083844176e-11
-1.1962253410047197e-10
-1.3381962205016862e-11
1.354472090042691e-14
8.326672684688674e-16
0.0
-2.220446049250313e-16
-2.220446049250313e-16
-4.440892098500626e-16
4.440892098500626e-16
8.881784197001252e-16
0.0
-2.7935911361964827e-09
3.95783672502148e-09
-1.8101076193488552e-09
-1.6713173067728349e-09
-1.1167777813625435e-09
-2.476241434123949e-12
-1.0646417081261461e-10
-2.0969892489119957e-12
1.7961188092385783e-12
-2.375877272697835e-14
7.91033905045424e-16
-5.551115123125783e-17
1.3322676295501878e-15
5.551115123125783e-16
0.0
0.0
-6.217248937900877e-15
-2.6645352591003757e-15
-2.0036807768519793e-09
4.1938092998350385e-09
-1.1883258821399068e-09
-1.1356533491380105e-09
-8.515641525264073e-10
8.395062423005584e-11
-5.762679222698352e-11
-2.2515767028608025e-11
2.3678281557693026e-12
2.4424906541753444e-14
2.248201624865942e-15
-3.774758283725532e-15
-4.440892098500626e-16
3.497202527569243e-15
2.220446049250313e-16
0.0
-3.552713678800501e-15
2.6645352591003757e-15
-4.741593784274301e-10
3.5962273159384495e-09
-5.893951993130031e-12
-2.163957901757385e-11
-1.6333023822312498e-10
2.416911115687981e-10
-2.7551294579097885e-12
-3.5223379768467566e-11
-5.750955267558311e-14
2.220446049250313e-15
-6.6058269965196814e-15
-9.71445146547012e-17
-1.1102230246251565e-15
-3.885780586188048e-15
-1.1102230246251565e-16
8.881784197001252e-16
5.329070518200751e-15
-5.134781488891349e-16
1.5832881672395162e-09
1.8827392977982527e-09
1.6104788613802157e-09
1.5507519712798512e-09
8.649649885228428e-10
3.851354790640471e-10
1.6578738382122538e-11
-6.661338147750939e-11
-5.735856234423409e-12
-1.5543122344752192e-15
8.021361352916756e-15
9.020562075079397e-17
-2.220446049250313e-16
1.2212453270876722e-15
9.992007221626409e-16
-8.881784197001252e-16
5.329070518200751e-15
-2.220446049250313e-16
1.701444318769063e-09
1.218062095631467e-09
1.6257528656637987e-09
1.5744079373547493e-09
8.882942159615936e-10
2.9123725653334986e-10
1.234123914173324e-11
-1.0308376374723593e-10
-1.0631273639205574e-11
-2.220446049250313e-14
-4.052314039881821e-15
-1.3877787807814457e-17
2.220446049250313e-16
1.366962099069724e-15
-1.0547118733938987e-15
-8.881784197001252e-16
1.709743457922741e-14
2.220446049250313e-15
9.65471258496109e-10
8.979119670016189e-10
1.054020870583372e-09
1.1435831170913957e-09
6.392650853115356e-10
1.8106049992638873e-10
-1.1486545048455811e-10
-1.5270096298536373e-10
-7.688516490134134e-12
1.5765166949677223e-14
-7.494005416219807e-16
2.220446049250313e-16
4.440892098500626e-16
-9.992007221626409e-16
-2.0122792321330962e-16
2.220446049250313e-15
-4.440892098500626e-16
-3.9968028886505635e-15
-2.0418866597538e-10
5.332640995447946e-10
1.7673329466560972e-10
4.0781911181397845e-10
2.3282575867256125e-10
6.795630724809598e-11
-2.453912628652688e-10
-1.7321788448043662e-10
-3.1601388172930456e-12
-2.220446049250313e-15
1.5959455978986625e-15
5.551115123125783e-17
2.220446049250313e-16
-1.4432899320127035e-15
1.4710455076283324e-15
-3.552713678800501e-15
-1.7763568394002505e-14
2.220446049250313e-15
-6.796696538913238e-10
1.5792256391478077e-10
-1.4347634191835823e-10
1.7569856680665907e-10
1.0938383532277384e-10
2.8819613362429664e-11
-3.3537261856508844e-10
-1.804338900512903e-10
-8.54449844212013e-12
2.120525977034049e-14
4.3021142204224816e-16
5.551115123125783e-17
1.1102230246251565e-15
-4.440892098500626e-16
-2.7755575615628914e-16
3.552713678800501e-15
1.687538997430238e-14
-8.881784197001252e-16
-2.900435447372729e-10
-4.2918912868117337e-10
1.113846792577533e-10
4.77396788767237e-10
2.8173841037926195e-10
6.247091732802801e-11
-3.7041303357909783e-10
-1.4543488635609947e-10
-1.8725576644840203e-12
-1.84297022087776e-14
-3.191891195797325e-15
-1.1102230246251565e-16
-4.440892098500626e-16
1.4432899320127035e-15
-8.881784197001252e-16
-6.661338147750939e-16
-8.43769498715119e-15
-4.440892098500626e-16
1.323396503494223e-09
-1.7775008132048242e-09
1.3869243531416942e-09
9.934488787166629e-10
5.687836868162321e-10
1.183906306323479e-10
3.9467007439952795e-10
4.4338577254166017e-10
1.5558876409471623e-10
-3.552713678800501e-15
2.3592239273284576e-15
1.1102230246251565e-16
0.0
1.5543122344752192e-15
1.0547118733938987e-15
-3.552713678800501e-15
2.6645352591003757e-15
4.440892098500626e-16
6.267029561968229e-09
-5.3154280976741575e-09
5.594531060637564e-09
1.118917403175601e-09
6.266658303388795e-10
1.0899725566559937e-10
4.479879481267268e-09
3.2423455031960202e-09
6.723281931186875e-10
8.659739592076221e-15
-1.4155343563970746e-15
5.551115123125783e-17
0.0
7.771561172376096e-16
-1.4988010832439613e-15
-1.1102230246251565e-16
-1.7763568394002505e-15
4.440892098500626e-16
8.8304616951973e-09
-5.9394267282186775e-09
7.176202743153225e-09
1.0638379066563175e-09
5.845919304192648e-10
8.357403658010298e-11
6.107153449619318e-09
4.167452161141227e-09
5.648051193407611e-10
-1.1102230246251565e-15
7.2121128513735755e-16
-1.1102230246251565e-16
2.220446049250313e-16
-1.942890293094024e-15
3.885780586188048e-16
3.497202527569243e-15
8.881784197001252e-16
4.440892098500626e-16
4.435058542640036e-09
-2.5391670988028636e-09
2.889459338462075e-09
6.077183201114167e-10
3.2006219896629773e-10
5.201172825763933e-12
2.2861676995944435e-09
1.5958745436250865e-09
4.815630533228088e-11
7.105427357601002e-15
-4.853756285783106e-15
9.71445146547012e-17
-2.220446049250313e-16
1.259409243559162e-15
-1.6653345369377348e-16
-1.9984014443252818e-15
0.0
0.0
5.900133714931144e-10
-1.6829915239213733e-09
-5.671765279657848e-10
-8.336228374261623e-10
-4.939728626141004e-10
-2.0412471712916158e-10
2.8977531485452346e-10
4.4356696093927894e-10
-5.906178324188716e-11
1.7763568394002505e-15
3.1363800445660672e-15
-1.0408340855860843e-16
0.0
3.885780586188048e-16
-1.1102230246251565e-16
8.881784197001252e-16
2.6645352591003757e-15
2.220446049250313e-16
-2.193878856360243e-09
-3.0093190162006067e-09
-3.026262351824016e-09
-2.7404001290420865e-09
-1.5785541762625144e-09
-4.836095968130394e-10
-2.368274465425202e-10
2.1384316539752035e-10
-3.502992340642663e-11
-1.0880185641326534e-14
2.9559688030644793e-15
-8.326672684688674e-17
6.661338147750939e-16
-1.7763568394002505e-15
9.992007221626409e-16
0.0
-3.552713678800501e-15
-1.942890293094024e-16
-3.1537865652353503e-09
-3.872514753311407e-09
-3.776351675810474e-09
-3.575798324106927e-09
-2.041700142285663e-09
-5.683489234797889e-10
-1.8314416649900522e-10
1.6436274563602637e-10
-1.8627654974068264e-11
-1.0436096431476471e-14
-1.2906342661267445e-15
1.1102230246251565e-16
-1.3322676295501878e-15
2.220446049250313e-15
2.220446049250313e-16
-9.992007221626409e-16
0.0
4.440892098500626e-16
-1.8618351305121905e-09
-1.7003314312091788e-09
-2.3422153105912003e-09
-2.1698687291404894e-09
-1.2223693168778027e-09
-2.2519941467180615e-10
-1.4437073758699626e-10
2.9320545991140534e-11
-3.174593921073665e-11
7.549516567451064e-15
-8.743006318923108e-16
-1.3877787807814457e-15
1.887379141862766e-15
-5.773159728050814e-15
3.1086244689504383e-15
2.4980018054066022e-15
-2.0122792321330962e-15
-4.440892098500626e-16
4.405009690344741e-09
2.1932846649974636e-09
3.320591801525552e-09
3.428173300790149e-09
1.930723136922552e-09
8.962075526142144e-10
-1.1408007871693826e-10
-4.0735415041126544e-11
-4.3784975645166924e-11
6.217248937900877e-15
-4.579669976578771e-16
1.1102230246251565e-16
-6.106226635438361e-16
3.1086244689504383e-15
0.0
-1.7208456881689926e-15
1.7763568394002505e-15
-4.884981308350689e-15
1.2698109230768749e-08
4.206350823210414e-09
1.0573846687123023e-08
1.0532067662438747e-08
5.71568570251202e-09
2.2896742279954196e-09
2.084465933194224e-11
2.9817925906172604e-11
-2.939593013451258e-11
-7.771561172376096e-15
-2.706168622523819e-15
0.0
1.1102230246251565e-16
-1.3322676295501878e-15
4.440892098500626e-16
4.718447854656915e-16
-4.440892098500626e-16
5.551115123125783e-17
7.89668774814345e-09
3.668262138489809e-09
7.004826940715248e-09
6.937147745134098e-09
3.394756475927352e-09
1.502868940406188e-09
4.8622439408063656e-11
-1.7459811374465062e-11
-9.864414840521363e-12
3.1086244689504383e-15
6.966649479522857e-15
-5.551115123125783e-17
-4.440892098500626e-16
-2.6645352591003757e-15
8.881784197001252e-16
1.1102230246251565e-16
1.1102230246251565e-15
2.220446049250313e-16
8.896847702999366e-10
3.192980102539878e-09
9.991900640216045e-10
9.866312211670447e-10
4.53379556120126e-11
2.2214408090803772e-10
1.0348610857136009e-11
-8.641620752314338e-11
5.2868820432649954e-12
1.5765166949677223e-14
-3.497202527569243e-15
0.0
8.881784197001252e-16
7.105427357601002e-15
1.7763568394002505e-15
0.0
-2.6645352591003757e-15
-1.7763568394002505e-15
-2.031667634128098e-08
2.007783450608258e-08
-1.59885615858002e-08
-1.7220962433839302e-09
-1.2625651635289614e-09
-3.899351952441066e-10
-1.4300067796568783e-08
-1.0188070831418372e-08
-2.788587138979892e-09
-2.1316282072803006e-14
-2.4424906541753444e-15
-6.938893903907228e-18
-4.440892098500626e-16
-8.881784197001252e-16
-1.7763568394002505e-15
-1.1102230246251565e-15
-2.7755575615628914e-16
4.440892098500626e-16
4.183364765708575e-11
5.759623888934583e-09
-5.132889668857388e-10
-3.2589042575636995e-11
-3.4460212461340234e-12
-5.3766435748059394e-11
-4.863345282046794e-10
-7.111253808034235e-10
-8.728022748982767e-10
-8.43769498715119e-15
4.551914400963142e-15
-6.938893903907228e-18
-4.440892098500626e-16
-5.329070518200751e-15
8.881784197001252e-16
0.0
0.0
2.220446049250313e-16
1.2705321239536715e-08
-1.1265342436672654e-08
7.571671289952064e-09
-1.6132872815433075e-11
-2.745803584502937e-12
-9.633582820356423e-11
7.557748205044845e-09
4.900101657767663e-09
-4.1742165279856636e-11
7.327471962526033e-15
-6.390721285498557e-15
0.0
4.440892098500626e-16
8.881784197001252e-15
2.220446049250313e-16
1.4432899320127035e-15
6.661338147750939e-16
-8.881784197001252e-16
-5.190130991650221e-09
-6.336108526738826e-09
-5.082895881969308e-09
4.305888978706207e-12
-1.1750600492632657e-12
-1.0768408387207273e-10
-5.071537856338182e-09
-2.4489352767886885e-09
-7.676224100805484e-10
-4.884981308350689e-15
7.563394355258879e-16
0.0
8.881784197001252e-16
-3.9968028886505635e-15
7.771561172376096e-16
-2.220446049250313e-16
3.4416913763379853e-15
-2.220446049250313e-16
8.83943584994995e-10
-5.011770554119721e-09
1.240572089500347e-10
8.01669841621333e-12
-2.6698643296185764e-12
-6.745493053017526e-11
1.2153833495176514e-10
4.818687671104271e-10
-1.6618173503957223e-10
1.9761969838327786e-14
3.552713678800501e-15
1.3877787807814457e-17
-1.7763568394002505e-15
-1.7763568394002505e-15
-6.661338147750939e-16
-4.440892098500626e-16
-8.881784197001252e-16
1.1102230246251565e-16
2.0038228853991313e-09
-4.971781208951143e-09
1.1146354950142268e-09
5.577760475716786e-13
-3.559819106158102e-12
-3.185407493333514e-11
1.1078782335971482e-09
1.037719243868196e-09
-6.557598908329965e-11
-7.993605777301127e-15
-7.494005416219807e-16
1.547373340571312e-15
2.220446049250313e-15
5.995204332975845e-15
1.3322676295501878e-15
1.3322676295501878e-15
-5.329070518200751e-15
-3.3306690738754696e-16
2.270468257847824e-09
-5.312557505021687e-09
1.3846297441943989e-09
-4.440892098500626e-12
-1.2683187833317788e-12
4.381162099775793e-12
1.3959056133217018e-09
1.2013252614906378e-09
-6.397016250048182e-11
-1.7985612998927536e-14
-1.1102230246251565e-16
-1.0408340855860843e-17
-3.9968028886505635e-15
-5.773159728050814e-15
-3.552713678800501e-15
0.0
-2.220446049250313e-15
-3.608224830031759e-16
1.7189663026329072e-09
-5.625437893286289e-09
9.517848731377399e-10
-7.37365724035044e-12
3.7125857943465235e-13
3.2616354062042774e-11
9.755423135970887e-10
9.421743385473746e-10
-1.8993517869603238e-10
1.9095836023552692e-14
1.4155343563970746e-15
0.0
2.6645352591003757e-15
6.661338147750939e-15
1.7763568394002505e-15
8.881784197001252e-16
1.5543122344752192e-15
-7.771561172376096e-16
-7.717559924458329e-10
-3.5192257996641274e-09
-1.0600131883364838e-09
-1.0736300737335114e-11
8.899547765395255e-13
2.318145675417327e-11
-1.0436580488715208e-09
-4.731528502333049e-10
-5.323812501956127e-10
1.3100631690576847e-14
-2.220446049250313e-16
0.0
0.0
-1.6431300764452317e-14
-1.3322676295501878e-15
2.220446049250313e-16
-4.440892098500626e-16
1.4432899320127035e-15
-1.2152057138337113e-09
-2.843382418404872e-09
-1.4088241684362401e-09
-1.7575363386868048e-10
-1.369393487493653e-10
-1.3112622099242799e-11
-1.1902128171925597e-09
-6.387583795230967e-10
-5.428830718301469e-10
-2.5091040356528538e-14
-1.7208456881689926e-15
-1.2156942119645464e-14
7.327471962526033e-15
5.329070518200751e-15
0.0
2.6645352591003757e-15
-1.2212453270876722e-15
6.772360450213455e-15
-1.870212429366802e-09
-1.5600392089254458e-09
-1.8120438483038017e-09
-9.254819133275305e-10
-7.694902492971778e-10
-3.40216743666133e-11
-8.836673615064683e-10
-4.177227452828447e-10
-4.845759349336731e-10
1.1102230246251565e-14
-1.0547118733938987e-15
-5.551115123125783e-17
-1.3322676295501878e-15
-8.881784197001252e-16
4.440892098500626e-16
4.440892098500626e-16
-1.887379141862766e-15
-1.1102230246251565e-15
-2.576001634224667e-10
-3.327009778786305e-09
-5.809592806826913e-10
2.3648727420777504e-10
1.960995810179611e-10
-2.7984281558701696e-12
-8.270353291095489e-10
-3.738929166274829e-10
-4.746709691971773e-10
1.2434497875801753e-14
-2.3869795029440866e-15
-5.551115123125783e-17
0.0
5.329070518200751e-15
2.220446049250313e-16
0.0
3.219646771412954e-15
0.0
-8.416733976446267e-10
-2.966856982311583e-09
-9.534559808344056e-10
-3.890687771956891e-11
-2.855249370270485e-11
-9.835909864364112e-12
-9.108527265766498e-10
-4.2809933376020126e-10
-4.869349368163967e-10
-1.6209256159527285e-14
3.497202527569243e-15
1.249000902703301e-16
-1.4432899320127035e-15
0.0
0.0
-4.440892098500626e-16
1.6653345369377348e-16
6.661338147750939e-16
-4.359774763429413e-10
-2.9884290597692598e-09
-5.14526199424381e-10
2.078337502098293e-12
-1.4050982599655981e-12
-6.090888904353164e-11
-5.147264836580234e-10
-2.2527402165906096e-10
-4.334594905230915e-10
4.440892098500626e-16
-7.355227538141662e-16
1.4210854715202004e-14
-9.547918011776346e-15
-2.6645352591003757e-15
-6.661338147750939e-16
1.3322676295501878e-15
-1.887379141862766e-15
-4.274358644806853e-15
2.289253231424482e-10
-2.8712747734971344e-09
1.4727064012731717e-10
3.028688411177427e-13
-6.705747068735947e-13
-2.4912183427261425e-11
1.4424728078665794e-10
1.294799822915138e-10
-3.28952864947496e-10
2.020605904817785e-14
2.5951463200613034e-15
-1.3530843112619095e-16
0.0
-8.881784197001252e-16
2.220446049250313e-16
0.0
-2.498001805406602e-16
-8.881784197001252e-16
-2.725668579728336e-10
8.094502845779061e-11
-1.5782752882387285e-10
-1.2111200931030908e-11
-5.871747532637528e-12
-4.005645815041703e-11
-1.3443113289213215e-10
-7.459188822167562e-11
-2.943423282886215e-12
-1.7985612998927536e-14
2.220446049250313e-16
-5.0562852516033985e-15
2.1094237467877974e-15
3.552713678800501e-15
0.0
8.881784197001252e-16
1.27675647831893e-15
3.1086244689504383e-15
7.868750984130202e-09
5.324693574948468e-09
6.02578609232296e-09
-1.4693135597099172e-11
-1.837996421727439e-11
-3.3237301799715624e-11
6.0380465072285006e-09
3.5970237899363156e-09
1.529812720946211e-09
-3.9968028886505635e-15
-9.992007221626409e-16
1.1657341758564144e-15
-1.7208456881689926e-15
-8.881784197001252e-16
5.551115123125783e-17
2.220446049250313e-16
-1.5543122344752192e-15
5.4817261840867104e-15
4.858630830995025e-09
-1.2286065498301468e-09
4.283556620521267e-09
-2.318589764627177e-11
-3.8905767496544286e-11
1.961864004584868e-11
4.3037378105736934e-09
2.4465425241260164e-09
4.341487169767788e-10
-5.10702591327572e-15
2.0539125955565396e-15
-9.71445146547012e-17
-7.771561172376096e-16
2.220446049250313e-16
0.0
-4.440892098500626e-16
2.220446049250313e-16
3.5388358909926865e-16
3.205684606655268e-09
-1.2236256452524685e-09
2.7712623307252215e-09
3.213518340317023e-11
9.116263299802085e-12
1.3676060284240064e-11
2.7282212045065535e-09
1.5605507996951928e-09
2.9503155474230885e-10
1.6653345369377348e-14
-3.83026943495679e-15
8.326672684688674e-17
1.1657341758564144e-15
-8.465450562766819e-16
1.1102230246251565e-16
-2.220446049250313e-16
-1.7763568394002505e-15
-5.551115123125783e-17
6.941448305042286e-09
-1.3127774423082883e-09
5.485373932856419e-09
4.104876438759675e-10
2.735980331181054e-10
1.9609713852730692e-10
5.0590962530350225e-09
2.8480648950335308e-09
8.558345143683256e-10
-1.1102230246251565e-14
2.942091015256665e-15
-3.9968028886505635e-15
1.887379141862766e-15
4.3298697960381105e-15
-4.6629367034256575e-15
-2.1593837828959295e-14
1.021405182655144e-14
-1.1546319456101628e-14
8.040359489314142e-09
-1.2917773517528985e-09
6.192223622747406e-09
1.899277179973069e-09
1.223353307544528e-09
5.433098415608129e-10
4.27478141773463e-09
2.395458054138544e-09
9.017000479616399e-10
-8.659739592076221e-15
1.8457457784393227e-15
0.0
-1.6653345369377348e-15
8.881784197001252e-16
0.0
0.0
0.0
0.0
7.331770746077382e-09
1.1673932931444142e-09
5.430562666219884e-09
2.468066639949029e-09
1.1394440946332907e-09
3.8902214782865485e-12
2.9083029318144327e-09
1.4837553408142412e-09
8.108358429126384e-10
0.0
-2.78162909372881e-15
-5.551115123125783e-17
1.887379141862766e-15
-1.7763568394002505e-15
-4.440892098500626e-16
2.220446049250313e-16
-8.881784197001252e-16
8.881784197001252e-16
-2.3745485577819636e-09
7.274252311617603e-10
-2.167091395222087e-09
-1.4232135470138019e-09
-9.34644361905157e-10
-2.055919878785062e-10
-5.943352476833752e-10
-3.9001513130187954e-10
-5.191580498831172e-11
-2.4424906541753444e-15
-6.591949208711867e-17
-5.551115123125783e-17
-8.881784197001252e-16
1.7763568394002505e-15
0.0
-4.440892098500626e-16
-8.881784197001252e-16
8.881784197001252e-16
-1.8685994973566267e-09
3.660716174636036e-10
-1.3338361526393783e-09
-1.2835528195864754e-09
-8.47919068291958e-10
-1.4197709674590442e-10
-8.337330825725076e-11
-8.324008149429574e-12
-1.050531883706185e-11
1.709743457922741e-14
-2.581268532253489e-15
2.7755575615628914e-17
-4.440892098500626e-16
4.440892098500626e-16
4.440892098500626e-16
0.0
3.552713678800501e-15
-8.881784197001252e-16
-6.200338020789786e-10
1.346705857940833e-09
-2.7277025083094486e-10
-1.9548451746231876e-10
-2.999698267558415e-10
6.340172831187374e-11
-1.0222045432328741e-10
-1.6228796084760688e-11
-7.546629987587039e-12
-2.220446049250313e-14
5.134781488891349e-15
-5.662137425588298e-15
-8.881784197001252e-16
-4.218847493575595e-15
-1.1102230246251565e-15
1.1546319456101628e-14
9.769962616701378e-15
2.3092638912203256e-14
-9.662244337960146e-10
2.1589272591882036e-09
-4.797016117663588e-10
-4.6430059796875867e-10
-4.486651050683576e-10
8.138556495396188e-11
-9.611866857994755e-11
-1.7145840303101068e-11
-8.395062423005584e-12
2.5979218776228663e-14
-2.6367796834847468e-15
4.163336342344337e-17
0.0
2.6645352591003757e-15
1.1102230246251565e-16
8.881784197001252e-16
-1.2434497875801753e-14
1.1102230246251565e-15
1.0111449455507682e-09
2.4816309007746895e-09
1.045878939009981e-09
1.0186038679194098e-09
3.8478553676668525e-10
2.991527026097174e-10
3.6772362932424585e-11
2.2930990439817833e-11
-1.1713963132820027e-11
-5.773159728050814e-15
-2.914335439641036e-15
-4.163336342344337e-17
-4.440892098500626e-16
-2.1371793224034263e-15
-5.551115123125783e-16
0.0
8.881784197001252e-15
6.661338147750939e-16
2.594667591893085e-09
1.5490115856664488e-09
2.355857731117794e-09
2.2271793298500597e-09
1.2188814402236403e-09
4.376943252282217e-10
9.458744898438454e-11
4.0252245980809676e-11
-1.1689982315488123e-11
5.551115123125783e-15
5.495603971894525e-15
5.551115123125783e-17
2.220446049250313e-16
-2.7755575615628914e-16
8.257283745649602e-16
-8.881784197001252e-16
-9.769962616701378e-15
-1.5543122344752192e-15
3.4169715945608914e-09
1.2914718183765217e-09
3.0916180726592298e-09
2.9688669300753645e-09
1.6599412955287105e-09
4.725961844087578e-10
8.157075015446935e-11
4.073186232744774e-11
-5.661471291773523e-12
1.1213252548714081e-14
-3.7192471324942744e-15
1.3877787807814457e-15
-4.884981308350689e-15
7.41073868937292e-15
3.219646771412954e-15
3.9968028886505635e-15
-2.886579864025407e-15
-4.574118861455645e-14
2.7740441055357223e-09
1.0975869102480829e-09
2.66579558427793e-09
2.6055162472005122e-09
1.456160525492578e-09
4.0554937186243473e-10
4.558398103426953e-11
5.4510174152255786e-11
1.56097357262297e-13
-9.992007221626409e-15
1.2212453270876722e-15
0.0
2.220446049250313e-16
2.220446049250313e-16
0.0
1.3322676295501878e-15
-8.215650382226158e-15
1.0658141036401503e-14
1.894662204904307e-09
6.931468732318535e-10
1.984563624546354e-09
1.9287549335444965e-09
1.0850929044181612e-09
3.1594993288308615e-10
5.475175868241422e-11
1.3839196455478486e-10
9.602207917680516e-12
-9.992007221626409e-15
2.6645352591003757e-15
0.0
-2.220446049250313e-16
0.0
-1.1102230246251565e-16
-2.6645352591003757e-15
3.552713678800501e-15
1.7763568394002505e-15
1.794830950530013e-09
-2.1722712517657783e-10
1.79729831017994e-09
1.666512261522257e-09
9.472151951683827e-10
2.830233825079631e-10
1.417674866388552e-10
3.382831792464458e-10
2.2674306876524497e-11
5.551115123125783e-16
-3.524958103184872e-15
5.551115123125783e-17
2.220446049250313e-16
6.661338147750939e-16
1.1102230246251565e-16
1.3322676295501878e-15
-3.1086244689504383e-15
-8.881784197001252e-16
2.2248931585977516e-09
-1.6103669508993335e-09
1.7937136220780303e-09
1.40926914582451e-09
8.126275208297784e-10
2.596536319288134e-10
3.982982832440029e-10
6.353764736566347e-10
1.582067810090848e-11
1.5432100042289676e-14
9.575673587391975e-16
0.0
2.220446049250313e-16
-8.881784197001252e-16
-4.440892098500626e-16
3.774758283725532e-15
6.217248937900877e-15
-8.881784197001252e-16
2.30214247665117e-09
-1.8283117242390292e-09
1.3679262167443085e-09
9.54440970701853e-10
5.722622375969877e-10
2.0229151687090052e-10
4.3379966285783667e-10
4.1149084140101877e-10
-1.502679092268977e-10
-9.992007221626409e-15
1.5126788710517758e-15
-5.551115123125783e-17
-2.220446049250313e-16
2.220446049250313e-15
0.0
-5.329070518200751e-15
-2.6645352591003757e-15
4.440892098500626e-16
-1.0198633049185446e-09
3.5583695989771513e-09
-1.1194378757295453e-09
2.8187963074799427e-10
1.9543300311397616e-10
9.583089877196471e-11
-1.3737735393704043e-09
-1.890998468923044e-09
-6.237623750848797e-10
2.4424906541753444e-15
-2.3418766925686896e-15
-1.1102230246251565e-16
2.220446049250313e-16
1.5543122344752192e-15
-4.440892098500626e-16
2.498001805406602e-16
-1.7763568394002505e-15
4.440892098500626e-16
-4.694435062901903e-09
8.502624382344948e-09
-3.3611540217748366e-09
-3.280022364826607e-10
-1.6321699547461321e-10
1.1226575225009583e-12
-3.004086479574397e-09
-3.424907468740912e-09
-6.409274222463068e-10
8.43769498715119e-15
3.434752482434078e-15
5.551115123125783e-17
2.220446049250313e-16
-1.0824674490095276e-15
8.881784197001252e-16
-1.2212453270876722e-15
2.6645352591003757e-15
-4.440892098500626e-16
-3.970207274051063e-09
5.459753538161749e-09
-2.9968356685117215e-09
-8.48160319755209e-10
-4.890416960279254e-10
-7.683098601773963e-11
-2.103187846103083e-09
-2.0126007527210277e-09
-2.0618223794954815e-10
-3.552713678800501e-15
-3.760880495917718e-15
5.551115123125783e-17
0.0
-9.71445146547012e-17
-2.220446049250313e-16
3.1086244689504383e-15
-1.7763568394002505e-15
0.0
-2.990418579429388e-09
7.330527296289802e-10
-2.775141005884052e-09
-1.5567838129726397e-09
-9.022382840839782e-10
-1.7185897149829543e-10
-1.1741336791715185e-09
-6.949303354986114e-10
2.7747332209671072e-11
-2.0872192862952943e-14
-8.326672684688674e-16
-1.942890293094024e-16
2.220446049250313e-16
-1.1102230246251565e-15
3.3306690738754696e-16
-1.1102230246251565e-15
0.0
-2.220446049250313e-16
-2.646416419338493e-09
-2.0427677327461424e-09
-2.8194895307365186e-09
-2.3288870831805752e-09
-1.3340928362026716e-09
-2.702265078369237e-10
-4.666560471378034e-10
5.424993787528365e-12
1.1047296410993113e-10
1.3322676295501878e-14
9.020562075079397e-16
1.3792406886731223e-16
-1.1102230246251565e-16
1.7763568394002505e-15
-4.440892098500626e-16
5.551115123125783e-16
1.7763568394002505e-15
-7.771561172376096e-16
-2.229526785413327e-09
-1.5298695643650717e-09
-2.3351738320798177e-09
-2.434698664899315e-09
-1.3839862589293261e-09
-2.519513486731739e-10
9.562928227069278e-11
2.701572299201871e-10
1.2753653688690747e-10
-8.215650382226158e-15
1.915134717478395e-15
9.71445146547012e-17
-8.881784197001252e-16
-1.9984014443252818e-15
-2.220446049250313e-16
-1.609823385706477e-15
0.0
-8.326672684688674e-17
-2.3622135358891683e-09
3.333013864903478e-10
-2.2901813778730684e-09
-2.7483908482395236e-09
-1.566626495197454e-09
-2.822986289174878e-10
4.235700679089404e-10
3.547491189692664e-10
1.2464818066604266e-10
1.709743457922741e-14
-8.326672684688674e-17
-2.7755575615628914e-17
5.551115123125783e-16
1.3322676295501878e-15
-2.220446049250313e-16
5.134781488891349e-16
-3.3306690738754696e-16
6.661338147750939e-16
-1.056520204656408e-09
1.9167778475548403e-09
-1.3132481768707294e-09
-1.7183783285190657e-09
-9.953948776342258e-10
-7.476330665667774e-11
3.6124436775253344e-10
2.8336444302112795e-10
9.682954438261505e-11
-6.661338147750939e-15
-1.4155343563970746e-15
3.0531133177191805e-16
-6.38378239159465e-16
-1.7763568394002505e-15
0.0
-5.551115123125783e-17
-2.220446049250313e-15
-2.220446049250313e-16
-2.163176304748049e-10
3.361080302966002e-09
-5.533751235020645e-10
-7.583409455946822e-10
-4.939337827636336e-10
8.756018132771715e-11
1.5432899402867406e-10
1.0599876532069173e-10
5.570988115266573e-11
3.1530333899354446e-14
-4.107825191113079e-15
-5.273559366969494e-16
2.220446049250313e-16
0.0
1.3322676295501878e-15
-1.1102230246251565e-15
2.220446049250313e-15
-1.1102230246251565e-16
2.0968684566469165e-09
4.188052571407752e-09
1.1574137204206636e-09
1.0658602889179747e-09
4.4505554797069635e-10
4.897486860500067e-10
4.234301798078378e-11
1.2589040920829575e-11
3.021603800501538e-11
-6.88338275267597e-14
1.1102230246251565e-15
1.6653345369377348e-16
-1.7763568394002505e-15
-2.6645352591003757e-15
0.0
-8.881784197001252e-16
1.7763568394002505e-15
0.0
6.951722753001377e-09
5.230845090409275e-09
4.4547761035573785e-09
4.165972455894007e-09
1.923300629869118e-09
1.2419931749718671e-09
2.646771690706373e-10
1.5135714903635744e-10
4.8890669290813094e-11
2.1760371282653068e-14
1.6653345369377348e-15
2.914335439641036e-16
8.881784197001252e-16
4.440892098500626e-15
0.0
2.6645352591003757e-15
-2.3314683517128287e-15
-5.773159728050814e-15
-1.8651604705155478e-08
4.92022422804439e-09
-1.359225620944926e-08
-1.5336709680013882e-10
-9.344613971506988e-11
-1.8214685315598442e-10
-1.3408097743194956e-08
-7.945534008513278e-09
-1.0334058053729223e-09
-1.7319479184152442e-14
-6.106226635438361e-16
1.058875209736243e-14
1.3322676295501878e-15
-8.881784197001252e-16
-1.7763568394002505e-15
6.661338147750939e-16
4.440892098500626e-16
4.440892098500626e-16
-3.0446329901678837e-09
4.4404941945686005e-09
-1.7283667830270133e-09
4.2161829583164945e-11
1.703343022185777e-11
-1.1516654296883644e-10
-1.745647182360699e-09
-1.351693867945869e-09
-1.1171952252198025e-10
3.9968028886505635e-15
1.412064909445121e-15
-1.8041124150158794e-16
0.0
0.0
1.1657341758564144e-15
1.4432899320127035e-15
4.440892098500626e-16
0.0
1.3081091765343444e-09
2.700232926144963e-09
1.3213039551374095e-09
3.19086979061467e-11
1.623279288764934e-11
-7.38195060634439e-11
1.5543832887487952e-09
7.172573646130331e-10
2.446061131422539e-10
-1.5543122344752192e-15
6.106226635438361e-16
-2.1111584702637742e-14
-4.440892098500626e-16
3.552713678800501e-15
-1.3877787807814457e-15
2.220446049250313e-16
2.220446049250313e-16
-2.220446049250313e-16
4.24599022608163e-10
2.4568294065829832e-09
6.567084653852362e-10
3.5436542589195597e-11
7.721767669721658e-12
-6.770040084091988e-11
6.117204520705855e-10
1.6682832892911392e-10
1.6269652292066894e-10
5.10702591327572e-14
-5.551115123125783e-16
2.7755575615628914e-16
0.0
-5.773159728050814e-15
-1.1102230246251565e-16
-1.1102230246251565e-15
-1.27675647831893e-15
-4.440892098500626e-16
-4.909281869913684e-10
2.2072299543651752e-09
-1.539461891297833e-10
3.1812774636819086e-11
1.5372147998959917e-11
-4.5751624710987926e-11
-1.8455637018632845e-10
-2.7697666382664465e-10
5.6829208006092806e-11
-4.8405723873656825e-14
-4.246603069191224e-15
5.551115123125783e-17
4.440892098500626e-16
2.6645352591003757e-15
2.220446049250313e-16
2.220446049250313e-15
3.1086244689504383e-15
1.3322676295501878e-15
-5.059206387159065e-10
2.019589828705648e-09
-2.2034640778656467e-10
3.236166890019376e-11
2.5510260570626997e-11
-1.7217560710491853e-11
-2.511697516638378e-10
-2.99213098742257e-10
4.5702108764089644e-11
-1.9984014443252818e-15
4.3021142204224816e-15
-5.551115123125783e-17
0.0
-3.552713678800501e-15
-8.881784197001252e-16
-4.440892098500626e-16
-2.220446049250313e-15
-1.1102230246251565e-16
-6.17443873807133e-11
1.899707058328204e-09
6.717826295243867e-11
4.11244371889552e-11
2.98037150514574e-11
1.2169376617521266e-11
2.6652458018361355e-11
-1.220286094394396e-10
8.30020496778161e-11
1.1546319456101628e-14
-5.523359547510154e-15
0.0
-1.7763568394002505e-15
3.1086244689504383e-15
4.440892098500626e-15
-4.440892098500626e-16
-1.9984014443252818e-15
-1.4988010832439613e-15
5.523546064978291e-10
1.7458319234719968e-09
4.900488903558653e-10
7.205613883343176e-11
5.1383786114911345e-11
4.186118118809645e-11
4.233520201069041e-10
1.3586798353060203e-10
1.3302781098900596e-10
-8.881784197001252e-16
4.649058915617843e-15
-1.1102230246251565e-16
2.4424906541753444e-15
-6.217248937900877e-15
-1.7763568394002505e-15
8.881784197001252e-16
1.5543122344752192e-15
1.4710455076283324e-15
9.892850982851087e-10
-2.6784618967212737e-10
9.308571691235557e-10
2.2600232796321507e-10
1.7980195110567365e-10
8.440137477805365e-11
6.976783595291636e-10
4.2805758937447536e-10
1.6372325717384228e-10
1.3322676295501878e-14
-9.853229343548264e-16
3.608224830031759e-16
-5.773159728050814e-15
-3.552713678800501e-15
2.6645352591003757e-15
-8.881784197001252e-16
1.1102230246251565e-15
6.716849298982197e-15
1.4909993240053154e-09
-2.2660415766040387e-09
1.4964136596518074e-09
1.2711511843122025e-09
1.1528786814096748e-09
2.5167823380911614e-10
2.1374724212819274e-10
1.290310081003554e-10
4.8828496801434085e-11
-2.55351295663786e-14
-3.191891195797325e-15
-1.3877787807814457e-16
1.7763568394002505e-15
5.329070518200751e-15
1.3322676295501878e-15
-4.440892098500626e-16
-2.6645352591003757e-15
-2.220446049250313e-16
-1.3745044213919755e-08
1.2205447319502127e-08
-1.0056028454386023e-08
-9.498632103088767e-09
-7.56238494048489e-09
-1.1271552580183197e-09
-5.586997531281667e-10
-3.0945379592139943e-10
-5.3077542361279484e-11
7.105427357601002e-15
6.994405055138486e-15
1.3877787807814457e-16
-3.4416913763379853e-15
-6.217248937900877e-15
0.0
4.440892098500626e-16
1.1102230246251565e-16
8.881784197001252e-16
1.1072103234255337e-09
1.1627321327978281e-10
5.126388202825183e-11
1.945158700777938e-09
1.1854528469967818e-09
1.3078849114833702e-10
-1.896037105098003e-09
-1.051624565207021e-09
-2.0322943328210386e-10
3.9968028886505635e-15
-6.050715484207103e-15
-8.326672684688674e-17
3.885780586188048e-15
7.105427357601002e-15
-2.4424906541753444e-15
0.0
-7.771561172376096e-16
8.881784197001252e-16
-4.161892164233905e-09
1.6608225905656582e-09
-3.291082961709435e-09
-2.7640822963803657e-10
-2.4557444966433195e-10
-1.233990687410369e-11
-3.0064966072274046e-09
-1.6505081745776806e-09
-2.9470470508385915e-10
1.3322676295501878e-14
5.495603971894525e-15
0.0
-2.886579864025407e-15
-7.105427357601002e-15
6.661338147750939e-16
4.440892098500626e-16
8.326672684688674e-16
-6.661338147750939e-16
-4.3057575283000915e-09
1.9691697161761113e-09
-3.5190748093327784e-09
-9.453593463604193e-11
-2.2622792528181893e-11
-1.2197964860405364e-11
-3.4160176909381335e-09
-1.8068258000880633e-09
-2.4517987640138017e-10
1.0658141036401503e-14
-2.3869795029440866e-15
0.0
2.220446049250313e-15
4.440892098500626e-15
-2.220446049250313e-16
0.0
2.886579864025407e-15
-8.881784197001252e-16
-4.536327757875824e-09
2.340613036722061e-09
-4.035378253774979e-09
-6.478195757608773e-11
5.8111737644139794e-11
-7.589684436482003e-11
-3.977259410703482e-09
-1.9518777705229695e-09
-1.6585488538112259e-10
-1.1546319456101628e-14
-1.4901274658640773e-15
0.0
-1.1102230246251565e-15
0.0
-2.220446049250313e-16
0.0
3.3306690738754696e-16
-8.881784197001252e-16
1.8629231490763232e-10
-8.939196050050668e-10
1.3519851904675306e-11
2.618349981275969e-12
5.170264216758369e-11
-1.911293345813192e-11
5.101696842757519e-12
8.951062113737862e-12
1.5853984791647233e-13
-1.5543122344752192e-15
-1.887379141862766e-15
0.0
-7.771561172376096e-16
-1.3322676295501878e-15
2.220446049250313e-16
0.0
-3.039235529911366e-15
0.0
2.980733881940978e-09
-1.0127791938430164e-09
2.485311512145927e-09
1.8687273950490635e-11
1.4777512546970684e-11
-4.913447426702078e-11
2.4656188202243356e-09
1.5856773671885094e-09
3.418749727757131e-10
-1.2212453270876722e-14
3.497202527569243e-15
2.2659825404947043e-17
1.2490009027033011e-15
2.6645352591003757e-15
0.0
-1.6653345369377348e-16
3.3306690738754696e-16
1.7763568394002505e-15
2.0738966099997924e-11
5.331912689143792e-11
2.0942358958109253e-11
1.7916335082190926e-11
-1.6058265828178262e-12
-2.0034640613175725e-11
4.970246436641901e-12
7.498002219108457e-12
1.1675105326958146e-12
1.2878587085651816e-14
-6.661338147750939e-16
2.2412627309620348e-15
-1.887379141862766e-15
9.325873406851315e-15
8.798517470154366e-15
-7.398595625041082e-16
3.1086244689504383e-15
7.105427357601002e-15
4.108272833036608e-09
5.6772364587232e-11
3.425171257731563e-09
-6.352252057695296e-12
-1.008793049095402e-11
3.671207782218744e-11
3.433410000752701e-09
1.9747172785855582e-09
5.039311190557783e-10
4.1522341120980855e-14
-3.164135620181696e-15
-4.163336342344337e-17
-9.43689570931383e-16
-4.440892098500626e-16
-2.220446049250313e-16
2.5118795932144167e-15
3.1086244689504383e-15
-4.3298697960381105e-15
1.1106457975529338e-09
-3.317950358905364e-10
9.730101169225236e-10
-3.3239189178857487e-11
-2.2287949263954943e-11
1.717459507943886e-11
1.0042242593044648e-09
5.704521299776388e-10
9.654854693508241e-11
-2.220446049250313e-14
4.996003610813204e-16
5.551115123125783e-17
4.440892098500626e-16
1.3053794156725473e-15
4.440892098500626e-16
-3.885780586188048e-16
0.0
1.3877787807814457e-17
6.91711932176986e-09
-6.294044396781828e-09
4.733692549052648e-09
3.872866471965608e-09
2.6779858330883144e-09
9.79797576405872e-10
7.883791397489404e-10
4.411688792060886e-10
1.1178258318977896e-10
1.021405182655144e-14
1.790234627208065e-15
-8.326672684688674e-17
-1.1102230246251565e-15
-3.3306690738754696e-16
-4.440892098500626e-16
5.551115123125783e-16
-4.440892098500626e-16
2.220446049250313e-16
1.1846452707686694e-09
1.4067609299672768e-09
1.0019149954132445e-09
-3.5026559430662024e-10
-2.506026497428593e-10
-1.2185807918285718e-12
1.289791384806449e-09
6.997069590397587e-10
2.945057531178463e-10
-5.928590951498336e-14
-2.6506574712925612e-15
-7.355227538141662e-15
2.6645352591003757e-15
-9.769962616701378e-15
4.107825191113079e-15
-1.8818280267396403e-14
-1.021405182655144e-14
4.440892098500626e-15
4.327489477873314e-10
2.742353899520822e-09
5.749782872044307e-10
2.575006874394603e-10
-7.118483580370594e-11
1.1827328005864501e-10
3.6599701047634886e-10
2.0214940832374848e-10
1.3201884030422661e-10
2.9753977059954195e-14
-2.220446049250313e-15
1.942890293094024e-16
0.0
-1.7763568394002505e-15
4.440892098500626e-16
2.220446049250313e-16
1.3322676295501878e-15
0.0
9.256950761482586e-10
4.151161192567088e-09
1.159918383564218e-09
8.292566633372189e-10
1.8847723382009463e-10
2.525526454633109e-10
3.3950087185985467e-10
1.3003287335777713e-10
1.6066081798271625e-10
8.43769498715119e-15
3.0253577421035516e-15
-5.551115123125783e-17
4.440892098500626e-16
2.7755575615628914e-15
4.440892098500626e-16
4.440892098500626e-16
8.881784197001252e-16
-8.881784197001252e-16
-6.926867968104489e-10
3.585959973406716e-09
-3.1951330470292305e-10
-9.857892280251689e-11
-1.9269830175971947e-10
1.1158185486692673e-10
-2.2003554533966962e-10
-2.9553781644153787e-10
4.533617925517319e-11
-9.325873406851315e-15
6.38378239159465e-16
-5.551115123125783e-17
1.7763568394002505e-15
1.5265566588595902e-16
4.440892098500626e-16
-4.440892098500626e-16
0.0
0.0
3.504254664221662e-10
4.144453669141512e-09
9.834391079266425e-10
9.734613115597313e-10
2.80932610507989e-10
2.3229063117469195e-10
-9.64561763794336e-13
-3.143174609476773e-11
-2.235121809857077e-12
2.531308496145357e-14
-2.4841240175987878e-15
-5.551115123125783e-17
-1.7763568394002505e-15
2.220446049250313e-16
-1.1102230246251565e-15
0.0
2.6645352591003757e-15
0.0
6.394884621840902e-10
2.8996787193591445e-09
1.0211156364903218e-09
1.0157990004699968e-09
3.4448355279437237e-10
1.9542056861610035e-10
-1.0727418953138113e-11
1.5716317136593716e-11
9.794942634755444e-13
-1.0658141036401503e-14
3.3584246494910985e-15
1.1102230246251565e-16
1.1102230246251565e-15
-1.3877787807814457e-15
-3.9968028886505635e-15
8.881784197001252e-16
7.993605777301127e-15
-2.220446049250313e-15
6.235296723389183e-10
1.2834640017445054e-09
6.855316314613447e-10
6.577725031320369e-10
2.514704000589063e-10
9.806200296225143e-11
9.811707002427283e-12
3.738637177619353e-11
3.678390925188069e-12
2.6867397195928788e-14
-3.733124920302089e-15
0.0
-8.881784197001252e-16
-1.942890293094024e-15
1.1102230246251565e-16
-8.881784197001252e-16
-7.993605777301127e-15
1.5543122344752192e-15
-3.0023272756807273e-10
7.423679448947951e-10
-3.2665425919731206e-11
-2.223288220193353e-11
-7.4102057823211e-11
5.854161599927465e-11
-3.999467423909664e-12
-2.7749358366691013e-11
-4.164224520764037e-12
-3.6637359812630166e-14
1.5265566588595902e-15
2.220446049250313e-16
1.887379141862766e-15
3.0253577421035516e-15
-3.6637359812630166e-15
1.7763568394002505e-15
6.217248937900877e-15
2.2065682614424986e-15
-4.619664650817868e-10
3.3357139272993663e-10
-2.4860646874458325e-10
-2.5637802991695935e-10
-1.710036556801242e-10
1.1112888387287967e-11
3.669842207898455e-12
6.048495038157853e-12
-5.080380560684716e-13
-3.397282455352979e-14
3.6637359812630166e-15
-5.551115123125783e-17
-6.661338147750939e-16
1.1102230246251565e-16
6.106226635438361e-16
-3.1086244689504383e-15
5.329070518200751e-15
-2.4424906541753444e-15
-6.848352995802998e-10
-8.699529985278787e-11
-5.682101456017108e-10
-5.92446092184673e-10
-3.489120103949972e-10
-7.186429229477653e-11
9.705014569760806e-12
3.8962610915405094e-11
2.9054536554440347e-12
1.0436096431476471e-14
-2.733924198139448e-15
0.0
1.1102230246251565e-15
2.6506574712925612e-15
-8.881784197001252e-16
1.3322676295501878e-15
2.9976021664879227e-15
1.5543122344752192e-15
-7.121059297787724e-10
-3.185860464327561e-10
-7.158025283615643e-10
-7.467759743917668e-10
-4.3596504184506557e-10
-1.1071676908613881e-10
1.248556813493451e-11
5.2378545944975485e-11
4.034772516092744e-12
3.9968028886505635e-15
9.71445146547012e-17
5.551115123125783e-17
2.220446049250313e-16
-1.1102230246251565e-15
0.0
-8.881784197001252e-16
-4.218847493575595e-15
0.0
-1.1441443348303437e-09
-2.405968757557275e-10
-1.1389920118176633e-09
-1.1589387227672887e-09
-6.677671748889225e-10
-1.8322054984309943e-10
8.220979452744359e-12
1.1820766587788967e-11
-4.4209080840573733e-13
2.19824158875781e-14
1.915134717478395e-15
-5.551115123125783e-17
-4.218847493575595e-15
1.4432899320127035e-15
-3.247402347028583e-15
1.5543122344752192e-15
-1.8207657603852567e-14
8.881784197001252e-16
-2.1040449382780935e-09
2.0675372525147393e-10
-1.8527610556873242e-09
-1.898820656265343e-09
-1.082069545077502e-09
-2.9812241564286523e-10
-1.7755574788225204e-11
-9.087375296701339e-11
-1.142286265576331e-11
3.3306690738754696e-15
2.067790383364354e-15
-5.551115123125783e-17
6.661338147750939e-16
-5.551115123125783e-16
5.759281940243e-16
-2.220446049250313e-16
3.552713678800501e-15
-8.881784197001252e-16
-3.340815624142124e-09
9.284946145271532e-10
-2.754037442542767e-09
-2.658429920643357e-09
-1.5300933853268361e-09
-4.1725911614776123e-10
-1.2571366170277543e-10
-2.5415103355186375e-10
-3.162092809816386e-11
1.7763568394002505e-15
-4.121702978920894e-15
5.551115123125783e-17
-2.220446049250313e-16
-6.661338147750939e-16
-2.498001805406602e-16
-3.774758283725532e-15
-3.552713678800501e-15
-2.6645352591003757e-15
-4.856161694988259e-09
1.6868568764039082e-09
-3.835203266078224e-09
-3.4984282137884297e-09
-2.0018138258137697e-09
-5.265050617708766e-10
-3.409192927961158e-10
-4.219582808162592e-10
-5.4460880249962435e-11
-1.4654943925052066e-14
2.3418766925686896e-16
-5.551115123125783e-17
-2.220446049250313e-16
3.3306690738754696e-16
-1.457167719820518e-16
7.438494264988549e-15
-1.7763568394002505e-15
2.6645352591003757e-15
-5.3144877387723e-09
1.09780273760407e-09
-4.224598004753943e-09
-4.1616168289237976e-09
-2.37429276239709e-09
-5.951292791905871e-10
-6.402789409776233e-11
-6.105649319465556e-11
-2.779776409056467e-12
1.532107773982716e-14
-3.9170056087556304e-15
1.1102230246251565e-16
0.0
6.661338147750939e-16
9.71445146547012e-17
-5.988265439071938e-15
1.7763568394002505e-15
-4.440892098500626e-16
-4.6490455929415475e-09
3.4164315820817137e-10
-3.926762026651431e-09
-4.396174091425564e-09
-2.48737386243647e-09
-5.654783308273181e-10
4.734701519737428e-10
4.3683678896400124e-10
3.027000872179997e-11
1.7763568394002505e-14
3.823330541052883e-15
-2.7755575615628914e-16
0.0
4.996003610813204e-16
-4.996003610813204e-16
2.831068712794149e-15
-8.881784197001252e-16
-4.440892098500626e-16
-4.199861791676085e-09
1.1151399803566164e-09
-3.612682597520234e-09
-3.519614821811956e-09
-1.951971029257038e-09
-3.580495899768721e-10
-9.08233488416954e-11
9.242118181873592e-11
-4.10851908050347e-12
5.329070518200751e-15
2.6506574712925612e-15
4.163336342344337e-16
0.0
2.220446049250313e-16
1.1379786002407855e-15
1.1102230246251565e-15
1.7763568394002505e-15
0.0
-9.840519510362356e-10
7.746265850983036e-10
-1.189012444058335e-09
-1.0246168358207797e-09
-4.905249539888246e-10
9.395506594955805e-11
-1.6395557134174512e-10
1.1653789044885343e-10
6.187009238267649e-12
-1.9317880628477724e-14
5.967448757360216e-16
-5.551115123125783e-17
0.0
-2.4841240175987878e-15
-1.582067810090848e-15
-1.9984014443252818e-15
-1.7763568394002505e-15
0.0
4.083844373781176e-09
-4.907008133159252e-11
2.655998088130218e-09
2.6259033836240064e-09
1.6178116624132601e-09
7.095195542206055e-10
2.6737057012837792e-11
2.0809398648680144e-10
5.686617843281283e-12
1.709743457922741e-14
-8.881784197001252e-16
5.134781488891349e-16
-6.661338147750939e-16
1.304512053934559e-15
1.1657341758564144e-15
-1.4432899320127035e-15
1.7763568394002505e-15
1.9984014443252818e-15
8.827129249766585e-09
5.08984854263872e-10
6.61134080814918e-09
6.413382269698786e-09
3.803712900207756e-09
1.353456013930554e-09
1.86159976323097e-10
1.658939652315894e-10
3.975153539670373e-13
-3.6637359812630166e-14
-1.4849232954361469e-15
2.463307335887066e-15
-6.661338147750939e-16
-1.1102230246251565e-16
8.881784197001252e-16
-2.4424906541753444e-15
-2.6645352591003757e-15
7.771561172376096e-16
1.254682047147071e-08
2.9966642500767193e-09
1.021612661133986e-08
1.0244194825759223e-08
6.0073475083299854e-09
2.0083064100617776e-09
7.345324348762006e-11
-3.845990192985482e-11
-1.2133960503035723e-11
-2.220446049250313e-16
-4.926614671774132e-15
2.0122792321330962e-16
2.220446049250313e-16
-9.43689570931383e-16
-4.440892098500626e-16
-1.6653345369377348e-15
4.440892098500626e-16
-1.8041124150158794e-16
1.3937508924755093e-08
5.3325237558965455e-09
1.2031158291847532e-08
1.2403489790813182e-08
7.303562643556916e-09
2.422751776975929e-09
-3.695710404372221e-10
-3.440963070033831e-10
-4.935885034029752e-11
2.1094237467877974e-14
7.507883204027621e-15
0.0
1.1102230246251565e-15
2.1094237467877974e-15
-4.440892098500626e-16
1.2212453270876722e-15
2.220446049250313e-15
-6.661338147750939e-16
1.3377515983847843e-08
3.274603699310319e-09
1.1116977560732266e-08
1.1504312169563491e-08
6.957485254588391e-09
2.287123379574041e-09
-4.3526426907192217e-10
-2.710880409040328e-10
-6.061529056466952e-11
-2.864375403532904e-14
-2.3175905639050143e-15
-1.3877787807814457e-16
-3.3306690738754696e-16
4.440892098500626e-16
4.440892098500626e-16
6.661338147750939e-16
-1.1102230246251565e-15
4.440892098500626e-16
8.725166367185011e-09
1.4604353282265947e-09
7.614605834760368e-09
7.903043552914824e-09
5.031978389524738e-09
1.5250947171807638e-09
-3.2863312071640394e-10
-1.9799450967639132e-10
-3.7025271737434196e-11
1.2434497875801753e-14
2.7755575615628914e-16
1.8041124150158794e-16
-1.1102230246251565e-15
-8.881784197001252e-16
4.440892098500626e-16
-1.5543122344752192e-15
-2.6645352591003757e-15
8.881784197001252e-16
1.843470442963735e-08
-7.206153895822353e-09
1.4195220998658442e-08
4.491806038231516e-09
3.262389469682603e-09
8.567724307795288e-10
9.706706549650335e-09
5.667972757805728e-09
8.863061395913974e-10
-5.773159728050814e-15
-1.3183898417423734e-16
5.551115123125783e-17
1.7763568394002505e-15
4.440892098500626e-16
0.0
1.2212453270876722e-15
3.552713678800501e-15
-8.881784197001252e-16
-9.929909339234655e-09
-7.28290672213916e-09
-9.57850421201556e-09
-2.319978875675588e-09
-2.8830804410517885e-10
-1.425846107849793e-10
-7.2607555523518386e-09
-4.249454121918461e-09
-1.5501697703257378e-09
-7.327471962526033e-15
-1.9012569296705806e-15
-1.942890293094024e-16
-4.440892098500626e-16
2.6645352591003757e-15
-8.881784197001252e-16
-8.881784197001252e-16
4.440892098500626e-16
4.440892098500626e-16
-9.992824345772533e-09
-3.2604567934413353e-09
-8.58202398035246e-09
-1.2594814080557626e-09
3.205578025244904e-10
3.133600046112406e-10
-7.4276940154049945e-09
-4.265057640395753e-09
-1.1022223134204978e-09
4.241051954068098e-14
-3.524958103184872e-15
1.1102230246251565e-16
-4.440892098500626e-16
-5.329070518200751e-15
-1.7763568394002505e-15
4.440892098500626e-16
-1.3322676295501878e-15
-4.440892098500626e-16
-4.9527102419233415e-09
-7.19182935426943e-10
-4.006878384643642e-09
-3.0611957413384516e-11
-9.092060437865255e-12
1.1601541949346483e-10
-4.096236239092832e-09
-2.2092105922411065e-09
-4.563815991787124e-10
-4.973799150320701e-14
5.271824643493517e-15
-2.7755575615628914e-16
-4.440892098500626e-16
3.552713678800501e-15
-8.881784197001252e-16
-2.220446049250313e-16
-3.774758283725532e-15
4.440892098500626e-16
-5.920242074353155e-11
1.0075495993078222e-10
-1.362536750093568e-10
1.462119314510346e-11
1.218181111539707e-11
-7.960299086562372e-13
-1.1617373729677638e-10
-4.8960835385969403e-11
6.546940767293563e-11
0.0
-2.9004576518332215e-15
2.0261570199409107e-15
4.440892098500626e-16
0.0
4.6629367034256575e-15
6.661338147750939e-15
-2.3869795029440866e-15
-2.220446049250313e-16
7.810001534380717e-10
3.5211655813327525e-10
6.71064981361269e-10
1.3498535622602503e-11
2.5596191832732984e-12
-3.963851469279689e-11
6.743121616636927e-10
3.9018832609372106e-10
1.5427303878823295e-10
3.4638958368304884e-14
1.1379786002407855e-15
-2.7755575615628914e-17
4.440892098500626e-16
-8.881784197001252e-16
1.1102230246251565e-16
3.9968028886505635e-15
-1.1102230246251565e-16
-3.3306690738754696e-16
1.8465442508386332e-09
4.99341012982768e-10
1.6229506627496448e-09
3.2294167340296553e-12
-4.458433622289704e-12
-2.3184343334037294e-11
1.5825420973669681e-09
8.993206179752634e-10
2.6476243419892853e-10
-1.4876988529977098e-14
8.326672684688674e-17
8.326672684688674e-17
8.881784197001252e-16
-1.7763568394002505e-15
-1.3322676295501878e-15
-2.220446049250313e-15
1.5543122344752192e-15
2.7755575615628914e-17
1.61153224098598e-09
4.050093593832571e-10
1.385778602980281e-09
-8.490985692333197e-12
-6.2017058155561244e-12
-1.0269562977782698e-12
1.3995915537634573e-09
7.898579568177411e-10
2.2919266484677794e-10
3.3306690738754696e-15
3.524958103184872e-15
5.551115123125783e-17
0.0
5.329070518200751e-15
6.661338147750939e-16
-8.881784197001252e-16
-2.220446049250313e-15
1.7763568394002505e-15
-1.2177636676824477e-10
2.53891130341799e-10
-1.3714185342905694e-10
-1.298339213917643e-11
6.963318810448982e-13
2.2792434606344614e-11
-1.2438050589480554e-11
-4.739320047519868e-11
8.86757334228605e-12
1.2656542480726785e-14
-1.1657341758564144e-15
-4.163336342344337e-16
-8.881784197001252e-16
-4.218847493575595e-15
-1.3322676295501878e-15
4.440892098500626e-16
-1.1102230246251565e-16
-3.9968028886505635e-15
1.603277510753287e-10
1.723208242765395e-10
1.6911982925194025e-10
-1.2981615782337029e-11
6.723510637129948e-12
4.0875303142229313e-11
1.8670576196200273e-10
9.767830988494097e-11
4.4209969018993434e-11
1.0880185641326534e-14
-1.5543122344752192e-15
5.551115123125783e-17
0.0
2.3037127760972e-15
-1.1102230246251565e-15
-7.771561172376096e-16
2.6645352591003757e-15
2.220446049250313e-16
-7.914024990895996e-11
3.0809133022557944e-11
-7.318234906961152e-11
-2.4691360067663485e-12
1.2227552304011624e-11
3.072608834031598e-11
-6.213340952854196e-11
-5.6745719234641e-11
-1.7465140444983263e-11
-2.886579864025407e-14
-5.551115123125783e-17
-2.706168622523819e-16
8.881784197001252e-16
-7.105427357601002e-15
8.881784197001252e-16
5.412337245047638e-16
-2.220446049250313e-15
-2.220446049250313e-16
4.701092848335975e-10
-4.6412651499849744e-11
3.818474425543173e-10
6.24744700417068e-12
8.79296635503124e-12
1.2791101511311354e-11
3.796283287726964e-10
1.4865797481888876e-10
4.61142235508305e-12
-6.217248937900877e-15
-2.581268532253489e-15
1.6306400674181987e-16
-8.881784197001252e-16
3.1086244689504383e-15
0.0
0.0
-8.881784197001252e-16
1.7763568394002505e-15
2.0659918220644616e-11
1.7826096154749396e-10
2.8027358212057152e-11
1.3725909298045735e-11
-1.6271428648906294e-12
4.413269749647952e-11
2.6076918402395677e-12
-9.627854069549358e-13
6.497025140106416e-13
-2.2426505097428162e-14
-1.6514567491299204e-14
5.4942161931137434e-14
4.884981308350689e-15
8.881784197001252e-16
2.042810365310288e-14
-4.440892098500626e-16
-7.949196856316121e-14
6.17284001691587e-14
4.3431924723336124e-13
2.3851498553995043e-10
2.2440715952143364e-11
7.675637903048482e-12
-1.5782042339651525e-11
1.023303664027253e-11
6.059153179194254e-12
5.3574922276311546e-12
2.1117552151395103e-12
4.973799150320701e-14
2.4424906541753444e-15
1.1102230246251565e-16
-1.3322676295501878e-15
0.0
2.220446049250313e-16
2.220446049250313e-16
-8.881784197001252e-16
-8.881784197001252e-16
1.1298944002646749e-08
3.9381120586767793e-10
9.64019619686951e-09
-3.280931082372263e-11
-4.2307490843995765e-11
9.02777852473946e-12
9.67268665164056e-09
5.398300917391907e-09
1.3370069495977077e-09
1.354472090042691e-14
3.6637359812630166e-15
-1.6653345369377348e-16
6.661338147750939e-16
-3.552713678800501e-15
-2.220446049250313e-16
-1.1102230246251565e-16
2.8033131371785203e-15
6.661338147750939e-16
2.758184791673557e-09
-9.63922275332152e-10
2.157243272904452e-09
5.684621662283007e-10
4.4487880046517603e-10
-5.629385846361856e-12
1.5916145623684486e-09
8.891340996797225e-10
2.163531576115929e-10
-3.197442310920451e-14
-6.8833827526759706e-15
3.0531133177191805e-16
2.7755575615628914e-16
3.552713678800501e-15
-2.220446049250313e-16
0.0
-1.3877787807814457e-16
-4.440892098500626e-16
1.0231180125330752e-08
-8.311275223604753e-09
6.8362986382908275e-09
5.045219242383325e-09
3.5991272184787708e-09
-1.006604799513866e-10
1.7945211983061427e-09
1.0077645384853895e-09
2.355164951950428e-10
1.176836406102666e-14
7.355227538141662e-15
1.379452108096757e-13
-2.0472512574087887e-13
-1.2434497875801753e-14
-5.329070518200751e-15
2.19824158875781e-14
1.6084356069256955e-14
2.6645352591003757e-15
2.3436328433490417e-09
-1.702318286334048e-10
1.9360353320507784e-09
2.560807121909647e-11
1.923039505413726e-11
1.0533685035341023e-11
1.911611868798957e-09
1.0695275776129165e-09
2.432614110148279e-10
3.552713678800501e-15
5.134781488891349e-15
-1.942890293094024e-16
-1.2212453270876722e-15
-8.881784197001252e-16
-1.1102230246251565e-16
2.220446049250313e-16
-4.0245584642661925e-16
1.1102230246251565e-16
2.5031070549630385e-09
-5.622950993711129e-10
2.011454114381195e-09
1.1247003328662686e-11
1.227373758183603e-11
-5.748385101256304e-11
2.014717281895173e-09
1.1235457009206584e-09
2.4571988888055785e-10
-9.769962616701378e-15
1.0824674490095276e-15
1.5959455978986625e-16
3.3306690738754696e-16
2.6645352591003757e-15
-1.1102230246251565e-16
0.0
1.6653345369377348e-16
-1.4432899320127035e-15
2.988087999256095e-09
1.6999024410324637e-10
2.5942625825337018e-09
6.3797855887059995e-12
-8.041567411964934e-12
-3.6464831154603417e-11
2.5876856213358224e-09
1.4464864861452043e-09
3.348361587995896e-10
-3.574918139293004e-14
3.885780586188048e-16
8.326672684688674e-17
2.4424906541753444e-15
-3.1086244689504383e-15
2.7755575615628914e-17
-8.881784197001252e-16
-1.9984014443252818e-15
2.5431046157819992e-15
4.872795500432403e-09
-2.2933477339392994e-10
3.890846755894017e-09
4.984510582062285e-10
3.2034463970376237e-10
1.2407808114289764e-10
3.469674325629058e-09
1.92732230175352e-09
5.182698714634171e-10
5.639932965095795e-14
-1.970645868709653e-15
-1.8893220321558601e-13
4.551914400963142e-15
3.019806626980426e-14
6.261657858885883e-14
1.4432899320127035e-15
4.884981308350689e-14
-1.6370238498097933e-13
9.040562076734204e-09
-1.1035652391910846e-09
6.841638366950065e-09
1.5070114045556693e-09
9.599183670161437e-10
3.1560487556703265e-10
5.3363802265948834e-09
3.015991678623209e-09
9.746088380779838e-10
-4.263256414560601e-14
-1.1796119636642288e-15
-5.551115123125783e-17
-2.220446049250313e-16
-2.220446049250313e-16
0.0
-1.6653345369377348e-16
0.0
-1.4432899320127035e-15
-2.41235795783723e-08
7.265363421993243e-09
-2.005387500503275e-08
-3.0317707455651544e-08
-1.7626678783244643e-08
-3.577056872927642e-09
1.0226912650068698e-08
5.8382889633890045e-09
2.3349997491095564e-09
-3.1086244689504383e-15
1.8457457784393227e-15
5.551115123125783e-17
1.2212453270876722e-15
1.5543122344752192e-15
8.43769498715119e-15
1.1102230246251565e-16
1.7763568394002505e-15
1.1102230246251565e-15
4.554848942461831e-09
1.7321212908427697e-08
1.078177547242376e-09
4.726565805412974e-10
1.7222667736405128e-10
3.586464458749106e-11
6.127844898173862e-10
6.31708241272122e-10
2.2704398361383937e-09
3.730349362740526e-14
1.7034984534092246e-15
1.1102230246251565e-16
-2.220446049250313e-16
-6.661338147750939e-16
-1.2628786905111156e-15
0.0
-3.552713678800501e-15
4.440892098500626e-16
-1.1379192699223495e-08
4.0605442563901306e-08
-1.5556402388483548e-08
2.06774330990811e-09
1.0534151329011365e-09
5.745466324924564e-10
-1.753469369702998e-08
-9.555324531618226e-09
1.8686172609250207e-09
1.3766765505351941e-14
-5.828670879282072e-16
5.551115123125783e-17
-2.4424906541753444e-15
-4.440892098500626e-16
-4.884981308350689e-15
4.440892098500626e-16
4.440892098500626e-15
-2.220446049250313e-16
5.399471092459862e-09
8.160384368238738e-09
5.290999638418724e-09
6.038149535925186e-09
3.1258435839731646e-09
8.861498201895301e-10
-7.770353249725303e-10
-6.809544039754201e-10
-1.1689649248580736e-10
-4.374278717023117e-14
-7.771561172376096e-16
-1.1102230246251565e-16
0.0
-8.881784197001252e-16
4.440892098500626e-16
2.220446049250313e-16
8.881784197001252e-16
8.881784197001252e-16
8.06657851626369e-09
6.130306928753272e-09
7.634987753135647e-09
7.4067614264095036e-09
4.0048533378467255e-09
9.57784962452024e-10
-3.3370106677921285e-10
-1.5538614839272213e-10
-1.8738149920594083e-11
2.353672812205332e-14
4.191091917959966e-15
1.1102230246251565e-16
1.9984014443252818e-15
0.0
3.3306690738754696e-15
-4.440892098500626e-16
-4.440892098500626e-15
0.0
6.985700906625425e-09
5.56039481125481e-09
6.67996502556889e-09
6.810658703670924e-09
3.5265887987634414e-09
9.374474529977306e-10
-9.242206999715562e-11
1.2891021583527618e-11
-4.435023528981397e-12
1.3322676295501878e-15
-2.7755575615628914e-15
-5.551115123125783e-17
-1.3322676295501878e-15
1.6930901125533637e-15
1.3322676295501878e-15
0.0
3.552713678800501e-15
0.0
5.91782622905157e-09
4.976104861498243e-09
5.608420394764835e-09
5.71739988686204e-09
2.720957681390246e-09
8.377760707389825e-10
-9.198863892834197e-11
1.077893330148072e-11
-3.0686009289127014e-12
1.2212453270876722e-14
-1.1934897514720433e-15
-5.551115123125783e-17
0.0
3.885780586188048e-16
-8.881784197001252e-16
-4.440892098500626e-16
-5.329070518200751e-15
2.6645352591003757e-15
6.316540179795993e-09
3.4516816072027723e-09
5.718387541264747e-09
5.871694241932346e-09
2.4489170691310846e-09
1.0780780712593696e-09
-1.0235901015676063e-10
1.540056970839032e-11
1.8753887331968144e-12
-1.7541523789077473e-14
-2.1649348980190553e-15
5.229150445984487e-14
2.220446049250313e-15
-6.938893903907228e-15
-2.5868196473766147e-14
8.881784197001252e-16
3.552713678800501e-15
-3.1086244689504383e-15
9.800459110920201e-09
-6.549271347466856e-09
9.003560563769497e-09
8.904102344331477e-09
4.50698856013787e-09
2.5357991262353607e-09
7.290523740266508e-11
9.481215812456867e-11
1.3968159962018944e-11
-1.5765166949677223e-14
4.163336342344337e-15
-5.551115123125783e-17
-6.661338147750939e-16
3.4416913763379853e-15
1.1102230246251565e-16
1.6830981053317373e-13
3.1530333899354446e-14
2.0650148258027912e-14
3.0523466421072953e-08
2.0191492922094767e-09
2.59441037542274e-08
2.6524578089492934e-08
1.2272117544398498e-08
4.185189084182639e-09
2.539612964369553e-10
1.7964030263328823e-10
2.6408653042153674e-11
9.103828801926284e-15
-6.938893903907228e-16
-5.551115123125783e-17
3.9968028886505635e-15
-3.684552662974738e-15
5.551115123125783e-16
-8.881784197001252e-16
-5.551115123125783e-15
3.4416913763379853e-15
1.7425251996883162e-07
-8.572769161219185e-09
1.4315687124621945e-07
1.433384797522308e-07
6.98429225565178e-08
1.4816635030001633e-08
2.10559569779889e-10
1.5988543822231804e-10
2.570765822440535e-11
1.354472090042691e-14
-5.689893001203927e-16
1.942890293094024e-16
2.2870594307278225e-14
2.1094237467877974e-15
-4.440892098500626e-16
2.220446049250313e-15
7.827072323607354e-15
-2.1094237467877974e-15
1.4276838129489988e-06
-9.19179967695527e-08
1.1875918004555786e-06
1.1903639913768416e-06
5.901188764312337e-07
1.1619388828876252e-07
-2.0218537954974636e-10
6.94946322710166e-11
1.7887025194340822e-11
