0.0
-6.245004513516506e-16
1.249000902703301e-16
1.4432899320127035e-15
-2.6645352591003757e-15
-1.457167719820518e-16
-6.661338147750939e-16
3.1086244689504383e-15
4.440892098500626e-16
-6.460082516923649e-06
2.0528993886159697e-05
-1.0102369287778856e-05
-8.980963173144119e-08
-5.743879505359928e-08
-1.605493704648353e-08
-1.0143638116133502e-05
-4.695933633946936e-06
1.1565558253323616e-06
0.0
4.274358644806853e-15
-1.3877787807814457e-16
-1.6653345369377348e-15
8.881784197001252e-16
0.0
1.1102230246251565e-15
-2.6645352591003757e-15
-3.3306690738754696e-16
6.187937430013334e-06
1.8088476309685575e-05
-4.186756736856978e-07
-3.227143352546591e-08
-1.9756161595552157e-08
-6.0527700629364745e-09
-4.4698968970635633e-07
7.456547006512437e-07
2.552842772729491e-06
-2.220446049250313e-16
-2.275957200481571e-15
0.0
2.55351295663786e-15
-5.898059818321144e-17
4.163336342344337e-17
-9.992007221626409e-16
1.7763568394002505e-15
1.1102230246251565e-16
8.66201877158801e-06
1.9422810566993576e-05
1.6353264697954728e-07
7.161692501256312e-07
4.080057260935632e-07
1.2473710242488778e-07
-5.557583353521522e-07
6.660884395159883e-07
2.8852031590531624e-06
-1.0658141036401503e-14
-1.3058998327153404e-14
-2.2470914018413168e-13
3.47499806707674e-14
3.1752378504279477e-13
-1.127986593019159e-13
-3.952393967665557e-14
-4.1744385725905886e-13
4.376499163072367e-13
9.179595323871581e-06
2.2265909564112008e-05
-8.510527997884765e-07
1.931099298246863e-07
1.1277661648989579e-07
4.494691907552806e-08
-1.0811243527086845e-06
4.051957951389795e-07
3.073114115181852e-06
8.881784197001252e-16
1.942890293094024e-16
0.0
-4.440892098500626e-16
1.1102230246251565e-15
0.0
1.3988810110276972e-14
2.220446049250313e-15
0.0
7.226155183559513e-06
2.436634298419449e-05
-4.228269411044039e-06
-3.4882079802400767e-07
-1.7063084456481192e-07
-7.875026852843803e-09
-3.893521984821291e-06
-1.071900078919441e-06
2.727521927425869e-06
4.440892098500626e-16
2.067790383364354e-15
1.1102230246251565e-16
2.220446049250313e-15
4.440892098500626e-16
9.992007221626409e-16
6.572520305780927e-14
-4.440892098500626e-15
0.0
7.670591730235543e-06
2.4103136524900037e-05
-4.77414202748605e-06
-2.0495608765713769e-07
-9.09469761722903e-08
-3.8571197791270606e-08
-4.576940995093537e-06
-1.7186567067284384e-06
2.335607963033226e-06
-7.993605777301127e-15
-3.0531133177191805e-15
-2.7755575615628914e-17
6.661338147750939e-16
-1.7763568394002505e-15
2.6645352591003757e-15
-4.440892098500626e-16
6.217248937900877e-15
0.0
-2.315089787430224e-06
-4.629168302017206e-07
-2.122772741586232e-06
-6.947735364803975e-07
-3.615009980251216e-07
-1.1230979701792876e-07
-1.4251955615662837e-06
-8.323395366272024e-07
-2.5373131093409107e-07
2.220446049250313e-16
-1.762479051592436e-15
-5.551115123125783e-17
-8.881784197001252e-16
3.1086244689504383e-15
-4.440892098500626e-16
0.0
-8.881784197001252e-16
-8.881784197001252e-16
-7.821572864941118e-07
-7.468798060017434e-07
-6.625493469414323e-07
-6.546289306186281e-07
-3.4312199659325415e-07
-9.973996606404967e-08
-3.5694700528665635e-09
-6.948313924226568e-09
-2.820479572118728e-09
1.7763568394002505e-15
2.0122792321330962e-15
6.245004513516506e-17
1.9984014443252818e-15
1.3322676295501878e-15
4.440892098500626e-16
0.0
-3.552713678800501e-15
0.0
-5.543678582853317e-07
-5.846811008680675e-07
-4.449163899522546e-07
-4.544745664247784e-07
-2.3534136772696002e-07
-7.234339527428801e-08
1.1669818889004091e-08
7.057523454534476e-09
2.566791779123889e-10
-2.886579864025407e-15
-3.3861802251067274e-15
-6.938893903907228e-17
-1.5543122344752192e-15
-2.0539125955565396e-15
-2.220446049250313e-16
8.881784197001252e-16
-4.440892098500626e-15
1.7763568394002505e-15
-3.47101320130605e-07
-4.298473061936648e-07
-2.780891588116674e-07
-2.858575278708031e-07
-1.4522129987426524e-07
-4.895000671467642e-08
9.14565845278048e-09
6.9759343857001e-09
6.736365909532083e-10
1.3322676295501878e-15
6.800116025829084e-16
7.632783294297951e-17
-2.220446049250313e-16
2.3314683517128287e-15
-1.1102230246251565e-15
-8.881784197001252e-16
1.021405182655144e-14
-5.551115123125783e-15
-2.226477420208539e-07
-2.8909479876659816e-07
-1.8815869040622601e-07
-1.9263265294000576e-07
-9.796487709934354e-08
-3.469229170605104e-08
5.687911475149577e-09
5.835741223592095e-09
5.467624131227922e-10
-6.217248937900877e-15
4.98212582300539e-15
4.871103520542874e-15
5.5067062021407764e-14
-1.0291767438275201e-13
-5.029310301551959e-14
1.6431300764452317e-14
5.329070518200751e-15
5.484501741648273e-14
-1.383196277515708e-07
-1.5101926464922144e-07
-1.3175074986548907e-07
-1.3562970302416488e-07
-7.344870642245205e-08
-2.6782174700201722e-08
5.4998050558197065e-09
4.904542549866164e-09
2.2641821750823965e-10
-1.5543122344752192e-15
-9.575673587391975e-16
-1.3877787807814457e-17
4.440892098500626e-16
1.0547118733938987e-15
-7.771561172376096e-16
0.0
-1.021405182655144e-14
-8.881784197001252e-16
-5.704273320361608e-08
-1.0068244904459789e-07
-7.394912771019335e-08
-8.31532012135483e-08
-4.59856774881473e-08
-1.7170037835967378e-08
9.056883243374614e-09
5.353846255218286e-09
1.5205614545266144e-12
1.9984014443252818e-15
4.454769886308441e-15
5.551115123125783e-17
-6.661338147750939e-16
-1.3322676295501878e-15
-1.6653345369377348e-16
1.3322676295501878e-15
5.551115123125783e-17
3.1086244689504383e-15
-1.1874313088355848e-08
-6.843756783503352e-08
-4.152715327165879e-08
-4.802763120537179e-08
-2.658388176257631e-08
-1.025549067890097e-08
6.542630881511968e-09
4.3753516365541145e-09
-2.3035073848376442e-10
-1.1102230246251565e-16
-1.3877787807814457e-16
5.551115123125783e-17
6.661338147750939e-16
-3.3306690738754696e-16
-8.229528170033973e-15
-4.440892098500626e-16
9.103828801926284e-15
-1.3322676295501878e-15
-1.5965966326803027e-09
-3.8384190048645905e-08
-3.485488475618581e-08
-3.733082420964706e-08
-2.0618125873284043e-08
-6.533056762236811e-09
2.5020554517141136e-09
2.3603616838840935e-09
-4.509823625653553e-10
-3.3306690738754696e-16
-1.5543122344752192e-15
-5.551115123125783e-17
0.0
2.220446049250313e-16
6.661338147750939e-16
-6.661338147750939e-16
-8.43769498715119e-15
-1.3322676295501878e-15
-8.505331550168194e-09
-9.393456679163137e-09
-4.03918569702455e-08
-3.989955921213095e-08
-2.207947158439083e-08
-4.553882604341197e-09
2.0860380089970931e-10
1.1120950271781282e-09
-3.7535063945881575e-10
2.4424906541753444e-15
1.9012569296705806e-15
1.1102230246251565e-16
0.0
1.7763568394002505e-15
-5.551115123125783e-16
-6.661338147750939e-16
-4.884981308350689e-15
1.7763568394002505e-15
-5.870891328640937e-09
1.5729934688124558e-08
-3.562796013767411e-08
-4.102755246648826e-08
-2.26114451606918e-08
-2.25084306748613e-09
6.730624946271746e-09
5.926725776816966e-09
9.98190197165627e-10
-3.6637359812630166e-15
-5.190292640122607e-15
2.220446049250313e-16
0.0
1.1102230246251565e-16
-1.6653345369377348e-16
1.3322676295501878e-15
6.217248937900877e-15
-1.3322676295501878e-15
2.750036465215544e-08
1.9453061383956083e-08
-4.7365231736762325e-09
-3.8058609819202616e-08
-2.0703536662836086e-08
9.727969541017956e-10
3.521139468887213e-08
2.7234563493294672e-08
4.809398546079536e-09
-7.771561172376096e-16
4.6074255521944e-15
-2.220446049250313e-16
0.0
-1.4988010832439613e-15
9.43689570931383e-16
9.325873406851315e-15
-7.105427357601002e-15
3.9968028886505635e-15
6.36820467470045e-08
1.7629631088311726e-08
2.3165377172063017e-08
-3.814543170221896e-08
-2.0336891282113356e-08
4.352330051915487e-09
6.35545056582032e-08
4.9256239531558776e-08
6.687162434904082e-09
-9.992007221626409e-16
-4.229255834431456e-15
2.3037127760971998e-14
-6.072919944699606e-14
-7.771561172376096e-16
2.2787327580431338e-14
7.605027718682322e-15
4.440892098500626e-15
-8.881784197001252e-16
5.066410047049885e-08
7.40548813382702e-08
1.0236815839448354e-08
-2.9797321166036287e-08
-1.5018274623912475e-08
9.372413956043602e-09
4.247990081918118e-08
3.435377804450468e-08
2.9715367111382562e-09
2.55351295663786e-15
1.4363510381087963e-15
1.1102230246251565e-16
0.0
-1.1657341758564144e-15
2.7755575615628914e-17
-5.9674487573602164e-15
-3.552713678800501e-15
0.0
2.0009139234389295e-08
1.46093753983223e-07
-1.2659739923037705e-08
-2.294454162776738e-08
-1.0373238268357454e-08
1.454330345040944e-08
1.2868697218948455e-08
1.318876918787737e-08
4.925231611441205e-10
1.1102230246251565e-15
-2.3175905639050143e-15
-1.942890293094024e-16
0.0
8.049116928532385e-16
9.08995101411847e-16
1.6653345369377348e-15
8.881784197001252e-16
4.440892098500626e-16
8.480011359779382e-09
1.9538778417427238e-07
-2.103637619654819e-08
-1.899254908899195e-08
-7.33950678011297e-09
1.9599404765813233e-08
5.070655006989e-10
4.9116151146222364e-09
2.0888105134453383e-10
-3.9968028886505635e-15
3.6914915568786455e-15
-1.2462253451417382e-14
2.6867397195928788e-14
9.06219543850284e-15
-3.1932789745781065e-14
-6.661338147750939e-16
-7.993605777301127e-15
-6.8833827526759706e-15
1.5046261125917226e-08
2.264387291006642e-07
-1.6628213472813513e-08
-1.3998633807688064e-08
-3.835820550079916e-09
2.5093328304137685e-08
-1.503686064552312e-10
4.698965661020793e-09
9.578067228233067e-10
-1.3322676295501878e-15
6.106226635438361e-16
3.957337929572091e-17
-4.440892098500626e-16
-1.5543122344752192e-15
-9.298117831235686e-16
-2.220446049250313e-16
8.881784197001252e-16
1.1102230246251565e-16
4.4929187481557165e-08
2.456274046380713e-07
4.707425560468437e-09
-5.787725854133896e-11
4.2413317302703035e-09
3.2300761176884414e-08
7.148754477270813e-09
9.226329922285004e-09
2.5701133443689628e-09
2.220446049250313e-15
-4.052314039881821e-15
2.0816681711721685e-17
7.771561172376096e-16
1.1102230246251565e-15
1.908195823574488e-15
-2.4424906541753444e-15
-2.220446049250313e-15
-1.1102230246251565e-16
1.1215662709673779e-07
2.6727668966941565e-07
5.1889134766724965e-08
3.726628783340402e-08
2.4767566664252172e-08
4.391262109493255e-08
1.690426465472683e-08
1.466704802055574e-08
4.355204308303939e-09
-1.7763568394002505e-15
-3.0414559759606163e-13
-1.330532906074211e-13
-4.6407322429331543e-14
4.75175454539567e-14
-9.0427665355719e-14
-1.7263968032921184e-14
2.0872192862952943e-14
6.972200594645983e-14
2.0247064469458564e-07
3.1854042248369296e-07
1.1129613142202287e-07
9.498192099499647e-08
5.530565350131411e-08
6.029308963206859e-08
1.8775299981399485e-08
1.4885051413671135e-08
4.459686508972993e-09
2.4424906541753444e-15
3.9390712913700554e-13
-1.6653345369377348e-16
7.559231018916535e-14
3.241851231905457e-14
-2.220446049250313e-16
-2.9282132274488504e-15
-2.220446049250313e-16
-2.6645352591003757e-15
2.910083338747427e-07
4.1015506013764025e-07
1.6584928097529428e-07
1.5693210642098165e-07
8.61594902090701e-08
7.878097108005022e-08
1.1086145279559645e-08
9.458974048470736e-09
2.7302673455409376e-09
-2.220446049250313e-16
-1.9984014443252818e-15
1.3877787807814457e-17
1.304512053934559e-15
1.3322676295501878e-15
0.0
-5.551115123125783e-16
1.7763568394002505e-15
5.551115123125783e-17
4.1666058336886636e-07
5.353119973960929e-07
2.4916085905601904e-07
2.4856884550672476e-07
1.3061465864439015e-07
1.0448569298660004e-07
2.0970962744115695e-09
3.6208440690188585e-09
1.2758505918419871e-09
-4.6629367034256575e-15
-6.661338147750939e-16
2.7755575615628914e-16
-1.1102230246251565e-16
-1.7763568394002505e-15
4.440892098500626e-16
4.0245584642661925e-16
-1.7763568394002505e-15
1.1102230246251565e-16
6.426166976325476e-07
7.265148553869949e-07
4.0611064067164193e-07
4.1266965844499737e-07
2.0817313384213776e-07
1.4920603064183524e-07
-5.711402017993805e-09
-2.465448956101568e-09
3.933963155233755e-10
4.884981308350689e-15
3.0471458689618203e-13
1.0649814363716814e-13
5.759837051755312e-13
-8.970602038971265e-14
3.2862601528904634e-14
-1.5643042416968456e-13
-2.8255175976710234e-14
-2.220446049250313e-14
3.6441426232158847e-06
4.346588511339178e-08
2.509062731803624e-06
3.560176544681326e-07
1.392383630616223e-07
1.5603329472924088e-07
2.152602722738095e-06
1.2909702569174897e-06
1.3689334021904642e-07
-8.659739592076221e-15
-7.216449660063518e-14
2.498001805406602e-16
-4.107825191113079e-13
0.0
5.1514348342607263e-14
3.952393967665557e-14
2.3148150063434514e-14
-4.529709940470639e-14
-8.668264868560982e-06
1.6596105979260756e-05
-6.672565866949754e-06
-9.134020118040098e-08
-1.2405507021640005e-07
3.752536059664635e-08
-6.612879227319013e-06
-5.614677952792135e-06
-2.0984864459450137e-06
2.0872192862952943e-14
8.465450562766819e-16
-5.551115123125783e-17
0.0
-1.7763568394002505e-15
-1.7763568394002505e-15
-4.440892098500626e-16
-3.3306690738754696e-16
4.440892098500626e-16
-2.6702116144861066e-06
-3.4131281836380367e-06
-2.5986380691733757e-06
-1.15579545933997e-09
3.0166731335157237e-09
8.879009749662714e-10
-2.5499236322446e-06
-1.158779443954927e-06
-1.0527513794045262e-07
-1.9984014443252818e-15
-3.816391647148976e-15
-2.220446049250313e-16
0.0
2.6645352591003757e-15
4.440892098500626e-16
1.1102230246251565e-15
-1.887379141862766e-15
-4.440892098500626e-16
-7.593993274213061e-07
-1.0762850024548243e-06
-6.979184945521411e-07
3.2465710120277436e-09
1.422276962870228e-09
6.023779253183648e-10
-7.127522643202155e-07
-3.371948871233599e-07
-1.2109729752296516e-07
-4.218847493575595e-15
-3.0531133177191805e-15
2.731148640577885e-14
-2.362554596402333e-13
1.7763568394002505e-15
-3.3306690738754696e-15
-2.930988785010413e-14
-2.7602919949742954e-14
1.3100631690576847e-14
9.556369207075477e-08
-8.727826923404791e-07
3.912765933478113e-08
3.3984690617216984e-09
7.797829049138727e-10
2.1772827984989362e-10
2.4110185847803223e-08
7.146297420490555e-08
-3.7351338022517666e-08
1.4654943925052066e-14
4.135580766728708e-15
1.942890293094024e-16
-4.440892098500626e-16
3.552713678800501e-15
-9.992007221626409e-16
-2.4424906541753444e-15
-1.3322676295501878e-15
-5.551115123125783e-16
3.1554831281255247e-07
-7.498191507693264e-07
2.2120565645877832e-07
2.103823781851588e-09
5.244014111838169e-10
1.0196909983051228e-10
2.1524177995502214e-07
1.6509380174056787e-07
-5.175664341550146e-09
-2.5757174171303632e-14
-2.525757381022231e-15
-1.0408340855860843e-16
2.220446049250313e-15
-8.43769498715119e-15
2.7200464103316335e-15
4.440892098500626e-16
-2.220446049250313e-16
4.440892098500626e-16
2.629375757123853e-07
-6.051030219111908e-07
1.8017448866203267e-07
1.0911982428751799e-09
3.597016018375143e-10
5.619704701587125e-11
1.794243758013181e-07
1.2903432855537744e-07
-6.7984018414790626e-09
5.10702591327572e-15
8.049116928532385e-16
9.079542673262608e-15
0.0
9.103828801926284e-15
1.1102230246251565e-15
1.5010215292932116e-13
8.526512829121202e-14
7.932543510946743e-14
9.947523693654148e-08
-3.9662637618675944e-07
4.825867705449127e-08
6.263238816472949e-10
2.751328054273472e-10
5.239475520113501e-11
4.731131397761601e-08
3.526807113019004e-08
-2.818298128204333e-08
1.1457501614131615e-13
1.942890293094024e-16
-2.5326962749261384e-16
8.881784197001252e-16
-7.549516567451064e-15
-2.886579864025407e-15
0.0
7.771561172376096e-16
-3.552713678800501e-14
-1.5738208958282485e-08
-2.705574217998219e-07
-4.6924924390623346e-08
-2.2750779038460675e-10
-2.948574717720476e-11
8.051759259330993e-11
-4.643792550496073e-08
-2.75248304149045e-08
-4.149164567479602e-08
-9.192646643896296e-14
-1.27675647831893e-15
-2.418204525511669e-15
-4.6629367034256575e-15
8.659739592076221e-15
2.6645352591003757e-15
8.881784197001252e-16
-8.326672684688674e-16
8.049116928532385e-16
-1.4764523825760989e-08
-2.553335001209689e-07
-3.776584023285068e-08
-5.4516391401193687e-11
4.438582834609406e-11
1.56227697445388e-10
-3.740591125733772e-08
-2.266325083155607e-08
-3.809033444213128e-08
-8.881784197001252e-16
1.3877787807814457e-15
3.712308238590367e-16
1.5543122344752192e-15
-1.199040866595169e-14
-1.7763568394002505e-15
-3.3306690738754696e-15
-2.0539125955565396e-15
-4.440892098500626e-16
-3.011720650647476e-09
-2.435016313029337e-07
-1.9093544523229866e-08
1.5546994802662084e-09
1.3968490808480283e-09
4.060012326334572e-10
-2.0726016458638696e-08
-1.3401706411286796e-08
-3.391699010535376e-08
-1.4876988529977098e-14
-4.718447854656915e-16
-3.0878077872387166e-16
1.1102230246251565e-15
2.6645352591003757e-15
1.3322676295501878e-15
-6.639133687258436e-14
2.1094237467877974e-15
4.440892098500626e-16
-5.681837222937247e-09
-2.3320139064253453e-07
-1.4366758449568806e-08
1.60024793416369e-09
1.6868309526962832e-09
2.926481279530435e-10
-1.6101441957516727e-08
-1.1055817594751716e-08
-3.146044491586508e-08
7.349676423018536e-14
4.440892098500626e-16
-1.457167719820518e-16
-5.551115123125783e-16
1.7763568394002505e-15
-1.7763568394002505e-15
-2.220446049250313e-16
-6.661338147750939e-16
2.220446049250313e-16
-2.9985562477463645e-08
-2.0796450428406385e-07
-2.8775804850056375e-08
-8.904706305656873e-09
-6.728889008489336e-09
-9.572769243959556e-10
-2.0310499948550387e-08
-1.3541441745701377e-08
-3.0437504960900696e-08
1.1102230246251565e-14
-4.218847493575595e-15
1.717376241217039e-16
-2.498001805406602e-16
-1.7763568394002505e-15
-4.440892098500626e-16
-2.220446049250313e-16
-1.6210990883003262e-15
-4.440892098500626e-16
-4.7601854902268315e-08
-2.1521987747519233e-07
-4.035272116453825e-08
9.174074833140367e-10
6.451834622112074e-10
2.7423519011193775e-10
-4.1681269991045156e-08
-2.532843801361651e-08
-3.25343592066929e-08
4.729550084903167e-14
-2.749189764728044e-13
2.1947721418058563e-14
-9.43689570931383e-16
-7.105427357601002e-15
-5.329070518200751e-15
7.072120666862247e-14
1.865174681370263e-14
-4.218847493575595e-15
-3.3767557638952894e-08
-2.22848626663108e-07
-2.6580554646216115e-08
1.8344203933651215e-09
1.2493000522972864e-09
2.1305712749608574e-10
-2.8572498145251757e-08
-1.7186208900454858e-08
-3.1018444701658154e-08
-6.328271240363392e-14
5.907774269786614e-14
5.551115123125783e-17
4.440892098500626e-16
-8.881784197001252e-16
0.0
0.0
8.881784197001252e-16
0.0
2.615338612343976e-09
-2.1867663235752843e-09
1.987356057497891e-09
1.5607479753043665e-09
7.676485003216271e-10
1.5483775372970854e-10
4.804698860993994e-10
2.4788704422462615e-10
4.172484580067248e-11
-1.3322676295501878e-14
3.907985046680551e-14
9.395262345890387e-15
-8.881784197001252e-16
2.6645352591003757e-15
-1.1102230246251565e-16
-2.220446049250313e-16
2.220446049250313e-16
8.881784197001252e-16
1.9027091013867903e-09
1.2502141544246117e-09
5.183835583011387e-10
9.181260196555741e-10
1.9764589964665902e-10
1.3775153240302984e-10
-3.155715688762939e-10
-1.8090551279215106e-10
3.1136648814822365e-11
5.551115123125783e-15
6.716849298982197e-15
-2.220446049250313e-16
-1.2212453270876722e-15
-8.881784197001252e-16
1.1102230246251565e-16
3.3306690738754696e-16
2.220446049250313e-16
0.0
1.3363467576965604e-07
-1.970993253053166e-07
1.1839301095051269e-07
4.943601084050897e-10
7.122658018943184e-11
1.625147794115378e-10
1.1789760190339393e-07
6.215803516340657e-08
-1.1258528331836715e-08
2.1316282072803006e-14
-6.050715484207103e-15
-9.71445146547012e-17
2.3314683517128287e-15
1.7763568394002505e-15
-2.220446049250313e-16
5.551115123125783e-17
-6.661338147750939e-16
-1.3322676295501878e-15
2.0427055602567634e-09
-1.4212584531492212e-07
8.177352128768689e-09
3.297238038157957e-10
2.914397612130415e-10
1.9742640855469062e-10
8.022854380840272e-09
2.134971310852052e-09
-1.8624930930855044e-08
1.4654943925052066e-14
3.83026943495679e-15
4.163336342344337e-17
4.996003610813204e-16
2.220446049250313e-16
0.0
-2.220446049250313e-16
-4.440892098500626e-16
6.661338147750939e-16
1.2811099736609322e-08
-1.4441521045682748e-07
1.8350743147266257e-08
8.027214448702579e-10
7.588027983729262e-10
3.5934877296028844e-10
1.7938218910273918e-08
8.676663831863607e-09
-1.7254862427762422e-08
-1.84297022087776e-14
5.551115123125783e-16
-1.3877787807814457e-16
-1.7486012637846216e-15
-8.881784197001252e-16
0.0
1.1102230246251565e-16
4.440892098500626e-16
0.0
8.208697721556746e-08
-1.5717020573902118e-07
7.656901601649224e-08
3.709232032633736e-09
2.634142681756657e-09
1.0148688556199659e-09
7.335498342087021e-08
4.064157232974708e-08
-1.0142301221094385e-08
-3.3084646133829665e-14
4.393707619954057e-14
-3.83026943495679e-15
2.3314683517128287e-15
1.0325074129013956e-14
2.220446049250313e-16
7.66053886991358e-15
-6.017408793468348e-14
9.703349235223868e-14
2.1715722198223375e-07
-1.681261778685439e-07
1.8961181069698796e-07
7.591117068272979e-09
5.961759086403617e-09
2.6146143028427105e-09
1.830149560788641e-07
1.0276320594471144e-07
6.155701726129337e-09
2.930988785010413e-14
-4.336808689942018e-15
-5.551115123125783e-17
7.771561172376096e-16
4.440892098500626e-16
-1.865174681370263e-14
-2.220446049250313e-16
2.220446049250313e-16
1.1102230246251565e-15
1.955198563052818e-07
-2.2208917016541818e-07
1.7008516373095972e-07
-2.395810305699797e-08
-1.0708038900020256e-08
7.578258021112561e-10
1.9437695186752535e-07
1.1098897090278113e-07
6.616517111979192e-09
-6.727951529228449e-14
-8.187894806610529e-16
-7.382983113757291e-15
-8.881784197001252e-16
3.3306690738754696e-16
1.1102230246251565e-16
1.1657341758564144e-15
-1.9984014443252818e-15
4.440892098500626e-16
6.160698262647202e-08
-2.3005418370303232e-07
7.161503390307189e-08
-6.495763926750442e-09
-3.3889087092120466e-09
9.057927741196182e-10
7.794201017929936e-08
4.935132658090424e-08
-1.511455138825113e-08
5.262457136723242e-14
2.7755575615628914e-15
1.1102230246251565e-16
2.4424906541753444e-15
8.326672684688674e-16
2.220446049250313e-16
-3.885780586188048e-16
-8.881784197001252e-16
-4.440892098500626e-16
-5.366524646888138e-08
-2.1931529659013904e-07
-1.3276538091133716e-08
-4.17516359263459e-08
-2.4722250913100652e-08
-4.6831658551127475e-09
2.7945043612476184e-08
2.549990085753961e-08
-2.3115248382055142e-08
-1.1102230246251565e-14
-8.326672684688674e-17
0.0
-2.6645352591003757e-15
-1.3877787807814457e-15
1.1102230246251565e-16
0.0
-8.881784197001252e-16
8.881784197001252e-16
-8.187137723325577e-08
-1.720978204389212e-07
-2.5755621635425996e-08
-1.8892557740457505e-08
-1.1373778363577005e-08
-6.773426264317095e-11
-7.696975501403358e-09
1.0824861007563413e-08
-2.5453431362620904e-08
-3.863576125695545e-14
-3.6914915568786455e-15
-5.551115123125783e-17
3.3306690738754696e-15
2.7755575615628914e-16
-2.220446049250313e-16
-4.440892098500626e-16
3.552713678800501e-15
0.0
-1.4944772175340404e-07
-1.515189751444268e-08
-4.938855724390123e-08
1.3717142977043293e-08
8.889175617809997e-09
2.0517028076483257e-08
-6.463180035609639e-08
-1.8809600987879094e-08
-2.9046786309550043e-08
2.5091040356528538e-14
3.4555691641457997e-15
2.7755575615628914e-17
-2.6645352591003757e-15
-1.1102230246251565e-16
-2.220446049250313e-16
-4.440892098500626e-16
0.0
0.0
-1.633737056749851e-08
2.2795688892074395e-08
-1.750315092863275e-08
-1.7404921948127594e-08
-1.058348075844151e-08
-1.7701863308516863e-09
-3.872848708397214e-10
-1.3125376341349693e-09
-8.570966159027193e-11
3.1308289294429414e-14
1.2073675392798577e-15
2.7755575615628914e-17
6.661338147750939e-16
1.5543122344752192e-15
-2.220446049250313e-16
0.0
-8.881784197001252e-16
0.0
1.6998384921862453e-09
3.6027961503037886e-08
7.996632689355465e-09
5.493827615055125e-09
1.3402665643980072e-09
1.0992931009923268e-09
3.287834005050172e-09
6.80699940858176e-11
-2.324151981980549e-10
-2.8199664825478976e-14
-7.799316747991725e-15
-3.12944115066216e-14
1.865174681370263e-14
-3.1183389204159084e-14
4.440892098500626e-16
3.1086244689504383e-15
0.0
-1.3322676295501878e-15
2.5683497995032667e-08
3.089995104232912e-08
2.701174750541213e-08
2.511907837288163e-08
1.3382706498532569e-08
3.497468981095153e-09
2.226242301617276e-09
-3.700018069707767e-11
-1.5776802086975295e-10
3.574918139293004e-14
4.773959005888173e-15
-4.163336342344337e-17
-4.729550084903167e-14
3.0753177782116836e-14
-3.3306690738754696e-16
8.881784197001252e-16
-1.7763568394002505e-15
1.1102230246251565e-15
2.6311532508316304e-08
1.9855244559607854e-08
2.6055479551700955e-08
2.7352245801637306e-08
1.515219061332118e-08
3.4460470033081947e-09
-1.3422951639086023e-09
-1.6222760912398826e-09
-1.9482770952095052e-10
1.3988810110276972e-14
-1.942890293094024e-16
4.683753385137379e-17
4.929390229335695e-14
2.220446049250313e-16
1.1102230246251565e-16
0.0
-6.661338147750939e-15
-8.881784197001252e-16
1.0432295027840155e-08
8.108564486519754e-09
1.3007407151377492e-08
1.7533558827054208e-08
9.767779474145755e-09
1.8902568399425945e-09
-4.626576455279974e-09
-2.6977282630014088e-09
-3.597004916144897e-10
-1.5543122344752192e-15
4.100886297209172e-15
-2.7755575615628914e-17
-4.440892098500626e-16
6.661338147750939e-16
-3.3306690738754696e-16
8.881784197001252e-16
7.771561172376096e-15
2.220446049250313e-16
-3.1347937579084832e-09
1.496971435699379e-09
3.2521900727999764e-09
8.993073841168098e-09
5.003190750585418e-09
9.532072908768896e-10
-5.8581215434116984e-09
-2.020013489811845e-09
-5.161195915093231e-10
-1.3322676295501878e-15
-3.524958103184872e-15
2.7755575615628914e-17
6.661338147750939e-16
-5.100087019371813e-16
-3.885780586188048e-16
-1.7763568394002505e-15
-4.107825191113079e-15
4.440892098500626e-16
-1.6412172954005655e-08
-1.6094432453428453e-09
-8.730158818082145e-09
-3.874077059151659e-09
-2.1206609801538434e-09
-3.0193803013389697e-10
-4.842959366868627e-09
-7.595266637849818e-10
-4.791398389158985e-10
1.865174681370263e-14
6.245004513516506e-16
0.0
-2.220446049250313e-16
-1.942890293094024e-16
7.632783294297951e-16
-1.3322676295501878e-15
-1.1102230246251565e-15
4.440892098500626e-16
-2.7012923453639814e-08
-4.891301585985275e-09
-1.9615679747175818e-08
-1.6778955780338833e-08
-9.375336063044415e-09
-1.600710675120354e-09
-2.841090029903626e-09
8.621823255339223e-10
-3.2779190473064546e-10
2.2426505097428162e-14
1.4988010832439613e-15
-1.1102230246251565e-16
-1.1102230246251565e-16
5.551115123125783e-17
-2.498001805406602e-16
3.552713678800501e-15
6.217248937900877e-15
8.881784197001252e-16
-3.3600180415760406e-08
-9.477195916929304e-09
-2.8573010624199927e-08
-2.8391993200926894e-08
-1.5796116414890093e-08
-2.7908129140996607e-09
-2.4778135099268184e-10
2.8068374291478904e-09
-1.3170131651918382e-10
-3.397282455352979e-14
-9.700573677662305e-15
-6.106226635438361e-16
-5.10702591327572e-15
3.885780586188048e-16
-1.0047518372857667e-14
0.0
7.549516567451064e-15
-1.4876988529977098e-14
-3.424055350365052e-08
-1.3850780078428215e-08
-3.3656663234182815e-08
-3.589164920825283e-08
-1.9918442006883197e-08
-3.5109906093566674e-09
2.0338912776196594e-09
4.129062258773075e-09
-2.4751928284771907e-10
-7.294165271787278e-14
4.8433479449272454e-15
-2.220446049250313e-16
3.3306690738754696e-15
-3.3306690738754696e-16
4.579669976578771e-16
1.3322676295501878e-15
8.881784197001252e-16
-8.881784197001252e-16
-3.3834316681691234e-08
-4.66449989744433e-09
-3.7716093359563274e-08
-3.498383394084925e-08
-1.9451361410460777e-08
-3.114578817076108e-09
-2.7914950351259904e-09
-1.6230945476536365e-09
-2.144181887597796e-09
1.4432899320127035e-15
3.0080105073437835e-15
2.220446049250313e-16
5.551115123125783e-17
4.926614671774132e-16
4.5102810375396984e-17
0.0
-2.6645352591003757e-15
-1.3322676295501878e-15
-7.681884461874233e-08
6.923991691110132e-08
-7.074256380690258e-08
-2.760191525341682e-08
-1.5230671834842724e-08
-1.8819008573700557e-09
-4.3246854541934e-08
-3.901220324564747e-08
-9.089517583049656e-09
8.215650382226158e-15
-1.061650767297806e-15
1.1102230246251565e-16
-5.551115123125783e-17
3.677613769070831e-16
-1.942890293094024e-16
-1.4432899320127035e-15
2.6645352591003757e-15
4.440892098500626e-16
-1.8574162985451892e-07
2.2584777070733253e-07
-1.4013583005123564e-07
-1.4140408094442948e-08
-7.553976999474799e-09
9.935519074133481e-11
-1.2619070921537912e-07
-1.0835482244786476e-07
-1.543000338610767e-08
2.220446049250313e-16
-2.581268532253489e-15
5.218048215738236e-15
5.329070518200751e-15
-1.85268467234323e-14
1.2323475573339238e-14
-1.1601830607332886e-14
-8.881784197001252e-16
2.220446049250313e-16
-1.7904728721873653e-07
2.409851731499657e-07
-1.213847014014391e-07
6.264405258415984e-09
4.047119972483415e-09
2.809223076383205e-09
-1.2793635384422686e-07
-1.0197481126184016e-07
-7.479613262084683e-09
-2.5091040356528538e-14
1.304512053934559e-15
5.551115123125783e-17
2.220446049250313e-16
5.3013149425851225e-15
1.6653345369377348e-16
3.247402347028583e-15
-5.329070518200751e-15
-6.661338147750939e-16
-6.031002364181859e-08
1.047041138235727e-07
-3.6816697246422336e-08
2.4215238259017724e-08
1.4201765097254793e-08
4.898282668364118e-09
-6.132666596769809e-08
-4.0932463640785954e-08
6.044437866892238e-10
2.6423307986078726e-14
2.919886554764162e-14
1.8207657603852567e-14
-2.7977620220553945e-14
1.1379786002407855e-15
4.996003610813204e-16
4.773959005888173e-15
4.440892098500626e-15
-5.617728504603292e-14
1.846314745534983e-08
-2.5697062255858327e-09
1.3663655096252114e-08
3.1041869963388535e-08
1.7949366437619574e-08
5.291965976539359e-09
-1.762597445775782e-08
-5.329172658719017e-09
2.3216543965087766e-09
3.1086244689504383e-15
-5.3484994211316916e-14
-2.220446049250313e-16
1.9539925233402755e-14
5.689893001203927e-16
6.855627177060342e-15
4.773959005888173e-15
2.6645352591003757e-15
0.0
4.812940801457444e-08
-5.4375561830966035e-08
3.311086516077921e-08
2.5910322776212524e-08
1.4860180641562692e-08
3.773820367314329e-09
7.233964538500004e-09
1.017193440588926e-08
3.5949637711141236e-09
-1.7541523789077473e-14
-6.6058269965196814e-15
-1.582067810090848e-14
-1.3322676295501878e-15
-9.992007221626409e-16
1.2698175844150228e-15
-2.6645352591003757e-15
-1.7763568394002505e-15
-2.220446049250313e-16
2.387549358218166e-07
-2.750669096940328e-07
1.6773020306004582e-07
1.19280656463161e-08
6.722105538869982e-09
7.518679012719076e-10
1.5599691138845628e-07
1.096748114548518e-07
3.0609740325759915e-08
5.329070518200751e-15
-5.190292640122607e-15
-3.677613769070831e-16
-4.440892098500626e-16
-9.992007221626409e-16
-4.440892098500626e-16
2.220446049250313e-16
0.0
0.0
7.981659280176245e-07
-8.064994858614227e-07
5.897447437064329e-07
6.009113207028349e-10
1.801048199467914e-10
-1.2032330687361537e-09
5.89215307655877e-07
4.0366231068844627e-07
1.1855275061645187e-07
-1.2656542480726785e-14
8.743006318923108e-16
-8.382183835919932e-15
-4.440892098500626e-16
4.440892098500626e-16
-4.440892098500626e-16
2.6645352591003757e-15
3.9968028886505635e-15
6.217248937900877e-15
-3.5071873583092383e-07
1.1135860518152185e-06
-1.705593390965987e-07
-6.797868934427243e-09
-4.1604089062730054e-09
-2.9604052542708814e-09
-1.6412247205721542e-07
-1.7457202794446403e-07
-6.356883730518348e-08
-7.993605777301127e-15
5.215012449655276e-16
1.8041124150158794e-16
-3.3639757646142243e-14
8.881784197001252e-16
4.440892098500626e-16
-9.992007221626409e-16
-4.440892098500626e-16
0.0
-3.154130467919458e-07
2.2854537746752612e-06
-1.5888183924062105e-07
-9.1485627962129e-09
-5.344601206047628e-09
-3.714092144946335e-09
-1.4993609553926035e-07
-3.008229967349507e-07
-1.5608094372510095e-07
2.020605904817785e-14
-6.40321129452559e-13
-4.274358644806853e-15
9.547918011776346e-14
-4.574118861455645e-14
-3.8191672047105385e-14
-1.2340128918708615e-13
-4.4853010194856324e-14
-2.020605904817785e-14
-7.71427153267723e-08
3.4103038615285186e-08
-5.445726003472373e-08
3.2893905377306965e-09
2.0588108995411858e-09
-4.898836891698011e-10
-5.757968679631631e-08
-3.481563481955163e-08
-2.9101272502884967e-09
-1.0436096431476471e-14
3.0686564400639327e-13
6.689093723366568e-14
-7.238654120556021e-14
7.904787935331115e-14
4.440892098500626e-15
6.272760089132134e-14
5.773159728050814e-15
1.6653345369377348e-16
-8.865468004159993e-08
2.8876854685222497e-08
-6.805281316246692e-08
3.617822930124248e-09
2.19995932582151e-09
3.3232439022867766e-10
-7.175771088441252e-08
-4.25688000404989e-08
-5.462098329189757e-09
1.176836406102666e-14
4.218847493575595e-15
-2.220446049250313e-16
4.440892098500626e-16
-8.881784197001252e-16
-1.7763568394002505e-15
-1.3322676295501878e-15
0.0
-2.220446049250313e-16
-4.4740900762008096e-08
2.9919988264737185e-08
-3.358061917424493e-08
4.374278717023117e-12
4.856204327552405e-11
-6.632472349110685e-11
-3.3590204395750334e-08
-2.079193883730568e-08
-1.3592114100902108e-09
-9.769962616701378e-15
2.2498669594028797e-13
6.400435736964027e-14
4.929390229335695e-14
-2.1316282072803006e-14
7.993605777301127e-15
5.906386491005833e-14
9.992007221626409e-15
6.616929226765933e-14
-4.030478351069178e-08
3.357422428962309e-08
-3.069526144372503e-08
-1.9355850255919904e-11
-1.894662204904307e-11
9.353184893257094e-11
-3.1078684514795896e-08
-1.9440046239438402e-08
-1.3053664815743105e-09
1.9984014443252818e-15
-1.6214807274650411e-13
-2.220446049250313e-16
4.440892098500626e-15
1.7763568394002505e-15
6.661338147750939e-16
-1.0894063429134349e-15
4.440892098500626e-16
-4.440892098500626e-16
-1.014051154157869e-07
4.5478785182240244e-08
-8.287089059422215e-08
-1.0611955758577095e-11
7.775780019869671e-12
-8.527334394159425e-11
-8.281217844796629e-08
-5.133024627568261e-08
-9.526331723463954e-09
-3.774758283725532e-15
-9.992007221626409e-16
1.1102230246251565e-16
-6.217248937900877e-15
-8.881784197001252e-16
-8.881784197001252e-16
1.9984014443252818e-15
-1.1657341758564144e-15
0.0
3.514688540207089e-11
-1.0414851203677244e-09
-3.709477169877573e-11
4.375166895442817e-12
2.240252428009626e-11
-7.910205823691284e-11
-3.645084234449314e-11
1.0832668095872577e-10
-7.773781618425346e-12
1.2656542480726785e-14
3.885780586188048e-15
0.0
3.9968028886505635e-15
8.881784197001252e-16
1.0408340855860843e-15
-8.881784197001252e-16
-1.3322676295501878e-15
-8.881784197001252e-16
1.550438666342302e-10
-4.889670890406705e-10
-2.4802382370125997e-11
5.927347501710756e-11
2.2920332298781432e-11
-5.01725327950453e-11
-7.194067563887074e-11
-4.8263615326504805e-12
-1.7220724846112034e-11
-2.531308496145357e-14
-2.9837243786801082e-15
-3.319566843629218e-14
4.440892098500626e-16
1.1102230246251565e-14
-4.440892098500626e-16
-4.440892098500626e-16
3.1086244689504383e-15
4.440892098500626e-16
3.5592817582141834e-10
8.36735125631094e-10
2.453557357284808e-10
8.674305718159304e-11
1.852207276442641e-11
-3.10154124605333e-11
1.483169143057239e-10
2.6842528200177185e-11
1.7136958518904066e-11
-6.8833827526759706e-15
-1.9012569296705806e-15
3.4888758548845544e-14
-4.440892098500626e-16
-2.220446049250313e-16
-6.661338147750939e-16
2.220446049250313e-16
-1.5543122344752192e-15
-1.7763568394002505e-15
-5.462897334496119e-08
-5.458794305468473e-09
-4.8020131870885046e-08
9.304912396146393e-11
7.620570841027074e-12
2.0830670521831962e-11
-4.810603204674635e-08
-2.7806041469347065e-08
-7.960565540088282e-09
5.773159728050814e-15
-1.4710455076283324e-15
1.8041124150158794e-16
-4.440892098500626e-16
-2.7755575615628914e-15
2.886579864025407e-15
-2.7755575615628914e-17
-2.220446049250313e-16
1.1102230246251565e-16
-2.0386870858146722e-08
6.245670647331281e-09
-1.7512144623310633e-08
3.993960717707524e-11
-8.853362487570848e-12
7.346012687037273e-11
-1.754502854112161e-08
-1.0424871632608301e-08
-2.258950360101153e-09
1.3988810110276972e-14
2.8033131371785203e-15
0.0
2.220446049250313e-15
-7.105427357601002e-15
-1.3322676295501878e-15
-4.440892098500626e-16
4.107825191113079e-15
8.881784197001252e-16
-5.2883031287365156e-11
-4.431512934388593e-10
-5.997691232551006e-11
3.114664082204399e-11
1.5015544363450317e-11
1.1332135230190943e-10
-9.300382686205921e-11
-5.403677505455562e-12
-9.72111280361787e-12
-4.1744385725905886e-14
1.609823385706477e-15
1.942890293094024e-16
-2.220446049250313e-15
1.9984014443252818e-15
-2.220446049250313e-15
2.220446049250313e-16
-1.1102230246251565e-15
8.881784197001252e-16
2.4434143597318325e-10
-1.5052137314341962e-10
2.9482372099209897e-10
8.045475397011614e-11
7.139444591075517e-11
1.6803847202595534e-10
2.098881068945957e-10
1.0860023991199341e-10
1.7523205109171156e-12
3.574918139293004e-14
-3.6637359812630166e-15
-2.220446049250313e-16
4.440892098500626e-16
-4.440892098500626e-16
0.0
2.220446049250313e-16
1.5543122344752192e-15
-4.440892098500626e-16
3.478223220554355e-08
-6.413003461602784e-10
2.967921020058384e-08
7.927418721465074e-10
6.798974716559769e-10
2.8325908285609103e-10
2.8885369651732162e-08
1.634507684755704e-08
3.962270511692623e-09
7.327471962526033e-15
8.1601392309949e-15
-1.5543122344752192e-15
3.552713678800501e-15
-2.9753977059954195e-14
5.773159728050814e-15
2.220446049250313e-16
1.596500709410975e-13
6.661338147750939e-15
2.9002858781268515e-08
-3.1796275834494736e-08
2.2241671615574887e-08
2.2361872353826584e-08
1.7626070270004845e-08
2.5204163200953644e-09
-6.867928448173188e-11
-1.453654974170604e-10
-1.6088108623080188e-10
-4.196643033083092e-14
-2.609024107869118e-15
1.1102230246251565e-16
-1.9984014443252818e-15
-8.881784197001252e-16
-1.7763568394002505e-15
-2.220446049250313e-16
-1.7208456881689926e-15
-1.4432899320127035e-15
-1.1102052610567625e-10
-8.989729849417927e-09
-8.278178142973047e-10
4.560581245982576e-09
3.590540781361895e-09
2.0448165383157857e-10
-6.075458358623108e-09
-3.2270799366074243e-09
-8.996465794552932e-10
-9.769962616701378e-15
4.274358644806853e-15
-1.942890293094024e-16
2.4841240175987878e-15
-8.881784197001252e-16
4.440892098500626e-16
-2.220446049250313e-16
1.7763568394002505e-15
1.4259426972529354e-15
-2.581884928076761e-09
-8.144127150444547e-09
-3.5210234727856e-09
5.582786233304659e-09
4.085170868250998e-09
4.3223402634851027e-10
-9.087981922561994e-09
-5.106588929493228e-09
-1.4117631508270279e-09
-2.90878432451791e-14
-1.659783421814609e-14
2.422107653332617e-14
-6.372680161348399e-14
5.950795411990839e-14
-3.219646771412954e-15
6.283862319378386e-14
-3.2795988147427124e-13
1.6997514507011147e-13
-2.0987258153581934e-08
-2.46575382334413e-09
-1.7988998735063433e-08
2.616680205846933e-10
1.728519549715202e-10
1.093368728888322e-10
-1.8589108252697883e-08
-1.0277156903271134e-08
-2.972541324197664e-09
5.10702591327572e-14
3.774758283725532e-15
5.440092820663267e-15
-1.3322676295501878e-15
3.552713678800501e-15
1.1102230246251565e-16
0.0
4.996003610813204e-16
-1.270095140171179e-13
-3.583225804959511e-08
-4.5579042762255995e-09
-3.002437765076138e-08
2.8317792555299093e-11
-1.3553602684623911e-12
1.0608491862740267e-10
-2.9344801255604125e-08
-1.698743723466123e-08
-4.976996592631622e-09
7.327471962526033e-15
3.0253577421035516e-15
-2.498001805406602e-16
-8.881784197001252e-16
-2.6645352591003757e-15
0.0
-6.661338147750939e-16
3.885780586188048e-16
0.0
-5.916230350067053e-08
-8.86961970536504e-09
-4.9051724460014157e-08
1.6155965454345278e-11
-2.2382096176443156e-11
6.570549659912217e-11
-4.9068852092659654e-08
-2.7738640107077828e-08
-9.01880525816523e-09
-2.0872192862952943e-14
-1.784683512084939e-14
-9.14823772291129e-14
7.882583474838611e-14
3.108624468950438e-14
4.440892098500626e-16
-6.59472476627343e-14
1.4921397450962104e-13
2.90878432451791e-14
-5.754530718604656e-08
-7.375888344540726e-09
-4.761868765967847e-08
-1.666222715357435e-12
7.123190925995004e-13
8.824019293030005e-11
-4.7493802668441276e-08
-2.6399858299441803e-08
-8.960299169302743e-09
1.4876988529977098e-14
-3.0531133177191805e-15
-2.498001805406602e-16
-1.6653345369377348e-15
8.881784197001252e-16
1.1102230246251565e-16
1.1102230246251565e-16
8.881784197001252e-16
8.881784197001252e-16
7.528712764326428e-09
-8.703523235453758e-09
7.683754077447702e-09
1.3287149158713873e-12
-1.7852386235972517e-12
1.219264689211741e-10
7.650086786270549e-09
4.272497022839161e-09
3.566213990779943e-10
-3.419486915845482e-14
4.052314039881821e-15
2.220446049250313e-16
-1.5543122344752192e-15
-1.7763568394002505e-15
-2.220446049250313e-16
-3.885780586188048e-16
-3.3306690738754696e-15
-1.5543122344752192e-15
3.755471489341744e-08
-3.819957328232704e-08
3.7530380581074496e-08
1.1240786079724785e-11
1.1235457009206584e-11
1.316320386024472e-10
3.751686250552666e-08
2.150970601633162e-08
1.5989189139364868e-09
-1.4432899320127035e-14
-1.3877787807814457e-15
5.551115123125783e-17
1.7763568394002505e-15
2.220446049250313e-16
1.1102230246251565e-16
-2.220446049250313e-16
8.881784197001252e-16
-2.7755575615628914e-17
2.3461572027372313e-06
-2.3932884687383194e-06
2.3615457394043915e-06
-2.7366269250705955e-09
-1.4662482339389271e-09
2.554969569246168e-10
2.364145665012529e-06
1.3629083586153001e-06
1.0199038225078283e-07
3.441691376337985e-14
-1.5543122344752192e-15
9.492406860545088e-15
-1.1102230246251565e-16
-3.9968028886505635e-15
2.220446049250313e-15
8.326672684688674e-17
-4.440892098500626e-16
8.881784197001252e-16
1.1773384898106087e-06
7.807943802617956e-08
9.359340999992583e-07
4.207841186598671e-09
3.3335609828100136e-09
1.5621210991412227e-09
9.316357463262648e-07
5.199863579719022e-07
1.8882213126403258e-07
8.43769498715119e-15
4.010680676458378e-15
0.0
5.551115123125783e-16
-1.7763568394002505e-15
0.0
1.1102230246251565e-16
4.440892098500626e-15
-1.7763568394002505e-15
4.31872386741361e-08
-8.212816737795947e-08
2.734981308094575e-08
-2.3567160667425924e-08
-1.2475469546302522e-08
-3.872372644764255e-09
5.1176462179114424e-08
3.530116821082174e-08
2.3609629806742305e-09
1.6431300764452317e-14
-3.677613769070831e-15
1.1102230246251565e-16
-1.7763568394002505e-15
-4.440892098500626e-16
0.0
0.0
-6.217248937900877e-15
-1.7763568394002505e-15
-3.775058843302759e-08
-4.3637498947646236e-08
-4.345621817947176e-08
-3.282212190924838e-08
-1.7822809894596503e-08
-4.577623613499782e-09
-1.0524846771886587e-08
5.791580548475395e-10
-4.601073300136704e-09
-4.218847493575595e-15
-1.4849232954361469e-15
0.0
8.881784197001252e-16
1.3322676295501878e-15
4.440892098500626e-16
1.6431300764452317e-14
-1.687538997430238e-14
-6.217248937900877e-15
-1.516398384637796e-08
-1.2175476626907768e-08
-1.507865476924053e-08
-1.4742269627276983e-08
-7.85421505611339e-09
-2.341783211790016e-09
-2.653628428106458e-10
-1.0582636988942795e-09
-8.682549124117145e-11
2.353672812205332e-14
-7.811806757018758e-14
-5.551115123125783e-17
-2.220446049250313e-16
-1.2101430968414206e-14
-2.220446049250313e-16
0.0
1.7763568394002505e-15
5.329070518200751e-15
-6.872298285998113e-10
-9.984635340742898e-09
-9.671641265640574e-10
-1.290665352371434e-09
-1.9905144199583447e-10
-7.273381896766296e-10
-9.326939220954954e-11
-1.167713925553926e-09
-9.341799556139563e-11
-2.0650148258027912e-14
-4.3021142204224816e-15
5.551115123125783e-17
1.7763568394002505e-15
4.996003610813204e-16
-2.220446049250313e-16
-4.440892098500626e-16
2.6645352591003757e-15
8.881784197001252e-16
7.430266180108447e-09
-8.254257721773683e-09
7.133072799092587e-09
7.561389736565616e-09
4.6932626673878985e-09
2.7465674179438793e-10
-5.958291637853108e-10
-1.4570159523330517e-09
-1.2879958211087228e-10
-3.774758283725532e-15
1.0325074129013956e-13
-8.881784197001252e-16
-8.881784197001252e-16
1.0755285551056204e-16
-6.661338147750939e-16
0.0
-1.1546319456101628e-14
-2.6645352591003757e-15
1.1776073449709656e-08
-6.273268127188203e-09
1.1692813828290129e-08
1.3033134571571736e-08
7.888792730170735e-09
5.572644568019314e-10
-1.5037571188258878e-09
-1.9680461704751906e-09
-1.7444379274422772e-10
-2.6423307986078726e-14
6.7307270867900115e-15
-6.938893903907228e-17
4.440892098500626e-16
0.0
2.220446049250313e-16
2.220446049250313e-15
1.199040866595169e-14
3.608224830031759e-16
7.068841512136715e-09
-2.1458390619955023e-10
8.713760379919222e-09
1.1752701034595248e-08
6.548092290614704e-09
-6.046079192856268e-10
-3.06730019161705e-09
-2.7005899738696826e-09
-2.200646331829148e-10
1.199040866595169e-14
-4.343747583845925e-15
8.326672684688674e-17
-1.5543122344752192e-15
1.1102230246251565e-15
-1.1102230246251565e-16
-3.1086244689504383e-15
-3.9968028886505635e-15
1.1102230246251565e-15
-1.1648104702999262e-08
5.35830935177728e-10
-5.731478402992707e-09
-1.3686398681045375e-09
-7.040446003969691e-10
-2.1064465727249626e-09
-4.4016674749514095e-09
-3.0718521060180137e-09
-2.1413071316089827e-10
-1.1546319456101628e-14
1.1657341758564144e-15
-2.7755575615628914e-17
6.661338147750939e-16
-2.248201624865942e-15
1.0685896612017132e-15
1.3322676295501878e-15
-3.885780586188048e-16
-1.7763568394002505e-15
-2.5313838136753475e-08
1.2456382592063164e-09
-1.6920250089924593e-08
-1.1751692507999678e-08
-6.443829470015316e-09
-3.1181599524643393e-09
-5.3076414374686465e-09
-2.8314000033446973e-09
-1.361248891385003e-10
3.1530333899354446e-14
-4.718447854656915e-15
-2.7755575615628914e-17
2.220446049250313e-16
2.3314683517128287e-15
-1.4710455076283324e-15
-2.220446049250313e-15
8.43769498715119e-15
8.881784197001252e-16
-3.326941566683672e-08
-1.0173479836339538e-09
-2.41215687424301e-08
-1.8966722858948515e-08
-1.05922177695561e-08
-3.8406966496040695e-09
-5.222058785392392e-09
-1.819204342723424e-09
2.1649126935585628e-11
-5.773159728050814e-15
4.288236432614667e-15
-5.551115123125783e-17
0.0
-8.881784197001252e-16
8.326672684688674e-16
1.3322676295501878e-15
-8.881784197001252e-15
1.7763568394002505e-15
-3.847196694550803e-08
-5.874298381058907e-09
-3.0043395327084e-08
-2.6351331783303067e-08
-1.4814326210199624e-08
-4.598248892762058e-09
-3.697565365001765e-09
1.4941509141053189e-10
2.7041746619715923e-10
-1.1435297153639112e-14
-3.6914915568786455e-15
0.0
0.0
2.220446049250313e-16
-4.440892098500626e-16
-2.220446049250313e-16
-7.105427357601002e-15
-4.440892098500626e-16
-3.666355752329764e-08
-1.3189638714550256e-08
-3.161899542192259e-08
-3.108623047864967e-08
-1.753553047212364e-08
-5.034152650296164e-09
-5.251346024692793e-10
3.2873794797438904e-09
5.790051216258973e-10
-8.43769498715119e-15
6.050715484207103e-15
0.0
2.220446049250313e-16
2.220446049250313e-16
9.992007221626409e-16
0.0
1.199040866595169e-14
-8.881784197001252e-16
-2.4377742491310528e-08
-2.6101474759343546e-08
-2.7599197593985988e-08
-2.9701371140333777e-08
-1.6795602242325458e-08
-4.683947452122084e-09
2.1271014949419964e-09
7.10904446421523e-09
6.804223851020197e-10
1.6764367671839864e-14
-7.771561172376096e-16
-2.220446049250313e-16
0.0
-2.220446049250313e-16
-8.881784197001252e-16
-1.1102230246251565e-15
-5.329070518200751e-15
1.3322676295501878e-15
-1.111718062052347e-08
-4.27489368348688e-08
-2.7498190391384014e-08
-2.419190758828904e-08
-1.3696970668775066e-08
-3.809056181580672e-09
-3.302589535181255e-09
6.874286029301402e-09
7.281991676322264e-11
-1.6209256159527285e-14
-4.767020111984266e-15
3.3306690738754696e-16
0.0
-1.7763568394002505e-15
3.885780586188048e-16
5.218048215738236e-15
-1.7763568394002505e-15
-8.881784197001252e-16
-3.0470985734609712e-09
-3.947522486669186e-08
-2.5407155490597688e-08
-1.8120674738497655e-08
-1.0286306917350885e-08
-2.912685204137233e-09
-7.251841793731728e-09
2.0727792815478097e-09
-3.545390370174317e-10
5.10702591327572e-15
8.007483565108942e-15
-2.220446049250313e-16
0.0
1.609823385706477e-15
1.1102230246251565e-15
7.216449660063518e-16
-2.6645352591003757e-15
0.0
1.0348465195875177e-08
-2.783880859169585e-08
-1.080715961165879e-08
-1.1367299768139105e-08
-6.442495426028927e-09
-2.0314914195296296e-09
5.546851866711222e-10
1.2576197860880711e-09
-2.14498210859837e-10
1.7763568394002505e-15
-2.581268532253489e-15
1.3877787807814457e-16
0.0
1.9220736113823023e-15
-6.661338147750939e-16
-5.10702591327572e-15
0.0
0.0
2.6216341098006524e-08
-2.785409947136941e-08
6.16961237653868e-09
-2.402343879381874e-09
-1.3680203636567967e-09
-9.375895615448826e-10
8.570954612707737e-09
3.0420599372860124e-09
7.869960239048623e-11
9.547918011776346e-15
-1.0130785099704553e-15
-7.45931094670027e-17
0.0
1.6653345369377348e-16
-2.7755575615628914e-16
4.440892098500626e-16
1.7763568394002505e-15
2.220446049250313e-16
4.1133809247639874e-08
-3.655090097254288e-08
2.5199143216525502e-08
9.249905286168314e-09
5.222668519877516e-09
5.382432277656336e-10
1.6094960919588175e-08
6.68150690330549e-09
9.628131070194001e-10
-2.1760371282653068e-14
-2.55351295663786e-15
1.249000902703301e-16
-4.440892098500626e-16
-3.3306690738754696e-16
3.3306690738754696e-16
3.1086244689504383e-15
1.7763568394002505e-15
-7.494005416219807e-16
6.006573016748007e-08
-4.289581312377777e-08
5.31027861683242e-08
2.5657916680188464e-08
1.4576351681228061e-08
2.8733069257214083e-09
2.768341023084986e-08
1.4071851239805257e-08
3.2395282012487314e-09
1.532107773982716e-14
3.247402347028583e-15
5.551115123125783e-17
1.7763568394002505e-15
-1.2212453270876722e-15
-4.440892098500626e-16
-2.9976021664879227e-15
-2.220446049250313e-15
2.220446049250313e-16
8.734772904972488e-08
-5.169986039277319e-08
8.588431832379229e-08
4.1031213093845054e-08
2.3505575041937732e-08
5.2644963943748735e-09
4.495595318232404e-08
2.5968491357275525e-08
6.9911370026432e-09
-7.993605777301127e-15
-1.7208456881689926e-15
5.828670879282072e-16
1.887379141862766e-14
1.1324274851176597e-14
6.661338147750939e-16
8.43769498715119e-15
-2.9976021664879227e-15
3.1086244689504383e-15
1.1533184363088368e-07
-8.314613353377354e-08
1.0453008236765982e-07
5.580040252084472e-08
3.207313925557287e-08
7.438700322381919e-09
4.8483965175982746e-08
3.065296816373575e-08
8.282087682331962e-09
7.993605777301127e-15
-4.371503159461554e-15
-2.498001805406602e-16
-2.220446049250313e-16
-8.881784197001252e-16
0.0
1.915134717478395e-15
2.220446049250313e-16
-1.942890293094024e-16
9.513138365946361e-08
-1.018773119199068e-07
8.265793027817381e-08
4.614050475026943e-08
2.6581762568866907e-08
4.607727532857098e-09
3.658852909538268e-08
2.6075632320043954e-08
6.597929536056313e-09
-5.551115123125783e-15
1.9984014443252818e-15
8.326672684688674e-17
-6.661338147750939e-16
-8.881784197001252e-16
4.440892098500626e-16
-1.6431300764452317e-14
8.881784197001252e-16
0.0
3.6597555208572885e-08
-8.324684586114017e-08
3.35461685097016e-08
1.2277102001689855e-08
8.238459692222477e-09
-1.197136612063332e-09
2.113912309087418e-08
1.830281348702556e-08
4.4306296131946254e-09
-4.884981308350689e-15
4.829470157119431e-15
0.0
4.440892098500626e-16
2.6645352591003757e-15
-5.329070518200751e-15
-2.4980018054066022e-15
0.0
0.0
1.5209235897373219e-06
1.9479455772852816e-06
1.730755255557881e-06
-3.4772591916976126e-08
-1.575895414163142e-08
-1.0334204603168473e-08
1.7652267310097614e-06
1.0386201738654677e-06
4.643565763018387e-07
2.886579864025407e-15
-2.7200464103316335e-15
-8.326672684688674e-17
-4.440892098500626e-16
-5.329070518200751e-15
-2.6645352591003757e-15
2.220446049250313e-16
-2.220446049250313e-16
0.0
6.428804226743523e-07
1.5157581003677478e-06
8.790867482844078e-07
1.126129944850618e-07
6.095218463286756e-08
2.5000220782445126e-08
7.666431081077006e-07
4.4141242483419774e-07
2.9961745084960967e-07
4.440892098500626e-15
5.9119376061289586e-15
2.7755575615628914e-17
4.440892098500626e-16
-8.881784197001252e-16
3.9968028886505635e-15
2.220446049250313e-15
-7.077671781985373e-16
8.881784197001252e-16
7.749645504873115e-06
1.057917359048588e-06
6.3480954217709495e-06
-1.8837909010471776e-10
-9.623946084502677e-10
3.0349633917126084e-10
6.346234478371571e-06
3.5073049211575835e-06
6.349624470658455e-07
1.021405182655144e-14
-5.079270337660091e-15
6.938893903907228e-17
0.0
4.440892098500626e-15
1.3322676295501878e-15
-6.661338147750939e-16
2.7755575615628914e-15
-8.881784197001252e-16
-4.3367720792275577e-07
-1.7976208255277015e-07
-3.616102617343131e-07
9.342926432509557e-11
4.43969527808008e-10
1.1070833139115166e-10
-3.6036207262668546e-07
-1.8389155798104184e-07
-2.556335232384299e-08
-2.042810365310288e-14
-2.5118795932144167e-15
0.0
0.0
-1.2434497875801753e-14
2.886579864025407e-15
1.5543122344752192e-15
6.331740687315346e-16
1.1102230246251565e-15
-8.439734244802821e-08
3.75750914827222e-08
-7.395595247317033e-08
1.6964207816272392e-11
6.568101618142919e-11
7.529044054876978e-11
-7.353393982612033e-08
-4.558938826448866e-08
-8.173444143722008e-09
-7.327471962526033e-15
-1.2212453270876722e-15
-5.551115123125783e-17
0.0
1.3322676295501878e-14
-1.1102230246251565e-16
-8.881784197001252e-16
-2.886579864025407e-15
2.7755575615628914e-16
-4.312130386097124e-08
9.936684364220127e-09
-3.653129354574958e-08
-2.632205564623291e-10
-6.784472289522725e-11
5.2033044539712137e-11
-3.638183443399612e-08
-2.083805483721335e-08
-3.6673242220786047e-09
-2.0650148258027912e-14
3.164135620181696e-15
-2.7755575615628914e-17
-1.3322676295501878e-15
0.0
-3.3306690738754696e-15
4.440892098500626e-16
-8.881784197001252e-16
-1.4432899320127035e-15
9.449223625779268e-10
-1.8372361410001758e-09
3.75734998669941e-11
-6.464127011440723e-10
-7.261702350547239e-11
8.451783717333683e-11
8.403269191603613e-10
4.479865367557067e-10
1.0848566489585208e-10
3.885780586188048e-14
3.0253577421035516e-14
1.2413681194090032e-14
8.43769498715119e-15
-4.440892098500626e-15
8.881784197001252e-16
-2.6867397195928788e-14
-2.7533531010703882e-14
-3.530509218307998e-14
-6.197055313350575e-09
-7.078085673128953e-09
-6.900453541902607e-09
-4.4462122872346304e-10
3.6598057917558435e-10
1.6733170404847897e-10
-6.539567110053213e-09
-3.6378082768351305e-09
-1.288796624976385e-09
-2.1094237467877974e-14
1.1324274851176597e-13
1.3357370765021415e-16
-8.881784197001252e-16
5.329070518200751e-15
1.7763568394002505e-15
2.220446049250313e-16
4.996003610813204e-16
4.440892098500626e-16
-4.7581480089320394e-08
-8.187726052710786e-09
-4.2722803073047544e-08
-5.617772913524277e-11
7.921840960989357e-10
2.407067878351654e-10
-4.2615013740032737e-08
-2.407402543980197e-08
-6.269573304962251e-09
1.3766765505351941e-14
-3.164135620181696e-15
-6.591949208711867e-17
-1.5543122344752192e-15
-5.329070518200751e-15
-8.881784197001252e-16
-3.3306690738754696e-16
-2.4424906541753444e-15
-4.440892098500626e-16
-9.080181406773136e-08
2.6404052277939627e-09
-8.061765477407334e-08
3.581437368893603e-10
1.1393175292084834e-09
3.2021352236455414e-10
-8.1190307810175e-08
-4.592553626281415e-08
-1.080778133655258e-08
-2.9976021664879227e-14
3.6637359812630166e-15
-4.163336342344337e-17
4.440892098500626e-15
-2.220446049250313e-15
0.0
4.440892098500626e-16
1.5543122344752192e-15
0.0
2.024425960200915e-09
-4.1636667447164655e-09
4.655147378684887e-10
5.714622108854428e-10
9.938676548415515e-10
3.365138168121007e-10
-2.6687541065939513e-11
5.2459370181168197e-11
3.673283899274793e-11
-1.0880185641326534e-14
1.6153745008296028e-14
-3.402139681085714e-14
1.021405182655144e-14
1.1546319456101628e-14
4.440892098500626e-16
6.328271240363392e-14
1.3322676295501878e-14
2.653433028854124e-14
2.369230589494009e-09
-4.772573447553441e-09
1.1218297402137978e-09
1.2769876822638082e-09
1.5049156365520844e-09
2.8537583407484135e-10
-2.5934276948191837e-10
-1.6609558173286132e-10
2.6261215424483453e-12
-2.7977620220553945e-14
-2.921968222935334e-14
1.3877787807814457e-17
-7.771561172376096e-16
-4.440892098500626e-15
4.440892098500626e-16
4.440892098500626e-16
-8.881784197001252e-16
0.0
-4.669074726848521e-08
-3.512755597512296e-08
-6.095237381487095e-08
1.4694698791117844e-09
1.7431949217439067e-09
2.1604523725571314e-10
-6.255716300529457e-08
-3.5726335667618514e-08
-1.0171781639201072e-08
5.773159728050814e-15
5.405398351143731e-15
-2.7755575615628914e-17
1.8325185119349996e-15
0.0
2.220446049250313e-16
1.1102230246251565e-16
2.3592239273284576e-15
-6.661338147750939e-16
-3.959179650792066e-10
-8.346319191332442e-10
-1.6591002349741757e-08
1.0955227836006998e-09
1.2446261798970681e-09
1.743350463989657e-10
-1.77611516605225e-08
-9.813799550784097e-09
-5.935163471804117e-10
-2.220446049250313e-16
-3.049643870767227e-15
1.3877787807814457e-17
-7.771561172376096e-16
4.440892098500626e-15
-1.1102230246251565e-16
-3.3306690738754696e-16
-3.774758283725532e-15
-8.326672684688674e-17
4.3627874646290365e-09
1.4105864920566091e-08
-1.1553915157946903e-08
7.585763128759027e-10
5.615854448137725e-10
1.4659198854793942e-10
-1.2355112488648958e-08
-6.3697154217834395e-09
1.1061587201766088e-09
2.4424906541753444e-14
8.881784197001252e-16
-2.3314683517128287e-15
-5.551115123125783e-16
-7.105427357601002e-15
-8.881784197001252e-16
-4.75175454539567e-14
7.66053886991358e-15
3.552713678800501e-15
2.7092772469927695e-10
-5.259153113001958e-10
4.960121202657319e-10
6.944178565504444e-10
8.952838470577262e-13
1.093093393578215e-10
-6.014921893893188e-11
-2.5222490762644156e-11
9.466205597163935e-12
3.9968028886505635e-15
-1.4988010832439613e-15
-1.3877787807814457e-17
-2.1649348980190553e-15
4.440892098500626e-15
0.0
0.0
1.6653345369377348e-15
6.661338147750939e-16
-5.574516848128042e-09
6.720370038237888e-09
-2.818104860580206e-09
5.529861013542359e-10
-2.5906388145813256e-11
1.10440767642217e-10
-3.3259919263173288e-09
-1.8690027303591705e-09
8.405198759220411e-11
-1.4654943925052066e-14
-1.4432899320127035e-15
2.8033131371785203e-15
1.7763568394002505e-15
3.552713678800501e-15
3.3306690738754696e-16
8.326672684688674e-15
6.994405055138486e-15
4.9960036108132044e-15
4.6906952988479134e-07
1.6315735251737354e-07
3.6001347325509414e-07
1.290683115939828e-10
-6.081446457528727e-11
1.4506096324140572e-10
3.6005209302913954e-07
2.0396571454028845e-07
7.515729549822936e-08
5.329070518200751e-15
1.609823385706477e-15
8.841126615533046e-15
1.3322676295501878e-15
-8.881784197001252e-16
5.551115123125783e-17
-1.8207657603852567e-14
6.661338147750939e-16
2.4424906541753444e-15
1.4512462342963772e-07
1.405425393841142e-07
8.342164647956452e-08
-1.638920110735853e-10
-4.929745500703575e-11
1.6116230572293944e-10
8.39308302857944e-08
4.724889901552842e-08
3.352816690949112e-08
-1.199040866595169e-14
-8.881784197001252e-16
5.551115123125783e-17
-1.1102230246251565e-15
2.220446049250313e-16
-2.7755575615628914e-16
-7.771561172376096e-16
1.1102230246251565e-15
7.771561172376096e-16
-2.5988558149947494e-07
4.5216188482299913e-07
-1.922568770851285e-07
-1.9891238700608938e-07
-1.3479191007803593e-07
-4.4739772775415076e-08
6.379730521643978e-09
3.3795064524611007e-09
2.1524456883526e-08
1.887379141862766e-14
-4.996003610813204e-16
-8.326672684688674e-17
3.3306690738754696e-16
4.440892098500626e-16
4.440892098500626e-16
4.440892098500626e-16
-2.220446049250313e-15
-1.1102230246251565e-15
3.6654071777775243e-08
3.6189123875374207e-07
1.8104054255729807e-08
1.2017447303946938e-07
5.3171110181438046e-08
-1.120081805083828e-09
-1.0325600641181155e-07
-5.696036886604361e-08
-7.696456805206253e-10
-5.995204332975845e-15
2.5351357298142307e-15
6.827871601444713e-15
1.1102230246251565e-16
-6.661338147750939e-15
-6.439293542825908e-15
1.5792922525292852e-14
-1.509903313490213e-14
-3.9968028886505635e-14
2.200380322392448e-09
2.6799023089552065e-07
-3.991632269162437e-08
1.2561715934111817e-07
6.047607925552256e-08
2.9868125750454055e-09
-1.6640987965388376e-07
-8.908221182934994e-08
-1.5551876231256756e-08
-3.064215547965432e-14
-2.525757381022231e-15
5.551115123125783e-17
-6.661338147750939e-16
2.6645352591003757e-15
-2.220446049250313e-16
4.440892098500626e-16
-2.6645352591003757e-15
0.0
2.5503581468910852e-08
2.202752114044415e-07
-5.178907969138891e-08
5.99927840738701e-08
2.377005614562222e-08
-5.83009907018095e-09
-1.124436561639186e-07
-5.1436860104558946e-08
-5.000927671972022e-09
3.108624468950438e-14
-2.2898349882893854e-15
-1.1102230246251565e-16
-6.661338147750939e-16
-4.440892098500626e-16
-4.440892098500626e-16
8.43769498715119e-15
1.865174681370263e-14
4.440892098500626e-15
1.0763887914322366e-07
3.217055102311406e-07
3.233004974845244e-08
8.256559880237546e-08
3.712569807134969e-08
1.3502282181221405e-08
-5.0346494973041445e-08
-1.2752984446251501e-08
6.784532047277025e-09
-8.881784197001252e-15
2.8033131371785203e-15
1.3877787807814457e-16
8.881784197001252e-16
1.3322676295501878e-15
0.0
-4.440892098500626e-16
8.881784197001252e-16
0.0
5.62549473670515e-09
1.79828415269867e-07
3.337951159920749e-08
3.3093947138240765e-08
9.598213779327125e-09
8.413826080300169e-09
3.767368639273627e-10
-5.616138665232029e-10
1.3420750621939703e-11
-9.325873406851315e-15
-5.065392549852277e-16
-1.1102230246251565e-16
-2.220446049250313e-16
7.771561172376096e-16
4.440892098500626e-16
-4.440892098500626e-16
2.6645352591003757e-15
8.881784197001252e-16
-4.150287225002103e-09
1.5288526356016519e-07
1.646858294179765e-08
1.6498265864584027e-08
1.3403571585968166e-09
6.574992994501372e-09
3.224798206247215e-11
-3.34165584092716e-10
-4.678794851553647e-11
1.1324274851176597e-14
1.8318679906315083e-15
4.440892098500626e-16
8.881784197001252e-16
7.494005416219807e-15
4.440892098500626e-15
-1.021405182655144e-14
1.7763568394002505e-15
-1.0658141036401503e-14
-3.5657237162922684e-09
1.2516611036517133e-07
8.726775746481508e-09
8.182468036466162e-09
-1.5273755593625538e-09
5.31050403651534e-09
4.748432758105992e-10
1.696086604496827e-10
8.967382392199852e-12
4.440892098500626e-15
3.91631171936524e-14
-1.583108644176434e-14
8.881784197001252e-16
7.771561172376096e-16
1.1102230246251565e-15
-3.197442310920451e-14
6.217248937900877e-15
-1.687538997430238e-14
-1.3634895879022224e-08
9.480300011688314e-08
-6.7635115286179825e-09
-7.452515937700355e-09
-8.327804223995372e-09
3.1078712936505326e-09
8.326983547135568e-10
2.2139001742971232e-10
4.136579967450871e-11
-1.9984014443252818e-14
-1.3877787807814457e-16
0.0
-1.3322676295501878e-15
1.6653345369377348e-15
0.0
-4.440892098500626e-16
-9.325873406851315e-15
2.7755575615628914e-15
-5.648551848480565e-09
4.1969158814936236e-08
-2.660911491147999e-09
-3.3959040024456044e-09
-2.0515491527817176e-09
4.728377689389163e-09
9.73003011495166e-10
4.276401455172163e-11
4.602673797649004e-11
1.1546319456101628e-14
9.298117831235686e-16
-5.551115123125783e-17
4.440892098500626e-16
1.3877787807814457e-15
-7.355227538141662e-16
-1.7763568394002505e-15
5.773159728050814e-15
4.440892098500626e-16
-1.6492904819642717e-09
3.482074717453543e-08
-2.2534194510370753e-09
-2.9214359820173286e-09
-1.8227062081876968e-09
3.868947828777891e-09
8.212643898275473e-10
-1.4628298572461063e-10
2.603561810587962e-11
1.0436096431476471e-14
-2.345068583764487e-13
-1.509903313490213e-14
-1.199040866595169e-14
-8.049116928532385e-16
-7.16093850883226e-15
2.9753977059954195e-14
2.375877272697835e-14
-1.7763568394002505e-15
-4.565237077258644e-11
3.0198485490018356e-08
-2.021719680556089e-09
-2.4822968125448597e-09
-1.575436225920157e-09
3.1655815746489675e-09
5.802931468679162e-10
-2.540696542041587e-10
1.0308198739039653e-11
4.884981308350689e-15
1.4488410471358293e-13
5.384581669432009e-15
-7.327471962526033e-15
0.0
1.0325074129013956e-14
8.881784197001252e-16
-8.659739592076221e-15
-4.440892098500626e-16
8.101679327410238e-10
2.628227946388506e-08
-5.898659338754442e-10
-1.1977183689282356e-09
-7.041434102461608e-10
2.5915767309925286e-09
6.355653781042747e-10
2.4558133304708463e-12
9.00266527992244e-11
1.1102230246251565e-14
-3.247402347028583e-15
5.551115123125783e-17
0.0
-1.5543122344752192e-15
-1.5543122344752192e-15
1.1102230246251565e-15
0.0
4.440892098500626e-16
2.3801440818260744e-09
2.2756266204737585e-08
3.0040201437486758e-09
1.2717960018449048e-09
7.652476430308752e-10
2.487411165930098e-09
1.6202470476400777e-09
1.2722045639179669e-09
3.797010483808094e-10
-5.2735593669694936e-14
8.604228440844963e-16
-5.551115123125783e-17
-2.220446049250313e-16
2.220446049250313e-16
8.881784197001252e-16
0.0
3.9968028886505635e-15
-4.440892098500626e-16
5.440670136636072e-09
1.4838690276519628e-08
8.427571529523448e-09
4.0501695330874554e-09
2.367026241678616e-09
2.64461874621702e-09
4.450020796298304e-09
4.7533582347991654e-09
9.830632974328068e-10
1.2989609388114332e-14
2.733924198139448e-15
1.1102230246251565e-16
2.220446049250313e-16
6.661338147750939e-16
9.992007221626409e-16
1.5543122344752192e-15
-7.993605777301127e-15
4.440892098500626e-16
1.1743081174131476e-08
-1.7614496528040036e-09
1.4570943562830507e-08
6.687456810539061e-09
3.9653129668693055e-09
3.066674025831162e-09
7.998948170495623e-09
9.92879822803161e-09
1.4338181197892652e-09
2.886579864025407e-15
-1.8041124150158794e-15
0.0
0.0
-1.1102230246251565e-15
-1.2212453270876722e-15
-7.771561172376096e-16
4.440892098500626e-15
4.440892098500626e-16
1.5440345890738172e-08
-6.531791996167158e-09
1.453609854706883e-08
1.0364256119999027e-08
6.180881584327835e-09
3.8248302303145465e-09
4.2738677041853634e-09
8.034921394894923e-09
4.5003589743686234e-10
1.532107773982716e-14
3.707104068162437e-15
-1.6653345369377348e-16
-2.220446049250313e-16
0.0
-8.881784197001252e-15
-1.6653345369377348e-16
-5.329070518200751e-15
0.0
1.4518434454657836e-08
1.888815859274473e-08
1.2451488728970617e-08
1.5040723777559606e-08
8.986361876850424e-09
4.859515456701047e-09
-2.524916720147985e-09
-5.7794213859097e-11
-2.939697374415573e-10
-2.7755575615628914e-14
-7.181755190543981e-15
-1.6653345369377348e-16
4.440892098500626e-16
9.992007221626409e-16
1.0325074129013956e-14
-2.1094237467877974e-15
1.7763568394002505e-15
-4.440892098500626e-16
2.1879181133499515e-08
2.990972802763281e-08
1.8168861970480066e-08
1.979501185189747e-08
1.1844434766317136e-08
5.999950758450723e-09
-1.5713133016959091e-09
-7.270548607607452e-10
1.0751038947987013e-10
-7.327471962526033e-15
5.717648576819556e-15
3.885780586188048e-16
-4.440892098500626e-16
1.6688039838896884e-15
0.0
-1.6653345369377348e-15
8.881784197001252e-16
0.0
3.290251271437228e-08
2.1699776198147447e-08
2.3853893083014555e-08
2.3034260721033206e-08
1.37896938312565e-08
6.82583589650676e-09
8.417142538519329e-10
1.2678507133045969e-09
2.722206626781798e-10
1.2212453270876722e-14
-1.0269562977782698e-15
2.7755575615628914e-16
-2.220446049250313e-16
-1.942890293094024e-15
2.220446049250313e-16
5.10702591327572e-15
1.7763568394002505e-15
2.220446049250313e-16
4.270683007234766e-08
1.1298908475509961e-08
2.7970274985023025e-08
2.4342920568187765e-08
1.4573563689168623e-08
7.061352391701803e-09
3.4931488812617313e-09
2.5750797050250185e-09
3.697600003960133e-10
1.5765166949677223e-14
-1.942890293094024e-16
-6.938893903907228e-16
2.220446049250313e-16
-2.220446049250313e-16
8.881784197001252e-16
-2.886579864025407e-15
-3.552713678800501e-15
2.220446049250313e-16
2.0869578065685346e-08
4.616538262780522e-09
7.999590323493067e-09
6.53969323138881e-10
5.062543717571089e-10
2.3895054823697137e-09
7.412710445464654e-09
4.371164763483648e-09
9.340108686473059e-10
-1.4432899320127035e-14
-4.413136522884997e-15
3.608224830031759e-16
6.661338147750939e-16
1.3322676295501878e-15
0.0
-1.1102230246251565e-16
1.3322676295501878e-15
-3.885780586188048e-16
-5.953839377070835e-08
4.526841124175007e-09
-6.078832370803866e-08
-8.120954220203203e-08
-4.660666652611667e-08
-1.2264969484476751e-08
2.0435130920759548e-08
1.30704407297344e-08
3.642908086298746e-09
1.554312234475219e-14
-2.220446049250313e-16
2.636779683484747e-16
5.551115123125783e-17
-1.7763568394002505e-15
2.220446049250313e-16
1.5543122344752192e-15
2.55351295663786e-15
4.440892098500626e-16
-1.2861818277087878e-07
1.522966677214299e-07
-1.4265157766146785e-07
-1.7275401020810932e-07
-1.0189196153476132e-07
-1.853099718118756e-08
2.989449399137811e-08
1.888908052194438e-08
5.7218709770268106e-09
1.9539925233402755e-14
6.217248937900877e-15
-9.71445146547012e-17
-1.27675647831893e-15
8.881784197001252e-16
-8.881784197001252e-16
-2.220446049250313e-15
-3.4416913763379853e-15
8.881784197001252e-16
5.272253247312619e-07
5.758962231539044e-07
3.9779729998912217e-07
2.2494964468933176e-07
1.15367367214958e-07
8.480964197588037e-08
1.7321409018222766e-07
1.0159418728505898e-07
4.5730924824738395e-08
-1.176836406102666e-14
-6.95971058561895e-15
-1.249000902703301e-16
1.554312234475219e-14
1.554312234475219e-14
0.0
3.677613769070831e-16
2.220446049250313e-15
0.0
1.0140495021460083e-06
7.901288086031855e-07
6.682716247041753e-07
3.739198906060892e-07
1.6618267650869711e-07
1.3486121019923303e-07
2.9465582329635254e-07
1.7232888716023353e-07
4.6457664382160146e-08
6.661338147750939e-15
6.697984181180949e-15
-9.71445146547012e-17
2.220446049250313e-16
-2.6645352591003757e-15
1.7763568394002505e-15
1.6653345369377348e-15
-4.440892098500626e-16
0.0
9.059848267156667e-07
7.85150106707988e-07
5.42855374874307e-07
2.416542326244553e-07
5.803074820676102e-08
8.425785757992799e-08
3.010594085139928e-07
1.760167460673756e-07
4.453006852145336e-08
-4.085620730620576e-14
-2.2013640910145682e-15
-1.942890293094024e-16
0.0
3.552713678800501e-15
-8.881784197001252e-16
6.772360450213455e-15
1.9095836023552692e-14
-8.215650382226158e-15
2.944467496490688e-07
1.4514117907538093e-08
2.570068993179575e-07
-1.3215881722317135e-09
7.572342752837358e-11
-2.0921737675649865e-09
2.583699370006798e-07
1.5070585834831007e-07
3.738695397714764e-08
6.8833827526759706e-15
1.3183898417423734e-15
-8.72565908416334e-15
-4.1744385725905886e-14
-1.5987211554602254e-14
3.552713678800501e-15
-2.6645352591003757e-15
-1.1102230246251565e-15
8.43769498715119e-15
2.0391424015997472e-07
4.601503178491839e-09
1.7519972317359134e-07
-6.219433856813339e-10
6.12512707220958e-10
-1.1993916970709506e-09
1.758230965265284e-07
1.0216053647482681e-07
2.533352017053403e-08
1.3766765505351941e-14
2.2898349882893854e-16
-2.0057740190981832e-16
-4.440892098500626e-16
-1.7763568394002505e-15
-7.771561172376096e-16
-1.1102230246251565e-15
1.3322676295501878e-15
2.220446049250313e-16
1.237554698718668e-07
1.637729951653455e-09
1.0399039140907007e-07
3.766977840768959e-10
6.973173150015555e-10
-7.829117354418713e-10
1.0357252477888323e-07
5.985305850941813e-08
1.4930094494047808e-08
1.2656542480726785e-14
-5.2735593669694936e-15
2.8102520310824275e-15
8.881784197001252e-16
5.329070518200751e-15
-1.1657341758564144e-15
-4.440892098500626e-16
-4.996003610813204e-16
4.440892098500626e-16
7.106454802396911e-08
1.9481660729070427e-10
5.741080499888085e-08
1.219495615600863e-09
6.390026285885142e-10
-4.585889445962721e-10
5.6129202619104035e-08
3.2270519034760525e-08
8.092243319879344e-09
-2.1538326677728037e-14
4.98212582300539e-15
4.440892098500626e-16
-8.881784197001252e-16
5.773159728050814e-15
1.9984014443252818e-15
3.1086244689504383e-15
-1.3322676295501878e-15
-2.220446049250313e-16
4.033288547589109e-08
-3.3433167345719994e-10
3.042935503572153e-08
1.7678978281310263e-09
5.162883454090661e-10
-2.5900104283493874e-10
2.858491399138074e-08
1.6362144972248416e-08
4.106013307136891e-09
-3.8191672047105385e-14
-5.342948306008566e-15
-2.220446049250313e-16
-4.440892098500626e-16
-1.5987211554602254e-14
1.1102230246251565e-15
-8.881784197001252e-16
3.1086244689504383e-15
2.220446049250313e-16
2.296915013744183e-08
4.3573322727752384e-10
1.560023221713891e-08
1.9285888441800125e-09
2.9981350735397427e-10
-1.2257306281071578e-10
1.3598274506421149e-08
7.749236807796933e-09
1.9300046005810145e-09
8.881784197001252e-15
2.581268532253489e-15
1.176836406102666e-14
-1.3322676295501878e-15
0.0
-3.1086244689504383e-15
8.881784197001252e-15
-1.4210854715202004e-14
-6.772360450213455e-15
1.3063805148760821e-08
2.2441994929067732e-09
7.869928708714724e-09
1.6749375220115324e-09
-1.723066134218243e-12
7.135625423870806e-12
6.118973772117898e-09
3.5011229471137995e-09
8.341274337908544e-10
3.597122599785507e-14
2.851885394505871e-15
2.7755575615628914e-17
2.6645352591003757e-15
7.438494264988549e-15
0.0
0.0
1.9984014443252818e-15
-5.551115123125783e-16
6.901839100237339e-09
4.496541805565357e-09
4.195563008124736e-09
1.2369696378300434e-09
-1.99985805693359e-10
1.3449286129230131e-10
2.885588656909022e-09
1.6562058391400571e-09
3.361577682881034e-10
-1.5765166949677223e-14
4.295175326518574e-15
-1.1102230246251565e-16
4.440892098500626e-16
2.4424906541753444e-15
-8.881784197001252e-16
-8.881784197001252e-16
1.1102230246251565e-15
-1.6653345369377348e-16
3.3773375207601926e-09
4.139863563068502e-09
3.7123104590364164e-09
2.091177009333478e-09
1.0228928815081417e-09
5.114333401223803e-10
1.563591922604246e-09
9.057981031901362e-10
1.0452794185766834e-10
1.7763568394002505e-15
-1.3010426069826053e-14
-1.329492071988625e-14
-3.774758283725532e-15
8.881784197001252e-15
3.1086244689504383e-15
-9.769962616701378e-15
1.4210854715202004e-14
3.9968028886505635e-15
1.9117752714237213e-08
-1.90779871900304e-08
1.9066247247678803e-08
1.8408464086405732e-08
1.5043099210743094e-08
3.0466658085259724e-09
7.05401959066876e-10
3.829718764336576e-10
-6.475175950981793e-11
3.6415315207705135e-14
2.749189764728044e-14
-3.3029134982598407e-15
-1.3322676295501878e-15
-6.217248937900877e-15
2.220446049250313e-15
-1.7763568394002505e-15
8.881784197001252e-16
-6.938893903907228e-16
4.2868705563137155e-07
-4.460239750869732e-07
3.3497282192485045e-07
3.347564163647121e-07
2.6652274831562295e-07
4.072707771030082e-08
1.508890790091755e-10
9.085354690796522e-11
-1.7998758039539098e-10
-2.1538326677728037e-14
3.608224830031759e-15
2.220446049250313e-16
4.6629367034256575e-15
4.440892098500626e-15
0.0
0.0
-1.1102230246251565e-15
9.298117831235686e-16
5.058653869127738e-07
-5.730679539794892e-07
3.4755284694654165e-07
3.4751639077512664e-07
2.806544765476815e-07
2.545806854215016e-08
3.667999237677577e-11
1.9916512883355608e-11
-2.3578650143463165e-10
-2.1094237467877974e-14
-2.282896094385478e-15
-1.1102230246251565e-16
-7.230327447871332e-15
1.7763568394002505e-15
-6.661338147750939e-16
0.0
8.881784197001252e-16
-6.661338147750939e-16
-8.764289560758698e-08
1.253672863299471e-07
-5.077439801937089e-08
-4.884732218712883e-08
-4.3062112098368743e-08
2.241795638013855e-11
-1.883540434732822e-09
-1.071300381738638e-09
-5.446878503789776e-10
5.084821452783217e-14
6.5416422279085396e-15
-2.4980018054066022e-15
-4.440892098500626e-16
-2.6645352591003757e-15
-2.220446049250313e-16
0.0
0.0
-1.5543122344752192e-15
8.753133329264529e-09
-1.021334128381568e-08
5.175367689957967e-09
8.467908596543339e-09
5.612882159056198e-09
3.965253680959791e-10
-3.3064697646523196e-09
-1.884695954856852e-09
-8.029985565372044e-10
-4.5075054799781356e-14
-4.7878367936959876e-15
1.1102230246251565e-16
5.10702591327572e-15
8.881784197001252e-16
-3.3306690738754696e-16
-4.440892098500626e-16
-7.771561172376096e-16
8.881784197001252e-16
4.736193659482524e-09
-5.08096320572804e-09
2.338975235716134e-09
2.366636664419275e-09
9.883258655918326e-10
9.656608845887149e-11
-2.1660895299646654e-11
-8.027950526567906e-11
-3.4570746265671914e-10
-1.687538997430238e-14
-1.366962099069724e-15
-1.6653345369377348e-16
1.9984014443252818e-15
-8.881784197001252e-16
2.220446049250313e-16
2.220446049250313e-16
-7.771561172376096e-16
4.440892098500626e-16
1.517656755822827e-08
-6.142485631244199e-09
1.107025937585604e-08
1.992455977983809e-09
6.455120882264964e-10
3.521560820729519e-11
9.08216080119928e-09
5.114376477877158e-09
1.0220730928267585e-09
6.417089082333405e-14
5.171210681886862e-15
0.0
-1.887379141862766e-15
4.440892098500626e-16
0.0
-9.159339953157541e-16
1.3322676295501878e-15
-4.440892098500626e-16
6.771294636109815e-09
-4.646764750759758e-09
8.057650546788864e-09
1.335525467993648e-09
3.2507330161024584e-11
1.3703393975106337e-10
6.726693868586153e-09
3.863759090450003e-09
-3.5981884138891473e-11
-5.81756864903582e-14
-6.106226635438361e-16
0.0
-1.5543122344752192e-15
0.0
-2.220446049250313e-16
2.220446049250313e-15
-1.1102230246251565e-15
0.0
-1.472486133025086e-09
7.178755367931444e-09
6.390390439037219e-10
5.700684369003284e-10
-7.642952937203518e-11
2.1546298079044843e-10
6.702549626425025e-11
3.3008262789735454e-11
-5.558220550483384e-12
4.440892098500626e-16
-6.050715484207103e-15
-6.994405055138486e-15
-2.220446049250313e-15
1.2434497875801753e-14
3.863576125695545e-14
1.5543122344752192e-15
-1.9984014443252818e-15
7.993605777301127e-15
-4.224615324233128e-09
8.778670235187747e-09
-9.190639360667774e-10
-8.448850508102623e-10
-7.680505120788439e-10
1.1942447031287884e-11
-7.538147883678903e-11
2.361488782298693e-11
-2.9667379664033433e-12
1.5543122344752192e-15
-1.0547118733938987e-15
7.521760991835436e-15
-3.1086244689504383e-15
3.3306690738754696e-16
-1.1102230246251565e-16
2.42861286636753e-15
-1.554312234475219e-14
4.440892098500626e-15
-3.6298132499723585e-08
-2.4197817083404516e-08
-4.1466833522463276e-08
-9.25077614510883e-09
-9.961329539009967e-10
1.996134812998207e-09
-3.213625632270123e-08
-1.7650361172627527e-08
-7.546496760824084e-10
-2.6645352591003757e-15
-1.6375789613221059e-15
0.0
3.6637359812630166e-15
3.3306690738754696e-16
0.0
7.771561172376096e-16
8.881784197001252e-16
-6.661338147750939e-16
-4.211770487927424e-08
-4.8545757636020426e-08
-2.9734479767284938e-08
-2.994929815258729e-08
-1.7084342605541702e-08
-2.6413928821966692e-09
1.212470124301035e-10
6.945590769191767e-10
-5.329219732175261e-09
-9.992007221626409e-15
3.731390196826112e-15
5.551115123125783e-17
-6.661338147750939e-16
-1.1102230246251565e-15
-2.220446049250313e-16
3.3306690738754696e-16
8.881784197001252e-16
2.220446049250313e-15
1.393206616739917e-08
-4.964419986208668e-08
1.7474512503667938e-08
-3.2090952117869165e-09
-1.7321393208646896e-09
-4.997779967652605e-10
2.0701136804746056e-08
1.291660467472866e-08
-1.7766268456398393e-09
-3.1530333899354446e-14
-4.0245584642661925e-15
-1.7708057242771247e-14
-2.2648549702353193e-14
1.1102230246251565e-15
4.196643033083092e-14
-2.5757174171303632e-14
8.08242361927114e-14
2.1405099914773018e-13
-1.3868259429727914e-08
-5.482922915689415e-08
-5.001730585263431e-09
-4.088256844170246e-09
-1.9606449797038294e-09
-6.916902606235453e-10
-1.9133494788547978e-09
1.715420694381464e-09
-5.1766662068075675e-09
6.816769371198461e-14
2.3314683517128287e-15
-2.7755575615628914e-16
4.440892098500626e-16
-6.661338147750939e-16
-4.440892098500626e-16
4.440892098500626e-16
-1.7763568394002505e-15
-2.220446049250313e-16
1.2440337648911282e-09
-1.5339803205449698e-08
-1.5210375181595737e-09
-2.7007800440514984e-09
-8.317648791944521e-10
-6.063523017019179e-10
9.484253382652241e-10
6.105338457018661e-10
8.222356129294894e-11
1.554312234475219e-14
-1.0269562977782698e-15
1.1102230246251565e-16
1.7763568394002505e-15
3.3306690738754696e-16
0.0
8.881784197001252e-16
-1.3322676295501878e-15
0.0
-4.803273334630376e-09
-1.3118508945808573e-08
-7.006619284766202e-09
-3.99266752992844e-09
-1.7834773657909866e-09
-8.68089156114138e-10
-2.9860629524591786e-09
-1.98368610426769e-09
-5.399898306279738e-10
-1.9984014443252818e-14
-7.91033905045424e-16
-2.7755575615628914e-17
-1.9984014443252818e-15
-2.886579864025407e-15
8.881784197001252e-16
1.3322676295501878e-15
5.773159728050814e-15
8.881784197001252e-16
3.704546713834134e-08
-5.481754783431824e-08
4.0526542122165665e-08
-4.080227711256157e-09
-1.8640777810219333e-09
-8.092424508276963e-10
4.46109211793555e-08
3.117911262506823e-08
9.08713726488486e-09
2.020605904817785e-14
3.788636071533347e-15
4.163336342344337e-17
-1.1102230246251565e-15
1.7763568394002505e-15
-2.220446049250313e-16
-1.7763568394002505e-15
-1.3322676295501878e-15
-2.6645352591003757e-15
-6.13919581837763e-09
-2.559033873694716e-09
8.886158475718275e-10
-2.4544597465592233e-09
-1.1339778005492462e-09
-4.71221284215062e-10
3.3495624052193307e-09
3.734029974111763e-09
6.6779470841993316e-09
-1.2212453270876722e-14
-6.245004513516506e-17
0.0
1.3322676295501878e-15
-2.1094237467877974e-15
-2.220446049250313e-16
1.3322676295501878e-15
-2.6645352591003757e-14
3.1086244689504383e-15
1.4479752508123056e-07
-1.4580578522327414e-07
1.5816436338411677e-07
4.6401638087445463e-10
2.6235769112759044e-10
-4.973799150320701e-14
1.576845036765917e-07
1.1912494102261917e-07
4.1834669950446823e-08
-1.5987211554602254e-14
-2.6575963651964685e-15
2.7755575615628914e-17
6.661338147750939e-16
1.0894063429134349e-15
-2.220446049250313e-16
-4.440892098500626e-16
-3.1086244689504383e-15
-8.881784197001252e-16
3.0068042633502046e-07
-2.938836622945473e-07
3.246642705789782e-07
5.2117847815225105e-09
2.74718736648083e-09
8.024443332033114e-10
3.194233535452895e-07
2.5098708178461493e-07
9.222503294381568e-08
-1.2656542480726785e-14
-1.3183898417423734e-16
-2.3592239273284576e-15
1.1546319456101628e-14
-7.66053886991358e-15
-1.6209256159527285e-14
1.1102230246251565e-14
-6.5503158452884236e-15
3.774758283725532e-15
4.7242254197499284e-07
-4.6614809434686316e-07
5.099060018665114e-07
7.061432327759575e-09
3.939220505344565e-09
1.0523706350795692e-09
5.028158689412976e-07
4.0783736210414645e-07
1.579793185157996e-07
2.353672812205332e-14
-1.3322676295501878e-15
8.326672684688674e-17
4.440892098500626e-16
-2.0539125955565396e-15
-7.771561172376096e-16
1.3322676295501878e-15
5.197231534026514e-15
1.6653345369377348e-16
3.178061120934217e-07
-3.084645783246742e-07
4.165262623700982e-07
1.3023520040178482e-09
7.034071103362294e-10
2.1724133603129303e-10
4.152730070927646e-07
3.559533219288369e-07
1.8553274294674793e-07
2.220446049250313e-16
3.733124920302089e-15
0.0
-6.661338147750939e-16
1.887379141862766e-15
-1.1379786002407855e-15
-1.5543122344752192e-15
-5.560818732569528e-15
3.1086244689504383e-15
3.108394253104052e-08
4.665582054030892e-08
2.6271186115423006e-07
-3.3903564400361574e-09
-1.9317045740763206e-09
-4.726388169729034e-10
2.660857836289665e-07
2.4696310152449996e-07
2.397130987041862e-07
1.7763568394002505e-15
-3.0531133177191805e-15
0.0
-2.220446049250313e-16
-1.942890293094024e-15
-2.3592239273284576e-16
-8.881784197001252e-16
4.6629367034256575e-15
-1.7763568394002505e-15
-3.244394974899478e-08
-6.025544507792802e-08
-2.017848788060661e-08
-1.774282409883199e-08
-1.0012271900450287e-08
-1.8473969021215453e-09
-2.1860966370468304e-09
1.2026038831436381e-08
3.558665029324004e-09
-2.020605904817785e-14
-1.5959455978986625e-15
0.0
-3.3306690738754696e-15
3.3306690738754696e-16
-2.426878142891553e-14
4.440892098500626e-15
3.2862601528904634e-14
8.881784197001252e-16
-6.388196993611928e-08
-1.4197709674590442e-09
-5.059204477575463e-08
-4.325986324715814e-08
-2.449982083874147e-08
-4.703338163380977e-09
-7.150432246305627e-09
-1.5138935660630182e-09
-1.4006319992709848e-09
4.451994328746878e-14
1.5126788710517758e-15
-5.551115123125783e-17
0.0
0.0
-3.0531133177191805e-16
-8.881784197001252e-16
4.3298697960381105e-15
2.220446049250313e-16
-1.0766016700358705e-07
3.3775464203245065e-08
-8.767228409922723e-08
-7.853063443974406e-08
-4.441867318405457e-08
-8.592579092692176e-09
-8.777350402056072e-09
-8.481673141602641e-09
-1.4529815128838663e-09
-2.9976021664879227e-15
-1.2906342661267445e-15
5.551115123125783e-17
0.0
-2.55351295663786e-15
-1.1102230246251565e-16
-1.1102230246251565e-15
-1.3322676295501878e-15
-1.7763568394002505e-15
-1.569114322919063e-07
6.379592321081873e-08
-1.259627731009516e-07
-1.107100953134932e-07
-6.240427552484107e-08
-1.1736425165054243e-08
-1.4964347982981963e-08
-1.4022061733953706e-08
-1.080132649988741e-09
-2.0761170560490427e-14
3.226585665316861e-15
-5.551115123125783e-17
-2.220446049250313e-16
3.3306690738754696e-15
1.3322676295501878e-15
-3.3306690738754696e-15
-2.6645352591003757e-15
4.440892098500626e-16
-1.764825672267989e-07
5.7528396268935467e-08
-1.448541486759325e-07
-1.3723220426697935e-07
-7.71101049679146e-08
-1.368125879253057e-08
-7.333389007158075e-09
-2.0004016221264465e-09
2.8071862612222276e-09
1.2656542480726785e-14
1.9554670382948558e-15
-2.220446049250313e-16
0.0
-7.771561172376096e-16
-7.771561172376096e-16
7.93809462606987e-15
5.329070518200751e-15
0.0
-1.6205224184773215e-07
6.154252218948386e-08
-1.4134649140018496e-07
-1.5907186323715905e-07
-8.901304582309422e-08
-1.4576492901596794e-08
1.7974841171053413e-08
1.4668844805498793e-08
4.049575563769281e-09
-1.4654943925052066e-14
-2.9351521213527576e-15
5.551115123125783e-17
0.0
2.220446049250313e-16
-9.298117831235686e-16
-4.218847493575595e-15
8.881784197001252e-16
4.440892098500626e-16
-1.7462234680465372e-07
1.4328955444398161e-07
-1.472868134122507e-07
-1.625558612161626e-07
-9.048586768756194e-08
-1.299684271316437e-08
1.5156304655761232e-08
3.5080581772817254e-09
1.644242964005116e-09
7.105427357601002e-15
1.4432899320127035e-15
0.0
2.220446049250313e-16
-5.273559366969494e-16
7.832276494035284e-16
3.552713678800501e-15
-2.6645352591003757e-15
4.440892098500626e-16
-1.5099166716936452e-07
1.8534771584199916e-07
-1.216949039317683e-07
-1.3028177825447074e-07
-7.184287831307756e-08
-6.9656920231864206e-09
7.687946279588687e-09
-1.8749406471840757e-09
1.3509922902610327e-09
3.352873534367973e-14
-3.941291737419306e-15
0.0
-2.220446049250313e-16
7.563394355258879e-16
3.2959746043559335e-16
-5.551115123125783e-15
-8.881784197001252e-16
-2.220446049250313e-16
-5.185437856880526e-08
1.2330279730576876e-07
-4.9505278099104544e-08
-5.835086613892315e-08
-3.087936661927415e-08
4.096001759990031e-09
6.970328314537255e-09
4.976199008410731e-09
2.010591179657517e-09
-1.1546319456101628e-14
2.609024107869118e-15
6.966649479522857e-15
1.5543122344752192e-15
4.440892098500626e-16
-1.5543122344752192e-15
-9.103828801926284e-15
2.6645352591003757e-15
-4.218847493575595e-15
1.0692079399632348e-07
-7.343427199657526e-09
5.8172361150354845e-08
3.652097380069108e-08
2.3009357974501654e-08
1.8004698176810052e-08
1.9095871772734085e-08
1.846153807605333e-08
3.733332920585752e-09
8.659739592076221e-15
-1.5543122344752192e-15
-6.938893903907228e-16
6.661338147750939e-16
4.440892098500626e-16
1.887379141862766e-15
3.4416913763379853e-15
4.884981308350689e-15
1.1102230246251565e-16
2.903134088683146e-07
-1.3008292398808408e-07
1.923930241787275e-07
1.3110186003473245e-07
7.658443657021508e-08
3.1742757755637285e-08
5.8558232041150404e-08
4.3474392086295666e-08
1.0360394819830532e-08
3.552713678800501e-15
-2.095545958979983e-15
-1.6653345369377348e-16
-7.771561172376096e-16
5.551115123125783e-16
-6.661338147750939e-16
-8.881784197001252e-16
-3.552713678800501e-15
-1.2836953722228372e-16
5.564133687130379e-07
-2.6746111814190954e-07
4.072291055479127e-07
2.2790701947883463e-07
1.3130414666662205e-07
4.574701506498968e-08
1.7617251479862261e-07
1.1586097237170634e-07
3.339861864848359e-08
2.375877272697835e-14
1.8457457784393227e-15
3.3306690738754696e-16
-8.881784197001252e-16
-1.5543122344752192e-15
2.220446049250313e-16
3.3306690738754696e-16
-1.1102230246251565e-16
-1.1102230246251565e-16
1.2828789834884446e-06
-9.140249517258781e-07
9.419790174547416e-07
2.8468218360444553e-07
1.6327836727114686e-07
5.373330225211248e-08
6.540408161725964e-07
4.3170096297728833e-07
1.296486894508675e-07
-1.354472090042691e-14
1.7277845820728999e-15
2.42861286636753e-16
1.1102230246251565e-15
-4.440892098500626e-16
-4.440892098500626e-16
-2.220446049250313e-16
2.220446049250313e-16
0.0
5.805271996450756e-07
-5.200273420769008e-07
4.2178906056733467e-07
1.5724824109497604e-07
9.047038140863606e-08
2.6271834485669388e-08
2.662505096395762e-07
1.8663522283191014e-07
5.615533904546056e-08
-2.55351295663786e-14
2.3592239273284576e-15
-5.967448757360216e-16
-1.6653345369377348e-16
3.1086244689504383e-15
4.440892098500626e-16
1.2212453270876722e-15
3.1086244689504383e-15
8.881784197001252e-16
3.9034651138081244e-06
1.3226717499037477e-06
3.796950732493087e-06
-8.424084185776337e-08
-4.458678404262173e-08
-3.19583364216669e-08
3.884258248376682e-06
2.3621695781628205e-06
6.153283642618135e-07
1.1102230246251565e-14
1.848347863653288e-15
5.134781488891349e-16
-1.5543122344752192e-15
0.0
8.881784197001252e-16
-4.440892098500626e-16
-1.7763568394002505e-15
0.0
1.3235034543868096e-06
6.563834347161901e-07
1.4816262119410337e-06
-1.5168197720072385e-07
-7.469666130077712e-08
-6.00759975100118e-08
1.6357888981133328e-06
9.750639282657403e-07
2.931229303726468e-07
-1.6653345369377348e-14
-5.0844745080880216e-15
-9.71445146547012e-17
2.220446049250313e-15
-3.552713678800501e-15
8.881784197001252e-16
-1.3322676295501878e-15
-2.220446049250313e-15
0.0
9.911597587120013e-07
4.2521214993485046e-08
1.0460989763316775e-06
-6.79342839760011e-08
-1.5809208164796473e-08
-4.1183862542482075e-08
1.1175279652775316e-06
6.54814167333484e-07
1.722352394040172e-07
-2.9531932455029164e-14
1.6371452804531117e-15
-4.163336342344337e-17
-8.881784197001252e-16
5.329070518200751e-15
-1.7763568394002505e-15
-3.3306690738754696e-16
2.886579864025407e-15
0.0
5.879297901856262e-07
1.458908940321635e-07
5.388628210312163e-07
5.026592475587677e-10
5.019629156777227e-11
1.588679188202491e-11
5.396627216214256e-07
3.149194647278364e-07
8.008161955785909e-08
1.554312234475219e-14
-2.3479482247346084e-15
2.7755575615628914e-16
4.440892098500626e-16
-2.6645352591003757e-15
2.6645352591003757e-15
6.661338147750939e-16
-4.440892098500626e-16
0.0
2.1124611748746247e-07
4.665654884661308e-08
2.023624574576388e-07
5.067111175094396e-10
-2.341629112834198e-10
-7.543771163298629e-11
2.0257526500699896e-07
1.1852738879269964e-07
2.9853467253815325e-08
3.3306690738754696e-14
-1.55275098334684e-13
3.0808688933348094e-15
-1.3766765505351941e-14
-3.552713678800501e-15
-2.220446049250313e-15
2.398081733190338e-14
1.1879386363489175e-14
-5.1958437552457326e-14
7.414318048404311e-08
4.428358124641818e-09
8.158739817076821e-08
1.7119283768352036e-10
-1.3807494037010315e-10
-7.606459906384087e-11
8.200154866244702e-08
4.837338440921713e-08
1.1334137184348947e-08
-2.1760371282653068e-14
2.632269402447207e-14
2.3592239273284576e-16
-4.440892098500626e-16
8.881784197001252e-16
-4.440892098500626e-16
8.881784197001252e-16
4.996003610813204e-16
-5.10702591327572e-15
5.351068921299884e-08
-1.285695105934792e-08
6.298514421132495e-08
-8.214584568122518e-11
-5.995293150817815e-11
-6.329559099071957e-11
6.372602712190201e-08
3.728759701004947e-08
7.51757056605129e-09
-8.881784197001252e-16
-2.185751579730777e-16
-2.7755575615628914e-17
-8.881784197001252e-16
-5.329070518200751e-15
1.3322676295501878e-15
-2.6645352591003757e-15
-9.992007221626409e-16
-8.881784197001252e-16
7.524650413870404e-08
-2.044483693453003e-08
8.214706426201701e-08
-2.7353230791504757e-10
-6.984102185469965e-11
-1.6361800803110782e-11
8.279344854145165e-08
4.762157246318565e-08
9.236131859324814e-09
-1.6431300764452317e-14
-3.112093915902392e-15
2.983724378680108e-16
8.881784197001252e-16
3.1086244689504383e-15
-1.3322676295501878e-15
6.661338147750939e-16
-1.1102230246251565e-16
6.661338147750939e-16
1.0944486916741881e-07
-2.667857401661422e-08
1.1285799317306556e-07
-4.0614978047415207e-10
-9.094414110677462e-11
3.6494807176268296e-11
1.1347972517228298e-07
6.453314682630662e-08
1.2979512575839179e-08
3.774758283725532e-14
7.522975298268619e-14
5.447031714567174e-15
1.2434497875801753e-14
1.1102230246251565e-15
5.551115123125783e-15
-1.199040866595169e-14
-9.992007221626409e-16
9.880984919163893e-15
1.475320576815875e-07
-3.474903920164252e-08
1.4777217316463975e-07
-5.078675258118892e-10
-1.3706014101444453e-10
6.919242956371364e-11
1.4873687703698124e-07
8.403587514749233e-08
1.772498592345073e-08
-5.1736392947532295e-14
-6.087144677202616e-14
-4.657732532997727e-15
8.881784197001252e-16
-7.271960811294775e-15
-4.440892098500626e-15
-6.661338147750939e-16
1.5543122344752192e-15
3.3306690738754696e-16
1.9063211631475951e-07
-4.544009613027811e-08
1.8821866731855152e-07
-6.087965687129326e-10
-2.2525092902014876e-10
9.577183490705465e-11
1.891542460441542e-07
1.06790801979173e-07
2.3754139988341194e-08
2.55351295663786e-14
-6.938893903907228e-17
-3.469446951953614e-18
-1.7763568394002505e-15
2.6645352591003757e-15
1.7763568394002505e-15
6.661338147750939e-16
-6.661338147750939e-16
1.0408340855860843e-15
2.4302472212411885e-07
-6.036574262680006e-08
2.378176873207849e-07
-9.513705379049497e-10
-5.545768289039188e-10
4.8218318227100105e-11
2.3886792988037087e-07
1.352258198750178e-07
3.196103648406279e-08
1.6653345369377348e-14
2.518818487118324e-15
-6.245004513516506e-17
3.9968028886505635e-15
7.993605777301127e-15
0.0
6.661338147750939e-16
-1.1102230246251565e-16
-1.0547118733938987e-15
3.067193397043866e-07
-7.837189741621842e-08
2.991134664398487e-07
-3.794706771031997e-09
-2.9678028923285638e-09
-4.1777115100671836e-10
3.0308325804639935e-07
1.7240641270177548e-07
4.36305498396905e-08
-7.993605777301127e-15
-5.412337245047638e-16
-1.782740621791845e-13
4.2543746303636e-13
-8.171241461241152e-14
4.884981308350689e-15
6.772360450213455e-14
-1.0769163338864018e-13
5.1514348342607263e-14
3.589238914969428e-07
-7.524042189288593e-08
3.5457013236595003e-07
-2.9162613657263137e-08
-2.3187649578204628e-08
-3.3373128704994315e-09
3.8421880077521564e-07
2.2040709168891226e-07
5.990081319851015e-08
-6.439293542825908e-15
-2.6922908347160046e-15
-2.498001805406602e-16
0.0
-2.220446049250313e-15
8.881784197001252e-16
8.881784197001252e-15
-6.106226635438361e-15
-1.7763568394002505e-15
3.96903132582338e-07
-1.1393146337468352e-07
4.14123523029275e-07
-2.6956879395356736e-08
-2.304038071443415e-08
-1.2495930956646362e-09
4.403358317972561e-07
2.560952063745958e-07
7.490085351946618e-08
3.952393967665557e-14
4.9404924595819466e-15
-4.579669976578771e-15
-9.992007221626409e-16
1.7763568394002505e-15
-6.661338147750939e-16
0.0
9.992007221626409e-16
0.0
4.3269943716950365e-07
-2.6210548753624607e-07
4.5749762556113183e-07
3.948348581417349e-08
2.8671196972140933e-08
2.6085358317828877e-09
4.1590109312039653e-07
2.4705632384325327e-07
7.873386209666933e-08
-4.440892098500626e-16
-7.799316747991725e-15
-4.579669976578771e-16
5.717648576819556e-15
-6.217248937900877e-15
0.0
2.220446049250313e-16
-1.0928757898653885e-15
-4.440892098500626e-16
2.183393235100084e-07
-2.4969541811969975e-07
3.107154507020482e-07
1.4941090586972905e-09
9.070919571030344e-10
1.8568568904697713e-10
3.0596154676487686e-07
1.8639241461393397e-07
6.683561082354572e-08
-1.3766765505351941e-14
2.067790383364354e-14
9.028888747764086e-14
1.1879386363489175e-14
1.0800249583553523e-12
2.220446049250313e-15
-1.1091128016005314e-13
-6.372680161348399e-14
-4.4786396813378815e-13
9.483103724505781e-08
-2.269017898015591e-07
2.2339142091709618e-07
-1.8030021919912542e-10
-3.843592111252292e-11
6.392913975972192e-11
2.1875779587787747e-07
1.3180244007315878e-07
5.5873393023375684e-08
-1.8207657603852567e-14
6.591949208711867e-15
-4.3021142204224816e-15
1.1102230246251565e-16
0.0
0.0
-1.554312234475219e-14
-7.077671781985373e-16
8.43769498715119e-14
-2.3512995994678927e-09
2.307615432073362e-09
1.3236149953854692e-09
-4.684004295540944e-10
-3.03602476492415e-10
6.879719016694709e-11
-1.3957190958535648e-10
9.400835665474006e-11
4.803668574027142e-11
8.659739592076221e-15
-5.551115123125783e-17
3.885780586188048e-16
-2.3314683517128287e-15
0.0
-1.1102230246251565e-16
0.0
8.881784197001252e-16
-4.440892098500626e-16
-3.5550602461853487e-09
4.38626557297539e-09
2.892619477279368e-10
-1.144780270578849e-09
-6.44307718289383e-10
-4.509126405594088e-11
-3.198294962203363e-10
-2.801616716396893e-10
1.153168949219463e-10
-1.2878587085651816e-14
7.216449660063518e-16
1.3877787807814457e-16
2.220446049250313e-16
0.0
0.0
1.1102230246251565e-16
-2.4424906541753444e-15
1.7763568394002505e-15
-1.1445917103003467e-08
4.394109964778181e-09
-2.8067841384427084e-09
-6.382769868196192e-09
-3.448175078801796e-09
-1.1498096919027034e-09
1.9116939142804767e-09
1.0566267860667722e-09
4.6114778662342815e-12
2.4424906541753444e-15
-1.6542323066914832e-14
1.3600232051658168e-14
-5.326850072151501e-13
-2.557398737224048e-13
-1.1257661469699087e-13
2.8033131371785203e-15
-9.814371537686384e-14
7.249756350802272e-14
-4.6206872639231733e-07
-5.916256498039729e-07
5.455655980313168e-07
-1.438008354170961e-06
-8.860284008704866e-07
-2.918945654073468e-07
1.9962371737847207e-06
1.1332645417638787e-06
9.769620201716123e-08
-1.3322676295501878e-14
-1.6653345369377348e-16
-3.3306690738754696e-16
4.440892098500626e-16
-4.996003610813204e-16
8.881784197001252e-16
3.7969627442180354e-14
-1.3322676295501878e-15
-1.9984014443252818e-15
-2.1285888109900956e-06
1.5724777426839864e-06
-1.212264216121639e-06
-1.226670249820927e-07
-1.0241640957531217e-07
-9.2384603078699e-08
-1.0834302379691962e-06
-5.713516095795512e-07
3.2806148908548494e-08
7.549516567451064e-15
-1.4155343563970746e-15
1.6653345369377348e-16
-2.220446049250313e-16
0.0
1.1102230246251565e-15
-2.0039525594484076e-14
-4.440892098500626e-16
8.881784197001252e-16
-4.161238081223928e-06
2.6206254233329673e-06
-2.021414026387447e-06
-1.4407795205784169e-06
-8.107901567910858e-07
-1.9664008021891277e-07
-5.791499795293475e-07
-2.67181739843636e-07
1.3559667877416357e-07
-1.887379141862766e-14
-4.996003610813204e-16
-1.6653345369377348e-16
3.3306690738754696e-16
1.7763568394002505e-15
-1.021405182655144e-14
-2.220446049250313e-16
-2.220446049250313e-15
1.7763568394002505e-15
-1.9873294831995736e-07
3.413689569242706e-06
1.0823538474369343e-06
1.7932362084138729e-06
1.0078072740782318e-06
2.14270546194939e-07
-6.867203339311345e-07
-3.1681141621220377e-07
1.4312896468027247e-07
1.687538997430238e-14
3.219646771412954e-15
0.0
-1.3322676295501878e-15
1.7763568394002505e-15
6.661338147750939e-16
2.220446049250313e-16
8.881784197001252e-16
-8.881784197001252e-16
-1.0679716240247217e-06
3.271313460118108e-06
1.0109109638278824e-07
9.895606680743185e-07
5.395159217158607e-07
7.006648239382685e-08
-8.826341790779679e-07
-4.214807578506452e-07
2.1618114587340642e-07
4.907185768843192e-14
2.9698465908722937e-15
0.0
1.3322676295501878e-15
-1.9984014443252818e-15
0.0
0.0
2.6645352591003757e-15
8.881784197001252e-16
-2.0432453951002572e-07
1.3685876396607457e-06
5.989974631859241e-07
6.098186560166141e-07
3.167072275545024e-07
-1.5745900583397088e-08
-1.186548104215035e-08
-7.1794710176931176e-09
1.012225303576031e-09
-4.596323321948148e-14
-5.689893001203927e-15
0.0
-1.9984014443252818e-15
2.942091015256665e-15
0.0
4.440892098500626e-16
-5.329070518200751e-15
0.0
-3.588484958072513e-07
1.7393701341461565e-06
6.095428979335793e-07
6.067910902629592e-07
3.0971659636946924e-07
1.7281704067784176e-08
-3.1122517896164936e-09
-3.2771705349432523e-09
-7.964063167623103e-10
-2.7533531010703882e-14
2.1649348980190553e-15
-1.1102230246251565e-16
1.3322676295501878e-15
-2.192690473634684e-15
0.0
-4.440892098500626e-16
4.440892098500626e-15
8.881784197001252e-16
-4.833833671114007e-07
2.075552686164883e-06
5.826879601045221e-07
5.760668990717477e-07
2.864587447248823e-07
4.454184932001226e-08
2.758078210263193e-10
-9.787448629339224e-10
-4.3037390318190205e-10
1.2434497875801753e-14
-1.4016565685892601e-15
0.0
-8.881784197001252e-16
2.1649348980190553e-15
1.1102230246251565e-16
4.440892098500626e-16
-4.440892098500626e-15
1.3322676295501878e-15
-6.030929284861486e-07
2.212711805782419e-06
4.683349459355668e-07
4.5630826051024087e-07
2.1198171007430489e-07
4.153444166377085e-08
7.515126299040276e-10
-3.289850614152101e-10
-2.3090596101837946e-10
6.8833827526759706e-15
8.386347172262276e-14
-1.3322676295501878e-15
-1.2434497875801753e-14
1.7708057242771247e-14
-1.0247358517290195e-13
-9.814371537686384e-14
6.217248937900877e-15
-2.4868995751603507e-14
-8.181958293107527e-07
2.321975607344484e-06
1.883926756818255e-07
1.7049509892785863e-07
2.4715570923206087e-08
6.958565279546747e-09
1.3411796118134587e-09
-3.297158102100184e-10
-1.200788357635929e-10
1.554312234475219e-14
8.061606937559418e-14
-3.547162563677375e-14
-8.881784197001252e-16
-5.551115123125783e-16
-4.440892098500626e-16
-2.708944180085382e-14
-6.572520305780927e-14
2.220446049250313e-16
-7.47743413853641e-07
1.281351089232885e-06
9.353209762252845e-09
-3.211801669067427e-08
-3.9120239492262954e-08
5.540238845469503e-08
3.50648043934143e-09
2.950111266386557e-10
-1.0752287948889716e-11
1.2212453270876722e-14
-2.192690473634684e-15
2.7755575615628914e-16
4.440892098500626e-16
2.609024107869118e-15
2.220446049250313e-16
-4.440892098500626e-16
8.881784197001252e-15
8.326672684688674e-16
-4.903236003883649e-07
7.668668118299138e-07
1.7220338932588675e-07
1.0368045089137468e-07
3.238264767446708e-08
7.184218020483968e-08
7.019707481958903e-09
1.4749454990692357e-09
4.025668687290818e-12
5.10702591327572e-15
-1.457167719820518e-15
1.6653345369377348e-16
-2.220446049250313e-16
-8.881784197001252e-16
4.440892098500626e-16
4.440892098500626e-16
7.771561172376096e-16
3.3306690738754696e-16
4.746769093344483e-07
3.1763852170740847e-07
9.45051801704011e-07
8.739557735282234e-07
3.9221901282360244e-07
9.453772520373604e-08
9.025597158540677e-09
1.9391803718349365e-09
9.070522111187529e-13
