-2.220446049250313e-16
-8.1601392309949e-15
-2.220446049250313e-16
-1.0269562977782698e-15
-1.3322676295501878e-15
-1.3322676295501878e-15
4.440892098500626e-16
8.881784197001252e-16
-3.83026943495679e-15
-3.3445419111988173e-07
2.1909231691097375e-06
3.6277384651839384e-08
-2.307766067133343e-08
-4.1251983162737815e-08
-3.064792759577273e-07
1.6184705131649935e-08
-7.118358347213416e-08
6.585951117799027e-09
2.220446049250313e-16
3.858025010572419e-15
-1.3877787807814457e-16
1.5543122344752192e-15
6.661338147750939e-16
0.0
-5.551115123125783e-16
-2.4424906541753444e-15
-6.661338147750939e-16
1.1476069940452582e-06
3.442320917201869e-06
8.220829248450912e-07
-1.633008395174329e-09
-3.6194922614640745e-08
-2.2689154977051373e-07
8.301536915666929e-07
2.6656285090354004e-07
6.658608103782271e-08
0.0
3.2612801348363973e-16
-2.7755575615628914e-17
-1.1102230246251565e-15
6.106226635438361e-16
0.0
5.551115123125783e-16
1.7763568394002505e-15
8.326672684688674e-17
-9.813180497103557e-05
-1.1236431873840046e-07
-8.249938997662021e-05
1.1077476358423154e-07
-2.5615358723030113e-08
-1.7824129638910335e-07
-8.254012972130909e-05
-4.600000536658655e-05
-1.2856954964390876e-05
-2.4424906541753444e-15
1.4460654895742664e-14
2.5682234117141434e-13
1.1728118476383997e-12
-1.8336443474709085e-12
-1.1315393066979595e-12
5.1236792586450974e-14
1.4166445794216997e-13
8.704148513061227e-14
-1.2169206329293303e-06
-1.4656533267043415e-06
-5.803846701013526e-07
2.7249722478472907e-08
-5.874108310877091e-09
-1.344318021345714e-07
-5.597598082829336e-07
-6.42921174076605e-08
-4.209316506464944e-08
2.220446049250313e-16
-1.1102230246251565e-16
-2.7755575615628914e-17
9.71445146547012e-17
0.0
9.992007221626409e-16
-3.062883280335882e-12
-2.6645352591003757e-15
8.881784197001252e-16
-2.5763107615262015e-05
-1.2845430035213212e-05
-1.9468394615529405e-05
-7.948821441061682e-07
-4.866219285304396e-07
-1.994287641693404e-07
-1.8696101577120317e-05
-1.0234364553163289e-05
-4.953655494688292e-06
-1.1102230246251565e-15
-3.3306690738754696e-16
6.938893903907228e-17
-1.887379141862766e-15
3.1086244689504383e-15
8.021361352916756e-15
4.646061313451355e-12
-8.881784197001252e-16
3.552713678800501e-15
3.9952276580379475e-06
-8.142192484683619e-06
4.755352759566733e-06
1.2895846523974797e-07
7.203069074535051e-08
-8.940143314539739e-08
4.594907089483513e-06
2.8719513718300504e-06
1.2475839383796483e-07
4.929390229335695e-14
1.3877787807814457e-15
-2.0729945537922845e-16
3.1086244689504383e-15
5.6343818499726694e-15
-1.1546319456101628e-14
4.440892098500626e-16
0.0
0.0
-2.9963715945768854e-05
4.56774463941656e-06
-2.0206859662863508e-05
-2.0152500432857323e-05
-1.2655775801118097e-05
-1.1133722139788915e-06
2.7578487937773843e-08
4.490435800974524e-07
-6.016008491371849e-07
1.5543122344752192e-15
7.494005416219807e-16
1.3877787807814457e-17
-1.1102230246251565e-15
1.6653345369377348e-16
8.881784197001252e-16
0.0
1.7763568394002505e-15
-8.881784197001252e-16
-8.716524433793893e-06
1.6796976296973298e-05
-6.895416063912308e-06
-4.047567102816174e-06
-3.936754374489482e-06
-1.0735263629157998e-06
-2.672687792637518e-06
-1.4658776033016352e-06
-5.673094437552706e-07
-6.661338147750939e-16
1.2698175844150228e-15
2.7755575615628914e-17
-5.551115123125783e-16
-3.774758283725532e-15
-4.440892098500626e-16
0.0
0.0
0.0
-1.908506476411276e-06
-1.253819164048764e-07
-1.3669729668208674e-06
-1.5140246958367243e-06
-8.847072936468692e-07
-2.3505575086346655e-07
-1.38556981443827e-08
2.890922168319321e-09
-4.6099948164401994e-10
-1.1102230246251565e-15
4.3021142204224816e-16
0.0
-4.440892098500626e-16
2.7755575615628914e-15
4.440892098500626e-16
0.0
-8.881784197001252e-16
-1.7763568394002505e-15
-2.6733953717439363e-06
-1.099481607980124e-06
-2.0111520164789454e-06
-2.1034397228447688e-06
-1.0872392153249422e-06
-1.8452097094723285e-07
-1.5672787512244215e-09
3.83681530990998e-10
-8.096308068417102e-10
2.220446049250313e-15
-2.4980018054066022e-15
0.0
6.661338147750939e-16
1.6653345369377348e-16
-6.661338147750939e-16
0.0
2.6645352591003757e-15
1.1102230246251565e-15
-2.693043086310354e-07
-4.278221794606907e-06
3.984628627051734e-08
1.651982017847331e-08
4.112924738564061e-07
2.648277472871996e-07
-3.7661029850255545e-09
-4.448131862844207e-10
-1.7701040633255616e-10
8.570921750106208e-14
9.528489108845406e-14
1.157685058927882e-13
-2.4424906541753444e-15
-1.5296097721773094e-13
1.2023715356690445e-13
1.318944953254686e-13
-2.5268676040468563e-13
1.7841284005726266e-13
-8.897602299384744e-08
-1.2471762023125166e-07
-6.770618199425371e-08
-6.908297756069715e-08
-3.112514868064409e-08
-7.418577752105192e-09
2.673060883751077e-09
-2.093520024004647e-09
-2.356574935191702e-10
0.0
-1.0710876630071198e-13
-2.756128658631951e-14
4.8183679268731794e-14
-2.942091015256665e-15
-1.049160758270773e-14
-3.1086244689504383e-15
1.021405182655144e-14
1.5543122344752192e-15
6.924476778635835e-07
-1.6910273359371786e-07
5.64195675956114e-07
5.701259997437091e-07
3.2586843268234134e-07
3.657011404811783e-08
-2.3102142421294047e-10
-3.147173188722263e-09
-2.7785751477438225e-10
4.440892098500626e-16
1.1657341758564144e-15
-5.551115123125783e-17
-4.440892098500626e-16
-6.661338147750939e-16
1.7659484985443896e-15
5.329070518200751e-15
-3.2335245592207684e-15
1.3322676295501878e-15
1.0655686111249452e-07
-1.92616667504808e-07
4.7258665869520655e-08
6.11184596266412e-08
3.630921341368776e-08
-4.205904247100989e-08
-2.2864465876182294e-09
-2.4341106907854737e-09
-5.715750095447447e-10
8.104628079763643e-15
-5.551115123125783e-16
-5.551115123125783e-17
2.220446049250313e-16
8.881784197001252e-15
-1.0935696792557792e-14
-1.1102230246251565e-15
-1.1102230246251565e-15
-4.440892098500626e-16
-5.534738889423352e-07
-2.0601221706328945e-07
-5.284031363572694e-07
-5.094983759335037e-07
-2.8906835147779475e-07
-1.1969888902285675e-07
-2.0415864554479413e-09
-1.1142562428290148e-09
-8.881414492734052e-10
2.1094237467877974e-15
2.2343238370581275e-15
5.551115123125783e-17
-2.220446049250313e-16
-2.1094237467877974e-15
1.1102230246251565e-16
3.1086244689504383e-15
-8.881784197001252e-16
3.1086244689504383e-15
-4.4016199751695245e-07
-2.2149922074277129e-07
-4.2795944765749994e-07
-4.102451107712568e-07
-2.3501007362369822e-07
-1.1036689784305052e-07
-1.027729013003409e-09
-2.1003341288405863e-09
-9.666050182488561e-10
-2.7755575615628914e-15
-6.522560269672795e-16
-1.27675647831893e-15
0.0
-4.440892098500626e-16
-8.604228440844963e-16
-2.4424906541753444e-15
7.993605777301127e-15
-1.7763568394002505e-15
-8.863068856612699e-08
-2.1102999880895368e-07
-1.0748993006792774e-07
-9.176353721329633e-08
-5.528206514782141e-08
-6.907963978619591e-08
-4.03741928778345e-09
-5.6114810575991214e-09
-9.041880577598249e-10
1.9984014443252818e-15
-7.216449660063518e-16
2.220446049250313e-16
0.0
1.3322676295501878e-15
2.7755575615628914e-16
0.0
-1.4210854715202004e-14
-4.440892098500626e-16
1.7416575037731974e-07
-2.0014086032915657e-07
1.4118897251336193e-07
1.5275261233682613e-07
8.373329585253941e-08
-3.395895475932775e-08
-5.720456108804228e-09
-5.2160539221191016e-09
4.6557946387082433e-10
2.220446049250313e-16
1.242495689668388e-15
-5.551115123125783e-17
-1.1102230246251565e-16
-4.440892098500626e-16
-1.1796119636642288e-16
2.6978419498391304e-14
-5.5067062021407764e-14
8.43769498715119e-15
3.423062864271742e-07
-2.3587790565215982e-07
3.037577354092491e-07
2.8546881747359976e-07
1.5946188725024513e-07
-1.3251359121113637e-08
1.8874410923075402e-08
1.663323945244599e-08
5.697543659088922e-09
-4.6629367034256575e-15
1.8235413179468196e-14
-3.730349362740526e-14
-7.105427357601002e-14
0.0
-4.145295218194178e-14
4.6074255521944e-15
2.220446049250313e-14
-6.661338147750939e-15
3.813105529104632e-07
-3.2402999750047456e-07
3.4242152224805977e-07
2.7917810596633785e-07
1.5494720528863581e-07
-1.4004186255078821e-08
5.937942149092379e-08
4.98417045413646e-08
9.161191250051104e-09
3.1086244689504383e-15
-5.342948306008566e-15
-3.885780586188048e-16
0.0
9.992007221626409e-16
-5.828670879282072e-16
4.163336342344337e-16
3.552713678800501e-15
-4.440892098500626e-16
2.3069961940791472e-07
-3.6413665327472705e-07
2.2329860449588068e-07
1.6623242027336005e-07
8.818281216349533e-08
-3.338051612900017e-08
4.9974677729380794e-08
4.102539286066076e-08
4.794455776835349e-09
8.881784197001252e-16
1.5265566588595902e-16
6.106226635438361e-16
4.440892098500626e-16
-5.551115123125783e-17
2.498001805406602e-16
4.773959005888173e-15
0.0
4.440892098500626e-16
1.9633013437214686e-08
-3.7288675969193724e-07
6.251572592930188e-08
2.7951960746008808e-08
6.328257029508677e-09
-5.787756407471534e-08
2.6329535884883626e-08
2.0736357519979265e-08
1.5696501043382938e-09
-3.9968028886505635e-15
1.9984014443252818e-15
2.628453010800058e-14
2.375877272697835e-14
-3.077399446382856e-14
-7.41073868937292e-15
2.398081733190338e-14
9.414691248821327e-14
5.839773109528323e-14
-1.3173674062727514e-07
-3.894499798207107e-07
-5.353605558866547e-08
-7.512262634179478e-08
-5.436035621642077e-08
-7.544082336607971e-08
1.4421447147583422e-08
1.1770339369832072e-08
8.01476829348502e-10
-1.3322676295501878e-15
-1.4710455076283324e-15
-2.498001805406602e-16
6.661338147750939e-16
2.220446049250313e-16
-7.632783294297951e-16
4.884981308350689e-15
-1.7763568394002505e-15
-1.1102230246251565e-16
-1.9711406906708362e-07
-3.9722976197253956e-07
-1.1516028308733439e-07
-1.229627955012802e-07
-8.072497159616887e-08
-8.01123007931892e-08
4.230990668929735e-09
5.310713646622389e-09
-6.325262535966658e-10
2.6645352591003757e-15
-1.8318679906315083e-15
3.608224830031759e-16
-2.220446049250313e-16
1.3322676295501878e-15
-1.1102230246251565e-16
-2.3314683517128287e-15
4.440892098500626e-16
-3.3306690738754696e-16
-2.4125669995100907e-07
-3.392270500057748e-07
-1.600940109369731e-07
-1.3817370003721408e-07
-8.602332890461639e-08
-7.467684781659045e-08
-2.1543755224229244e-08
-1.3961109601723363e-08
-5.418030690762521e-09
-5.329070518200751e-15
-1.3702927681435995e-13
3.588240815588506e-13
1.7064127888488656e-13
-2.502442697505103e-13
3.9168668308775523e-13
-1.2367884494324244e-13
-2.0294876890147862e-13
-1.6342482922482304e-13
-2.8683938069207215e-07
-2.57571258543976e-07
-1.9571244891380957e-07
-1.4694949967974935e-07
-8.73306251758521e-08
-6.663813678642327e-08
-4.6322110591745513e-08
-3.230145928512229e-08
-1.0121322002731858e-08
2.6645352591003757e-15
1.4819395710574668e-13
-5.23192600354605e-14
-8.891325176119125e-14
1.1457501614131615e-13
0.0
-1.0130785099704553e-15
-1.7208456881689926e-15
2.220446049250313e-14
-1.866270338268805e-07
-1.523400925407259e-07
-1.256306276786745e-07
-6.854589784666132e-08
-3.866546194331022e-08
-3.6328145824882085e-08
-5.429243188359578e-08
-3.6150673565771285e-08
-1.1139617339672725e-08
-3.552713678800501e-15
-1.4606371667724716e-15
9.020562075079397e-17
6.661338147750939e-16
-1.7763568394002505e-15
4.440892098500626e-16
2.0747292772682613e-15
0.0
0.0
5.984904589695361e-07
2.645391816713527e-07
4.4944041377448235e-07
4.834292539612761e-07
2.795003393174511e-07
1.209428432957793e-07
-3.486774069472176e-08
-2.1034589181567753e-08
-7.955832659334305e-09
-6.661338147750939e-16
2.8397423301740332e-15
-5.182486384480711e-17
-4.440892098500626e-16
-2.220446049250313e-15
0.0
-7.771561172376096e-16
8.881784197001252e-16
0.0
1.8943006239169335e-06
3.993628752141376e-07
1.1730563898026956e-06
9.715393680664874e-07
5.259611359775818e-07
3.125311849316858e-07
1.9690974895070212e-07
6.213276471100926e-08
-2.7297026861106133e-08
-2.6645352591003757e-15
4.5196138498404537e-13
-9.938230793871128e-13
-1.3322676295501878e-14
2.7000623958883807e-13
-2.255973186038318e-13
-3.4217073618947325e-13
3.5371705564557487e-13
1.2856382625159313e-13
-2.2926721152671803e-06
1.0821682536743538e-06
-2.272598132790904e-06
3.916877684417841e-07
1.514814957914723e-07
2.1516675374755326e-07
-2.670171006968758e-06
-1.5787492815277915e-06
-3.3893908124582595e-07
5.995204332975845e-15
1.8293092735044425e-13
7.315259509255156e-13
-8.881784197001252e-15
2.6645352591003757e-15
-1.5987211554602254e-14
2.8954616482224083e-13
-1.6209256159527285e-14
-2.864375403532904e-14
-2.6937673851534782e-06
-2.834452246247565e-07
-2.265342612162158e-06
-3.687098271143441e-07
-1.9102502957224488e-07
-9.0171296485142e-08
-1.8936380072887005e-06
-1.11558994086991e-06
-2.5241163115197196e-07
4.440892098500626e-16
3.913536161803677e-15
-1.3877787807814457e-16
0.0
-6.217248937900877e-15
0.0
-2.220446049250313e-16
5.551115123125783e-16
-6.661338147750939e-16
-1.939718771382104e-06
-5.0559997077925793e-08
-1.6639842179699826e-06
4.671285580570839e-09
1.4701484474244353e-10
-1.8179910132865018e-08
-1.6661374715454258e-06
-9.690112818816488e-07
-2.1687655760160848e-07
4.218847493575595e-15
7.147060721024445e-16
8.881784197001252e-16
-4.440892098500626e-16
8.881784197001252e-16
-2.220446049250313e-15
4.440892098500626e-16
-1.5543122344752192e-15
0.0
-1.4307334481600265e-06
-2.1186821186347515e-09
-1.2328713800968671e-06
4.15858814051262e-09
-2.0059753857992746e-09
-1.5947750231504187e-08
-1.2339999813093527e-06
-7.128993591010159e-07
-1.580503266040978e-07
-2.4424906541753444e-15
-1.1102230246251565e-15
1.1032841307212493e-14
1.3677947663381929e-13
0.0
3.9968028886505635e-15
-5.5067062021407764e-14
-3.0819791163594346e-13
-5.1514348342607263e-14
-9.730574461741526e-07
-2.305885971054522e-08
-8.484987858992099e-07
4.1154866181614125e-09
9.182459237422336e-10
-1.2625903877960809e-08
-8.493467049675019e-07
-4.895701799512153e-07
-1.0979969999880268e-07
1.3322676295501878e-15
1.2004286453759505e-15
2.7755575615628914e-17
4.440892098500626e-16
1.7763568394002505e-15
2.220446049250313e-16
-8.881784197001252e-16
1.5543122344752192e-15
7.771561172376096e-16
-7.950714255855473e-07
2.5628537514421623e-08
-6.842067321599643e-07
3.721339680851088e-09
-3.114525526370926e-09
-1.0611074463540149e-08
-6.862495638415567e-07
-3.9331156287403246e-07
-8.574086507451284e-08
-1.5543122344752192e-15
2.067790383364354e-15
5.273559366969494e-16
0.0
-2.886579864025407e-15
1.0547118733938987e-15
-4.440892098500626e-16
-2.6645352591003757e-15
-6.661338147750939e-16
-6.857823304784461e-07
8.302122012082691e-08
-5.727241045860865e-07
1.7530012996758158e-09
-5.8268678770900806e-09
-8.728686218262283e-09
-5.737890447221616e-07
-3.2698658358754074e-07
-6.620476256102847e-08
6.439293542825908e-15
-3.469446951953614e-15
5.1957136509850343e-14
-1.7763568394002505e-15
-3.774758283725532e-14
1.4432899320127035e-15
8.215650382226158e-14
-2.808864252301646e-14
3.469446951953614e-14
-5.319867741881978e-07
1.1667974675333424e-07
-4.3415755612841167e-07
3.3374725205703726e-10
-4.589360003137699e-09
-6.469855540203185e-09
-4.343450754618061e-07
-2.4678999821503567e-07
-4.392614982862142e-08
-2.0872192862952943e-14
-5.176414852314792e-15
-4.85722573273506e-16
2.6645352591003757e-15
-6.439293542825908e-15
-1.5543122344752192e-15
-8.881784197001252e-16
1.2212453270876722e-15
-7.0637939941775585e-15
-3.6626874866385606e-07
1.2725396558721513e-07
-2.9757261543750246e-07
9.023004565733572e-10
-1.1947545175416963e-09
-3.951946769831238e-09
-2.9818988167562566e-07
-1.6980590800130813e-07
-2.4126407538460626e-08
-1.1102230246251565e-15
1.5959455978986625e-15
-1.1474154959500993e-13
-2.220446049250313e-15
4.440892098500626e-15
-1.9984014443252818e-15
8.881784197001252e-16
2.7755575615628914e-16
7.771561172376096e-16
-2.275776154192499e-07
1.1906776364867255e-07
-1.9005626583634694e-07
3.972907336446951e-09
3.488509925375638e-09
-1.2733938348219453e-09
-1.937031868237682e-07
-1.1174755343290599e-07
-1.1028888025066408e-08
2.6645352591003757e-15
4.3576253716537394e-15
-1.8041124150158794e-16
3.3306690738754696e-15
-3.552713678800501e-15
4.440892098500626e-16
-1.1324274851176597e-14
-1.6653345369377348e-15
-6.661338147750939e-16
-1.2755447187373647e-07
8.649251981296402e-08
-1.172259835868772e-07
1.324294096605172e-08
1.269386995517152e-08
1.90476046046939e-09
-1.303586962819736e-07
-7.832869286517052e-08
-6.878352110106789e-09
6.661338147750939e-16
-7.771561172376096e-16
9.159339953157541e-16
-1.7763568394002505e-15
-1.687538997430238e-14
0.0
4.39648317751562e-14
-1.4432899320127035e-15
4.440892098500626e-16
-4.713902512776258e-08
3.5075203186352155e-08
-6.129995888670692e-08
1.532315074825874e-08
1.6964573523736703e-08
3.002420090325586e-09
-7.68397221406758e-08
-5.304293537733429e-08
-8.230784942497849e-09
-9.992007221626409e-15
-1.1102230246251565e-16
-6.938893903907228e-16
-1.9984014443252818e-15
3.9968028886505635e-15
0.0
-2.220446049250313e-16
2.9976021664879227e-15
-4.440892098500626e-16
9.917329180098022e-10
1.455901781355351e-07
-2.315097713534442e-08
-1.1295792567977969e-07
-8.445449384275605e-08
-1.5016300647374692e-08
8.899482217827881e-08
3.058247344256415e-08
-3.1171509817795595e-10
1.0658141036401503e-14
-1.8318679906315083e-15
2.7755575615628914e-16
1.27675647831893e-15
-4.440892098500626e-15
-6.661338147750939e-16
0.0
-1.0269562977782698e-15
0.0
6.093930267070392e-07
-2.2729965110102057e-07
4.743355188630005e-07
8.740285162289751e-08
6.420595899392367e-08
7.958970593691106e-09
3.854052676999231e-07
1.801046618510327e-07
1.4249522450882068e-08
-1.84297022087776e-14
5.415112802609201e-14
1.9290125052862095e-15
2.4980018054066022e-15
2.842170943040401e-14
1.176836406102666e-14
7.521760991835436e-14
1.9317880628477724e-14
4.596323321948148e-14
1.0598229351899136e-06
-4.901467889339983e-07
8.558466451091817e-07
4.534313280402103e-08
3.190717237644414e-08
1.1065794947029417e-09
8.108044546872861e-07
3.897610374448135e-07
3.497412848219028e-08
-4.218847493575595e-15
-2.4127227993275824e-13
6.106226635438361e-16
6.661338147750939e-15
-8.881784197001252e-16
-4.440892098500626e-16
-4.440892098500626e-16
4.440892098500626e-16
-8.881784197001252e-16
1.7324502721294266e-08
2.1991581888869405e-09
1.7613999148125006e-09
1.0671346473145604e-08
7.966412862714378e-09
-1.9447090882085405e-09
-9.436675441065745e-09
-7.193854401066346e-09
-6.754947712295234e-10
1.1102230246251565e-14
6.100675520315235e-14
-2.2148949341271873e-14
-3.3306690738754696e-16
-2.6645352591003757e-15
-1.1102230246251565e-16
2.220446049250313e-16
8.881784197001252e-16
0.0
-1.0111854908956275e-08
-2.384922481724061e-08
-1.3947817123494133e-08
3.0486848601185557e-09
2.2954980138933934e-09
-1.5791625229688577e-09
-1.6698756155619776e-08
-8.518711069882556e-09
-4.0099412679239776e-10
3.3306690738754696e-15
3.219646771412954e-15
5.412337245047638e-16
5.551115123125783e-16
8.881784197001252e-16
-4.163336342344337e-17
3.3306690738754696e-16
0.0
2.7755575615628914e-17
-1.232643995763283e-07
1.4106865364738042e-07
-1.2012288053142584e-07
4.807176878784958e-11
-3.8613379160779004e-10
1.6156339599504579e-09
-1.1933643406791816e-07
-6.327818535822871e-08
4.319096968963265e-09
-1.9984014443252818e-15
1.9984014443252818e-15
-5.551115123125783e-17
-2.6645352591003757e-15
-8.881784197001252e-16
-5.551115123125783e-17
-5.828670879282072e-16
2.4424906541753444e-15
1.1102230246251565e-15
-2.3984746633232135e-06
-2.9317059215827616e-06
-1.6898609374038642e-06
-1.5769540340215826e-08
-9.51023437778531e-09
5.04616126661972e-09
-1.6743412025732596e-06
-1.0157188050641253e-06
-5.326590581944401e-07
-1.5543122344752192e-15
-1.7208456881689926e-15
-6.661338147750939e-16
8.881784197001252e-16
4.440892098500626e-16
2.220446049250313e-16
5.551115123125783e-16
-3.1086244689504383e-15
-2.220446049250313e-15
-1.1249611673314064e-05
1.0160973374695459e-05
-7.687642053610944e-06
-6.584384109942221e-06
-4.376509149750518e-06
-1.3973640258235775e-06
-1.0974449082823412e-06
-6.145199646923061e-07
-1.6223097532019892e-07
-4.440892098500626e-15
-1.5543122344752192e-15
4.440892098500626e-16
-1.6653345369377348e-16
8.881784197001252e-16
-4.440892098500626e-16
-9.506284648352903e-16
1.3322676295501878e-15
1.5543122344752192e-15
8.826779520632044e-07
2.1596292754111346e-06
1.325805705221228e-06
2.090689463329909e-06
1.2178447086341748e-06
1.589841214233445e-07
-7.566711488493638e-07
-4.238834536707259e-07
-1.226122918751571e-07
2.6645352591003757e-15
-1.030009411095989e-13
4.0245584642661925e-14
-2.9976021664879227e-15
-4.6851411639181606e-14
8.43769498715119e-15
-1.6209256159527285e-14
-1.3766765505351941e-14
1.3233858453531866e-13
2.6660805190203973e-06
2.7087753551313654e-06
2.766786550978395e-06
2.6859443451598968e-06
1.4356925852609947e-06
3.71364080820058e-07
7.184770822732389e-08
4.021966226730456e-08
9.913790677273937e-09
2.4424906541753444e-15
2.1649348980190553e-15
-1.1102230246251565e-16
-1.3322676295501878e-15
6.557254739192331e-16
1.0613732115416497e-13
-6.661338147750939e-16
-1.3322676295501878e-15
0.0
1.2535657525347688e-06
1.6210782405323698e-06
1.3267393725868715e-06
1.1617777246897276e-06
6.064277471296009e-07
1.895621650760404e-07
1.653297410086907e-07
9.50748244576971e-08
2.8705642307613743e-08
-1.554312234475219e-14
1.3877787807814457e-15
-1.7208456881689926e-15
1.7763568394002505e-15
-2.7755575615628914e-17
4.440892098500626e-16
-1.1102230246251565e-15
-1.5543122344752192e-15
8.881784197001252e-16
3.2176971842545754e-07
7.626479288092014e-07
4.371083974774592e-07
4.417130412548431e-07
2.541579746662137e-07
1.3603783344251497e-07
-2.1689174900529906e-09
-2.0348203122466657e-09
-4.191482716464634e-10
2.1760371282653068e-14
-2.8033131371785203e-15
1.1102230246251565e-16
5.773159728050814e-15
3.4416913763379853e-15
1.7763568394002505e-15
-3.885780586188048e-16
1.1102230246251565e-15
0.0
1.409601111390657e-07
5.782084997463244e-07
2.383517951898284e-07
2.8787041372879685e-07
1.7667463225734537e-07
1.1873753180680069e-07
-5.052754303846996e-08
-2.9647466703863756e-08
-4.44377343256086e-09
8.881784197001252e-16
1.887379141862766e-15
-5.551115123125783e-17
1.3322676295501878e-15
5.551115123125783e-16
0.0
2.220446049250313e-16
-1.3322676295501878e-15
8.881784197001252e-16
2.3090291989547043e-07
2.9229489939552877e-07
2.5369859812940376e-07
2.0885414642179967e-07
1.347431997089643e-07
9.446306137306237e-08
4.1906899284072097e-08
3.590687214227728e-08
-5.995268281822064e-09
-3.774758283725532e-15
1.2490009027033011e-15
5.551115123125783e-17
1.3322676295501878e-15
-8.881784197001252e-16
1.1102230246251565e-16
-2.220446049250313e-16
0.0
-8.881784197001252e-16
-1.0487610779819077e-08
2.7897072385485444e-07
1.2150920269959897e-08
1.3486799943507322e-07
9.866185024520746e-08
5.9187328815824e-08
-1.2869632293188715e-07
-6.263757601487896e-08
-2.3985123220882087e-08
-2.4646951146678475e-14
-2.400857290751901e-15
5.551115123125783e-17
-1.7763568394002505e-15
-8.881784197001252e-16
0.0
4.440892098500626e-16
4.440892098500626e-15
4.440892098500626e-16
1.9898841685517255e-08
6.902800464558823e-08
4.968813094308189e-08
4.8854616352400626e-08
5.6393810510257936e-08
1.6434711369583965e-08
-2.5197914865771054e-09
-5.228464772244479e-09
-2.0064144443110443e-10
1.176836406102666e-14
-2.3245294578089215e-15
5.551115123125783e-17
8.881784197001252e-16
2.9976021664879227e-15
0.0
-4.440892098500626e-16
-4.440892098500626e-15
-1.7763568394002505e-15
-7.455847850224018e-08
-6.580077638318471e-08
-2.7344155828501467e-08
-3.1246264242668076e-08
1.2304053775835655e-08
-1.3872664794689626e-08
8.103278048565699e-10
-2.2146551259538683e-10
-1.3601775261662397e-10
3.774758283725532e-15
3.0600522116230877e-15
-1.942890293094024e-14
-2.708944180085382e-14
-8.1601392309949e-15
0.0
-1.7763568394002505e-14
-8.881784197001252e-16
1.7763568394002505e-15
-6.436286525968171e-08
-7.54723146201286e-08
-7.971906246240223e-09
-6.339162084145755e-09
2.198723825230786e-08
-1.0537775096963742e-08
-2.2086545925503742e-09
6.381147832357215e-09
4.958012889133556e-10
4.440892098500626e-16
-2.9195396100689663e-15
0.0
1.5543122344752192e-15
3.3556490919295356e-14
-2.220446049250313e-16
0.0
1.7763568394002505e-15
-3.774758283725532e-15
2.5510303203191143e-08
-1.2503882373948727e-08
7.302579341228466e-08
8.432514253531309e-08
6.62996942901728e-08
8.19360934656288e-09
-9.969510994523034e-09
2.3567894302800596e-09
-1.7174661692820337e-10
8.659739592076221e-15
5.686423554251974e-15
0.0
-3.3084646133829665e-14
3.3306690738754696e-16
5.551115123125783e-16
0.0
-1.7763568394002505e-15
-1.1102230246251565e-16
9.237029985342815e-08
7.134358881444314e-08
1.1455386150771574e-07
1.2421656414574045e-07
8.208652879648781e-08
1.748964706393963e-08
-8.000029971810818e-09
-1.0333040201260246e-08
-1.826374607105663e-09
-1.3766765505351941e-14
-6.580890346552515e-15
0.0
4.440892098500626e-16
5.551115123125783e-16
0.0
0.0
7.105427357601002e-15
3.1086244689504383e-15
7.127586343358416e-08
7.781023825259581e-08
8.661921313546372e-08
1.0781226222889018e-07
6.757122966716267e-08
1.4864411923554142e-08
-1.9263850070672106e-08
-2.0345565232560148e-08
-2.706195045831805e-09
7.771561172376096e-16
4.354155924701786e-16
-2.7755575615628914e-17
0.0
-1.1102230246251565e-16
-5.551115123125783e-17
-2.220446049250313e-15
-8.271161533457416e-15
-8.881784197001252e-16
-3.83246145929661e-09
-5.0959151565166394e-08
3.192490360959255e-08
5.966237370813587e-08
3.682298643781223e-08
7.04649494309706e-09
-2.4791483532737857e-08
-2.28520047329539e-09
-2.231180129541599e-09
-6.217248937900877e-15
2.949029909160572e-16
-1.1102230246251565e-16
-2.220446049250313e-16
-5.551115123125783e-16
3.0531133177191805e-16
3.3306690738754696e-15
3.1086244689504383e-15
0.0
-4.5417635874400724e-08
-1.4207805776322857e-07
-1.5146261134191263e-08
-3.4115004154955386e-09
-1.0170806419296241e-09
-3.0843523290968733e-09
-8.609791990465965e-09
1.0362792401963361e-08
-1.9503506587525976e-09
1.0325074129013956e-14
6.830473686658678e-16
1.6653345369377348e-16
-1.1102230246251565e-16
-1.1102230246251565e-15
-4.718447854656915e-16
-3.552713678800501e-15
4.440892098500626e-16
-6.661338147750939e-16
-1.2665732640471106e-07
-3.760752775860965e-08
-7.993014428109291e-08
-9.42652569335678e-08
-5.395869706603662e-08
-1.8787403632813948e-08
1.7112372852068347e-08
-1.1597918181394107e-08
-4.9830793935612405e-09
7.993605777301127e-15
6.602357549567728e-15
4.773959005888173e-15
-5.218048215738236e-14
5.5344617777564054e-14
9.880984919163893e-15
-1.9939605522267811e-13
5.551115123125783e-14
-1.532107773982716e-14
-3.9449729971607894e-07
-1.1467520266705833e-08
-2.9612685814583983e-07
-3.04374321746792e-07
-1.8207578200701846e-07
-6.285194587007936e-08
7.202171303788418e-09
-4.1769815828374135e-08
-5.932293989374671e-09
-1.0769163338864018e-14
-2.886579864025407e-15
-1.1102230246251565e-16
-2.2093438190040615e-14
-4.996003610813204e-16
1.942890293094024e-16
-2.220446049250313e-15
1.4210854715202004e-14
2.220446049250313e-16
-6.85267783850918e-07
-1.2542059835141117e-08
-5.996306198241541e-07
-3.797776372271855e-07
-2.372649863247034e-07
-9.737840400703135e-08
-2.2239637065268883e-07
-1.7917581157655957e-07
-1.1637396102326392e-08
1.0547118733938987e-14
2.2898349882893854e-15
-1.1102230246251565e-16
0.0
9.992007221626409e-16
-7.216449660063518e-16
-2.4424906541753444e-15
-3.552713678800501e-15
-8.881784197001252e-16
6.528411944373147e-08
-1.1248348812387121e-06
8.30264088591548e-08
-9.357513119923055e-08
-7.099241372543474e-08
-5.5089181216771976e-08
1.77439670956403e-07
1.513032847899609e-07
-2.1486820100946602e-08
-8.215650382226158e-15
3.1780134079895106e-15
1.1102230246251565e-16
-4.996003610813204e-16
-1.8041124150158794e-16
8.881784197001252e-16
1.5543122344752192e-15
-1.7763568394002505e-15
8.881784197001252e-16
-3.702327688870355e-08
4.401416475730002e-08
-9.844611348341913e-08
6.584197542736092e-08
2.5413527282580617e-08
-1.5297615618692362e-08
-1.6586465445556087e-07
-4.9145146174822685e-08
2.7205169228494697e-08
2.6645352591003757e-15
-3.164135620181696e-15
-1.715294573045867e-14
2.275957200481571e-14
-1.7943979635504093e-14
1.8762769116165146e-14
-1.8596235662471372e-15
8.881784197001252e-16
-8.881784197001252e-16
2.271896946126617e-07
-3.6841012018840047e-07
1.537588065758655e-07
2.4872856663193943e-07
1.4015240701326093e-07
3.400492687433143e-08
-9.464869910047469e-08
-3.8078206365810274e-08
-1.2645537283972885e-08
-1.9984014443252818e-15
-5.9396931817445875e-15
-5.551115123125783e-17
-4.440892098500626e-16
1.662558979376172e-14
-6.38378239159465e-16
-1.3877787807814457e-15
8.881784197001252e-16
0.0
9.841556050105282e-07
-1.2819937893482347e-06
4.771716586304819e-07
3.678621229852297e-07
2.1101331704187487e-07
6.530554230721464e-08
1.0879724898771315e-07
2.500691653750664e-07
2.5560701111260187e-08
-4.440892098500626e-16
-2.8976820942716586e-14
1.1324274851176597e-14
-3.8413716652030416e-14
5.623279619726418e-14
-3.429201367310952e-14
-4.0523140398818214e-14
-4.440892098500626e-15
1.028066520802895e-13
6.917797747973964e-07
-3.4333421972121414e-07
4.786118399380257e-07
3.031643140971596e-07
1.7633457360943794e-07
5.7529376817910816e-08
1.763381831665356e-07
8.12613754064273e-08
-6.473879043955577e-09
1.84297022087776e-14
3.547162563677375e-14
-5.273559366969494e-16
-2.19824158875781e-14
4.2674197509029455e-16
-8.215650382226158e-15
-1.1102230246251565e-15
-1.4832579608992091e-13
0.0
-2.113667250114304e-07
6.804714942632017e-07
-3.031940210007633e-08
1.1859784243561934e-07
7.020135761592883e-08
2.657127140537341e-08
-1.4655288693710133e-07
-1.254939707706626e-07
-1.7976583388534806e-08
-9.992007221626409e-15
1.3877787807814457e-15
-4.729550084903167e-14
2.220446049250313e-16
-2.498001805406602e-16
-6.661338147750939e-16
1.5543122344752192e-15
3.1086244689504383e-15
1.6653345369377348e-16
-1.8330069906369317e-07
4.2386409404571173e-07
4.554878074713997e-08
-4.6497598660266704e-08
-2.356939354797305e-08
-6.725272783114633e-09
9.222907981776274e-08
5.433423666545423e-08
3.0047631133234276e-08
8.881784197001252e-16
-7.438494264988549e-15
5.551115123125783e-17
5.551115123125783e-16
-1.1102230246251565e-15
-2.220446049250313e-16
6.106226635438361e-16
-1.7763568394002505e-15
-4.440892098500626e-16
2.78012508942993e-05
-2.7411552011358253e-05
1.9832005094144733e-05
3.4553886862909167e-08
2.267168852654322e-08
2.579183444595401e-08
1.9806622191254064e-05
1.3813590548750197e-05
4.009108696245711e-06
3.1086244689504383e-15
1.4224732503009818e-15
1.9845236565174673e-15
-1.9984014443252818e-15
1.6653345369377348e-15
0.0
-3.941291737419306e-15
-1.2212453270876722e-15
-7.327471962526033e-15
1.21948707771935e-05
-1.3448857544062777e-05
8.530396279127217e-06
-7.112117348384572e-07
-4.07795026191593e-07
-1.2336523980138736e-07
9.235994697043282e-06
6.377953616798493e-06
1.8941871405830923e-06
2.886579864025407e-15
4.881511861398735e-15
5.863365348801608e-16
-2.6645352591003757e-14
-4.440892098500626e-16
0.0
1.304512053934559e-15
-4.440892098500626e-16
2.220446049250313e-16
3.0501091430323868e-06
-3.978896046419322e-06
2.1604809781194945e-06
-5.978208541534968e-07
-3.418035473407022e-07
-1.1267047739238478e-07
2.7596750218350508e-06
1.9206243582203797e-06
5.711594760482441e-07
2.4424906541753444e-15
1.0530595492830308e-13
-3.062966547062729e-13
1.1479706074624119e-13
2.842170943040401e-14
-4.6629367034256575e-14
2.0597412664358217e-13
-1.5365486660812167e-13
7.327471962526033e-14
-5.479791411744372e-07
1.663076631075455e-06
2.3456424891321603e-07
-1.1408151330272176e-06
-6.430709249549693e-07
-2.4586945812643535e-07
1.3706272135038944e-06
8.181889512570707e-07
4.550263348335193e-07
-2.6645352591003757e-15
-4.331934116974523e-13
4.725785734960297e-13
2.531308496145357e-14
-8.881784197001252e-15
5.1514348342607263e-14
2.933764342571976e-14
-3.019806626980426e-14
4.440892098500626e-16
2.644472225199479e-06
4.3460752152668647e-07
2.4114176078171567e-06
-2.6979840583862824e-08
5.752489151689133e-09
-4.8322732482120045e-09
2.432445221245416e-06
1.3972673080786535e-06
3.615386674482579e-07
-5.329070518200751e-15
6.925016116099414e-15
9.71445146547012e-17
0.0
-1.7763568394002505e-15
8.881784197001252e-16
2.6645352591003757e-15
1.5543122344752192e-15
4.440892098500626e-16
1.9015708687675212e-06
3.439386802028821e-07
1.6143420786818297e-06
-3.578294993644704e-09
-5.130592395374833e-09
5.513668965839713e-09
1.6206090336368106e-06
9.188294871620428e-07
2.2962300505469102e-07
8.881784197001252e-16
-2.2717938641392266e-14
1.410260797030105e-13
-6.972200594645983e-14
-5.417888360170764e-14
-2.6645352591003757e-15
-1.709743457922741e-14
7.227551890309769e-14
-2.233768725545815e-13
1.60054794662301e-06
-4.463092295736715e-08
1.3148471253998648e-06
-2.1022650287250144e-10
5.94364046868634e-09
-7.643389254852195e-10
1.316400300765963e-06
7.495139708879606e-07
1.5536173236796458e-07
2.4424906541753444e-15
1.550287676010953e-13
-5.551115123125783e-16
-8.881784197001252e-16
8.881784197001252e-16
1.1102230246251565e-15
8.881784197001252e-16
-1.1102230246251565e-16
-1.3322676295501878e-15
7.046272472166493e-07
-3.250617908179265e-08
5.606956747783443e-07
-2.9571811666073695e-09
-1.1263769361669063e-09
-4.957611210443247e-09
5.659094384213859e-07
3.2008292905061353e-07
6.35966017625833e-08
1.1102230246251565e-14
3.1502578323738817e-15
6.38378239159465e-16
-1.4210854715202004e-14
2.6645352591003757e-15
-3.1086244689504383e-15
3.1086244689504383e-15
2.9976021664879227e-15
4.440892098500626e-16
3.196122193571682e-07
-4.644917339646781e-08
2.56782172414205e-07
-1.6174777073274527e-09
2.4516164653931583e-09
-5.904068678397323e-09
2.5818787463549597e-07
1.4679701187958472e-07
2.8654810080297463e-08
-2.220446049250313e-14
-1.8041124150158794e-15
-6.106226635438361e-16
2.708944180085382e-14
-1.7763568394002505e-15
3.58046925441613e-15
-3.552713678800501e-15
-1.7763568394002505e-15
7.494005416219807e-16
2.2444402958399223e-07
-3.035299300790939e-08
1.8848739102850232e-07
3.1856419724363154e-09
3.848350971225045e-09
-6.311244860057742e-09
1.836838592339518e-07
1.0482585288684731e-07
2.2164471147334552e-08
2.2870594307278225e-14
-2.0816681711721685e-15
4.3298697960381105e-15
0.0
-7.105427357601002e-15
-1.3322676295501878e-15
1.7763568394002505e-15
-1.1102230246251565e-15
-6.661338147750939e-16
3.274444502210372e-07
3.518607627484016e-11
2.769950597780735e-07
4.919133544944998e-09
1.3561933798200698e-09
-6.284503362152805e-09
2.71508348248517e-07
1.5380919116125824e-07
3.5273529874757514e-08
-2.7533531010703882e-14
2.220446049250313e-15
-4.884981308350689e-15
0.0
6.217248937900877e-15
2.220446049250313e-16
-4.440892098500626e-16
1.7763568394002505e-15
0.0
2.530096536723647e-07
-3.810498583334265e-09
2.2252941533906778e-07
2.9386981736934104e-09
-8.312088795037198e-10
-5.2267212780066075e-09
2.189994248169569e-07
1.2457716991320922e-07
2.796036824292969e-08
2.4646951146678475e-14
7.771561172376096e-16
-3.608224830031759e-16
-1.3322676295501878e-15
1.8596235662471372e-15
-1.1102230246251565e-15
6.661338147750939e-16
-1.2212453270876722e-15
6.661338147750939e-16
2.229439566292513e-07
-8.398971829137736e-08
2.0175933457267092e-07
5.9840843391612e-10
-1.386519343782311e-09
-3.596961839491542e-09
1.9991680488828933e-07
1.1680949718595457e-07
1.7733327695168555e-08
-4.440892098500626e-15
-2.3592239273284576e-15
1.249000902703301e-16
2.6645352591003757e-15
-1.7763568394002505e-15
8.881784197001252e-16
-9.992007221626409e-16
2.220446049250313e-16
4.6629367034256575e-15
1.3386571495743738e-07
-5.264268452265242e-07
1.097675461636527e-07
-1.7129622165157343e-09
-1.2880185806807276e-09
-2.172971358405107e-09
1.1092558160896715e-07
1.0025489860510106e-07
-3.166525885944793e-08
1.199040866595169e-14
-4.163336342344337e-15
4.163336342344337e-16
8.881784197001252e-16
-7.549516567451064e-15
-1.1102230246251565e-15
1.7763568394002505e-15
-6.661338147750939e-16
8.881784197001252e-16
-1.2639428614846793e-08
4.463390723685734e-08
-2.2253843212638458e-09
7.382592315252623e-10
3.2161242558004233e-09
-1.0459643151605746e-09
-5.2684772100519695e-09
-6.490139980996901e-09
-9.039795578758002e-10
-1.199040866595169e-14
1.1934897514720433e-15
-7.494005416219807e-16
-1.7763568394002505e-15
3.1086244689504383e-15
-1.1102230246251565e-15
-8.881784197001252e-16
2.220446049250313e-15
3.885780586188048e-16
-7.801686408015485e-08
4.674950560001889e-08
-8.133516260500073e-08
-9.627516561749871e-10
2.6635795791207784e-09
-8.610063773062393e-10
-7.984173705510855e-08
-4.312252244176307e-08
-4.772477968373323e-10
7.327471962526033e-15
-3.0808688933348094e-15
3.35755728775311e-15
2.886579864025407e-15
7.549516567451064e-15
-9.947598300641403e-14
-2.220446049250313e-16
-4.107825191113079e-14
-9.103828801926284e-15
-4.719312158840694e-06
-1.1422374797120938e-06
-3.9387514121358436e-06
1.6382615264376454e-08
1.0721607157648805e-08
-2.110129848631459e-10
-3.9607041646405605e-06
-2.2279633320465564e-06
-6.836789978592606e-07
6.661338147750939e-16
1.7208456881689926e-15
-3.9898639947466563e-16
-2.886579864025407e-15
-2.6645352591003757e-15
2.220446049250313e-16
-2.220446049250313e-16
-7.771561172376096e-16
-1.6653345369377348e-16
-2.13558502792921e-06
-1.410862438433469e-06
-1.750904630171135e-06
2.7937740831873725e-07
2.2231062057898043e-07
2.0170713765921278e-08
-2.0364849131482288e-06
-1.1471664198570153e-06
-4.0796292921641e-07
-2.0650148258027912e-14
1.2598429244281562e-15
6.106226635438361e-16
6.38378239159465e-15
8.881784197001252e-16
0.0
0.0
2.220446049250313e-16
-6.661338147750939e-16
-1.5056198980900604e-06
-3.5622418295133684e-06
-1.50612193294819e-06
1.6661908084358856e-06
1.2532913458151995e-06
9.40284983208528e-08
-3.1785375682602535e-06
-1.7998217960446539e-06
-6.097322255982363e-07
2.4202861936828413e-14
-9.6186947295962e-14
3.36952687973735e-14
-6.8833827526759706e-15
-3.375077994860476e-14
4.9404924595819466e-14
1.4566126083082054e-13
1.0325074129013956e-14
-8.659739592076221e-15
-8.629797605408386e-07
-5.961153931366425e-06
-1.5036297611459302e-06
2.999719978191706e-06
2.1142836938992104e-06
3.902517947684814e-08
-4.503878137995798e-06
-2.558102029759368e-06
-8.777627016343104e-07
-2.19824158875781e-14
2.0519697052634456e-13
6.300515664747763e-15
2.220446049250313e-15
8.881784197001252e-16
-1.0547118733938987e-15
1.1102230246251565e-16
0.0
2.9531932455029164e-14
-6.31654755522959e-06
-2.0996080749569046e-06
-5.345519545230104e-06
4.2419075185762267e-07
2.546608648401616e-07
-2.636240559183989e-09
-5.7696859556699565e-06
-3.2693868252664515e-06
-1.1537068189682032e-06
2.886579864025407e-14
2.456368441983159e-15
-2.498001805406602e-16
1.3322676295501878e-15
0.0
1.1102230246251565e-16
-1.1102230246251565e-16
1.9984014443252818e-15
8.881784197001252e-16
-2.016786808667348e-06
1.5194445950328372e-06
-1.310415816746513e-06
-1.2911006663784974e-06
-7.517761915210031e-07
-5.430744742795923e-10
8.425743658335705e-09
5.547487802459727e-09
9.246283738661987e-10
-1.0880185641326534e-14
-1.1435297153639112e-13
-4.546363285840016e-14
-1.4210854715202004e-14
2.8699265186560297e-14
0.0
-9.342526752220692e-14
-8.926193117986259e-14
-5.5289106626332796e-14
-1.3300349763767372e-05
-1.671004241643459e-06
-1.1569557798907226e-05
-1.1723081144054959e-05
-6.793600427101865e-06
-1.5683962786283703e-06
1.515999841217308e-07
8.179442900768663e-08
4.1901244696163076e-09
-7.993605777301127e-15
-3.2612801348363973e-15
-1.6653345369377348e-16
-1.3322676295501878e-15
4.440892098500626e-16
-4.440892098500626e-16
-3.885780586188048e-16
-1.9984014443252818e-15
7.771561172376096e-16
5.583713544865532e-07
-1.2361936398974649e-06
3.666665975288197e-07
2.188459973240242e-07
2.4575822976657946e-07
4.857548674408463e-08
1.4358893807298045e-07
8.448558297402542e-08
5.995878238351793e-10
-9.769962616701378e-15
1.5985476831126277e-15
2.7755575615628914e-16
1.3322676295501878e-15
2.220446049250313e-15
4.440892098500626e-16
1.942890293094024e-16
1.7763568394002505e-15
-1.5543122344752192e-15
-6.6016845323702e-08
1.4271540749177802e-07
-5.525441082454563e-08
5.325573937398076e-08
1.9751432489556464e-08
-2.110130026267143e-08
-1.0879907996752536e-07
-5.699813809822985e-08
-1.1449419190512344e-09
-5.773159728050814e-15
-3.0808688933348094e-15
-1.1102230246251565e-16
-3.0531133177191805e-16
-2.220446049250313e-15
-4.440892098500626e-16
-2.220446049250313e-16
4.440892098500626e-16
1.3322676295501878e-15
-3.0690685548506735e-08
3.440197247073229e-07
-4.554523513888853e-08
5.333810548791007e-08
2.1407537076356675e-08
1.1911311048606878e-08
-1.0568951935852056e-07
-6.229813542812934e-08
4.17253831486164e-09
3.9968028886505635e-15
4.829470157119431e-15
-4.274358644806853e-15
3.9968028886505635e-15
2.5934809855243657e-13
2.6645352591003757e-15
1.6653345369377348e-16
0.0
0.0
1.0239348782192792e-06
1.8070875285047805e-07
8.521127519145466e-07
3.739581089234889e-09
-5.91066040556143e-09
2.3445579699910013e-08
8.436599117089827e-07
4.7264743763264505e-07
1.3870169368601637e-07
-1.554312234475219e-14
-6.661338147750939e-16
-2.7755575615628914e-17
-3.552713678800501e-15
2.6645352591003757e-15
4.440892098500626e-16
0.0
2.220446049250313e-15
0.0
-3.19986838803743e-07
4.075690185345593e-08
-3.1137455280827453e-07
4.42269509903781e-09
3.931459602313225e-09
4.198805525490457e-09
-3.17245106629116e-07
-1.8285739677992296e-07
-5.231308364272991e-08
1.0436096431476471e-14
2.220446049250313e-16
0.0
1.4432899320127035e-15
-2.4424906541753444e-15
-4.440892098500626e-16
2.220446049250313e-16
-8.881784197001252e-16
1.7763568394002505e-15
-2.2470715066447156e-08
9.582358018178637e-08
-7.031713522565042e-08
2.778040908424373e-09
2.0647092924264143e-09
-1.8345955865584074e-09
-7.382879729789238e-08
-3.661312897307312e-08
-4.594411961988954e-09
1.6431300764452317e-14
-3.0531133177191805e-15
5.551115123125783e-17
1.3322676295501878e-15
2.6645352591003757e-15
-4.440892098500626e-16
-4.1300296516055823e-14
1.4477308241112041e-13
7.105427357601002e-15
4.270602005362889e-08
1.5102625638974132e-07
-4.724363122932118e-09
1.0568193431481632e-08
6.629104376543182e-09
-3.2018627749152984e-09
-1.756646028638897e-08
-1.809592831136797e-08
7.319114203596656e-09
-2.6645352591003757e-15
3.357730760100708e-14
0.0
-2.4424906541753444e-15
-2.6290081223123707e-13
5.551115123125783e-16
4.440892098500626e-16
2.6645352591003757e-15
7.549516567451064e-15
9.1538332469554e-09
-4.853473001276143e-08
2.482520855551229e-09
5.160647020829856e-09
3.184407404432932e-09
-1.562327600623803e-09
-2.8425883868976602e-09
7.934666257369827e-10
2.1019574969471932e-12
-1.4210854715202004e-14
-1.304512053934559e-15
-8.326672684688674e-17
8.881784197001252e-16
8.881784197001252e-16
-2.498001805406602e-16
-4.440892098500626e-16
-2.6645352591003757e-15
1.7763568394002505e-15
-6.08526228518258e-07
4.377825462142937e-07
-4.310141008545543e-07
-4.0957155533760675e-07
-2.3538583615589914e-07
-9.12990305579342e-09
-1.686473238837749e-08
-5.140853964746839e-09
6.2915228582483e-11
6.661338147750939e-16
-1.2434497875801753e-14
-3.2612801348363973e-16
-6.106226635438361e-16
0.0
-4.440892098500626e-16
2.708944180085382e-14
2.6645352591003757e-15
4.440892098500626e-16
-1.407346417181543e-08
-4.2205014594287604e-08
-3.43910642186529e-08
-4.755812277323911e-08
-2.6786207030227157e-08
-2.8943794916358456e-08
1.2890902567619376e-08
-1.7206236435640676e-11
2.8085556103008e-10
9.769962616701378e-15
5.689893001203927e-15
3.8163916471489756e-17
1.7763568394002505e-15
-4.440892098500626e-16
0.0
1.7763568394002505e-15
-6.217248937900877e-15
-3.2751579226442118e-15
-1.1255565368628595e-09
-1.2769756096986384e-07
1.5800366570672963e-08
4.230377115277406e-08
2.4026438616431278e-08
-4.952696031068626e-09
-2.8176000199664486e-08
9.868390549172545e-10
-5.5397242348931286e-11
-1.5987211554602254e-14
2.67841304690819e-15
3.469446951953614e-17
-8.881784197001252e-16
8.326672684688674e-16
0.0
-1.7763568394002505e-15
9.769962616701378e-15
6.661338147750939e-16
1.0543593020884146e-07
-8.132877837851993e-08
8.242131777080886e-08
7.8424330141047e-08
4.403793285590041e-08
-7.286615755219827e-10
2.9929978495601972e-09
6.216486880816774e-09
1.7138699348606679e-09
-4.440892098500626e-15
-9.71445146547012e-17
-1.3877787807814457e-17
-2.220446049250313e-16
-1.4988010832439613e-15
-2.220446049250313e-16
4.440892098500626e-16
-2.9665159217984183e-13
-4.440892098500626e-16
6.401961627489072e-08
-2.4414887889179226e-08
4.527953123556472e-08
2.7456247053692096e-08
1.5686395071767834e-08
-7.452356953763228e-09
1.7287987930103554e-08
1.8496244535981532e-09
9.059104577602284e-10
7.771561172376096e-15
-1.3600232051658168e-15
2.7755575615628914e-17
-2.220446049250313e-16
1.9984014443252818e-15
4.440892098500626e-16
0.0
-9.2148511043888e-15
1.3322676295501878e-15
-6.483469405793585e-08
-1.03255359817922e-08
-4.881547788215813e-08
-5.871400787782477e-08
-3.193947817337062e-08
-1.7048520817297685e-08
1.0114696635810105e-08
-2.5097897093928623e-09
-2.339028970510526e-10
7.327471962526033e-15
-3.473783760643556e-16
5.551115123125783e-17
2.220446049250313e-16
-1.5543122344752192e-15
-1.1102230246251565e-15
-4.440892098500626e-16
5.551115123125783e-15
-1.3322676295501878e-15
-1.2227135215425733e-07
-3.799374681534573e-08
-9.193581274047347e-08
-9.397710165615081e-08
-5.118259771563771e-08
-1.999399046326289e-08
1.9272619056209805e-09
-6.597167256927605e-10
-4.750690951738079e-10
-2.3314683517128287e-15
-4.5319650809894085e-15
-1.1102230246251565e-16
-3.552713678800501e-15
-2.220446049250313e-16
-6.661338147750939e-16
6.661338147750939e-16
3.9968028886505635e-15
1.3322676295501878e-15
-1.1418662815287918e-07
-6.868689794714555e-08
-9.483130614107438e-08
-9.27413150719758e-08
-5.0860164080290815e-08
-1.9497505832077877e-08
-1.5467715996919649e-09
-2.3327251241767044e-10
-5.449004580881933e-10
0.0
5.757547216767023e-15
-5.551115123125783e-17
-2.220446049250313e-16
3.3306690738754696e-16
1.1102230246251565e-15
-1.3322676295501878e-15
-7.105427357601002e-15
-4.440892098500626e-16
-1.157307836230359e-07
-6.623156423302134e-08
-1.0580057807629827e-07
-9.448698978786751e-08
-5.3435982749761024e-08
-2.100284746120451e-08
-1.0798329341810131e-08
-1.3647115881809667e-08
-2.4356667793767883e-09
-8.881784197001252e-16
-2.67841304690819e-15
5.551115123125783e-17
0.0
-5.551115123125783e-16
-1.6375789613221059e-15
3.1086244689504383e-15
3.552713678800501e-15
-4.440892098500626e-16
-9.947757817485581e-08
-3.9091091252885235e-08
-8.717611166275674e-08
-4.950030962902474e-08
-3.221030375755163e-08
-1.599068610858012e-08
-3.728566744243267e-08
-4.096374328632635e-08
-5.943055492174665e-09
2.220446049250313e-16
2.0816681711721685e-16
2.7755575615628914e-16
-2.220446049250313e-16
-1.7208456881689926e-15
2.886579864025407e-15
-4.440892098500626e-16
0.0
0.0
9.898982611389329e-08
-1.600529486722735e-07
7.184844896812592e-08
1.2621348322028325e-07
5.7144458054381175e-08
5.949388537374034e-09
-5.4181742203951444e-08
-3.801130254998952e-08
-4.728225949657272e-09
1.1546319456101628e-14
-6.800116025829084e-16
-4.996003610813204e-16
2.220446049250313e-16
7.771561172376096e-16
-6.071532165918825e-16
-3.885780586188048e-16
3.552713678800501e-15
-4.440892098500626e-16
1.8159718706556305e-07
-3.507030754690277e-07
1.305428365405703e-07
1.6722455775664002e-07
6.99451252472727e-08
-5.612719178316183e-10
-3.6501742073369314e-08
-1.2289471662541018e-08
-2.6754502883974407e-09
4.884981308350689e-15
1.4988010832439613e-15
1.5959455978986625e-16
0.0
2.2065682614424986e-15
1.2490009027033011e-15
-1.5543122344752192e-15
-3.552713678800501e-15
-4.440892098500626e-16
-2.66962913997304e-08
-1.7370218330370335e-07
-1.7917106909237646e-08
1.3463326009599541e-09
-1.0741093348087816e-08
-2.4422263322776416e-08
-1.9148078678199454e-08
-1.4462233188794471e-08
-3.3521387332591246e-09
-1.5987211554602254e-14
-3.1086244689504383e-15
9.71445146547012e-17
6.661338147750939e-16
-3.608224830031759e-15
-1.6653345369377348e-15
1.3322676295501878e-15
3.552713678800501e-15
-4.440892098500626e-16
-5.784882262105384e-08
1.0730648369872142e-08
-2.8413307262553648e-08
-1.6246686662668708e-08
-9.377073340033348e-09
-7.718199412920512e-09
-1.2405287463934656e-08
-1.633718937910089e-08
-2.5375828660578748e-09
-1.3322676295501878e-15
8.326672684688674e-16
-1.3877787807814457e-16
-2.220446049250313e-16
2.886579864025407e-15
1.1102230246251565e-15
-1.3322676295501878e-15
-4.440892098500626e-15
4.718447854656915e-16
-4.0378249366312957e-07
1.5744127779271366e-08
-3.150107499294563e-07
-2.9704029813615307e-07
-1.689399788951107e-07
-4.7796035573810514e-08
-1.7681723640805558e-08
-1.6103482991525198e-08
-9.277325574430506e-10
3.9968028886505635e-15
8.743006318923108e-16
5.551115123125783e-17
-1.3322676295501878e-15
-5.551115123125783e-16
-4.440892098500626e-16
2.220446049250313e-16
-4.440892098500626e-16
-1.1102230246251565e-16
-6.919567709928742e-07
-6.74774298659031e-08
-5.60860261344942e-07
-5.354037835303416e-07
-3.0314285570653965e-07
-9.6783537628653e-08
-2.489620776202628e-08
-1.5795183827549408e-08
-6.85228540575622e-11
9.992007221626409e-15
2.2620794126737565e-15
-7.216449660063518e-15
-3.3084646133829665e-14
-1.8207657603852567e-14
7.105427357601002e-15
-1.0658141036401503e-14
5.2735593669694936e-15
-1.8895995879120164e-13
-1.5964845090365998e-06
-1.9206161994134163e-07
-1.3067850659354008e-06
-1.2860597280450747e-06
-7.046876255856205e-07
-2.4913464358178317e-07
-2.0506025100175407e-08
-1.4270950643435754e-08
1.2810562610710008e-09
-1.0436096431476471e-14
-1.8388068845354155e-15
-1.942890293094024e-16
-3.0531133177191805e-16
4.440892098500626e-16
4.440892098500626e-16
1.8318679906315083e-15
1.7763568394002505e-15
-2.220446049250313e-16
-8.090889025424985e-07
-4.478519599615538e-08
-7.141407056820981e-07
-6.923551296722507e-07
-3.283180785018658e-07
-1.1509970931911084e-07
-2.2161199986214797e-08
-9.044827109505604e-09
1.5807503084275254e-09
-9.992007221626409e-15
-9.853229343548264e-16
1.8041124150158794e-16
-4.440892098500626e-16
0.0
0.0
-5.662137425588298e-15
-1.7763568394002505e-15
-1.1102230246251565e-16
-4.0107755694407393e-07
7.702401916276358e-08
-3.7908056071955803e-07
-3.601154041632526e-07
-1.0719059240216211e-07
-1.7536699203901662e-08
-2.0178281490146333e-08
-1.0053880394877979e-08
9.956142854594674e-10
1.6431300764452317e-14
5.6066262743570405e-15
-4.163336342344337e-17
0.0
8.881784197001252e-16
1.7763568394002505e-15
4.8433479449272454e-15
1.7763568394002505e-15
-4.440892098500626e-16
2.287973472903104e-07
1.8445723526383517e-07
1.2616424882594401e-07
1.338095358960345e-07
1.5252944329802176e-07
8.045993560301667e-08
-9.92802817734173e-09
-7.053745143537071e-09
-1.8776513677210005e-10
-2.5091040356528538e-14
-2.220446049250313e-15
1.3877787807814457e-17
0.0
2.6645352591003757e-15
-1.3322676295501878e-15
-8.881784197001252e-16
0.0
-8.881784197001252e-16
-1.4535477816934872e-06
1.4625975950366412e-06
-1.0925568751929404e-06
1.1351211526289262e-08
3.956988070541456e-09
-1.618403899783516e-08
-1.1031857418686286e-06
-8.054887530306587e-07
-2.1286390783359366e-07
-2.220446049250313e-16
-1.6653345369377348e-16
-5.551115123125783e-17
8.881784197001252e-16
-6.217248937900877e-15
4.440892098500626e-16
0.0
-3.3029134982598407e-15
6.661338147750939e-16
-5.167483436707698e-07
-4.806414040103846e-07
-5.001498806223026e-07
1.1060095062020991e-09
5.721529916513646e-10
-1.6560952165178833e-08
-5.007460011086096e-07
-2.736492135113622e-07
-9.213873486402235e-08
2.353672812205332e-14
6.800116025829084e-16
8.326672684688674e-17
-4.440892098500626e-16
0.0
-2.220446049250313e-16
-7.771561172376096e-16
1.5543122344752192e-15
8.881784197001252e-16
-2.3474028409964376e-07
-2.145094413208426e-08
-1.8918454713912067e-07
6.340368230439708e-10
7.714897609645277e-10
-1.4573933837525033e-08
-1.8966932202602038e-07
-1.1003380961938093e-07
-2.215268679606197e-08
-4.884981308350689e-15
2.2169766022983595e-15
-4.163336342344337e-17
4.440892098500626e-16
-8.881784197001252e-16
4.218847493575595e-15
3.1086244689504383e-15
-6.661338147750939e-16
-1.7763568394002505e-15
-8.995854727800179e-09
-1.2020905160170514e-08
-6.835868759935693e-09
2.1996271470925421e-10
4.639542083850756e-10
-1.206458000169164e-08
-6.9860490725659474e-09
-4.245983120654273e-09
-1.4227978795133822e-09
6.217248937900877e-15
-3.969047313034935e-15
8.196568423990414e-17
0.0
4.440892098500626e-15
-1.7208456881689926e-15
-6.661338147750939e-16
-1.4988010832439613e-15
8.881784197001252e-16
1.0641656444931868e-08
-3.7513586903514806e-08
7.655632572323157e-09
5.868585617463395e-10
8.620570923767445e-10
-9.554223967533915e-09
7.244029376352045e-09
6.2289160496220575e-09
-6.115072892498574e-10
-6.8833827526759706e-15
7.771561172376096e-16
-6.938893903907228e-17
-4.440892098500626e-16
0.0
9.992007221626409e-16
-4.440892098500626e-16
2.886579864025407e-15
9.992007221626409e-16
-2.318263980782831e-08
-4.6348020532605005e-08
-1.9879715651427432e-08
1.7668408958115833e-09
9.949436829970182e-10
-6.704255151035454e-09
-2.1631535673805047e-08
-1.0662049021448183e-08
-4.370761530481104e-09
8.215650382226158e-15
1.6128764990241962e-13
6.536438057480609e-15
-2.4868995751603507e-14
2.55351295663786e-15
1.5543122344752192e-15
-3.8191672047105385e-14
3.9968028886505635e-15
3.3861802251067274e-15
-4.9024361459260035e-08
-5.7311368095724895e-08
-3.8103944888234764e-08
2.05808703412913e-09
1.264835347569715e-09
-3.893945610400351e-09
-4.0220907493448976e-08
-2.2782280950650602e-08
-7.142197944176587e-09
-1.709743457922741e-14
-1.6919798895287386e-13
-9.71445146547012e-17
2.6645352591003757e-15
-3.5083047578154947e-14
-1.1102230246251565e-15
0.0
-2.6645352591003757e-15
3.608224830031759e-16
-3.359625111443165e-08
-6.412865616312047e-08
-2.1817882944752398e-08
1.540398031352197e-09
1.2759997503053455e-09
-1.5391528052077774e-09
-2.3416667715991935e-08
-1.631892221354292e-08
-4.527684893673722e-09
9.103828801926284e-15
-1.2490009027033011e-15
6.938893903907228e-17
-4.440892098500626e-16
1.2656542480726785e-14
2.6645352591003757e-15
-1.1102230246251565e-15
1.5543122344752192e-15
-1.6653345369377348e-16
8.287990738153894e-09
-4.2762167140608653e-08
4.586977020437644e-09
-7.925748946036038e-10
5.255884616417461e-11
-2.2924218079367617e-10
5.328908869728366e-09
-6.435447730268606e-10
-5.115055046189809e-09
2.4424906541753444e-15
-4.260480856999038e-15
-1.1102230246251565e-16
-4.440892098500626e-16
-3.552713678800501e-15
-8.881784197001252e-16
1.5543122344752192e-15
0.0
-1.3322676295501878e-15
-7.530903545216461e-08
-3.957953254030144e-08
-6.664190788097102e-08
-3.3973611479609644e-08
-2.566374135426486e-08
-4.335037218083926e-09
-3.272429349721051e-08
-2.143065902515673e-08
-1.3720722336074687e-08
1.887379141862766e-14
2.3037127760971998e-14
6.777911565336581e-14
5.6621374255882984e-14
5.062616992290714e-14
-3.3306690738754696e-15
1.509903313490213e-14
-1.4099832412739488e-14
-4.8405723873656825e-14
-1.92477887850373e-07
-2.025874579203446e-08
-1.5307188760971258e-07
-6.127370788533426e-08
-4.9274867963688955e-08
-8.209378732360051e-09
-9.188108229807312e-08
-5.500168498429048e-08
-2.5901044864440337e-08
0.0
-2.1094237467877974e-15
-1.6653345369377348e-16
2.4424906541753444e-15
1.2434497875801753e-14
-4.440892098500626e-16
4.440892098500626e-16
2.1649348980190553e-15
8.359979375427429e-14
3.4249535119101887e-07
-6.37268279035652e-07
2.3360495049473684e-07
3.7169028610506416e-07
2.9618910835083057e-07
4.099901329546185e-08
-1.3824170874698893e-07
-8.17339054215438e-08
-3.633982714745798e-08
-2.731148640577885e-14
-1.942890293094024e-16
1.942890293094024e-16
2.9004576518332215e-15
-2.6645352591003757e-15
6.661338147750939e-16
2.220446049250313e-16
1.1102230246251565e-16
1.1102230246251565e-15
5.182996680730412e-07
-8.733674263794455e-07
3.2009708306190987e-07
4.7589685703286477e-07
3.7445532941049464e-07
3.487230770815586e-08
-1.5587433427333153e-07
-9.297775749317339e-08
-4.176594359250885e-08
1.5765166949677223e-14
-3.3861802251067274e-15
1.0408340855860843e-16
-2.220446049250313e-16
-8.881784197001252e-16
-1.1102230246251565e-16
2.220446049250313e-16
1.4432899320127035e-15
6.661338147750939e-16
-2.669162668667013e-08
-2.5338069065128366e-07
-3.40495684980624e-08
6.477144864902584e-08
5.070557751452043e-08
3.170993051471172e-09
-9.827253677485714e-08
-5.972061689618613e-08
-3.056850061966543e-08
2.886579864025407e-15
-1.8318679906315083e-15
-6.245004513516506e-16
-4.440892098500626e-15
-2.6645352591003757e-15
9.159339953157541e-16
-2.2426505097428162e-14
-7.382983113757291e-15
4.440892098500626e-16
-1.8201147611307533e-07
-1.315799877943391e-07
-1.4442164619765663e-07
7.245613886652791e-09
4.098419381648455e-09
6.753059667019556e-09
-1.516932144340899e-07
-9.132723222116113e-08
-3.781940449698595e-08
1.6431300764452317e-14
6.022959908591474e-15
3.885780586188048e-16
2.6645352591003757e-15
0.0
-3.3306690738754696e-16
4.440892098500626e-16
2.1094237467877974e-15
0.0
-3.053329606927946e-07
-1.9833128028778901e-07
-2.492849855428858e-07
1.4224532662865386e-09
4.2379078024623595e-10
9.00161123418286e-09
-2.5104952960930405e-07
-1.591678242540695e-07
-6.413943509642195e-08
7.105427357601002e-15
-2.456368441983159e-15
-6.716849298982197e-15
1.9984014443252818e-15
-1.7763568394002505e-15
1.3322676295501878e-15
2.7755575615628914e-15
-3.552713678800501e-15
6.661338147750939e-16
2.203297100322743e-07
-3.4412164495734027e-07
2.2078852524032302e-07
2.943920662801247e-10
4.820677190764399e-11
8.23789081394466e-09
2.204279176964974e-07
9.644088372340319e-08
-1.020907802740112e-10
-3.175237850427948e-14
-4.6074255521944e-15
-2.4091839634365897e-14
-1.1102230246251565e-15
4.440892098500626e-16
-1.3322676295501878e-15
6.5503158452884236e-15
0.0
1.3322676295501878e-14
5.049066498230559e-09
1.0829353414010257e-08
-1.0294778363117985e-09
1.5581349543936085e-09
1.0319922694179695e-09
4.0423646652243406e-09
-2.2987443060173973e-09
-3.276095839055415e-09
-4.512625828567707e-10
2.042810365310288e-14
-3.2751579226442118e-15
1.1102230246251565e-16
-1.1102230246251565e-15
3.3306690738754696e-16
4.440892098500626e-16
-2.7755575615628914e-16
2.6645352591003757e-15
4.440892098500626e-16
4.117754404120433e-08
-3.5452217161946464e-08
2.0116706522799177e-08
2.045248237436681e-08
1.2112309377698693e-08
-8.718072486146866e-09
-7.568097259991191e-10
-6.638476435227858e-10
1.608791710960844e-10
-5.10702591327572e-15
1.4988010832439613e-15
-1.3877787807814457e-16
2.1094237467877974e-15
4.440892098500626e-16
4.440892098500626e-16
-5.551115123125783e-17
-2.7755575615628914e-16
-1.1102230246251565e-15
-2.27392689566841e-07
5.929355140210646e-07
1.5894272564764833e-08
-3.706713158635466e-08
-2.525698050703795e-08
9.08831268020549e-08
6.267592667086319e-08
3.6380329859753147e-08
3.25684232360679e-09
3.9968028886505635e-15
-2.7755575615628914e-17
2.0344836926255994e-14
5.88418203051333e-15
-1.9095836023552692e-14
-6.661338147750939e-15
7.216449660063518e-14
-2.0872192862952943e-14
-2.842170943040401e-14
2.0620327916276437e-06
2.967962586808426e-07
1.7122787383527795e-06
2.020411642433828e-07
1.1491977147670696e-07
-1.3196569170759174e-08
1.512392902469628e-06
8.272211005078135e-07
2.98870038051291e-07
-1.2212453270876722e-14
5.11298902522439e-15
-2.220446049250313e-16
-2.886579864025407e-15
2.220446049250313e-15
-8.881784197001252e-16
2.220446049250313e-16
4.440892098500626e-16
0.0
1.0640583241183776e-06
4.7682533477200195e-08
8.838448266601517e-07
2.2742028704669792e-07
1.2059176413004025e-07
-3.1316318427343504e-08
6.568368240422728e-07
3.6211443976696955e-07
1.3578751634213404e-07
-1.6209256159527285e-14
1.3877787807814457e-15
2.7755575615628914e-17
-4.440892098500626e-16
-1.1102230246251565e-15
0.0
-2.3092638912203256e-14
7.105427357601002e-15
1.2434497875801753e-14
7.376637647382722e-07
-4.083665317011764e-08
5.855323337300433e-07
4.403532152252865e-07
2.3226904311002272e-07
-2.5014216475938152e-08
1.4428788031040085e-07
7.841735705227393e-08
4.259681674056992e-08
2.3092638912203256e-14
-1.304512053934559e-15
0.0
2.6645352591003757e-15
1.3322676295501878e-15
2.220446049250313e-16
-4.440892098500626e-16
-3.552713678800501e-15
0.0
2.427991461217971e-07
-1.830422640125562e-07
1.441077692732051e-07
1.4326682418186465e-07
6.327652446458387e-08
-5.7422155919084616e-08
-1.3772982754289842e-11
1.1898197982418424e-09
8.757130437464511e-11
-1.6209256159527285e-14
-2.518818487118324e-15
0.0
0.0
-3.4416913763379853e-15
-2.220446049250313e-16
1.3322676295501878e-15
-1.7763568394002505e-15
8.881784197001252e-16
-6.133214611736548e-07
-1.0978973108421998e-07
-5.470024397880024e-07
-5.476017683747614e-07
-3.202077418773541e-07
-1.1617807160746452e-07
-1.425437545776731e-11
2.1265922356406008e-10
1.895761325698686e-11
1.0658141036401503e-14
3.1502578323738817e-15
2.969846590872294e-14
-4.440892098500626e-16
2.3092638912203256e-14
-2.5979218776228663e-14
-5.240252676230739e-14
3.019806626980426e-14
-4.529709940470639e-14
-9.717830593558574e-07
-3.5171112244825053e-08
-8.210036011035982e-07
-8.214485518465153e-07
-4.672139959360777e-07
-1.2718518860310724e-07
1.5552004128949193e-11
-2.4724933211928146e-10
-1.5896450822339148e-11
-5.551115123125783e-15
1.9144408280880043e-14
1.2677359162438506e-14
2.220446049250313e-16
-7.216449660063518e-16
-1.1102230246251565e-15
5.329070518200751e-15
3.375077994860476e-14
-8.881784197001252e-16
-7.397307300038847e-07
8.538972195992756e-09
-6.095381799298139e-07
-6.088661752556845e-07
-3.411698576982758e-07
-8.636921222660021e-08
-9.97221860643549e-10
-4.700986266925611e-10
-5.383871126696249e-11
7.771561172376096e-15
5.037636974236648e-15
-2.42861286636753e-17
0.0
1.609823385706477e-15
7.771561172376096e-16
-4.440892098500626e-16
-2.6645352591003757e-15
-2.886579864025407e-15
-3.98110316268685e-07
1.9020305330741394e-08
-3.153642147424307e-07
-3.146214417881765e-07
-1.7070514957140404e-07
-4.0563477909927315e-08
-9.832934466658116e-10
-2.3586466113556526e-10
-2.8481217384523916e-11
1.6542323066914832e-14
-3.788636071533347e-15
0.0
0.0
5.551115123125783e-16
9.020562075079397e-17
8.881784197001252e-16
1.0436096431476471e-14
2.6645352591003757e-15
-1.6849510231509157e-07
8.963741304768291e-09
-1.222659650745861e-07
-1.2204615806865604e-07
-6.030131860512711e-08
-1.2122669090786076e-08
-4.713651691190535e-10
-1.6138912428687036e-10
7.017053604840839e-12
-2.298161660974074e-14
-6.188105583504466e-14
-5.473399511402022e-14
1.5543122344752192e-15
-7.560618797697316e-14
3.524958103184872e-14
-1.7763568394002505e-14
-1.6486811915683575e-14
2.3092638912203256e-14
-2.2124893916952715e-08
-8.719940325363496e-09
-4.353990279426512e-09
-4.196627712005352e-09
4.703640144043675e-09
3.391569691757468e-09
-4.333085001917425e-10
-6.440359356929548e-11
2.5869972830605548e-11
1.7985612998927536e-14
2.1649348980190553e-14
1.3877787807814457e-16
1.176836406102666e-14
-1.1213252548714081e-14
-6.661338147750939e-15
2.220446049250313e-15
-6.661338147750939e-16
8.881784197001252e-16
6.941860952736079e-08
-2.61769628195907e-08
6.617478121029308e-08
6.640800605250963e-08
4.165045730530892e-08
1.2170168872671638e-08
-3.33022498466562e-10
2.2682922207195588e-10
5.1020965230463844e-11
-2.930988785010413e-14
3.733124920302089e-15
0.0
0.0
0.0
-9.43689570931383e-16
4.440892098500626e-16
-2.220446049250313e-15
-1.3322676295501878e-15
8.634813131180863e-08
-3.489748223728384e-08
7.553376413227397e-08
7.570605942142095e-08
4.4467229898259575e-08
1.375909164380573e-08
1.5132961550534674e-10
3.870548326290191e-10
5.916389600457705e-11
2.1316282072803006e-14
4.49293380277993e-15
-5.551115123125783e-17
2.220446049250313e-16
-4.440892098500626e-16
1.1657341758564144e-15
-2.220446049250313e-16
1.4210854715202004e-14
8.881784197001252e-16
2.6992132973191474e-08
-3.007082227668434e-08
2.414198974065584e-08
2.364019757727931e-08
1.3656971553643869e-08
7.624862519151065e-09
5.442348793849305e-10
1.8340351459755766e-10
5.7874816050684785e-12
-7.549516567451064e-15
-3.469446951953614e-15
1.1102230246251565e-16
-4.440892098500626e-16
8.881784197001252e-16
-4.440892098500626e-16
-1.1102230246251565e-15
-9.769962616701378e-15
0.0
-6.273028319014884e-08
-1.4827776340098351e-08
-5.1553172397689195e-08
-5.1693148872544725e-08
-2.9327450024041465e-08
-1.9038424170503276e-09
1.2924061820740462e-10
-2.761557649222368e-10
-1.5374546080693108e-10
1.021405182655144e-14
1.1657341758564144e-15
0.0
2.220446049250313e-16
-8.881784197001252e-16
-8.271161533457416e-15
1.7763568394002505e-15
-8.881784197001252e-16
4.440892098500626e-16
-1.1279585976353701e-07
9.197378858516458e-09
-9.376850051978636e-08
-9.13868150043129e-08
-5.14526377060065e-08
-6.901181848206761e-09
-2.544870092435758e-09
-2.2676411859379186e-09
-5.523537183194094e-10
-1.5654144647214707e-14
-1.6653345369377348e-16
-2.220446049250313e-16
-4.440892098500626e-16
1.6653345369377348e-16
-8.187894806610529e-16
0.0
2.6645352591003757e-15
-8.881784197001252e-16
-8.543066343236205e-08
3.430582751207112e-08
-7.166459781160484e-08
-6.665156249141546e-08
-3.704334949894417e-08
-3.0555327157344436e-09
-5.389632740104844e-09
-4.116556429067941e-09
-5.487423848649087e-10
-2.1094237467877974e-14
-1.6930901125533637e-15
2.7755575615628914e-16
8.881784197001252e-16
-2.3869795029440866e-15
8.798517470154366e-15
1.1657341758564144e-15
-2.6645352591003757e-15
0.0
-3.3495588525056525e-08
4.508262918534456e-08
-3.1544136191996586e-08
-2.9677612367606798e-08
-1.607821209503868e-08
2.0180124238322605e-09
-2.406696064660707e-09
-1.4683907423318487e-09
-3.073563625832776e-11
7.105427357601002e-15
1.609823385706477e-15
-1.6653345369377348e-16
-1.1102230246251565e-15
2.949029909160572e-15
-4.996003610813204e-16
-1.2212453270876722e-15
2.6645352591003757e-15
4.440892098500626e-16
-1.9242534676777723e-08
5.574874251124129e-08
-2.1983677100934074e-08
-2.2638497298999027e-08
-1.2073703814508008e-08
1.876664157407504e-09
1.0892431401288148e-10
-1.4157386374336056e-10
2.307517024680017e-10
-3.3306690738754696e-15
2.220446049250313e-15
-5.551115123125783e-17
1.5543122344752192e-15
-2.609024107869118e-15
3.885780586188048e-16
-3.219646771412954e-15
-2.6645352591003757e-15
0.0
-1.3776428886558278e-08
5.8129000279905085e-08
-1.8844520610628024e-08
-2.0184002025303016e-08
-1.0692489449404263e-08
5.463931529448018e-10
1.0774852121642198e-09
4.056737168411928e-10
4.4310383140455656e-10
1.6653345369377348e-14
-4.3021142204224816e-15
-1.1102230246251565e-16
-7.771561172376096e-16
2.6645352591003757e-15
-3.3306690738754696e-16
1.5543122344752192e-15
0.0
1.1102230246251565e-16
-8.349375946181681e-08
1.645413050255229e-08
-7.689559211598862e-08
-7.926228917654043e-08
-4.499504058230741e-08
-1.4638189327342843e-08
2.3850992292295814e-09
2.3176074392949886e-09
7.180092076453093e-10
-7.993605777301127e-15
-2.248201624865942e-15
1.6653345369377348e-16
0.0
-1.7763568394002505e-15
0.0
-8.604228440844963e-16
1.7763568394002505e-15
-5.551115123125783e-17
-3.725631643192174e-07
-8.448691346529813e-08
-3.040724330105604e-07
-3.1414523249395643e-07
-1.7577441635552304e-07
-6.901881022258749e-08
1.0414441753425763e-08
8.386111360891846e-09
2.1254223936395533e-09
-9.992007221626409e-15
2.220446049250313e-16
-1.3183898417423734e-16
1.1102230246251565e-16
2.220446049250313e-15
0.0
2.6645352591003757e-15
-2.886579864025407e-15
3.3306690738754696e-16
-1.144633870353573e-06
-8.989177047169506e-07
-9.411723524976877e-07
-1.2986756523503118e-06
-7.063658227224323e-07
-2.9460935024872015e-07
3.5753998872678494e-07
2.5533012504297403e-07
7.788741518410802e-08
2.9753977059954195e-14
2.914335439641036e-16
4.163336342344337e-16
-9.992007221626409e-16
-8.881784197001252e-16
-4.440892098500626e-16
-1.3322676295501878e-15
1.7763568394002505e-15
-2.220446049250313e-16
-3.3204041613998925e-06
-7.438427473971388e-07
-2.5406099410929524e-06
-1.3982655708844047e-06
-6.940708683345065e-07
-3.40432151801906e-07
-1.1436170836987003e-06
-6.674591257471718e-07
-1.301851462187642e-07
-2.19824158875781e-14
1.1102230246251565e-16
1.3183898417423734e-16
-2.2870594307278225e-14
-3.552713678800501e-15
8.881784197001252e-16
-1.3322676295501878e-15
8.881784197001252e-16
-5.551115123125783e-17
-3.661009259303682e-06
-1.6541601866038038e-06
-2.8859231591127354e-06
-1.2559331352690606e-07
4.626259553219825e-08
-4.454616941984568e-08
-2.7622641631808165e-06
-1.503141819014786e-06
-2.0217578011738627e-07
4.218847493575595e-15
-1.0130785099704553e-15
-7.147060721024445e-16
-1.7763568394002505e-15
-1.7763568394002505e-15
-8.881784197001252e-16
1.1102230246251565e-15
-4.440892098500626e-16
2.220446049250313e-16
7.195602336196316e-08
1.3050881939591363e-05
3.849758446250462e-06
1.2881287148047704e-08
3.3359199846927368e-09
1.963690987594191e-09
3.840760335549476e-06
2.0144359709206583e-06
1.9518477607505247e-06
-2.020605904817785e-14
5.0306980803327406e-15
1.0408340855860843e-16
0.0
3.552713678800501e-15
2.220446049250313e-15
1.815214645262131e-14
1.1546319456101628e-14
-1.865174681370263e-14
2.802488801023628e-07
-2.1033011421422998e-07
1.9160818709451632e-07
-4.01088229295965e-09
7.26264604011817e-10
-1.2788248238138067e-08
1.9614305557524858e-07
1.2207353705662172e-07
1.023851936565734e-08
-9.769962616701378e-15
-3.016337180028472e-14
1.3510026430907374e-14
3.552713678800501e-15
0.0
-2.6645352591003757e-15
2.220446049250313e-16
-8.659739592076221e-15
1.3322676295501878e-14
7.019605585689703e-08
-3.368478473930736e-08
5.295019889217656e-08
-1.2704504115390591e-09
-3.397021552942192e-10
-1.1561196000542394e-08
5.3267221744590636e-08
3.338157483767645e-08
2.4926372077516135e-09
-5.329070518200751e-15
-6.522560269672795e-16
1.491862189340054e-16
-4.440892098500626e-16
2.6645352591003757e-15
-4.440892098500626e-16
0.0
1.3322676295501878e-15
-6.661338147750939e-16
3.1458420757246586e-08
-5.1808953571708116e-08
1.8675461177508623e-08
4.2729197957669385e-10
7.242971777898788e-10
-9.214874530094619e-09
1.691232398570719e-08
1.4949563365007634e-08
3.065476761321406e-10
-7.771561172376096e-15
1.5681900222830336e-15
-5.273559366969494e-16
4.440892098500626e-16
5.329070518200751e-15
1.3877787807814457e-15
-4.440892098500626e-16
1.304512053934559e-15
2.220446049250313e-16
-7.3817911783180534e-09
-5.954342441327753e-08
-1.1018244094884722e-08
-4.842419798478659e-10
-3.5860203695392556e-10
-7.25815740842961e-09
-1.0771309177926014e-08
-3.0457414368356694e-10
-2.886129113477409e-09
2.9753977059954195e-14
-6.772360450213455e-15
-2.7755575615628914e-16
0.0
-9.769962616701378e-15
-5.551115123125783e-16
1.7763568394002505e-15
-7.771561172376096e-16
1.1102230246251565e-15
-6.345021930087569e-08
-2.2133505694910127e-08
-5.1951108304137954e-08
-1.3322676295501878e-09
-4.717826129763125e-10
-5.699943628201254e-09
-4.8721140899488085e-08
-2.6593191648771608e-08
-6.4159140222841415e-09
9.769962616701378e-15
1.609823385706477e-15
5.551115123125783e-17
-4.440892098500626e-16
2.6645352591003757e-15
-1.4432899320127035e-15
-2.6645352591003757e-15
2.220446049250313e-16
-1.1102230246251565e-15
-1.0262295901952712e-08
-2.1610105704894522e-08
-1.394788107234035e-08
1.1163869828578754e-10
6.535927354889282e-11
-4.233016603905071e-09
-1.4072210063886814e-08
-5.520263357539079e-09
-2.678330446315158e-09
-1.887379141862766e-14
1.4988010832439613e-15
1.0547118733938987e-15
1.3322676295501878e-15
1.3322676295501878e-15
1.3322676295501878e-15
-1.865174681370263e-14
1.7319479184152442e-14
5.92303983637521e-14
-1.2043272601403032e-08
3.5966110090157603e-09
-1.0262910521419144e-08
-1.5941559183829668e-10
-1.1533529686857946e-10
-2.382369190812028e-09
-9.24580234595851e-09
-3.894566003026512e-09
-4.4503423168862355e-10
2.7755575615628914e-14
-1.609823385706477e-15
-2.7755575615628914e-17
-4.440892098500626e-16
3.3306690738754696e-15
8.881784197001252e-16
8.881784197001252e-16
1.5543122344752192e-15
1.27675647831893e-15
-1.016541872900234e-08
1.0587740462142392e-08
-5.724317020394665e-09
1.595665821696457e-10
-6.041300792958282e-11
-8.977816268185279e-10
-5.0557584785337895e-09
-2.060705384110406e-09
2.290519773850974e-09
4.796163466380676e-14
-8.881784197001252e-16
2.498001805406602e-16
0.0
6.661338147750939e-15
4.440892098500626e-16
-2.220446049250313e-16
3.3306690738754696e-16
-1.5265566588595902e-16
-7.166741688990896e-08
9.707257220270549e-09
-5.878591480268369e-08
4.712941148454775e-10
3.3511149410969665e-10
2.554170208668438e-10
-5.857500973149854e-08
-3.2712579312033085e-08
-4.820009280592785e-09
-3.26405569239796e-14
-5.458133944813426e-14
3.3306690738754696e-14
8.881784197001252e-15
-1.1546319456101628e-14
-1.1546319456101628e-14
9.903189379656396e-14
1.4210854715202004e-14
1.2051470932306074e-13
-1.420882753677688e-07
-3.796316150328494e-09
-1.1987725923034986e-07
2.7898678922610998e-09
2.2452615322521297e-09
8.663361139582548e-10
-1.2252306724747086e-07
-6.836173582769334e-08
-1.4873421605443582e-08
-1.509903313490213e-14
5.367928324062632e-14
-4.9404924595819466e-15
2.886579864025407e-15
7.993605777301127e-15
-5.773159728050814e-15
-4.707345624410664e-14
-9.43689570931383e-15
-1.9872992140790302e-14
-1.9060369993439963e-07
-1.930173283426484e-07
-1.6773876510001173e-07
1.0467213940046349e-07
8.329905742954226e-08
1.4392452785116916e-08
-2.7180225492529075e-07
-1.5240747952560696e-07
-4.2512454001553124e-08
4.729550084903167e-14
-6.661338147750939e-16
3.3306690738754696e-16
3.497202527569243e-15
0.0
1.4876988529977098e-14
-4.440892098500626e-16
-1.9984014443252818e-15
4.440892098500626e-16
-9.104671647719441e-07
-5.391441675328679e-07
-7.78578925775264e-07
1.2321443648710684e-07
9.739861128732484e-08
1.3683066013570055e-08
-9.018251123649179e-07
-5.115817027778746e-07
-1.6741233821448986e-07
-8.038014698286133e-14
5.689893001203927e-15
1.1379786002407855e-15
2.220446049250313e-16
-1.7763568394002505e-15
7.327471962526033e-15
0.0
1.1102230246251565e-15
-1.7763568394002505e-15
-7.027370614309802e-07
-2.934071403615235e-07
-5.707246941710764e-07
-3.281749982875226e-09
-5.571990979724717e-09
-8.239239290830368e-10
-5.686456709952381e-07
-3.3027440626831606e-07
-1.3082575378575712e-07
-3.774758283725532e-14
-5.273559366969494e-16
-5.551115123125783e-17
-3.552713678800501e-15
-4.440892098500626e-15
5.551115123125783e-16
4.440892098500626e-16
-1.3877787807814457e-16
0.0
-1.4400258443458824e-06
-9.409000938376266e-07
-1.1654559486373728e-06
-2.3160051654258496e-09
2.016005140603738e-10
1.7023543685823486e-10
-1.1629789895550857e-06
-6.759060440231224e-07
-2.9117478561602184e-07
2.2648549702353193e-14
-5.190292640122607e-15
-4.163336342344337e-17
2.6645352591003757e-15
4.440892098500626e-15
1.6653345369377348e-16
-3.3306690738754696e-16
4.440892098500626e-16
4.440892098500626e-16
6.46262410697318e-07
-7.218515918339108e-07
6.096862747995146e-07
9.834622005655545e-11
3.4579628049868916e-10
2.67820654542561e-09
6.095291666952107e-07
3.362258880201807e-07
-2.5894806299220363e-09
5.284661597215745e-14
5.60142210392911e-15
2.0816681711721685e-16
-6.661338147750939e-16
0.0
-2.7755575615628914e-17
5.551115123125783e-16
1.7763568394002505e-15
0.0
8.5458000675942e-09
-3.2228058444161434e-08
6.152882647825209e-10
7.762821496726247e-10
1.4575931572835543e-09
8.056110667453709e-09
5.102407385493279e-11
-8.306848542360967e-10
-3.764686340446133e-10
8.659739592076221e-15
-4.08006961549745e-15
-5.551115123125783e-17
6.661338147750939e-16
1.3322676295501878e-15
1.1102230246251565e-16
-7.771561172376096e-16
-6.661338147750939e-16
-8.881784197001252e-16
1.1671729360784866e-08
2.435365331621142e-08
-1.3806555898554507e-10
1.4100010048423428e-10
5.552287518639787e-10
8.386670025117837e-09
-2.1866242150281323e-10
-1.3805490084450867e-09
3.637593559702168e-10
-8.659739592076221e-15
1.3322676295501878e-15
-2.7755575615628914e-17
-4.440892098500626e-16
-8.881784197001252e-16
0.0
3.3306690738754696e-16
-1.7486012637846216e-15
4.440892098500626e-16
5.003115255419743e-09
-1.3648741514771245e-07
-1.6714666983830284e-08
-6.0060827422603325e-09
-4.078692938946915e-10
8.433969966858967e-09
-9.569205872139719e-09
-3.129850156824432e-09
-9.64618884768953e-10
1.7319479184152442e-14
3.164135620181696e-15
2.192412917878528e-13
-9.43689570931383e-14
-5.5871973714261e-14
4.1744385725905886e-14
-1.532107773982716e-13
-2.289279876777073e-13
1.9761969838327786e-14
1.1871152054254708e-05
-7.049122217495096e-06
7.193344757183695e-06
8.026087662926784e-06
3.910199918522039e-06
-1.2487327083476885e-07
-8.398394371056384e-07
-4.6306393652884026e-07
1.731370463664561e-08
-1.8207657603852567e-14
-1.3128387266192476e-14
-4.440892098500626e-15
2.220446049250313e-15
-6.661338147750939e-16
0.0
-3.859135233597044e-13
-5.051514762044462e-14
-1.0436096431476471e-14
-7.5089183496857e-05
-1.421211777596909e-06
-6.323542698538631e-05
-6.028756314435668e-05
-3.416198535077797e-05
-6.319755769368385e-06
-2.933793567194698e-06
-1.6165725060801606e-06
1.295062892481269e-07
1.1324274851176597e-14
-2.706168622523819e-16
1.3877787807814457e-17
-4.440892098500626e-16
4.996003610813204e-16
4.440892098500626e-16
0.0
4.440892098500626e-16
-4.440892098500626e-16
-1.7103187133216124e-06
-1.55060627093917e-06
-1.5992762207872602e-06
-2.8523204562702627e-06
-1.7890486603278077e-06
-3.6235122991001845e-07
1.24901340292638e-06
7.028864086322528e-07
-5.0662412931501415e-08
3.441691376337985e-14
-2.1649348980190553e-15
2.7755575615628914e-17
6.661338147750939e-16
8.881784197001252e-16
2.220446049250313e-16
0.0
8.881784197001252e-16
-1.3322676295501878e-15
-1.4942502417625292e-06
-2.797994511638535e-07
-1.367917219496917e-06
5.943256553564425e-09
-6.957624165693232e-08
-3.08713978824926e-08
-1.3763648736286882e-06
-7.637951835448575e-07
-1.9904864245745557e-07
-9.525713551283843e-14
1.459943277382081e-14
-2.274846977456946e-13
1.0336176359260207e-13
1.0791367799356522e-13
-1.4205303600078878e-13
1.4910295220715852e-13
1.3322676295501878e-13
-8.171241461241152e-14
2.5839201356347985e-07
-4.1563401964594965e-07
1.6732195007307382e-07
2.2604066352016614e-07
9.644325871249748e-08
5.828241000926937e-09
-5.896623828105518e-08
-2.1822110340963267e-08
-2.7114865019939316e-08
4.063416270128073e-14
-2.7200464103316335e-15
-5.551115123125783e-17
-1.7763568394002505e-15
-1.7763568394002505e-15
1.1102230246251565e-16
8.870681966755001e-14
3.9968028886505635e-15
-8.881784197001252e-16
1.2239764117794039e-06
-3.0202625111996895e-07
1.0706185094022658e-06
6.182837566370836e-07
3.4028070494684926e-07
8.751562319275763e-08
4.5301893614180244e-07
2.7924298251491564e-07
5.291175853017194e-08
-9.325873406851315e-15
-2.0539125955565396e-15
0.0
9.992007221626409e-16
1.5543122344752192e-15
0.0
9.825473767932635e-14
-2.886579864025407e-15
0.0
5.428929057416099e-07
-3.0108330584255327e-07
5.037848289646263e-07
9.883608598215687e-09
4.418593491095635e-09
-8.5747084987986e-09
4.926030898744216e-07
3.059864148724501e-07
6.949516517806842e-08
1.0658141036401503e-14
-7.771561172376096e-16
0.0
-1.4432899320127035e-15
-2.220446049250313e-16
2.220446049250313e-16
2.220446049250313e-16
-8.881784197001252e-16
-1.7763568394002505e-15
1.0797351990277093e-07
-3.053130512853386e-07
1.170314831711039e-07
2.4708057821953844e-10
2.9184388239400505e-09
-3.7211635994793824e-09
1.1534638266752495e-07
9.29871490917833e-08
1.0413844009349305e-08
-3.4861002973229915e-14
-1.249000902703301e-16
-6.938893903907228e-18
7.771561172376096e-16
-8.881784197001252e-16
-4.440892098500626e-16
-1.3322676295501878e-15
8.881784197001252e-16
1.5543122344752192e-15
1.5203308834088602e-08
-6.108177785790758e-08
1.1702572244587373e-09
2.6910118577916364e-09
2.3908626189950155e-09
-1.539465221966907e-09
-8.372378346166442e-10
-3.191829023307946e-10
-8.07857114537569e-11
5.0182080713057076e-14
2.858824288409778e-15
2.983724378680108e-16
-1.7763568394002505e-15
5.995204332975845e-15
2.220446049250313e-16
2.220446049250313e-15
5.329070518200751e-15
-1.7763568394002505e-15
-2.5300188610799523e-07
2.4203836801461875e-07
-1.6752588294366433e-07
-1.6005644098981975e-07
-8.326545675174657e-08
-8.963436215481124e-09
-1.0539801031939078e-08
-3.3805873655978758e-09
-9.868639239130061e-11
3.1086244689504383e-15
-3.858025010572419e-15
0.0
1.1102230246251565e-16
-3.83026943495679e-15
-2.220446049250313e-15
-8.881784197001252e-16
-1.7763568394002505e-14
4.052314039881821e-15
5.362483932458417e-07
-5.0071932378159545e-08
4.923813392565535e-07
5.137941254673706e-07
2.949294817256032e-07
6.231907434539607e-08
-2.0119207633229053e-08
-1.1983081193989165e-11
-4.74061678801263e-10
8.659739592076221e-15
-1.0547118733938987e-15
-2.7755575615628914e-16
-3.352873534367973e-14
3.555489236362064e-14
1.0880185641326534e-14
-4.440892098500626e-16
1.4210854715202004e-14
-1.5146217613448698e-13
3.331891207380977e-07
1.8002495494329196e-08
2.70582340533565e-07
2.6415729809103894e-07
1.4931427561037935e-07
4.9844963712075696e-08
6.41298480985597e-09
1.8418422342847407e-09
4.4615200422981616e-11
-1.3322676295501878e-14
6.231126725708691e-15
-5.551115123125783e-17
6.661338147750939e-16
-1.1102230246251565e-16
0.0
1.3322676295501878e-15
-5.773159728050814e-15
1.3378187446733136e-14
8.435880261004058e-08
1.1871556182541099e-08
7.497686560498096e-08
7.260779644191473e-08
4.0286816105350454e-08
2.1708075337301125e-08
2.3283952543806663e-09
2.517776209742806e-09
6.781086803187009e-11
1.7208456881689926e-14
1.8041124150158794e-16
0.0
8.881784197001252e-16
-1.1102230246251565e-16
6.661338147750939e-16
-2.220446049250313e-16
1.73749903353837e-14
-7.771561172376096e-15
-3.826681904683937e-08
-1.0707125852604804e-08
-3.936193682108069e-08
-4.110116247346696e-08
-2.4510460331500505e-08
-2.6267343855579384e-10
1.4295817862830518e-09
3.8329339702158904e-10
1.2985168496015831e-11
-1.887379141862766e-15
-1.6792123247455493e-15
0.0
2.220446049250313e-16
1.887379141862766e-15
-7.771561172376096e-16
-1.9984014443252818e-15
-2.886579864025407e-15
3.552713678800501e-15
-9.509830078968662e-08
-4.614337356656506e-08
-8.89942266546484e-08
-9.014988400224411e-08
-5.231888433598897e-08
-1.6976372307908605e-08
7.63346719168112e-10
-3.8442955485606944e-09
-1.3700995893373147e-10
-6.195044477408373e-14
-2.581268532253489e-15
0.0
5.995204332975845e-15
5.551115123125783e-16
-5.839773109528323e-14
2.4424906541753444e-15
-4.9649173661237e-13
-8.881784197001252e-16
-1.305255601380395e-07
-7.895682330172349e-08
-1.1146455847210746e-07
-1.111903999984065e-07
-6.329572865837463e-08
-2.8952854336239398e-08
-2.501945317590071e-10
-5.998035845777849e-09
-1.6208967501540883e-10
2.1760371282653068e-14
3.112093915902392e-15
-1.1102230246251565e-16
-3.3306690738754696e-15
-5.551115123125783e-16
-1.1102230246251565e-16
2.220446049250313e-16
-5.773159728050814e-15
2.220446049250313e-16
-1.00949023362773e-07
-7.954614744676292e-08
-7.454084460789545e-08
-7.677193814004113e-08
-4.1192571131887235e-08
-2.550483202412579e-08
6.187388379430558e-10
-1.2599850052197326e-09
5.821753079615632e-10
1.0103029524088925e-14
-5.55805401702969e-15
0.0
-2.220446049250313e-16
-2.55351295663786e-15
4.440892098500626e-16
-4.440892098500626e-15
1.7763568394002505e-15
8.881784197001252e-16
4.2643181874524316e-08
-7.244408806172942e-08
4.7074530939994474e-08
1.3299100487529357e-08
1.163878060594925e-08
-5.567542871176556e-09
3.345820864808502e-08
2.9577313931383742e-08
5.710655504032047e-09
-3.3639757646142243e-14
2.609024107869118e-15
-1.1102230246251565e-16
2.220446049250313e-16
1.4432899320127035e-15
1.1102230246251565e-16
3.885780586188048e-15
-2.6645352591003757e-15
-4.440892098500626e-16
4.305632614887145e-07
-3.6464484765019733e-07
3.3655744857696845e-07
4.186563984376335e-08
2.7309155825605558e-08
7.25550819424825e-09
2.9555417135895823e-07
2.3457577333352297e-07
3.399855408314778e-08
1.865174681370263e-14
3.1363800445660672e-15
3.3306690738754696e-16
0.0
-6.661338147750939e-16
0.0
-2.976785484776201e-15
7.105427357601002e-15
-8.881784197001252e-16
6.034226771589601e-07
-6.576280497938569e-07
4.096533405828495e-07
-1.2348529310202139e-08
-5.348809395400167e-09
3.6070133546672878e-09
4.2488104234905677e-07
3.3872864690920323e-07
2.794004810846573e-08
2.853273173286652e-14
-2.7200464103316335e-15
-1.6653345369377348e-16
0.0
-6.661338147750939e-16
6.106226635438361e-16
3.7192471324942744e-15
-2.6645352591003757e-15
0.0
-4.676092402178256e-08
-5.605917152706752e-08
-5.4648343628116436e-08
-3.9490492653726506e-08
-2.46228317735131e-08
-3.13583825573005e-09
-1.0867296396099846e-08
2.211335115021029e-09
-1.9390325040058443e-09
-1.0658141036401503e-14
2.6922908347160046e-15
5.551115123125783e-16
-2.220446049250313e-16
5.551115123125783e-17
-5.551115123125783e-17
-1.1102230246251565e-15
8.881784197001252e-16
4.440892098500626e-16
-1.8711246951852445e-07
-8.354818525901919e-08
-1.4598496722584287e-07
-1.275761682961729e-07
-8.343249646713957e-08
-2.868243598186382e-08
-1.382105718761295e-08
-9.040948434346774e-09
1.0211433087992106e-09
-5.773159728050814e-15
-8.465450562766819e-16
-1.6653345369377348e-16
0.0
1.3322676295501878e-15
-5.551115123125783e-16
-2.4424906541753444e-15
-8.881784197001252e-16
0.0
-3.7938909258627973e-07
-2.2256999443470704e-07
-2.8654627026725166e-07
-2.9014769431512377e-07
-1.8496899301112532e-07
-7.206784857771709e-08
6.471655100703799e-09
3.0584885735152056e-09
2.1113439052644623e-09
5.551115123125783e-15
2.886579864025407e-15
2.4147350785597155e-15
1.5543122344752192e-15
-2.2343238370581275e-15
-1.2212453270876722e-15
1.27675647831893e-14
-8.881784197001252e-16
6.94999613415348e-14
-2.79709112760429e-07
-3.278195492839587e-07
-1.9945597529158476e-07
-2.3293062589857527e-07
-1.5155749721884604e-07
-7.338638852161239e-08
3.4272840565563456e-08
2.1797604610185317e-08
5.8467637120696025e-09
-3.219646771412954e-14
-3.851086116668512e-15
7.216449660063518e-16
-4.440892098500626e-16
9.43689570931383e-16
0.0
-1.6653345369377348e-15
-8.881784197001252e-16
6.661338147750939e-16
1.8954872871290715e-07
-4.1721929733284924e-07
1.702321217322833e-07
4.177660706261577e-08
1.5493199612137687e-08
-2.2424572421186895e-08
1.2876298871589142e-07
8.423533870427491e-08
2.3329257387016966e-08
3.730349362740526e-14
2.4422738137408473e-15
1.1102230246251565e-16
-1.1102230246251565e-16
-3.3306690738754696e-16
2.220446049250313e-16
2.220446049250313e-15
-8.881784197001252e-16
-2.2898349882893854e-16
6.545539434910097e-07
-6.319533554233203e-07
5.103223656988121e-07
1.8409332547264512e-07
1.0474855294262397e-07
1.7678118524599995e-08
3.2612399358811217e-07
2.1840387809390904e-07
6.086368337099302e-08
-3.708144902248023e-14
-3.5318969970887792e-15
-3.3306690738754696e-16
1.3877787807814457e-15
2.1094237467877974e-15
0.0
-5.551115123125783e-16
2.220446049250313e-16
2.220446049250313e-16
1.3878505455977574e-07
-3.034944882074342e-07
1.1045232994888465e-07
-3.406519866189228e-08
-1.9805426632046874e-08
-9.766196740201849e-09
1.4022645977718184e-07
9.711078519103467e-08
2.658097464358633e-08
4.796163466380676e-14
4.1772141301521515e-15
-7.45931094670027e-17
-3.3306690738754696e-16
-2.220446049250313e-16
4.440892098500626e-16
-3.219646771412954e-15
-4.440892098500626e-16
-2.220446049250313e-16
-1.0019101921443507e-06
-1.141440151286588e-07
-7.834350768121112e-07
-7.98528869694337e-07
-4.5316365504533e-07
-1.5812076981092105e-07
1.0217885204610866e-08
1.0765626612396773e-08
2.9334565887495497e-09
-1.3322676295501878e-14
2.2065682614424986e-15
2.7755575615628914e-17
-1.887379141862766e-15
-4.440892098500626e-16
4.440892098500626e-16
1.9984014443252818e-15
6.661338147750939e-16
8.881784197001252e-16
-4.254700343153672e-06
-3.3360131084236855e-06
-4.073417658290168e-06
-2.8193904917372947e-06
-1.5326399722681572e-06
-6.14473648852254e-07
-1.2551628323365094e-06
-7.2868650313751e-07
-4.3514858383275623e-07
-8.659739592076221e-15
-6.1201044232461754e-15
2.498001805406602e-16
5.551115123125783e-16
4.440892098500626e-16
0.0
3.885780586188048e-16
2.220446049250313e-15
-2.220446049250313e-16
7.203623848539564e-07
-4.6148136618739954e-06
-5.295642147018498e-08
-8.755998628373618e-07
-3.0875925816076233e-07
-2.3814954275280795e-07
8.314700679079579e-07
5.558665741034474e-07
-2.3102600010815877e-07
6.661338147750939e-16
6.321332346459485e-15
-3.7470027081099033e-16
6.661338147750939e-16
-2.6645352591003757e-15
1.3322676295501878e-15
-2.220446049250313e-16
-2.6645352591003757e-15
0.0
-1.4997750739098592e-05
-2.801506724381397e-06
-1.339098768582403e-05
-1.4867052595235464e-05
-8.411230334459674e-06
-3.1390993140145707e-06
1.4877176610639253e-06
9.588278482297596e-07
-1.391480495271935e-07
3.552713678800501e-15
-1.2906342661267445e-15
9.367506770274758e-17
0.0
-8.881784197001252e-16
-4.440892098500626e-16
-2.220446049250313e-15
-2.220446049250313e-16
4.440892098500626e-16
2.488012306400833e-06
-2.660907014728764e-06
1.380879577794758e-06
-2.7384789547113545e-08
-2.0759939545200726e-08
-6.540220753858961e-09
1.4037446902648298e-06
9.153312845455729e-07
-1.4444338347630037e-07
-2.864375403532904e-14
-5.009881398621019e-15
4.0939474033052647e-16
4.440892098500626e-16
2.6645352591003757e-15
2.220446049250313e-16
1.7763568394002505e-15
1.9984014443252818e-15
-4.440892098500626e-16
2.1038257216332568e-06
-2.4689200728289507e-06
1.1975204010639118e-06
-8.215664593080874e-09
-1.6185802566293095e-08
-5.498456689956299e-09
1.19757543615151e-06
7.884576938010922e-07
-1.689777420210703e-07
3.774758283725532e-14
7.405187574249794e-14
1.149080830487037e-14
-2.0872192862952943e-14
-1.7763568394002505e-15
-3.7192471324942744e-15
-1.9539925233402755e-14
9.2148511043888e-15
-4.440892098500626e-16
1.6782725289488098e-06
-2.282862482161363e-06
9.527101241246784e-07
3.5422722532985063e-09
-1.3217804628595786e-08
-4.6383445972963955e-09
9.376847387443377e-07
6.213480938654925e-07
-2.0088708652110654e-07
-1.9095836023552692e-14
-1.2419232309213157e-13
8.326672684688674e-17
1.0658141036401503e-14
1.7763568394002505e-15
2.220446049250313e-15
2.6645352591003757e-15
-2.005340338229189e-15
-4.440892098500626e-16
1.324925941403876e-06
-2.1598474830852865e-06
7.50621733658363e-07
6.9401018265580205e-09
-5.498324462394066e-09
-3.279537974520963e-09
7.319894734791887e-07
4.819066568018116e-07
-2.298874193229494e-07
-5.551115123125783e-15
2.3175905639050143e-15
-5.551115123125783e-16
8.881784197001252e-16
4.884981308350689e-15
-2.7755575615628914e-15
-1.3322676295501878e-15
6.106226635438361e-16
-2.220446049250313e-16
9.562472360613583e-07
-2.075725170413989e-06
5.149262136683319e-07
7.021746739610535e-09
-9.192202554686446e-11
-1.654099524017738e-09
4.966038247289362e-07
3.275884710163268e-07
-2.6552955034730985e-07
4.6629367034256575e-14
1.457167719820518e-15
4.163336342344337e-17
-4.440892098500626e-16
-3.1086244689504383e-15
-1.1102230246251565e-15
4.440892098500626e-16
-2.220446049250313e-16
-2.220446049250313e-16
5.813249703834344e-07
-2.033243475807467e-06
2.5857048768784807e-07
6.3182099552250284e-09
1.721526032838483e-09
-9.011902335487319e-12
2.424256670963132e-07
1.6851520356908622e-07
-3.062080651261567e-07
-9.325873406851315e-15
-3.149702720861569e-13
1.3395708153840502e-13
-3.8191672047105385e-14
1.7541523789077473e-14
1.2212453270876722e-14
6.006306563222097e-13
-3.3306690738754696e-16
1.3151701949709604e-12
2.9850594529534646e-07
-2.033498844866699e-06
5.952385251362103e-08
5.350166532025469e-09
1.8424684000706293e-09
1.3264958020897666e-09
4.750262405650573e-08
4.5718340224709664e-08
-3.479492676206064e-07
-1.687538997430238e-14
1.7667117768738194e-13
-4.361788707996084e-14
8.881784197001252e-16
-1.0810796702287462e-14
-5.329070518200751e-15
2.220446049250313e-16
1.9984014443252818e-15
-2.1094237467877974e-15
3.6995468377654106e-07
-2.085434005039133e-06
1.2816019534511724e-07
4.8149999543056765e-09
2.3802542159501172e-09
2.201407278690226e-09
1.2193700626994541e-07
7.044559779956217e-08
-3.7289653675998125e-07
2.020605904817785e-14
9.43689570931383e-16
-7.7021722333370235e-16
4.440892098500626e-16
3.552713678800501e-15
6.661338147750939e-16
0.0
-3.1086244689504383e-15
-1.3322676295501878e-15
1.4492541424715455e-06
-2.209025694810407e-06
9.997401360095637e-07
9.006939194478036e-09
7.351455444393196e-09
3.274446269685427e-09
9.959732807374166e-07
5.307901989048958e-07
-3.2046858677858836e-07
-1.3988810110276972e-14
3.774758283725532e-15
1.8041124150158794e-16
1.7763568394002505e-15
8.881784197001252e-16
-1.1102230246251565e-15
0.0
1.2212453270876722e-15
8.881784197001252e-16
5.363387288070953e-06
-2.5808674308791524e-06
4.200009621868617e-06
4.2459797455762776e-08
3.5824785804550174e-08
8.080699887003107e-09
4.170799600800024e-06
2.246636155223136e-06
-2.360128803502448e-08
-2.4424906541753444e-14
-2.4980018054066022e-15
2.09277040141842e-13
9.725553695716371e-14
-5.950795411990839e-13
-3.3306690738754696e-15
-1.184163878065192e-12
3.7203573555188996e-13
-8.992806499463768e-13
1.7429168664762074e-05
-4.938422250688745e-06
1.4329519073541519e-05
2.334280946314493e-07
1.857946076988526e-07
2.9903876264114615e-08
1.4113290295547642e-05
7.724796020625035e-06
9.854783939999834e-07
3.1308289294429414e-14
-3.774758283725532e-15
-4.163336342344337e-16
2.220446049250313e-16
0.0
0.0
-6.45039577307216e-14
3.0686564400639327e-13
1.474376176702208e-13
4.3767078210521504e-05
-1.4220536893816416e-05
3.747078736093812e-05
8.253724459450495e-08
7.612404306911458e-08
4.510740447827288e-09
3.7399311233698995e-05
2.0641695837042562e-05
3.378684866106596e-06
3.9968028886505635e-14
3.0531133177191805e-15
-2.7755575615628914e-14
-3.1086244689504383e-15
-8.881784197001252e-16
-2.220446049250313e-16
-2.220446049250313e-16
2.220446049250313e-16
0.0
-2.1171445041545667e-06
1.7006460666380008e-06
-1.5137908242479625e-06
-1.4840254243253526e-06
-1.0779390071657957e-06
-8.449914523644964e-08
-6.387775641769623e-09
-9.636002218371686e-09
-4.018659627291754e-09
-4.6407322429331543e-14
-1.5161483180037294e-15
-2.7755575615628914e-16
2.942091015256665e-15
-2.6645352591003757e-15
3.7470027081099033e-16
4.440892098500626e-16
4.440892098500626e-16
1.7763568394002505e-15
-7.632825571590729e-07
5.520267905012588e-07
-5.364445065936252e-07
-4.862847138298321e-07
-3.3369374397018703e-07
4.352994825707057e-09
-2.2634839780266702e-08
-2.1573956843212727e-08
-3.4841930451889884e-09
3.530509218307998e-14
2.5479618415147343e-13
-5.727016083589831e-13
3.2240876635114546e-13
3.4638958368304884e-14
3.293754158306683e-13
-3.212985433265203e-13
3.3084646133829665e-13
3.0098146197587994e-13
-8.140203533457678e-07
7.429001698255888e-07
-7.711175840086071e-07
-7.175490672750584e-07
-4.4893087647324137e-07
-8.909378301780178e-08
-4.9510925137497e-08
-4.298661440693685e-08
-6.900007842869371e-09
1.199040866595169e-14
5.029310301551959e-14
-1.486102907399811e-13
8.881784197001252e-16
8.881784197001252e-16
0.0
3.319566843629218e-14
2.9809488211185453e-13
-7.960299086562372e-14
-2.260565906908596e-06
1.5009953244771168e-06
-2.2754986161999113e-06
-2.131386160897364e-06
-1.2966861984153866e-06
-3.7860792900801243e-07
-1.5244495876753916e-07
-8.697353370834549e-08
-4.185480129148544e-09
1.687538997430238e-14
-5.0862092315639984e-15
2.7755575615628914e-17
-2.6645352591003757e-15
-8.881784197001252e-16
-4.440892098500626e-16
7.216449660063518e-16
-1.609823385706477e-15
7.216449660063518e-16
-1.6531261906038708e-06
1.3039306736573055e-06
-1.7243360683760756e-06
-1.5809121869381215e-06
-9.441953879307795e-07
-2.4754771743573656e-07
-1.6744323083628387e-07
-9.430331893156563e-08
-3.7153145560075984e-09
9.769962616701378e-15
3.977720930414819e-15
-1.249000902703301e-16
1.7763568394002505e-15
-4.440892098500626e-16
0.0
4.996003610813204e-16
1.1102230246251565e-16
-1.3322676295501878e-15
-1.0530793161933616e-06
1.2162375355728727e-06
-1.1152153334137438e-06
-1.017955671755999e-06
-5.776721536676632e-07
-7.102025278982182e-08
-1.4575756601686862e-07
-8.960485420317355e-08
-4.5732138145848644e-09
3.2862601528904634e-14
6.875056079991282e-14
6.556977183436175e-13
-8.633094239485217e-13
6.3860028376439e-13
2.282618538629322e-13
1.7363888105137448e-13
-3.510525203864745e-13
-6.650235917504688e-14
6.452420961977623e-07
1.8551414484591078e-06
1.26213436146827e-07
2.296162051607098e-07
1.4260149683309464e-07
9.38008781758981e-08
-1.3520693542545814e-07
-1.136366432064051e-07
-3.89650930965324e-09
-8.881784197001252e-16
-2.7697288906836093e-13
3.442385265728376e-14
-1.2256862191861728e-13
1.63202784619898e-14
4.474198789239381e-14
1.5543122344752192e-15
1.3322676295501878e-15
2.1649348980190553e-15
1.2165969138777655e-06
2.3836164189106057e-06
4.0881369756107233e-07
5.827831763838276e-07
3.6432695083021827e-07
1.688339210659251e-07
-1.846165886831841e-07
-1.8343438057399908e-07
4.12394357551804e-09
-3.8413716652030416e-14
2.1718737919229625e-15
-1.1102230246251565e-16
-6.661338147750939e-16
1.1102230246251565e-16
-9.992007221626409e-16
6.328271240363392e-15
-4.440892098500626e-16
-1.9984014443252818e-15
-5.644238230972931e-05
-2.1608927163185854e-06
-4.576011666301838e-05
-3.367505030382745e-08
1.9109062776578867e-08
7.837208215732971e-08
-4.5820565443221994e-05
-2.4819067142800577e-05
-7.536152409337582e-06
1.0880185641326534e-14
-2.9559688030644793e-15
3.608224830031759e-16
-4.440892098500626e-16
8.881784197001252e-16
2.7755575615628914e-15
1.1102230246251565e-16
0.0
8.881784197001252e-16
1.224413655354084e-06
2.006347898486638e-06
2.769255296186657e-07
1.0754111201549676e-06
6.507697989377448e-07
2.0248235443887097e-07
-6.998139463476606e-07
-2.966977081797495e-07
-8.455122380013336e-09
-2.3314683517128287e-14
6.087253097419865e-16
-3.0531133177191805e-16
2.1094237467877974e-15
1.9984014443252818e-15
1.1879386363489175e-14
2.220446049250313e-16
-3.552713678800501e-15
-8.881784197001252e-16
2.7322443012511854e-06
7.192813313849911e-07
1.6209163931080184e-06
2.107066592316187e-06
1.2525681167829816e-06
3.0281821494781985e-07
-3.734411841982422e-07
-1.3507146334745812e-07
4.223715155404761e-09
4.8627768478581856e-14
3.1433189384699745e-15
-4.996003610813204e-16
-7.771561172376096e-16
-2.9976021664879227e-15
5.551115123125783e-16
2.220446049250313e-16
1.7763568394002505e-15
0.0
3.4650440499106594e-06
-5.5692069622637064e-08
2.1558118490361267e-06
2.3551700110147067e-06
1.425690732581586e-06
2.8274916985537857e-07
-1.480416571553178e-07
-8.084908031946725e-08
2.952114191989708e-08
1.3988810110276972e-14
-1.7763568394002505e-15
2.7755575615628914e-17
-4.440892098500626e-16
1.6653345369377348e-15
-8.881784197001252e-16
-4.440892098500626e-16
-8.881784197001252e-16
0.0
2.986465269083638e-06
-6.709741739996389e-07
1.7500834821118638e-06
1.7427049048279741e-06
1.1215849297224745e-06
1.3606445747882387e-07
-1.6399736679773014e-08
-9.782446852568683e-08
2.2583619530003318e-08
-1.865174681370263e-14
2.9837243786801082e-15
3.7470027081099033e-16
4.440892098500626e-16
-5.828670879282072e-16
4.440892098500626e-16
-4.440892098500626e-16
-1.7763568394002505e-15
-3.552713678800501e-15
2.318370177611939e-06
-1.1668791870533823e-06
1.3386720913999284e-06
1.2315490245384808e-06
8.601021606047254e-07
1.7311762690042087e-08
6.681241160322315e-08
-6.57727193820179e-08
1.315011838309843e-08
-1.509903313490213e-14
-3.816391647148976e-15
-2.6020852139652106e-18
2.220446049250313e-16
1.2212453270876722e-15
-6.106226635438361e-16
1.7763568394002505e-15
4.440892098500626e-15
2.6645352591003757e-15
2.38490060233687e-06
-1.38967207163887e-06
1.5393444234845788e-06
1.4609979768209769e-06
9.80018829643825e-07
2.3351887534772686e-08
6.013263664783608e-08
-4.927058494530456e-08
-7.362681908595903e-09
1.4654943925052066e-14
-1.1976530878143876e-14
1.5987211554602254e-14
-4.374278717023117e-14
-2.9976021664879227e-14
2.681188604469753e-14
1.6653345369377348e-13
0.0
-4.4853010194856324e-14
1.9300288656154407e-06
-2.0320390277106526e-06
1.1229655454414456e-06
9.954524147204324e-07
7.200182943201128e-07
-7.903004473064357e-08
9.515090582112862e-08
-1.0735646149839795e-08
-6.15592954389399e-09
-5.551115123125783e-15
2.1621593404574924e-14
3.3861802251067274e-15
0.0
1.9984014443252818e-15
4.2327252813834093e-16
3.2374103398069565e-13
1.9095836023552692e-14
3.730349362740526e-14
2.5085105193056734e-07
-2.7901595238688515e-06
-3.1363643238080385e-07
-4.873628565160715e-07
-1.0385509796595471e-07
-3.673548292226769e-07
1.5210585146974154e-07
3.069969700675301e-08
-2.9130624579210007e-09
-2.8199664825478976e-14
5.329070518200751e-15
0.0
0.0
-1.2212453270876722e-15
-2.498001805406602e-16
0.0
4.440892098500626e-16
-8.326672684688674e-16
-5.20518854330021e-06
-4.3737855648373625e-06
-4.858463594104023e-06
-5.11818596615754e-06
-2.6494698264212246e-06
-1.2219029486004729e-06
1.88376278131841e-07
7.971192061972943e-08
3.501269274508445e-09
4.285460875053104e-14
-3.9065972678997696e-15
-1.1102230246251565e-16
-4.440892098500626e-16
8.881784197001252e-16
7.771561172376096e-16
-3.1086244689504383e-15
2.7755575615628914e-15
-3.774758283725532e-15
-1.8061786121847945e-05
-7.217699753425677e-06
-1.5500843883131665e-05
-1.59328282918203e-05
-8.515906374739757e-06
-3.2107533201042315e-06
2.090910147245495e-07
1.0740705569389775e-07
5.4712083752406215e-09
