0.0
2.886579864025407e-15
7.077671781985373e-16
-7.771561172376096e-16
8.881784197001252e-16
1.1102230246251565e-16
0.0
4.440892098500626e-16
-1.3322676295501878e-15
-2.221801878476981e-05
2.882218120703328e-05
-2.1783153485444018e-05
-2.3598656223811076e-05
-8.404621169688653e-06
-3.603028886356441e-06
1.8046356089485016e-06
1.4550729234841242e-06
9.732157622011073e-07
4.440892098500626e-16
3.885780586188048e-15
-4.163336342344337e-17
1.1102230246251565e-16
-2.220446049250313e-16
0.0
0.0
-3.3306690738754696e-16
-6.661338147750939e-16
8.032223291820628e-06
1.1471966047338356e-05
1.2735233951843838e-06
-1.6390088397599811e-06
-8.30160836073901e-07
-2.915468972908286e-07
2.906775968369857e-06
3.2227092647829636e-06
2.409811358461411e-06
-6.661338147750939e-16
-5.703770789011742e-15
8.326672684688674e-17
-1.3322676295501878e-15
5.551115123125783e-17
1.1102230246251565e-16
2.220446049250313e-16
-2.4424906541753444e-15
1.3322676295501878e-15
2.648441289920811e-05
1.4289992066096602e-05
1.169142817758484e-05
-8.000391105156268e-07
-4.019006691891036e-07
-1.4015513571941085e-07
1.2487934965221825e-05
9.217149525397872e-06
3.8750859978620156e-06
5.995204332975845e-15
-9.498695233145504e-15
-1.4072076837123859e-14
-1.0436096431476471e-14
-1.2212453270876722e-14
-4.440892098500626e-16
-7.346206976066583e-14
-1.5853984791647235e-13
1.1546319456101628e-14
2.3377857658601897e-05
1.3389569744504115e-05
8.81428116095151e-06
-1.4526717642127094e-06
-8.622158915727596e-07
-2.70289197246143e-07
1.0248076629082448e-05
7.690448845368292e-06
2.8267375782320414e-06
-1.1102230246251565e-15
4.718447854656915e-15
-2.7755575615628914e-17
-1.3322676295501878e-15
2.220446049250313e-16
2.220446049250313e-16
-1.5543122344752192e-15
1.7763568394002505e-15
-8.881784197001252e-16
8.222772066801554e-06
2.322167944157627e-05
-1.446792912140893e-06
-8.312920666497803e-06
-5.8245232166243e-06
-1.728449837479218e-06
6.771568678232143e-06
5.117229210815921e-06
1.5948003699861601e-06
1.5543122344752192e-15
-4.6351811278100286e-15
1.6653345369377348e-16
-8.881784197001252e-16
2.831068712794149e-15
3.9968028886505635e-15
1.7763568394002505e-15
-4.440892098500626e-15
0.0
8.858976620729209e-06
-3.097821505093634e-06
-5.066675056397685e-06
-6.245056987097541e-06
-1.3831061016489343e-06
-2.872038859624837e-06
1.2013382875153411e-06
1.4565552975964735e-06
5.5319276270893176e-08
-9.103828801926284e-15
2.418204525511669e-15
-2.7755575615628914e-17
3.552713678800501e-15
-4.440892098500626e-16
-1.687538997430238e-14
0.0
8.881784197001252e-16
-8.881784197001252e-16
3.546441692492408e-05
1.3633294145165564e-05
3.244660598511473e-05
3.288920753163893e-05
1.8737198066887117e-05
4.152943745339144e-06
-3.5210156834608597e-07
-1.4376238111069028e-07
-1.1590019144414043e-07
-1.9984014443252818e-15
3.164135620181696e-15
-6.938893903907228e-17
-3.6637359812630166e-15
8.881784197001252e-16
8.881784197001252e-16
0.0
6.217248937900877e-15
1.7763568394002505e-15
1.5354390697552844e-05
6.39269268276621e-06
1.366319746409772e-05
1.3767123320462813e-05
7.592702916170424e-06
1.7276578816449728e-06
-2.7262000656946842e-08
9.355938246358164e-10
5.755822207742511e-10
8.881784197001252e-16
-4.2049697057677804e-15
4.163336342344337e-17
1.5543122344752192e-15
4.440892098500626e-16
-2.220446049250313e-16
4.440892098500626e-16
0.0
0.0
4.106572774276174e-06
3.17534976090883e-06
3.7204080278741e-06
3.79423072871532e-06
1.9932866788252568e-06
5.2775022396645e-07
-3.0205152157236625e-08
4.456114588435867e-09
-2.0420192620163036e-10
0.0
-3.2057689836051395e-15
5.551115123125783e-17
8.881784197001252e-16
-2.7755575615628914e-15
6.661338147750939e-16
0.0
1.7763568394002505e-15
-1.7763568394002505e-15
3.515521029839874e-07
1.0905334271171796e-06
3.857298818132903e-07
4.2696773405737076e-07
1.9006611484684297e-07
1.0767737279593349e-07
-2.235180041054718e-08
3.863802944259476e-09
-1.6615742115533294e-10
4.440892098500626e-16
5.037636974236648e-15
-1.3877787807814457e-17
0.0
3.3861802251067274e-15
-2.220446049250313e-16
-4.440892098500626e-16
-5.329070518200751e-15
-1.3322676295501878e-15
-3.798565586521363e-07
-8.98843879326705e-08
-2.6753500925735807e-07
-2.481239143037328e-07
-1.161826297391144e-07
2.510081031914524e-08
-1.5278196485724038e-08
3.3968747814583367e-09
-1.5660406305073593e-10
7.105427357601002e-15
2.67841304690819e-15
-4.912736883966318e-15
5.773159728050814e-15
1.2823075934420558e-14
0.0
2.220446049250313e-15
-8.881784197001252e-16
-2.220446049250313e-15
-6.547805071477342e-07
-1.1910492148103911e-07
-5.461400771622493e-07
-5.330244228218817e-07
-2.9344087160154686e-07
-4.528882868726214e-08
-1.2056088571910095e-08
3.88601062439875e-09
-2.861431092071598e-10
1.1102230246251565e-15
-3.885780586188048e-16
0.0
2.220446049250313e-16
3.0531133177191805e-15
-3.3306690738754696e-16
-3.1086244689504383e-15
4.440892098500626e-16
-4.884981308350689e-15
-8.574111944881224e-07
-1.575816472865199e-07
-7.376216872856389e-07
-7.244223674263139e-07
-4.0655653066323794e-07
-8.173104504294315e-08
-1.2139222071994029e-08
3.5821665633761768e-09
-4.0389469546653345e-10
3.219646771412954e-15
-2.9698465908722937e-15
-1.1102230246251565e-16
-8.881784197001252e-16
7.771561172376096e-16
4.718447854656915e-16
3.1086244689504383e-15
-4.746203430272544e-15
-2.220446049250313e-15
-1.096089413010759e-06
-1.4896199651559527e-07
-9.459372851683412e-07
-9.329756842646475e-07
-5.257889208465372e-07
-1.0824872731518553e-07
-1.1926204024348408e-08
5.178374173908651e-09
-2.031937951230134e-10
-3.4416913763379853e-15
-1.429412144204889e-15
1.1102230246251565e-16
6.661338147750939e-16
-1.9984014443252818e-15
-6.38378239159465e-16
-1.7763568394002505e-15
9.325873406851315e-15
0.0
-1.3389237096816942e-06
-1.0086946033993627e-07
-1.1548377547021538e-06
-1.146755187697579e-06
-6.462784210015116e-07
-1.2822734163364657e-07
-7.144224767330343e-09
1.0234470160241926e-08
7.241813815284104e-10
2.220446049250313e-15
4.093947403305265e-15
0.0
-4.440892098500626e-16
1.5543122344752192e-15
1.5265566588595902e-15
6.661338147750939e-16
-8.881784197001252e-15
-8.881784197001252e-16
-1.51959589800299e-06
-1.1312273784369609e-08
-1.3102903322348425e-06
-1.3217849446078844e-06
-7.436938425087192e-07
-1.3837357926149707e-07
1.2475445565485188e-08
2.2422809609068395e-08
3.6509933964978813e-09
-1.1102230246251565e-16
9.020562075079397e-16
5.551115123125783e-17
2.220446049250313e-16
-5.551115123125783e-16
-1.942890293094024e-16
-2.220446049250313e-16
3.9968028886505635e-15
4.440892098500626e-16
-1.559408330464862e-06
1.1052435411329498e-07
-1.3390673263558028e-06
-1.4167902104844643e-06
-7.946977866879479e-07
-1.3410803489932732e-07
7.8813575221659e-08
6.104387206828932e-08
1.2917353631181072e-08
-4.440892098500626e-16
-4.898859096158503e-15
5.551115123125783e-17
0.0
-9.992007221626409e-16
-8.049116928532385e-16
8.881784197001252e-16
1.7763568394002505e-15
-4.440892098500626e-16
-1.3640202967124537e-06
1.914887377552077e-07
-1.162346680239068e-06
-1.4135354731159566e-06
-7.888088173757524e-07
-1.126605013723747e-07
2.522906079605036e-07
1.7429924836775967e-07
3.439120932480222e-08
-7.771561172376096e-16
5.707240235963695e-15
-5.551115123125783e-17
-1.1102230246251565e-16
9.992007221626409e-16
1.942890293094024e-16
-8.881784197001252e-16
2.6645352591003757e-14
-6.217248937900877e-15
-1.0425115024581544e-06
2.198268731490316e-07
-9.179724562713432e-07
-1.3323149117283606e-06
-7.377276887154949e-07
-7.625378373177227e-08
4.1527111482864143e-07
2.993389278671543e-07
4.488611615727223e-08
-1.3322676295501878e-15
-2.480654570646834e-15
-1.6264767310758543e-14
-5.218048215738236e-15
2.275957200481571e-15
-2.634004125923184e-14
2.220446049250313e-15
8.881784197001252e-16
5.329070518200751e-15
-1.0073920968522998e-06
5.396588278472336e-07
-9.344395879296031e-07
-1.1729507476410106e-06
-6.415395379377742e-07
-2.6350797099894407e-08
2.3930663889393244e-07
1.9115602301056356e-07
1.6476350506167137e-08
7.771561172376096e-16
-1.5543122344752192e-15
0.0
-2.220446049250313e-16
-1.1102230246251565e-15
-4.163336342344337e-17
-3.608224830031759e-16
-4.440892098500626e-15
-4.440892098500626e-16
-9.45836820420709e-07
9.7572225854492e-07
-8.882873032689532e-07
-9.361341273272926e-07
-5.014072552711468e-07
3.4355387867890386e-08
4.8625226067855465e-08
5.784871071057296e-08
8.03227345747004e-10
6.217248937900877e-15
-3.191891195797325e-15
0.0
2.220446049250313e-16
5.273559366969494e-16
8.010085650322907e-16
-4.884981308350689e-15
7.105427357601002e-15
0.0
-6.219358041903433e-07
1.255537597444345e-06
-6.281373021721492e-07
-6.267310417307215e-07
-3.215320827365531e-07
1.0212436762913057e-07
-5.258025126408938e-10
2.013600663985926e-08
3.893930455856065e-10
-6.8833827526759706e-15
6.38378239159465e-16
-9.270362255620057e-15
8.659739592076221e-15
5.620504062164855e-14
9.240871956528451e-14
-1.2434497875801753e-14
-5.240252676230739e-14
1.7985612998927536e-14
-1.4764633959885032e-07
1.413225582780342e-06
-2.5833777606010244e-07
-2.6004130937451464e-07
-1.1209575667692206e-07
1.7298714283242586e-07
2.5227766542457175e-09
1.7431133869649784e-08
2.8676694352469667e-09
-1.1102230246251565e-15
2.373101715136272e-15
1.1796119636642288e-16
-3.3306690738754696e-16
2.220446049250313e-16
-5.828670879282072e-16
4.218847493575595e-15
8.881784197001252e-16
1.1102230246251565e-16
4.888561377924816e-07
1.4889068289392071e-06
2.408241748241835e-07
2.1746091238838974e-07
1.5474996040154565e-07
2.5268293768476724e-07
2.4113584018436995e-08
2.509707819342566e-08
6.761244675246303e-09
1.7763568394002505e-15
2.6645352591003757e-15
3.122502256758253e-17
1.1102230246251565e-16
0.0
2.220446049250313e-16
5.551115123125783e-16
0.0
-1.1102230246251565e-16
1.1406855122686466e-06
1.5017347596568698e-06
7.538689601460646e-07
7.076858192789359e-07
4.2253433552019715e-07
3.268907988740466e-07
4.691909971654695e-08
3.406597848254478e-08
1.06348455597427e-08
-3.8413716652030416e-14
-9.076073226310655e-15
3.1799649718999845e-15
-7.288614156664153e-14
4.3076653355456074e-14
6.705747068735946e-14
-4.496403249731884e-15
3.3084646133829665e-14
-1.3433698597964394e-13
1.673064531360069e-06
1.4870624553964262e-06
1.17002555910517e-06
1.120934612686142e-06
6.417744457636043e-07
3.8766516752275493e-07
4.94022840413777e-08
3.2919164283384816e-08
1.0650058612782232e-08
3.774758283725532e-15
2.609024107869118e-15
1.491862189340054e-16
-7.216449660063518e-16
-8.881784197001252e-16
-4.440892098500626e-16
2.185751579730777e-16
1.1657341758564144e-15
-5.551115123125783e-15
2.0476196738172803e-06
1.4634181439987515e-06
1.4564722761178928e-06
1.4214523353928143e-06
7.939383168675818e-07
4.340744936826013e-07
3.509739787688204e-08
2.3243035940367918e-08
7.2844225096346796e-09
-3.774758283725532e-15
5.190292640122607e-15
7.112366251504909e-17
5.345723863570129e-14
3.1086244689504383e-15
2.220446049250313e-16
-8.881784197001252e-16
0.0
1.092459456231154e-13
2.1892163033498946e-06
1.432172659576736e-06
1.547807475077434e-06
1.525690912274058e-06
8.328982197269852e-07
4.5194056497166457e-07
2.226013395834059e-08
1.489626644257669e-08
4.256758945331285e-09
-2.220446049250313e-16
-3.1502578323738817e-15
2.3592239273284576e-16
-3.1086244689504383e-15
-1.7763568394002505e-15
8.881784197001252e-16
9.71445146547012e-17
-1.7763568394002505e-15
-2.7755575615628914e-14
2.252459665896822e-06
1.3989836986638693e-06
1.5693254233895004e-06
1.5524884737772027e-06
8.225422192253973e-07
4.5686642380360354e-07
1.6992838580698333e-08
1.1409365896497548e-08
3.6275919490513786e-09
-6.439293542825908e-15
-1.865174681370263e-14
-9.658940314238862e-15
3.774758283725532e-15
-7.37188088351104e-14
-1.3322676295501878e-13
4.3298697960381105e-15
-2.0761170560490427e-14
6.494804694057166e-14
2.530096168129603e-06
1.2829058846364205e-06
1.7747594878159134e-06
1.7521476998183514e-06
8.992479578751045e-07
4.849242856153069e-07
2.285994149531234e-08
1.5350791748858228e-08
4.679363452275709e-09
1.5543122344752192e-15
-8.049116928532385e-16
-3.7470027081099033e-16
0.0
-1.7763568394002505e-15
-8.881784197001252e-16
-1.3322676295501878e-15
3.219646771412954e-15
-4.551914400963142e-15
1.6393755934984709e-06
9.766481241513247e-07
1.1081096431553306e-06
1.0541064625613217e-06
4.866188785257464e-07
2.9672748880216204e-07
5.4148479478044464e-08
5.3332076532797146e-08
4.6521050123260466e-08
4.218847493575595e-15
-2.6922908347160046e-15
3.5214886562329184e-16
0.0
0.0
0.0
2.4424906541753444e-15
-2.6922908347160046e-15
0.0
-1.986448722846035e-06
8.20297174186635e-07
-1.5310811498636667e-06
-3.556801075887961e-09
-9.702301184688622e-10
-1.767641549799137e-08
-1.5277957032822087e-06
-9.421104323337204e-07
-1.6635087618510624e-07
-5.10702591327572e-15
4.583139423530724e-15
-3.469446951953614e-16
4.440892098500626e-16
-4.440892098500626e-15
0.0
0.0
1.4432899320127035e-15
8.881784197001252e-16
-3.2205893774062133e-07
3.678972007037373e-07
-1.8561972581210284e-07
-4.546230059077061e-10
1.8669465973175647e-10
-2.0860732252714342e-08
-1.8474266738621736e-07
-1.4093838984763352e-07
4.9112713895738125e-11
1.9984014443252818e-15
-6.9111383282915995e-15
2.9976021664879227e-15
0.0
3.552713678800501e-15
2.1094237467877974e-14
3.530509218307998e-14
2.6423307986078726e-14
-4.3298697960381105e-15
3.280026703578187e-07
4.0633148046254064e-07
3.2377622716239784e-07
3.240305801455179e-10
4.350528270968823e-11
-1.673405691793306e-08
3.236048797816693e-07
1.529073827555294e-07
4.809243137060548e-08
1.5543122344752192e-15
-2.4980018054066022e-15
-2.7755575615628914e-16
-8.881784197001252e-16
-8.881784197001252e-15
1.3183898417423734e-16
-1.7763568394002505e-15
1.3322676295501878e-15
1.942890293094024e-16
2.5230052358438115e-07
3.28243913827464e-07
2.4113845142892387e-07
6.064837521080335e-11
-2.396349785271923e-11
-9.820142365946083e-09
2.4114676477893227e-07
1.1822878842604469e-07
3.935121384301965e-08
-3.552713678800501e-15
1.942890293094024e-16
1.6653345369377348e-16
-4.440892098500626e-16
6.661338147750939e-15
1.2212453270876722e-15
1.3322676295501878e-15
6.661338147750939e-16
-6.661338147750939e-15
2.1411241846180928e-07
1.180486890461907e-07
1.9820222263433607e-07
-4.153921651095516e-11
7.652056766005444e-11
-6.259433193989139e-09
1.981678288132116e-07
1.1192171811558183e-07
3.754473709705053e-08
5.995204332975845e-15
1.4988010832439613e-15
-4.941880238362728e-14
-8.881784197001252e-16
-3.6637359812630166e-15
4.440892098500626e-16
-1.0436096431476471e-14
3.6637359812630166e-15
6.439293542825908e-15
1.2680362715400406e-07
9.098836528664833e-08
1.211948408297303e-07
-7.310063665499911e-11
4.9189097239832336e-11
-4.332998182476899e-09
1.208725599610716e-07
6.85721275317519e-08
2.555823641614552e-08
8.881784197001252e-16
-2.1094237467877974e-15
-1.0408340855860843e-16
3.1086244689504383e-15
1.6653345369377348e-15
-1.1102230246251565e-15
-1.4654943925052066e-14
-2.4980018054066022e-15
4.440892098500626e-16
5.8511531619842565e-08
7.827745207578118e-08
6.042434463893187e-08
4.46780390461754e-11
1.447491015937885e-10
-3.5928002795060365e-09
6.037185151797075e-08
3.425037142790188e-08
1.6924872170420713e-08
9.547918011776346e-15
2.3869795029440866e-15
2.1621593404574924e-14
-2.4424906541753444e-15
-7.993605777301127e-15
4.440892098500626e-16
-1.1102230246251565e-15
6.661338147750939e-16
-4.440892098500626e-16
1.587695663829436e-08
7.377028055088886e-08
2.2109515995794027e-08
1.786766290479136e-10
2.2250423725722612e-10
-3.0733748879185896e-09
2.1921053416917857e-08
1.2248753122889866e-08
1.1467889748928428e-08
-2.4424906541753444e-15
5.551115123125783e-17
8.326672684688674e-17
-8.881784197001252e-16
1.0658141036401503e-14
-2.6645352591003757e-15
-6.661338147750939e-15
8.881784197001252e-16
0.0
-2.47205669268169e-08
8.038907139962248e-08
-1.4382494362141784e-08
3.447553353908006e-10
2.8722224598709545e-10
-1.3946789279017937e-09
-1.4731056818817477e-08
-9.158540148490601e-09
6.8817982423752255e-09
4.440892098500626e-16
1.1102230246251565e-15
8.326672684688674e-17
1.9984014443252818e-15
-8.881784197001252e-15
2.220446049250313e-15
0.0
2.220446049250313e-16
-8.881784197001252e-16
3.711906337855453e-10
-8.308234100695699e-10
3.646540847057622e-10
4.1174619269668256e-10
2.731841419745251e-10
-1.1669393229496448e-09
-4.68007854692587e-11
7.075406927015138e-11
-4.721556479125866e-12
6.661338147750939e-15
-3.0808688933348094e-15
-4.85722573273506e-17
-8.881784197001252e-16
2.6645352591003757e-15
-4.440892098500626e-16
4.440892098500626e-16
0.0
0.0
4.171409884179411e-10
-7.883045327616856e-10
1.9618084934336366e-11
2.3646595792570224e-10
2.9722935224185676e-10
-2.3383786018627006e-09
-2.1533475003110425e-10
-1.3557244216144682e-10
-1.6305345962308593e-11
-1.021405182655144e-14
1.8318679906315083e-15
4.163336342344337e-17
-9.992007221626409e-16
-8.881784197001252e-16
0.0
-6.661338147750939e-16
-1.1102230246251565e-15
-3.885780586188048e-16
-2.5989876917265065e-11
-1.183138920168858e-09
-2.405187160547939e-10
-7.532516832498004e-10
-3.293787464997422e-10
-1.0408782724624643e-09
5.151532533886893e-10
2.900053530652258e-10
-2.6714408463135442e-11
2.220446049250313e-15
1.4432899320127035e-15
2.3314683517128287e-15
1.4001386855477804e-15
-1.0658141036401503e-14
4.440892098500626e-16
-4.6629367034256575e-15
-8.881784197001252e-15
3.1086244689504383e-15
-5.458644025679859e-08
1.858072096183605e-08
-4.503499351216078e-08
-2.6850697221192377e-09
-1.6549394077358668e-09
2.101247897901004e-09
-4.2360362328963674e-08
-2.3614047606201893e-08
-3.2769804647614365e-09
2.220446049250313e-15
5.551115123125783e-16
3.469446951953614e-18
2.220446049250313e-16
-2.6645352591003757e-15
0.0
-3.3306690738754696e-16
-6.661338147750939e-16
-2.220446049250313e-16
1.1128769017432205e-09
4.860802427231192e-09
6.648441797096893e-10
1.0531602256946826e-09
1.0020322349646449e-09
9.045120763495618e-10
-3.8557423920337897e-10
-3.0595970201829914e-11
9.94390347841545e-10
-5.10702591327572e-15
-3.83026943495679e-15
3.941291737419306e-15
2.220446049250313e-16
5.329070518200751e-15
-4.440892098500626e-16
2.220446049250313e-16
-4.440892098500626e-16
4.440892098500626e-16
4.855888802168806e-09
7.290410053428786e-09
3.970634487870939e-09
5.299654048940283e-10
3.040891982664107e-10
8.568213916149148e-10
3.4481182353829354e-09
2.123694997635539e-09
1.5430998701049248e-09
1.021405182655144e-14
-2.942091015256665e-15
0.0
2.220446049250313e-16
-8.881784197001252e-16
2.220446049250313e-16
0.0
7.771561172376096e-16
-8.881784197001252e-16
3.4347245048138575e-09
7.623413011970115e-09
2.676346255725548e-09
1.2938694560205022e-09
7.832063886326068e-10
-1.9269277284905684e-09
1.4027117245518639e-09
9.625829022752441e-10
1.4255761016102042e-09
-5.10702591327572e-15
1.8318679906315083e-15
0.0
-1.5543122344752192e-15
4.440892098500626e-16
1.1102230246251565e-16
-1.1102230246251565e-16
1.3322676295501878e-15
1.1102230246251565e-15
1.7540919827752077e-09
3.561723360689939e-09
2.7114488432289363e-10
2.9448887772787206e-09
1.8463683915115325e-09
1.4529935032925323e-09
-2.6595126101369715e-09
-1.4065193454371183e-09
9.148948265647049e-10
-8.881784197001252e-16
1.7486012637846216e-15
0.0
1.2212453270876722e-15
2.220446049250313e-16
0.0
-1.1102230246251565e-16
-1.5543122344752192e-15
-4.440892098500626e-16
-4.9192653506224815e-08
4.918109652862768e-08
-3.3714242064775135e-08
-2.337898052928722e-08
-1.6357223131535648e-08
-3.4438198959207966e-09
-1.0278639939187428e-08
-5.6611302312603584e-09
-4.4491343942354433e-10
-3.9968028886505635e-15
-1.2975731600306517e-15
1.6653345369377348e-16
3.885780586188048e-16
0.0
-2.7755575615628914e-17
2.220446049250313e-16
1.3322676295501878e-15
-1.8596235662471372e-15
6.69020963073308e-08
-7.942412594275083e-08
4.025504196647489e-08
4.5444719543041856e-08
3.157783634577527e-08
5.2349671264551034e-09
-5.168632855045985e-09
-2.864988246642497e-09
-4.5631054490513634e-11
2.4424906541753444e-15
7.28583859910259e-16
5.717648576819556e-15
-2.6645352591003757e-15
2.220446049250313e-16
1.5959455978986625e-16
-2.55351295663786e-15
-1.5543122344752192e-15
3.4416913763379853e-15
1.1839851055128747e-07
-1.1979315672761004e-07
8.135439344414408e-08
8.52964745501339e-08
5.9122087892049535e-08
1.8321378192354132e-08
-3.978446905250621e-09
-2.202296123243741e-09
-1.043076736095827e-11
-5.995204332975845e-15
6.938893903907228e-17
5.551115123125783e-17
7.771561172376096e-16
-2.7755575615628914e-16
2.220446049250313e-16
3.3306690738754696e-16
-1.9984014443252818e-15
8.881784197001252e-16
1.029110734407368e-07
-9.636491427045257e-08
7.255398060124207e-08
7.878216568002472e-08
5.279505277400176e-08
2.217189831732469e-08
-6.2875269435380696e-09
-3.5411922283401505e-09
-3.632720790847088e-10
6.439293542825908e-15
-2.3592239273284576e-15
0.0
3.3306690738754696e-15
4.163336342344337e-16
0.0
5.551115123125783e-17
-1.1102230246251565e-15
-1.3322676295501878e-15
5.2860144705846324e-08
-5.083437315533956e-08
3.649337720901258e-08
3.912916568538094e-08
2.6298532240787154e-08
1.6276884728938512e-08
-2.680172528357616e-09
-1.580412245516527e-09
9.210054940922419e-11
-3.774758283725532e-15
2.67841304690819e-15
-5.551115123125783e-17
-3.552713678800501e-15
1.1102230246251565e-16
1.1102230246251565e-16
3.3306690738754696e-16
-1.3322676295501878e-15
4.440892098500626e-16
2.0857740423707583e-08
-8.956929420378401e-09
1.5497823024901436e-08
6.6571050894026484e-09
4.542959342046515e-09
4.314533175175939e-10
8.90045193102651e-09
4.884661564119597e-09
1.891493184302817e-09
8.43769498715119e-15
-4.98212582300539e-15
2.7755575615628914e-17
1.3322676295501878e-15
5.551115123125783e-16
4.440892098500626e-16
0.0
-2.6645352591003757e-15
0.0
4.166047062881262e-08
-2.6176266487709657e-08
2.8274362406932596e-08
1.655183368143298e-08
1.0039038378373277e-08
5.840078309837793e-09
1.1709863301234691e-08
6.499249138869345e-09
2.3520385639130836e-09
-1.9984014443252818e-15
5.771425004574837e-15
2.7755575615628914e-17
-1.7763568394002505e-15
4.440892098500626e-16
-6.661338147750939e-16
-4.440892098500626e-16
3.552713678800501e-15
-8.881784197001252e-16
-3.324238662116841e-08
1.621836531739973e-08
-1.880054512071183e-08
-1.7611005986850614e-08
-8.965720610376593e-09
-6.596842183625995e-09
-1.1896448270931614e-09
-8.904876835913456e-12
-8.79385453345094e-10
-5.551115123125783e-15
-5.200700980978468e-15
0.0
2.6645352591003757e-15
-1.1102230246251565e-15
0.0
4.440892098500626e-16
-1.7763568394002505e-15
-4.440892098500626e-15
2.580765112725203e-08
-2.8675515295617515e-09
2.052107239691736e-08
2.131633181079451e-08
1.182188036352727e-08
-3.20564907951848e-10
-8.0318951489744e-10
-5.273177450249023e-10
-1.311191155650704e-10
2.6645352591003757e-15
-4.718447854656915e-16
-2.7755575615628914e-17
-6.661338147750939e-16
3.774758283725532e-15
0.0
0.0
5.329070518200751e-15
4.440892098500626e-15
-3.8703120708305505e-09
-8.857426792019396e-09
-2.833953516301335e-09
-2.593459669242293e-09
-8.686202868091186e-10
-9.214531360157706e-10
1.9025803155159338e-10
5.9046101341664325e-12
-1.1780798558902461e-11
1.3322676295501878e-15
1.9984014443252818e-15
-2.4424906541753444e-14
-2.2648549702353193e-14
-2.7495367094232392e-15
-2.220446049250313e-16
4.440892098500626e-16
-6.217248937900877e-15
-4.440892098500626e-16
1.6832757410156773e-10
-8.958494390753913e-09
-3.5202418757762644e-10
-1.3231939988145314e-09
-2.610993643514803e-10
-2.0019541580040823e-10
4.2503067732013733e-10
6.090949966619519e-11
5.692252225131256e-12
6.661338147750939e-16
1.0824674490095276e-15
-8.326672684688674e-17
8.881784197001252e-16
1.2212453270876722e-15
-4.440892098500626e-16
-8.881784197001252e-16
7.993605777301127e-15
4.440892098500626e-16
-1.6081997955552652e-09
-6.493095838777663e-09
-1.195338938941859e-09
-1.0604015443504977e-09
-6.668043894819675e-10
-7.435829729729448e-11
2.8662405782142738e-11
-1.3137713139599327e-11
-2.2215562722749382e-13
-1.687538997430238e-14
3.58046925441613e-15
-1.0408340855860843e-17
2.220446049250313e-16
1.1102230246251565e-16
3.3306690738754696e-16
8.881784197001252e-16
-1.3322676295501878e-14
1.3322676295501878e-15
-3.6365577216201928e-09
-5.205471609315282e-09
-3.043316709749888e-09
-2.6075355208377005e-09
-1.4583143581603508e-09
-2.92160962089838e-10
-4.34781988190025e-10
-8.996181577458628e-11
-2.2148061162852173e-11
-3.3306690738754696e-15
-2.67841304690819e-15
-1.3877787807814457e-17
1.3322676295501878e-15
1.3461454173580023e-15
6.106226635438361e-16
-8.881784197001252e-16
7.993605777301127e-15
2.220446049250313e-16
-1.3297018597313581e-08
-1.844281172225237e-09
-1.1374492459026442e-08
-1.1075401040727684e-08
-6.244819772405208e-09
-9.014655688588391e-10
-2.9246738364463454e-10
-3.750475485730931e-10
-6.659184315083166e-11
9.992007221626409e-15
-5.440092820663267e-15
1.1102230246251565e-16
-2.220446049250313e-16
-7.91033905045424e-16
1.942890293094024e-16
-4.440892098500626e-16
5.2735593669694936e-15
4.440892098500626e-16
-2.593562697938978e-08
2.01902139451704e-09
-2.182930392002902e-08
-2.150123856736741e-08
-1.19828573730274e-08
-1.4464802688962664e-09
-4.5794124048370577e-10
-7.855938122247608e-10
-1.3078782501452224e-10
1.1102230246251565e-15
4.260480856999038e-15
-8.326672684688674e-17
2.220446049250313e-16
-1.7763568394002505e-15
-4.2674197509029455e-16
-1.5543122344752192e-15
-5.995204332975845e-15
-6.661338147750939e-16
-3.629419609296747e-08
3.47698403402319e-09
-2.989609670933646e-08
-2.8680995356467062e-08
-1.605976329699388e-08
-1.6167476246664592e-09
-1.1394085674965027e-09
-9.277458801193461e-10
-1.9069434920027106e-10
-7.993605777301127e-15
4.107825191113079e-15
0.0
0.0
4.274358644806853e-15
-4.163336342344337e-16
1.5543122344752192e-15
-2.220446049250313e-15
-1.1102230246251565e-15
-4.523281660340217e-08
5.398703706305241e-09
-3.6930647429045393e-08
-3.524822655975868e-08
-1.9644749826852603e-08
-1.7121450923696104e-09
-1.70414882205705e-09
-9.99659466316416e-10
-2.3749424649111006e-10
-6.661338147750939e-16
-5.856426454897701e-15
-1.887379141862766e-15
-5.10702591327572e-15
-1.4988010832439613e-15
5.039371697712625e-16
4.218847493575595e-15
3.552713678800501e-15
-1.3322676295501878e-15
-5.145130543837695e-08
1.0759805491034058e-08
-4.2108816433739094e-08
-3.979142793042456e-08
-2.211924687856026e-08
-1.6226522348006254e-09
-2.3267663351589363e-09
-1.6169807715016304e-09
-2.8542712637857903e-10
5.10702591327572e-15
-1.2906342661267445e-15
-5.551115123125783e-17
0.0
-2.7755575615628914e-16
2.914335439641036e-16
-1.7763568394002505e-15
4.440892098500626e-16
1.3322676295501878e-15
-5.3588042447927364e-08
1.8702976944950933e-08
-4.369534067905079e-08
-3.972578244137992e-08
-2.1969569274915557e-08
-9.87569137578248e-10
-3.963510408766524e-09
-3.015185226495909e-09
-3.028375328284483e-10
-1.1657341758564144e-14
4.539771336631304e-15
-5.551115123125783e-17
-1.1102230246251565e-16
4.718447854656915e-16
-1.942890293094024e-16
0.0
8.881784197001252e-16
-4.440892098500626e-16
-5.027773664068036e-08
2.5160289851555717e-08
-4.014734589219415e-08
-3.5670945752741545e-08
-1.9520912886150654e-08
1.1340972605466959e-10
-4.511851336985728e-09
-3.3196108084609932e-09
1.1181722214814727e-11
8.992806499463768e-15
-2.914335439641036e-15
-5.551115123125783e-17
3.3306690738754696e-16
-1.0269562977782698e-15
2.7755575615628914e-16
2.6645352591003757e-15
2.6645352591003757e-15
4.440892098500626e-16
-3.5843688517278594e-08
2.467815818363306e-08
-2.8138893881646254e-08
-2.7141559222343403e-08
-1.457910947522123e-08
1.5719194834673544e-09
-1.0480989409700214e-09
-3.110067758882451e-10
5.828765248239165e-10
-1.3322676295501878e-15
-9.370282327836321e-14
6.106226635438361e-16
7.771561172376096e-16
1.0408340855860843e-15
7.216449660063518e-16
-2.9226621123257246e-14
-3.552713678800501e-15
1.9984014443252818e-15
-1.4112153223777568e-08
2.155294964722998e-08
-1.1321224846483346e-08
-1.3535736087533223e-08
-6.837613142351984e-09
3.402590209589107e-09
2.1514752202023146e-09
2.396879583699274e-09
6.987456446783114e-10
-4.440892098500626e-16
6.536438057480609e-15
1.1102230246251565e-16
0.0
-1.5256892971216018e-15
3.3306690738754696e-16
9.992007221626409e-16
0.0
-4.440892098500626e-16
7.711555838341155e-09
1.9279234209079732e-08
5.323640195342705e-09
2.596755477313195e-09
2.2850183967193516e-09
5.439510175619943e-09
2.6837079225572325e-09
2.933305154328991e-09
5.373659746343851e-10
-3.3306690738754696e-15
8.142098106844742e-14
-1.1934897514720433e-15
-4.440892098500626e-16
3.0531133177191805e-16
-1.1379786002407855e-15
3.3861802251067274e-14
6.217248937900877e-15
2.220446049250313e-16
2.6930990770779317e-08
1.7557816534008452e-08
1.9922742566791385e-08
1.7450334177659954e-08
1.0677020156890649e-08
7.280164027179126e-09
2.396514986457987e-09
2.5587096885715255e-09
3.6691455429505027e-10
-2.6645352591003757e-15
-1.304512053934559e-15
3.677613769070831e-16
4.440892098500626e-16
-2.7755575615628914e-17
-1.3183898417423734e-16
-4.440892098500626e-16
-7.105427357601002e-15
-9.992007221626409e-16
3.6615219300983874e-08
2.0302003633787535e-08
2.73456315369458e-08
2.4827884637090847e-08
1.4664280456599954e-08
7.955918590596411e-09
2.5302231421164834e-09
1.9000427897708505e-09
1.9104323678575952e-10
1.5543122344752192e-15
2.7755575615628914e-17
4.85722573273506e-17
-8.881784197001252e-16
7.771561172376096e-16
9.992007221626409e-16
5.551115123125783e-16
8.881784197001252e-16
3.3306690738754696e-16
2.9161597581151e-08
2.5074967879845644e-08
2.1345437417608082e-08
1.9040554910532137e-08
1.1251707121573418e-08
6.6280847477173666e-09
2.2815056510694376e-09
1.1426841695083565e-09
1.484179446009648e-11
-4.440892098500626e-16
8.604228440844963e-16
4.163336342344337e-17
4.440892098500626e-16
0.0
-1.1102230246251565e-15
-1.4432899320127035e-15
2.220446049250313e-15
-2.498001805406602e-16
1.2675315019805566e-08
2.9177741112107466e-08
7.469022733630482e-09
6.411221775692866e-09
4.0017908986555994e-09
4.555744226308889e-09
1.0374421322012495e-09
2.398952148041644e-10
-1.497644230852302e-10
4.884981308350689e-15
2.398081733190338e-14
-2.0546064849469303e-13
-1.1102230246251565e-16
-1.5543122344752192e-15
2.220446049250313e-16
-1.1102230246251565e-16
1.4432899320127035e-15
1.9984014443252818e-15
-1.952045636244293e-09
4.07066309549009e-08
-6.7492180733097484e-09
-6.727296053554709e-09
-3.312828900092768e-09
4.22164703195449e-09
-3.282751848132648e-11
-3.589910591017542e-10
-2.2516355446811073e-10
-6.8833827526759706e-15
2.498001805406602e-16
1.6653345369377348e-16
-4.440892098500626e-16
2.6645352591003757e-15
2.220446049250313e-16
1.8388068845354155e-15
1.3322676295501878e-15
0.0
1.11905080757424e-08
9.303546022465525e-08
-7.2488255398184265e-09
-7.423448522558829e-09
-2.85710122227556e-09
1.2239723901075195e-08
1.7664725238120127e-10
-1.5967849265052791e-10
-2.0123491761836476e-10
-2.6645352591003757e-15
-2.225997164373439e-14
1.8800239143246245e-13
-8.585146482609218e-15
-7.549516567451064e-15
-1.4210854715202004e-14
1.0769163338864018e-14
3.552713678800501e-15
4.951594689828198e-14
1.3560119782596303e-07
2.916155921184327e-07
4.778663154070272e-08
4.640132544864173e-08
3.125381020652185e-08
4.872224224072852e-08
1.36176092624396e-09
6.004547969951091e-10
-1.7362883353300163e-10
7.771561172376096e-15
-3.247402347028583e-15
-6.938893903907228e-18
8.881784197001252e-16
-2.6645352591003757e-15
8.881784197001252e-16
-2.1649348980190553e-15
-4.440892098500626e-16
1.3322676295501878e-15
1.3663409959008277e-07
7.031038506966071e-07
-6.102829708254376e-08
-6.2436949832545e-08
-2.7860775020371875e-08
8.586179944813921e-08
1.3403043119808444e-09
6.837541643989197e-10
2.0708323944518267e-11
-1.9984014443252818e-15
-5.551115123125783e-17
-1.3877787807814457e-17
-4.440892098500626e-16
8.881784197001252e-16
8.881784197001252e-16
4.440892098500626e-16
-7.216449660063518e-16
2.220446049250313e-16
8.04719661573472e-07
1.2841566103816149e-06
3.693786627678719e-07
5.219215708507363e-07
2.640923213448332e-07
2.573063397903752e-07
-1.5258278196483843e-07
-1.0648258097489814e-07
-3.0248687998835067e-08
-5.551115123125783e-15
1.0935696792557792e-14
-3.23491233800155e-14
4.440892098500626e-15
3.552713678800501e-15
-1.5987211554602254e-14
4.440892098500626e-16
2.7755575615628914e-15
-1.6653345369377348e-14
-4.944473346313316e-07
3.497682854458617e-08
-4.2038135461552883e-07
-6.700141774729218e-08
-4.25834976169881e-08
-1.0216293144793553e-08
-3.526088612204603e-07
-2.000663066326069e-07
-2.5736217601490807e-08
2.4424906541753444e-15
6.938893903907228e-16
8.326672684688674e-17
-7.993605777301127e-15
8.881784197001252e-16
4.440892098500626e-16
2.4424906541753444e-15
4.440892098500626e-16
0.0
-5.831581262327745e-08
1.4480696108876145e-07
-3.376205626182127e-08
-1.0210339240757094e-09
-1.410672911816846e-09
-1.257747506144824e-08
-3.297394357559824e-08
-3.055769326465452e-08
-1.036024599443408e-09
-7.993605777301127e-15
2.9004576518332215e-15
4.163336342344337e-17
8.881784197001252e-16
8.881784197001252e-16
-1.7763568394002505e-15
-5.551115123125783e-16
1.5543122344752192e-15
4.440892098500626e-16
-1.0098503366862133e-07
1.0160539432035876e-07
-7.245850497383799e-08
-2.646007857265431e-10
-6.283665254791515e-10
-1.0677856820962006e-08
-7.235684762463279e-08
-4.819364107788715e-08
-4.854388890862538e-09
5.329070518200751e-15
-6.994405055138486e-15
4.85722573273506e-17
4.440892098500626e-16
1.7763568394002505e-15
2.886579864025407e-15
6.661338147750939e-16
1.0408340855860843e-15
0.0
-5.7784987461673154e-08
9.171108672489936e-08
-4.1162923736237644e-08
8.688836317105596e-10
4.88101614681824e-10
-7.197646922918466e-09
-4.203756276410786e-08
-3.0201508849359016e-08
-9.176588378068118e-10
6.217248937900877e-15
8.021361352916756e-15
-4.746203430272544e-15
8.881784197001252e-16
-2.220446049250313e-15
-3.219646771412954e-15
8.881784197001252e-16
-1.9984014443252818e-15
-8.881784197001252e-16
-5.1918302546027923e-08
1.0314391829524538e-07
-3.8594777151956805e-08
1.0754224177844662e-09
4.2271652844760865e-10
-5.560188309772229e-09
-3.9600379864168644e-08
-2.8606496726979458e-08
2.5920599000528455e-11
-1.6209256159527285e-14
-5.2735593669694936e-15
-1.942890293094024e-16
-1.3322676295501878e-15
3.1086244689504383e-15
3.552713678800501e-15
-1.7763568394002505e-15
-6.661338147750939e-16
1.1102230246251565e-16
-2.867651360816126e-08
1.1280249623268901e-07
-2.171150015328749e-08
1.5752927851053757e-09
5.193809826664619e-10
-4.169502521023105e-09
-2.3209924648881497e-08
-1.8412269042755725e-08
3.2405296224169433e-09
2.9531932455029164e-14
4.08006961549745e-15
2.220446049250313e-16
1.7763568394002505e-15
-3.1086244689504383e-15
-8.881784197001252e-16
-8.881784197001252e-16
-2.220446049250313e-16
9.992007221626409e-16
2.8515422911823407e-08
1.0564917829469776e-07
2.215689320905767e-08
3.6455549690117546e-09
1.0570948560939541e-09
-3.080825372592244e-09
1.8364044507279687e-08
6.012454534243261e-09
8.525944394932594e-09
-8.881784197001252e-15
7.632783294297951e-16
-1.942890293094024e-16
-4.440892098500626e-16
7.993605777301127e-15
-2.220446049250313e-15
2.220446049250313e-16
-2.3314683517128287e-15
3.1502578323738817e-15
4.09001081891347e-08
4.7582659590261756e-08
3.5078667082188986e-08
3.768576561924419e-09
1.6684298387303897e-09
-9.491192276556148e-10
3.1264869804203954e-08
1.7594686596567044e-08
1.0815057294166763e-08
9.992007221626409e-15
-2.7478019859472624e-15
-5.551115123125783e-17
-1.7763568394002505e-15
-1.0658141036401503e-14
2.220446049250313e-15
-8.881784197001252e-16
1.4988010832439613e-15
-2.220446049250313e-16
1.6050297091396715e-08
1.618661826796597e-08
2.3882350319581747e-08
7.167864524149081e-09
9.155686875317315e-09
2.5452400187475632e-09
1.6734508889726385e-08
9.490760177754964e-09
8.391197070523049e-09
-1.2212453270876722e-14
2.789435349370706e-15
2.498001805406602e-16
2.220446049250313e-15
4.884981308350689e-15
-8.881784197001252e-16
2.220446049250313e-16
6.938893903907228e-16
2.0816681711721685e-15
-5.581940953902631e-07
2.8887501812846494e-07
-4.133236016778952e-07
-4.126562878070672e-07
-2.813253932032467e-07
-4.8081448822401285e-08
-5.744507092231288e-10
-1.1578471514894773e-10
5.567713401433139e-09
-8.43769498715119e-15
-3.427813588530171e-15
5.2735593669694936e-15
-6.661338147750939e-16
3.552713678800501e-15
0.0
2.220446049250313e-16
-2.0539125955565396e-15
-2.7200464103316335e-15
-1.1821563745684216e-05
1.210919500493901e-05
-9.274665540459637e-06
-9.277680566910362e-06
-7.260052711455244e-06
-1.1151244942997351e-06
2.9512552401911307e-09
1.849002728704363e-09
6.090942861192161e-09
-1.9984014443252818e-15
6.938893903907228e-16
0.0
-1.1102230246251565e-15
4.440892098500626e-16
0.0
-4.440892098500626e-16
-2.220446049250313e-16
-8.881784197001252e-16
1.4828570229497018e-06
-9.886236096434686e-07
1.1323637920668261e-06
1.1200518281739846e-06
8.139651592742325e-07
1.2432743790036227e-07
1.2238654534257874e-08
7.104091537257773e-09
5.912355049986218e-09
1.8207657603852567e-14
-1.9984014443252818e-15
9.71445146547012e-17
-5.828670879282072e-16
-1.7763568394002505e-15
-4.440892098500626e-16
2.220446049250313e-16
-8.326672684688674e-16
4.440892098500626e-16
9.110316263605256e-07
-1.0108258372554246e-06
6.300559203253898e-07
6.212922734061266e-07
4.827034465471058e-07
3.0771719838895706e-08
8.87068463129026e-09
5.2053188426270935e-09
5.1300617087690625e-09
-1.8207657603852567e-14
8.881784197001252e-16
9.47505962578532e-15
1.432187701766452e-14
2.6645352591003757e-15
-6.661338147750939e-16
3.1086244689504383e-15
-5.440092820663267e-15
1.176836406102666e-14
-1.0969078090283803e-08
2.5771317524458937e-08
-5.827253346524231e-09
-7.392976897335756e-09
-1.415918049474385e-09
-1.0231558933426754e-09
1.7055935830345703e-09
1.068921839930681e-09
4.856730129176867e-09
1.532107773982716e-14
-7.494005416219807e-16
-8.326672684688674e-17
8.881784197001252e-16
3.552713678800501e-15
-4.440892098500626e-16
2.220446049250313e-16
-1.7208456881689926e-15
0.0
-1.2611423017006018e-10
8.564297537816401e-08
3.0650042504021258e-09
-7.1791248501540394e-09
-3.205427034913555e-09
-2.7177427530666876e-09
1.0231681280004068e-08
5.841630956737731e-09
9.866198524832726e-09
-9.992007221626409e-15
-1.8735013540549517e-15
-1.6653345369377348e-16
-2.886579864025407e-15
0.0
2.220446049250313e-16
0.0
-1.7763568394002505e-15
-4.440892098500626e-16
1.4184562502350673e-07
2.0175281179035665e-07
1.0492581736798456e-07
-5.598703722853316e-09
-7.705214244424496e-10
-2.018233358214161e-10
1.1058866533630862e-07
6.140263364429188e-08
4.080924043137202e-08
-8.43769498715119e-15
3.750472155061857e-15
-1.7319479184152442e-14
-5.10702591327572e-15
-8.881784197001252e-15
-2.220446049250313e-16
-1.1102230246251565e-16
1.9984014443252818e-15
7.771561172376096e-16
2.9902673048809447e-07
4.6461917690976406e-07
1.9537223749921395e-07
-3.3939215882128333e-09
-2.2076562800066313e-10
-7.638117915931275e-10
1.9882543611515757e-07
1.0364391833661557e-07
8.621424285593093e-08
1.7319479184152442e-14
-4.524158825347513e-15
-4.163336342344337e-16
3.6637359812630166e-15
1.7763568394002505e-15
0.0
8.881784197001252e-16
-4.440892098500626e-16
0.0
5.0550799102211386e-09
-2.7229589250055145e-08
3.0383517923837644e-09
-1.4679173432341486e-09
-2.4311219704031828e-11
-8.626732661554115e-10
4.570605227627311e-09
2.692470246756784e-09
-3.609557097661309e-11
-1.2212453270876722e-14
-9.43689570931383e-16
3.0531133177191805e-16
-1.3322676295501878e-15
-2.220446049250313e-15
-5.551115123125783e-17
-5.551115123125783e-16
1.3322676295501878e-15
5.551115123125783e-16
-2.2303945002022374e-07
2.750579142229981e-07
-2.4190201841634007e-07
-9.723919447424123e-10
-3.5780445273303485e-10
3.650466706694999e-09
-2.4095719908245883e-07
-1.3707297874532287e-07
-4.956442978265585e-09
6.8833827526759706e-15
3.2751579226442118e-15
-5.551115123125783e-17
6.661338147750939e-16
6.661338147750939e-16
4.440892098500626e-16
-7.077671781985373e-16
4.440892098500626e-16
-1.3322676295501878e-15
2.1235675973230173e-06
7.169594908873478e-07
1.6573307277667484e-06
3.954236973413572e-07
2.2699984381091554e-07
5.403715164220557e-08
1.2621377010191281e-06
6.835498229662562e-07
2.9796177969387827e-07
-4.6629367034256575e-15
-5.051514762044462e-15
3.3306690738754696e-16
-9.992007221626409e-16
-1.7763568394002505e-15
3.552713678800501e-15
1.1379786002407855e-15
1.7763568394002505e-15
-4.440892098500626e-16
5.244368566081903e-07
7.835531050659483e-07
2.8810270435997154e-07
-3.4774608081988845e-08
-1.9707802945134745e-08
-9.702807446387851e-09
3.2254231641104525e-07
1.4741493359338165e-07
1.5500667416290526e-07
-1.1102230246251565e-14
5.613565168260948e-15
-2.220446049250313e-16
5.551115123125783e-16
2.220446049250313e-15
0.0
-5.551115123125783e-16
0.0
1.7763568394002505e-15
7.707242133392356e-07
8.889181799531799e-07
4.592907245637434e-07
1.3694005929210107e-09
4.358495786505046e-10
-1.3826877420797246e-09
4.577795635896109e-07
1.9977514398306084e-07
1.851376083550349e-07
6.661338147750939e-16
5.828670879282072e-16
1.1102230246251565e-16
-8.881784197001252e-16
-3.9968028886505635e-15
-4.440892098500626e-16
-2.220446049250313e-16
-3.552713678800501e-15
-8.881784197001252e-16
4.7452608953335584e-07
8.724871918275312e-07
2.006143660082671e-07
-1.2269580906831834e-08
-7.119457023918585e-09
-2.7481306119625515e-10
2.1286702356348994e-07
4.00379089882108e-08
1.2082167089033646e-07
1.021405182655144e-14
-4.246603069191224e-15
0.0
1.3322676295501878e-15
3.3306690738754696e-15
0.0
-9.325873406851315e-15
1.3322676295501878e-14
-2.6645352591003757e-15
-3.1102679542982514e-08
2.053366587873029e-09
-1.9296194864182326e-08
-1.6621122256310628e-08
-9.806488954211545e-09
-9.583978055616171e-10
-2.7486404263754594e-09
-9.393321676043342e-10
-1.8396628664874013e-10
-2.220446049250313e-15
-5.412337245047638e-16
0.0
-2.220446049250313e-15
-6.439293542825908e-15
-2.220446049250313e-16
-4.440892098500626e-16
3.552713678800501e-15
8.881784197001252e-16
-1.4078615606649691e-08
-3.935397785426176e-09
-6.408679809055684e-09
-6.263270790896058e-09
-3.6105787248885694e-09
5.77287551095651e-10
-2.885105487848705e-10
7.647020794365744e-10
9.521927690769871e-11
4.218847493575595e-15
1.4779844015322396e-15
-2.7755575615628914e-17
8.881784197001252e-16
-3.3306690738754696e-16
8.881784197001252e-16
8.881784197001252e-16
-7.105427357601002e-15
1.7763568394002505e-15
2.7272761826679925e-09
-4.23512744873733e-08
5.337689401585521e-09
4.856419266729972e-09
6.0706231153062626e-09
3.850530561066989e-09
3.985860530519858e-10
1.4886164245719868e-09
2.0327511895956718e-10
5.329070518200751e-15
1.5959455978986625e-15
5.412337245047638e-16
-1.7763568394002505e-15
-1.2212453270876722e-15
-6.661338147750939e-16
3.552713678800501e-15
8.881784197001252e-15
-3.1086244689504383e-15
-1.0350674983783392e-08
-3.4478517818570253e-09
-8.493369563211672e-09
-8.816703811476145e-09
-4.693675670353059e-09
6.586020617760369e-10
3.755431521312858e-10
8.522293981627627e-10
1.6957146797835776e-10
-2.886579864025407e-15
1.1102230246251565e-15
-2.0816681711721685e-17
3.3306690738754696e-15
-1.1102230246251565e-15
1.1102230246251565e-15
2.220446049250313e-15
-1.7763568394002505e-15
1.908195823574488e-15
-5.866496621820261e-09
1.485370049181256e-09
-6.259789131490834e-09
-6.862357793124829e-09
-3.868490860980955e-09
6.110951744631166e-10
6.168709987264265e-10
6.999183455036473e-10
1.5627410476781733e-10
1.4876988529977098e-14
-5.676015213396113e-15
2.7755575615628914e-17
0.0
1.582067810090848e-15
-5.551115123125783e-16
-2.220446049250313e-15
-1.021405182655144e-14
-1.1102230246251565e-15
-2.0844765913352603e-09
1.1479954764581635e-09
-4.183302149129986e-09
-4.9722821415798535e-09
-2.843941082630863e-09
7.633502718817908e-10
7.812639424287227e-10
7.565787996099971e-10
1.474633748443921e-10
-1.1324274851176597e-14
2.5118795932144167e-15
0.0
4.440892098500626e-16
-5.551115123125783e-16
1.6653345369377348e-16
8.881784197001252e-16
1.4488410471358293e-14
-4.440892098500626e-16
-3.687233629534603e-09
8.641301008083245e-10
-5.727749385897596e-09
-6.379812234058591e-09
-3.6230152211658155e-09
5.893525667488575e-10
6.703944066543954e-10
6.686162734581558e-10
1.1396350529935262e-10
-1.0880185641326534e-14
-1.27675647831893e-15
1.1102230246251565e-16
-4.440892098500626e-16
-1.1102230246251565e-15
-6.522560269672795e-16
4.440892098500626e-16
4.773959005888173e-15
-8.881784197001252e-16
-8.06823408083801e-09
1.3097434248265927e-09
-8.94096707781955e-09
-9.167542502908077e-09
-5.152925863782798e-09
3.127951231363113e-10
2.6484237025670154e-10
5.187494878100551e-10
6.995259926867448e-11
8.215650382226158e-15
4.773959005888173e-15
-5.551115123125783e-17
2.220446049250313e-16
2.220446049250313e-16
-6.661338147750939e-16
-1.3322676295501878e-15
-3.9968028886505635e-15
3.9968028886505635e-15
-1.0334616717955214e-08
3.1118929655349348e-09
-1.043749264795224e-08
-1.0296977770440918e-08
-5.733834629317869e-09
2.7262103685643524e-10
-1.0015188678380582e-10
2.64947619399436e-10
1.2440826147042117e-11
1.2323475573339238e-14
-2.3592239273284576e-15
0.0
2.220446049250313e-16
1.3322676295501878e-15
6.106226635438361e-16
2.4424906541753444e-15
-4.440892098500626e-15
-1.3322676295501878e-15
-1.0031701691559647e-08
6.497273830063932e-09
-9.864244532309385e-09
-9.321214466950778e-09
-5.135918801357775e-09
5.261000524114934e-10
-5.124256574617903e-10
-2.9870900197792594e-10
-7.872402729702799e-11
-3.019806626980426e-14
-3.3306690738754696e-15
-1.1102230246251565e-16
0.0
-1.6653345369377348e-15
0.0
1.1102230246251565e-15
-1.7763568394002505e-15
-1.3322676295501878e-15
-9.7174712720971e-09
1.005965089007077e-08
-9.134426548484953e-09
-7.477535035604888e-09
-4.050372481856357e-09
9.431246894564538e-10
-1.6307493133638218e-09
-1.3010601485063944e-09
-2.2185503434357656e-10
3.1530333899354446e-14
1.6618650899857812e-15
0.0
0.0
-7.771561172376096e-16
9.992007221626409e-16
-1.7763568394002505e-15
2.6645352591003757e-15
8.881784197001252e-16
-9.26475340889965e-09
1.169561869573954e-08
-8.730403067147563e-09
-5.549527282155964e-09
-2.920806707606971e-09
1.4534293768520001e-09
-3.150951666253121e-09
-2.0450658944071165e-09
-2.4976309909163774e-10
-1.6764367671839864e-14
3.1181654480683108e-15
-1.6653345369377348e-16
-2.220446049250313e-16
2.220446049250313e-16
-1.27675647831893e-15
-4.274358644806853e-15
2.6645352591003757e-15
4.440892098500626e-16
-3.668290560199239e-09
9.863811101240572e-09
-4.617620064095718e-09
-2.3656189784837522e-09
-1.1043201908478295e-09
2.005201338306506e-09
-2.2407684596714716e-09
-9.37869781836298e-10
-2.2327695248236523e-12
1.3322676295501878e-15
-4.0592529337857286e-15
2.498001805406602e-16
2.220446049250313e-16
-2.7755575615628914e-16
3.885780586188048e-16
2.4980018054066022e-15
8.881784197001252e-16
-4.440892098500626e-16
5.464855235004507e-10
9.882541007755208e-09
-7.252198841456448e-10
-1.6405102276628725e-10
1.4942358461667027e-10
2.3159429929364705e-09
-5.761506827184348e-10
-1.1056844329004889e-10
4.604686076881137e-11
-1.3766765505351941e-14
4.3021142204224816e-16
-1.3877787807814457e-17
4.440892098500626e-16
1.3739009929736312e-15
7.216449660063518e-16
1.2212453270876722e-15
-6.217248937900877e-15
4.440892098500626e-16
-1.879364219803392e-09
1.2288467132748339e-08
-1.839643104517563e-09
-1.737303412241431e-09
-7.316156569459054e-10
2.1047696918685688e-09
-1.2257572734597488e-10
-2.0130386246819398e-10
5.24869037121789e-12
1.887379141862766e-14
2.2343238370581275e-15
1.3530843112619095e-16
-2.220446049250313e-16
-1.3322676295501878e-15
1.1102230246251565e-16
-2.220446049250313e-16
3.552713678800501e-15
2.220446049250313e-16
-6.675037411696394e-09
1.53514037037894e-08
-4.994101132638207e-09
-4.9250852285354085e-09
-2.5349446985956092e-09
1.6472156971758523e-09
-1.086171153019677e-10
-3.388489488997948e-10
1.407873817527161e-12
-1.687538997430238e-14
-6.6058269965196814e-15
2.7755575615628914e-17
-1.1102230246251565e-15
1.1102230246251565e-15
-2.220446049250313e-16
-2.220446049250313e-16
8.881784197001252e-16
-2.498001805406602e-16
-1.1650442388599913e-08
1.873242538863451e-08
-9.285024304972467e-09
-9.226895691938353e-09
-5.005935221902291e-09
1.2464909104892286e-09
-8.822009789355434e-11
-2.2826718293345039e-10
3.44102524252321e-11
2.6645352591003757e-15
9.43689570931383e-15
-8.326672684688674e-17
8.881784197001252e-16
-2.220446049250313e-15
-4.440892098500626e-16
4.440892098500626e-16
1.7763568394002505e-15
0.0
-1.6857626405908377e-08
2.629715112334452e-08
-1.5521873564239286e-08
-1.5273165843154857e-08
-8.384068994615745e-09
1.3046417279838352e-09
-2.3801227655440016e-10
-2.0811441459045454e-10
3.219291500045074e-11
-6.661338147750939e-15
-1.9567680809018384e-15
2.831068712794149e-15
7.771561172376096e-16
1.7763568394002505e-15
-6.217248937900877e-15
2.275957200481571e-15
1.7208456881689926e-15
-3.774758283725532e-15
-1.7172453681268962e-08
5.6102280154846085e-08
-2.257468700861409e-08
-2.2124471144024938e-08
-1.213909328612317e-08
4.528800445768866e-09
-4.2734649152720294e-10
-3.679989646343529e-10
-9.105383114160759e-12
-4.440892098500626e-16
-3.2057689836051395e-15
2.7755575615628914e-16
3.3306690738754696e-16
0.0
0.0
-5.551115123125783e-17
2.220446049250313e-16
2.9976021664879227e-15
-1.1550298495421885e-09
1.5911813733282543e-07
-3.430114325908562e-08
-3.412142746128666e-08
-1.7868503121576396e-08
1.72459166947192e-08
-1.946109939865437e-10
-3.001279225145481e-10
-6.465272761602137e-12
1.2656542480726785e-14
8.326672684688674e-16
-2.498001805406602e-16
0.0
8.881784197001252e-16
4.440892098500626e-16
-9.992007221626409e-16
8.881784197001252e-16
0.0
1.969567620108137e-09
4.012377772255604e-07
-9.675210765891507e-08
-9.719617466430464e-08
-5.286172211071971e-08
3.934295023100276e-08
3.772253620581978e-10
-5.981437567470493e-11
1.598438048588946e-11
8.881784197001252e-15
1.3877787807814457e-16
2.7755575615628914e-17
-8.881784197001252e-16
-6.217248937900877e-15
2.6645352591003757e-15
-1.2212453270876722e-15
1.3322676295501878e-15
4.440892098500626e-16
5.020103515107621e-07
8.02068427674385e-07
1.9324563282907548e-07
1.922942871601663e-07
9.380508103618013e-08
1.502554027865699e-07
8.542898055630133e-10
4.738494041589547e-10
1.1379575060033176e-10
8.215650382226158e-15
3.552713678800501e-15
-2.7755575615628914e-17
-4.440892098500626e-16
3.552713678800501e-15
0.0
8.881784197001252e-16
-3.552713678800501e-15
-6.661338147750939e-16
1.0685309348446026e-06
1.411709263265948e-06
5.66552941450027e-07
6.855852490161851e-07
2.89103140538316e-07
2.609599043523758e-07
-1.191820331314375e-07
-8.905873372100359e-08
6.409213604285924e-09
-5.329070518200751e-15
-3.4416913763379853e-15
8.109832250191573e-17
4.440892098500626e-16
0.0
2.6645352591003757e-15
1.7763568394002505e-15
1.1379786002407855e-15
-8.881784197001252e-16
-1.3381247754296055e-07
1.6572295180594665e-07
-1.0397743466228349e-07
-2.0412418422210976e-09
-1.5851946422174024e-09
-1.2996507647855537e-08
-1.0192855981472349e-07
-8.097087089709021e-08
-1.6780772327251725e-08
-4.218847493575595e-15
-1.0547118733938987e-15
8.326672684688674e-17
0.0
-5.329070518200751e-15
-1.1102230246251565e-15
-3.3306690738754696e-15
-6.661338147750939e-16
8.881784197001252e-16
-1.970467344847293e-08
2.016713551711291e-08
-1.4778187562569657e-08
7.482885422405161e-10
6.461498003318411e-14
-1.3294276568487362e-08
-1.552592010511944e-08
-1.0374364478593634e-08
-1.280906047895769e-09
-2.220446049250313e-15
7.745540320236444e-16
6.938893903907228e-17
4.440892098500626e-16
1.1546319456101628e-14
-2.220446049250313e-15
6.661338147750939e-16
-2.220446049250313e-16
-1.5543122344752192e-15
-1.4677684845310068e-08
9.949133072950644e-09
-1.2227552304011624e-08
1.0544773942910979e-09
2.570001988999593e-10
-8.668324058547228e-09
-1.324545806369315e-08
-8.252271754827234e-09
-1.0102141345669224e-09
-3.3306690738754696e-15
4.4825254619240695e-15
5.551115123125783e-17
-4.440892098500626e-16
-5.329070518200751e-15
2.1094237467877974e-15
-1.1102230246251565e-15
7.216449660063518e-16
-2.220446049250313e-16
-5.0265427375961735e-09
1.0285987173119793e-08
-4.908095263544965e-09
1.1219380979810012e-09
3.265809844776868e-10
-6.570745281209155e-09
-6.011106279402156e-09
-4.239836925989948e-09
-2.1806556560477472e-10
1.1102230246251565e-15
1.7208456881689926e-15
-1.249000902703301e-16
-1.3322676295501878e-15
-1.3322676295501878e-15
-3.1086244689504383e-15
2.220446049250313e-15
4.440892098500626e-16
0.0
-5.787640589005605e-09
1.0432188446429791e-08
-6.7102838841037746e-09
1.3288481426343424e-09
3.206146459433512e-10
-4.633683658994414e-09
-8.0191000506602e-09
-5.261952651380852e-09
-3.9563019527122384e-10
-5.551115123125783e-15
-4.9682480351975755e-15
1.1879386363489175e-14
1.3322676295501878e-15
-6.661338147750939e-15
2.220446049250313e-15
-2.220446049250313e-15
-3.019806626980426e-14
2.4424906541753444e-15
-2.0809096668017446e-09
1.1923958709303406e-08
-3.9242142868545216e-09
1.762417767281477e-09
4.1650860538311463e-10
-3.759902611477628e-09
-5.742036179867682e-09
-3.845297413818116e-09
-2.646061147970613e-11
1.3322676295501878e-15
1.4710455076283324e-15
-1.3877787807814457e-16
-2.220446049250313e-15
8.659739592076221e-15
8.881784197001252e-16
-4.440892098500626e-16
8.881784197001252e-16
-7.139200255273925e-16
1.575649832830095e-09
6.417863573915383e-09
1.3304966017813058e-09
2.9682034607958485e-09
1.746775168953718e-09
-1.6263093094437409e-09
-1.6324648299814728e-09
-1.0286198559583681e-09
7.535376767009438e-10
2.220446049250313e-15
-1.6930901125533637e-15
5.551115123125783e-17
1.7763568394002505e-15
-7.549516567451064e-15
-1.7763568394002505e-15
8.881784197001252e-16
3.3306690738754696e-16
3.885780586188048e-16
5.555701676485114e-09
-1.6200424113321787e-08
1.034653429599075e-08
8.821528396651956e-09
9.628275066120295e-09
1.5471945946643473e-09
1.5204193459794626e-09
8.168044018930232e-10
1.0870593314393773e-09
-3.3306690738754696e-15
1.7763568394002505e-15
0.0
-4.440892098500626e-16
1.1102230246251565e-14
8.881784197001252e-16
-2.220446049250313e-16
-2.7755575615628914e-15
-5.551115123125783e-16
-2.6112020634627697e-07
1.2385216408006272e-07
-1.9818374741298328e-07
-1.9717887944636914e-07
-1.3432276180225244e-07
-2.32447168180272e-08
-1.0244392001368396e-09
-5.752918141865848e-10
7.056684125927859e-10
1.3100631690576847e-14
-3.4139358007223564e-15
3.885780586188048e-15
1.1102230246251565e-14
-1.021405182655144e-14
8.881784197001252e-16
3.774758283725532e-15
-1.3766765505351941e-14
-5.329070518200751e-15
-6.749863356247943e-06
6.967759546228081e-06
-5.335790490335057e-06
-5.335828670460785e-06
-4.208099337876803e-06
-6.595943364828827e-07
5.3060666971305175e-11
-1.886268918838141e-11
9.058567229658364e-10
6.439293542825908e-15
1.0269562977782698e-15
-8.326672684688674e-17
0.0
1.3322676295501878e-15
4.440892098500626e-16
0.0
1.1102230246251565e-16
-1.3322676295501878e-15
1.6109131344421712e-06
-1.5084751581184719e-06
1.2187904836480357e-06
1.2135642970534377e-06
9.311730400085594e-07
1.226453212321843e-07
5.209606968037406e-09
2.8966513632155966e-09
1.4685355154142599e-09
-2.042810365310288e-14
3.83026943495679e-15
-1.3877787807814457e-16
-2.4147350785597155e-15
-2.6645352591003757e-15
-8.881784197001252e-16
2.220446049250313e-16
-2.6645352591003757e-15
8.881784197001252e-16
5.592061036452378e-07
-5.926215180807048e-07
3.929726197782202e-07
3.8608765573489023e-07
2.9558179237554327e-07
2.0707275893983024e-08
6.892622916865321e-09
3.878050325312188e-09
1.7072068203560775e-09
2.220446049250313e-16
-1.1102230246251565e-15
2.3592239273284576e-16
0.0
8.881784197001252e-16
6.661338147750939e-16
0.0
-7.771561172376096e-16
-4.440892098500626e-16
9.048378046827565e-09
2.4050681446396993e-09
9.077464113715905e-09
5.568985272930149e-10
1.298455121201414e-09
-1.4183978991333388e-09
8.533310946745587e-09
4.831715250119828e-09
1.9989983002233203e-09
4.884981308350689e-15
2.0539125955565396e-15
1.280052452923286e-14
-5.10702591327572e-15
4.440892098500626e-15
4.440892098500626e-16
-4.218847493575595e-15
9.076073226310655e-15
-1.1102230246251565e-15
8.221839209454629e-09
1.1093199248080055e-08
9.312213222756327e-09
-2.51797160899514e-09
-1.1638654484613653e-09
-1.473961896980569e-09
1.1830635138210255e-08
6.753890668953488e-09
2.5192932184836536e-09
-1.554312234475219e-14
-1.9290125052862095e-15
-1.5959455978986625e-16
1.1102230246251565e-15
-5.329070518200751e-15
0.0
-1.1102230246251565e-16
8.881784197001252e-16
-4.440892098500626e-16
6.959634646364066e-09
-2.076711780318874e-08
3.2865674626236796e-09
-1.6972645511259543e-09
6.189804224732143e-10
2.1202817279686315e-10
4.935763797675463e-09
2.9217064323461273e-09
6.919975703567616e-10
9.103828801926284e-15
-1.27675647831893e-15
6.314393452555578e-16
-7.105427357601002e-15
1.199040866595169e-14
2.220446049250313e-16
2.220446049250313e-15
1.7763568394002505e-15
-6.217248937900877e-15
1.3687255773220386e-09
-8.249344318755902e-09
-3.283595617631363e-10
-4.269793407729594e-10
9.838885262070107e-11
-5.769225097651542e-10
1.0756195933936397e-10
-3.2029490171225916e-11
7.556621994808665e-12
5.995204332975845e-15
-6.050715484207103e-15
-7.563394355258879e-15
-2.220446049250313e-16
-4.440892098500626e-15
0.0
2.220446049250313e-16
-1.0116907311896739e-14
1.4432899320127035e-14
2.689828804136596e-09
-3.0759110813960433e-09
1.972265906147186e-09
-2.9892532893427415e-11
2.8419933073564607e-11
3.5336904513627587e-09
2.016953715155978e-09
1.0718252951846807e-09
8.915768123785028e-11
6.661338147750939e-16
3.0531133177191805e-15
-5.551115123125783e-17
4.440892098500626e-16
2.6645352591003757e-15
0.0
2.220446049250313e-16
-2.9976021664879227e-15
-3.885780586188048e-16
2.1376374803594445e-07
-2.1471851141541268e-07
1.874530610734837e-07
5.079476039782094e-08
3.316487351412434e-08
1.3673223442367544e-08
1.3675658649958677e-07
7.812221491931837e-08
4.0252485788982995e-09
-2.220446049250313e-16
3.608224830031759e-15
1.1102230246251565e-16
-2.220446049250313e-16
1.3877787807814457e-16
8.881784197001252e-16
-2.220446049250313e-16
3.1086244689504383e-15
6.661338147750939e-16
2.8424409492799896e-07
2.2053916381992167e-07
2.242295380483483e-07
-2.9806400902998575e-08
-2.0235860098694047e-08
-1.2756684597547974e-08
2.543067108007335e-07
1.383632692864012e-07
6.165133115132448e-08
3.3306690738754696e-15
3.309852392163748e-15
4.274358644806853e-15
1.9984014443252818e-15
-2.220446049250313e-15
1.0658141036401503e-14
-6.283862319378386e-14
2.042810365310288e-14
-4.440892098500626e-14
1.3964273648525705e-07
1.9112951576971682e-07
1.0496421509742503e-07
5.9345012459743884e-08
3.26884279644446e-08
8.098007597823198e-09
4.572977196914963e-08
2.064641968502201e-08
2.1907666791776137e-08
-1.5765166949677223e-14
-4.163336342344337e-15
-1.6653345369377348e-16
-4.440892098500626e-16
-2.6645352591003757e-15
0.0
0.0
1.7763568394002505e-15
3.2862601528904634e-14
7.659298262296943e-08
1.6547897985219606e-07
4.366023631519056e-08
1.492413304049478e-08
7.706185911615648e-09
3.989299557360937e-09
2.866321757721835e-08
7.783979683040343e-09
1.756606238245695e-08
3.1086244689504383e-15
1.1379786002407855e-15
2.220446049250313e-16
-8.881784197001252e-16
2.1094237467877974e-15
0.0
3.552713678800501e-15
1.7763568394002505e-15
4.440892098500626e-15
2.492524231456628e-08
5.244910994406382e-08
2.8379552929891357e-08
2.8125448636728834e-08
1.4602262510265973e-08
4.4377514996085665e-09
3.4284930450212414e-10
-3.921121205507916e-10
6.220413073521058e-11
-1.3322676295501878e-15
-1.1102230246251565e-15
0.0
-4.440892098500626e-16
1.4432899320127035e-15
-4.440892098500626e-16
4.440892098500626e-16
-8.881784197001252e-16
-8.881784197001252e-16
2.247411146072409e-09
4.235110395711672e-08
8.861185563091567e-09
7.946411528791941e-09
3.8717250100406275e-09
2.3419488570652902e-09
8.150262686967835e-10
-4.3505021807277444e-10
1.04271258294375e-10
1.9317880628477724e-14
-9.992007221626409e-16
-5.551115123125783e-17
-2.220446049250313e-16
1.1102230246251565e-15
-6.661338147750939e-16
0.0
-3.552713678800501e-15
-1.7763568394002505e-15
1.0378677472999698e-08
3.249016344852862e-08
1.631832446946646e-08
1.6703083360880555e-08
9.842095138878904e-09
5.441322059596132e-09
-3.582787400091547e-10
-3.88438170517702e-10
3.172112572613628e-11
-2.1538326677728037e-14
8.326672684688674e-16
5.523359547510154e-15
-3.3306690738754696e-16
-1.7763568394002505e-14
-1.9539925233402755e-14
2.4424906541753444e-14
3.8191672047105385e-14
-5.861977570020827e-14
3.204029042080947e-09
2.5403934955647852e-08
1.0196476551982414e-08
1.0577235975972599e-08
6.450860429163541e-09
4.80240203160065e-09
-6.578675382229449e-10
1.3830248057900008e-10
1.539957050766816e-11
1.865174681370263e-14
-2.005340338229189e-15
-2.0816681711721685e-17
6.661338147750939e-16
1.1102230246251565e-16
-4.440892098500626e-16
4.440892098500626e-16
1.7763568394002505e-15
-3.3306690738754696e-15
-1.884767186766112e-08
1.828868789743865e-08
-1.120889547845394e-08
-1.1593189519487623e-08
-6.488901860279839e-09
8.208331792047829e-10
7.37685468266136e-11
4.1110403969923937e-10
1.3212986260668913e-11
-1.454392162258955e-14
4.3298697960381105e-15
1.3877787807814457e-17
-4.440892098500626e-16
-2.2065682614424986e-15
3.3306690738754696e-16
-8.881784197001252e-16
7.549516567451064e-15
-1.2212453270876722e-15
-1.360807289074728e-08
1.62163260597481e-08
-8.021844521977073e-09
-7.896811426988393e-09
-4.548823540062585e-09
1.1406342537156888e-09
-3.0254110328087336e-10
3.9195935386260317e-10
7.4433792462969e-12
2.886579864025407e-14
-2.2620794126737565e-15
-2.7755575615628914e-17
8.881784197001252e-16
-9.43689570931383e-16
4.163336342344337e-16
8.881784197001252e-16
1.3322676295501878e-15
2.4424906541753444e-15
-6.255248763409327e-09
1.4217050647857833e-08
-2.432733126056519e-09
-2.6440898359680887e-09
-1.4993268848684238e-09
2.0346249129943317e-09
2.1307400288606004e-12
7.704175075673447e-10
5.434941385829006e-11
-2.5091040356528538e-14
-2.914335439641036e-15
-6.106226635438361e-16
8.881784197001252e-15
2.142730437526552e-14
-7.105427357601002e-15
-8.43769498715119e-15
-3.193972863968497e-14
-2.0872192862952943e-14
-1.1349392536885716e-08
1.2446808028698799e-08
-7.83105313928445e-09
-9.115759258548906e-09
-5.110591061452396e-09
1.389679482599604e-09
9.976055537208595e-10
1.3483631988719935e-09
1.4431655870339455e-10
3.3306690738754696e-15
1.0269562977782698e-15
-5.551115123125783e-17
0.0
4.440892098500626e-16
4.440892098500626e-16
-4.440892098500626e-16
-2.4424906541753444e-15
0.0
-1.916624370323916e-08
1.2612094479891311e-08
-1.6007682290819503e-08
-1.8670832879763566e-08
-1.0465961430838888e-08
5.261000524114934e-10
2.360008188873053e-09
1.8374617383187797e-09
2.581348468311262e-10
4.884981308350689e-15
1.942890293094024e-16
0.0
2.220446049250313e-16
0.0
3.3306690738754696e-16
2.220446049250313e-16
6.217248937900877e-15
-8.881784197001252e-16
-3.813870907976025e-08
1.389626191894422e-08
-3.332969811253861e-08
-3.7481154180341036e-08
-2.102065321807345e-08
-1.249048864337965e-09
3.813943827424282e-09
2.6063573521639682e-09
4.5133852211165504e-10
4.9960036108132044e-15
1.096345236817342e-15
5.551115123125783e-17
-2.220446049250313e-16
6.661338147750939e-16
6.661338147750939e-16
-2.6645352591003757e-15
3.1086244689504383e-15
1.3322676295501878e-15
-6.952643172297712e-08
1.4065193454371182e-08
-6.087506854157709e-08
-6.813107678027563e-08
-3.825331823525957e-08
-4.19105106175266e-09
6.937986185562295e-09
5.24014676095419e-09
9.459349969986874e-10
-1.454392162258955e-14
4.996003610813204e-16
1.1102230246251565e-16
0.0
0.0
-3.3306690738754696e-16
3.3306690738754696e-15
-4.440892098500626e-15
4.440892098500626e-16
-1.0320417587195152e-07
1.1396352306292101e-08
-9.081427521095975e-08
-1.0769791192188904e-07
-6.046056100217356e-08
-7.68228147762784e-09
1.661386139772958e-08
1.2863995424439167e-08
2.13953788019694e-09
4.218847493575595e-15
-1.4953316362920077e-15
-1.6653345369377348e-16
0.0
-8.881784197001252e-16
-3.3306690738754696e-16
-4.551914400963142e-15
-8.881784197001252e-16
-8.881784197001252e-16
-1.3277205823669647e-07
6.677964847767726e-09
-1.198092771659276e-07
-1.525881316855049e-07
-8.555811437105376e-08
-1.1128172161534167e-08
3.259758374341004e-08
2.512363272977325e-08
3.236965195885233e-09
4.440892098500626e-15
2.570860191397628e-15
5.551115123125783e-17
4.440892098500626e-16
3.3306690738754696e-16
-6.661338147750939e-16
-4.718447854656915e-16
8.881784197001252e-16
4.440892098500626e-16
-1.8420445258016116e-07
3.2416608064522734e-08
-1.6818075465607762e-07
-1.954808810378239e-07
-1.0942287076431967e-07
-1.3663282061315842e-08
2.723191594444785e-08
2.166513057844099e-08
1.4965408912104294e-09
-8.215650382226158e-15
-2.9559688030644793e-15
1.1102230246251565e-16
-4.440892098500626e-16
6.106226635438361e-16
5.551115123125783e-16
5.551115123125783e-16
-3.552713678800501e-15
0.0
-2.4088037520186845e-07
9.285406576964306e-08
-2.1832267371735273e-07
-2.2632146934320477e-07
-1.2639600655006689e-07
-1.3630796047436888e-08
8.01708344155827e-09
7.619142206038987e-09
-1.6948659142812517e-10
-5.995204332975845e-15
-4.3021142204224816e-16
-2.220446049250313e-16
2.220446049250313e-16
-1.6653345369377348e-15
-1.1102230246251565e-16
-2.220446049250313e-16
0.0
4.440892098500626e-16
-2.480801128967869e-07
1.5449217016794137e-07
-2.2990386661092543e-07
-2.315997880142362e-07
-1.2898168222363893e-07
-8.854001976033032e-09
1.7513435146554455e-09
2.3444188812504763e-09
-2.9746234642136216e-10
9.325873406851315e-15
-1.942890293094024e-16
1.942890293094024e-16
2.220446049250313e-16
2.7755575615628914e-16
1.1102230246251565e-16
4.440892098500626e-15
2.6645352591003757e-15
-4.440892098500626e-16
-2.0348161910987983e-07
2.1757296053692698e-07
-2.0212248585949055e-07
-2.024107248477236e-07
-1.1248555864540322e-07
1.7383783301738731e-09
2.9411650892541275e-10
4.840563505581486e-10
-1.7330548107707955e-10
7.105427357601002e-15
2.0816681711721685e-15
-3.608224830031759e-16
-8.881784197001252e-16
6.661338147750939e-16
4.440892098500626e-16
-1.887379141862766e-15
4.440892098500626e-16
2.220446049250313e-16
-1.1744243977318547e-07
2.8269708707284735e-07
-1.435030583252228e-07
-1.433529250860488e-07
-8.002447682287084e-08
1.7527042928122682e-08
-2.292187550878566e-10
-3.7449154888236085e-10
-1.59854462999931e-10
5.551115123125783e-15
-2.4980018054066022e-15
8.326672684688674e-17
0.0
-1.1102230246251565e-15
0.0
-1.942890293094024e-16
6.661338147750939e-16
-1.5916087892087205e-16
-2.608567228890024e-08
3.428423767104505e-07
-8.462279943444173e-08
-8.532960826812541e-08
-4.908100503797641e-08
3.341623511232683e-08
5.447382545042956e-10
2.5419666371817584e-12
-2.2816060152308637e-10
1.3100631690576847e-14
4.496403249731884e-15
-2.7755575615628914e-17
3.3306690738754696e-16
2.220446049250313e-16
2.220446049250313e-16
7.632783294297951e-16
-2.220446049250313e-15
-4.440892098500626e-16
4.9939956170419464e-08
4.1016181739905733e-07
-4.549066900949583e-08
-4.73727190808404e-08
-3.040302054557742e-08
4.8257248863592395e-08
1.6869239338745956e-09
8.401821460779502e-10
-1.5563639266247264e-10
-2.6645352591003757e-14
2.4702462297909733e-15
2.220446049250313e-16
8.326672684688674e-17
-8.881784197001252e-16
8.881784197001252e-16
-8.049116928532385e-16
2.886579864025407e-15
0.0
2.4124807396219694e-07
5.405193768126537e-07
6.90895491928245e-08
6.78527030117948e-08
2.861934866871252e-08
8.641550408583498e-08
1.052631759534961e-09
5.116269630178749e-10
2.1059709531812132e-11
1.6209256159527285e-14
-4.801714581503802e-15
-1.5265566588595902e-16
-3.9968028886505635e-15
7.993605777301127e-15
0.0
5.551115123125783e-16
-2.1094237467877974e-15
4.440892098500626e-16
9.827620885971555e-07
7.721686188233434e-07
5.943565817290164e-07
5.87065713375523e-07
3.009174367463175e-07
2.1892179091764771e-07
7.087143760742265e-09
3.98170740822934e-09
1.2178968944454027e-09
-6.217248937900877e-15
-6.106226635438361e-16
1.942890293094024e-16
-1.3322676295501878e-15
-1.7763568394002505e-15
0.0
-1.4432899320127035e-15
1.5543122344752192e-15
-4.440892098500626e-16
1.5936242832026437e-06
9.085348651183267e-07
1.031905414450307e-06
1.182382916908864e-06
5.936035716302968e-07
3.4906570789416946e-07
-1.506061089173727e-07
-9.260304523195373e-08
-1.7667108664909392e-08
2.220446049250313e-16
6.161737786669619e-15
5.984795992119984e-17
0.0
2.6645352591003757e-15
-8.881784197001252e-16
1.6209256159527285e-14
1.199040866595169e-14
4.274358644806853e-15
-9.749182083851338e-08
7.891975428719888e-08
-6.619469417046275e-08
-9.807802570094282e-09
-5.526734847549618e-09
-1.175947161868862e-08
-5.614332820869094e-08
-4.1101259284914704e-08
-5.460735863493937e-09
2.731148640577885e-14
-7.813194535799539e-15
-7.049916206369744e-15
6.661338147750939e-15
-7.993605777301127e-15
-2.220446049250313e-16
6.661338147750939e-16
2.6645352591003757e-15
4.440892098500626e-16
8.404362006331212e-08
5.589845386566594e-08
7.725729034291362e-08
3.055049546674127e-10
-4.388978069869154e-11
-1.5103999606580487e-08
7.699880200107145e-08
3.935666370580293e-08
9.860460892241463e-09
-3.3306690738754696e-14
6.7584826624056404e-15
2.0816681711721685e-17
0.0
4.440892098500626e-15
-1.4155343563970746e-15
-2.4424906541753444e-15
-1.9984014443252818e-15
0.0
6.149369369268243e-08
3.443460627750028e-08
5.451365581166101e-08
7.038032379114156e-10
1.2602541232809017e-10
-1.3109034857627933e-08
5.381978240848184e-08
2.8067425716926664e-08
6.794362739093174e-09
-9.325873406851315e-15
-1.4016565685892601e-15
5.197231534026514e-15
0.0
-7.105427357601002e-15
1.2212453270876722e-15
8.881784197001252e-16
-2.220446049250313e-16
4.440892098500626e-16
3.021983374651427e-08
2.4878261228877818e-08
2.7567342186785023e-08
4.3354830836506153e-10
1.3887357930286726e-10
-6.874404157031222e-09
2.7134262836625567e-08
1.3512483576505476e-08
3.740469267654589e-09
2.4424906541753444e-15
-3.3029134982598407e-15
-1.3877787807814457e-17
-1.3322676295501878e-15
7.549516567451064e-15
2.3314683517128287e-15
-2.4424906541753444e-15
1.9984014443252818e-15
-8.881784197001252e-16
1.318988829268619e-08
2.1641824332618853e-08
1.3177551494436558e-08
2.334168414108717e-10
1.4160539407725992e-10
-4.249578466897219e-09
1.2940233773406362e-08
5.601862085313768e-09
2.168835777638378e-09
1.2656542480726785e-14
3.3029134982598407e-15
3.608224830031759e-16
8.881784197001252e-16
-9.325873406851315e-15
-1.1102230246251565e-15
3.1086244689504383e-15
-2.6645352591003757e-15
-1.1102230246251565e-16
4.634150840843176e-09
2.3271574889349722e-08
5.842400341293796e-09
2.1148593987163622e-10
1.4783374524540704e-10
-3.0152227381563534e-09
5.6110067703230015e-09
1.3390035746851936e-09
1.5131185193695273e-09
-1.3988810110276972e-14
-7.494005416219807e-16
-3.3306690738754696e-16
1.3322676295501878e-15
1.3655743202889425e-14
8.881784197001252e-16
-5.329070518200751e-15
4.218847493575595e-15
-7.771561172376096e-16
2.119352693341625e-09
2.967965428979369e-08
3.3700793267144036e-09
2.2878765548739466e-10
1.47602818856285e-10
-2.914590124802885e-09
3.107917478928357e-09
-3.241460433400789e-10
1.650942493824914e-09
3.019806626980426e-14
1.8596235662471372e-15
4.440892098500626e-16
-2.6645352591003757e-15
-8.881784197001252e-15
-2.6645352591003757e-15
1.3322676295501878e-15
2.220446049250313e-16
-8.326672684688674e-16
6.001384278420119e-09
3.329643050165032e-08
5.861979346377665e-09
2.4587620828242507e-10
1.390931814171381e-10
-2.58936583286129e-09
5.591509477653744e-09
1.4597738573485233e-09
2.6340103431721218e-09
-4.884981308350689e-15
5.828670879282072e-16
-2.220446049250313e-16
1.3322676295501878e-15
4.440892098500626e-16
0.0
-4.440892098500626e-16
1.1102230246251565e-16
5.030698080332741e-16
1.0840055963967643e-08
1.3909044582760542e-08
1.004241312330123e-08
8.840945753263442e-10
5.54546630837649e-10
-5.612716957870134e-10
9.152408608770202e-09
5.12784836814717e-09
3.17979242936417e-09
-2.6423307986078726e-14
2.0664026045835726e-14
2.220446049250313e-15
-1.0191847366058937e-13
-8.570921750106208e-14
4.263256414560601e-14
1.9095836023552692e-14
3.569367024169878e-14
-2.015054789694659e-14
4.90577178879903e-09
1.2249579128820187e-09
5.656174195678432e-09
5.39873656890677e-09
4.856352209259285e-09
7.529976642217662e-11
1.297806306865823e-10
1.2228795753799204e-10
1.6603962649242021e-09
-2.2426505097428162e-14
3.885780586188048e-16
5.551115123125783e-17
1.1102230246251565e-15
-1.3322676295501878e-15
-4.440892098500626e-16
0.0
-1.3322676295501878e-15
7.771561172376096e-16
-1.2813544714163072e-07
1.1186872939106252e-07
-9.940719891687877e-08
-8.341432522485093e-08
-6.541833474926761e-08
-1.25718782051365e-08
-1.5995678559477255e-08
-8.947175444973254e-09
-4.891802518613986e-10
2.220446049250313e-14
-1.0547118733938987e-15
-2.7755575615628914e-17
-1.0547118733938987e-15
8.881784197001252e-16
1.7763568394002505e-15
0.0
7.771561172376096e-16
-4.440892098500626e-16
-1.2920817127337614e-07
1.3319473168849072e-07
-1.0249240922632907e-07
-6.234472937904911e-08
-5.406072678404428e-08
-8.070703882978592e-09
-4.01194268917493e-08
-2.246278985040817e-08
-3.2759999157860875e-09
1.354472090042691e-14
1.1657341758564144e-15
-1.1102230246251565e-16
1.887379141862766e-15
6.217248937900877e-15
-7.105427357601002e-15
-2.220446049250313e-16
6.661338147750939e-16
1.3322676295501878e-15
-8.192255229744205e-08
5.734409569413401e-08
-6.08129777646127e-08
-1.019922790668204e-08
-8.71402811020161e-09
1.6527630375406943e-09
-5.051450080451048e-08
-2.8285760400592608e-08
-3.974022888542095e-09
-3.530509218307998e-14
-1.1102230246251565e-15
1.1102230246251565e-16
-2.220446049250313e-15
-7.993605777301127e-15
-6.661338147750939e-16
4.440892098500626e-16
2.220446049250313e-16
0.0
-6.067089941552695e-08
4.3677310657130874e-08
-4.733636593812207e-08
-2.14069295623176e-09
8.842651055829265e-10
8.24733614734896e-10
-4.516505036633589e-08
-2.4977462764752545e-08
-1.5119354657144866e-09
3.1530333899354446e-14
-1.6653345369377348e-16
5.551115123125783e-17
1.1102230246251565e-15
3.552713678800501e-15
8.881784197001252e-16
-2.220446049250313e-16
-3.3306690738754696e-16
2.220446049250313e-16
-6.73247182447767e-08
7.581803629364003e-08
-5.7890606086630214e-08
-1.9334134293558236e-09
1.0759215740563377e-09
-1.3251515440515504e-09
-5.5960448719361005e-08
-2.9660922606922213e-08
1.2593446285791288e-09
-2.6423307986078726e-14
1.394717674685353e-15
0.0
-1.7763568394002505e-15
-8.881784197001252e-16
0.0
0.0
2.0539125955565396e-15
-8.881784197001252e-16
-4.153234200998668e-09
-2.1897221813560463e-09
-1.3676944021767667e-09
-1.4302852235914543e-09
-8.528111550276662e-11
-8.622155212023586e-10
1.1639755825854082e-10
2.742908122854715e-10
2.893463246778083e-11
2.7533531010703882e-14
-7.494005416219807e-16
0.0
2.6645352591003757e-15
2.220446049250313e-15
-1.1102230246251565e-16
-2.220446049250313e-16
-3.1086244689504383e-15
8.881784197001252e-16
1.8795822676054286e-09
-1.113698999688495e-08
-1.3202878790252726e-09
-9.763958530584205e-10
-3.7267788854933315e-10
-1.1257806908915313e-09
-3.6850522633358196e-10
-2.738236304367092e-10
5.630662602840175e-12
1.5987211554602254e-14
3.552713678800501e-15
0.0
3.608224830031759e-16
-4.440892098500626e-16
0.0
5.204170427930421e-16
1.2490009027033011e-15
6.661338147750939e-16
7.671858703872658e-09
-1.5853629520279355e-08
2.2025048451723703e-10
-6.957669995699688e-10
-1.1882761441484035e-09
-1.516880843155377e-09
9.801368605621974e-10
3.8898306797818805e-10
2.8175461963542148e-11
1.7763568394002505e-15
-1.9595436384634013e-14
3.6540215297975465e-14
3.0808688933348094e-15
6.283862319378386e-14
2.6367796834847468e-14
-5.956346527113965e-14
6.661338147750939e-15
-3.3306690738754696e-14
2.425646243864321e-07
1.8179378002969315e-09
1.8976396631842363e-07
-2.8136994956184935e-09
-2.3142163740885735e-09
2.9557465364149493e-09
1.9250137484050356e-07
1.0789964477453395e-07
3.19423492101123e-08
-5.10702591327572e-15
1.2323475573339238e-14
0.0
-1.1102230246251565e-15
-2.220446049250313e-16
0.0
5.059841434729151e-14
-4.440892098500626e-16
-3.985700658404312e-14
-1.366066364028029e-06
1.5850647372417372e-06
-8.578059151886919e-07
-9.396854743215499e-07
-6.428904919530964e-07
-1.6853157069895985e-07
8.213193680717268e-08
4.5713598240126885e-08
1.4584074392587354e-08
7.993605777301127e-15
-1.0547118733938987e-15
-2.7755575615628914e-17
6.661338147750939e-16
3.3306690738754696e-16
-8.881784197001252e-16
5.551115123125783e-16
-1.7763568394002505e-15
-9.749145934989656e-16
-7.160212511791997e-08
-1.6273020264634397e-08
-5.738500163943172e-08
-4.1789938620695466e-08
-1.582051034620946e-08
-1.346139733016116e-08
-1.562090190532217e-08
-8.646189542105276e-09
-1.397850724060845e-09
-1.199040866595169e-14
3.58046925441613e-15
5.551115123125783e-17
-2.220446049250313e-15
-4.440892098500626e-16
-2.3592239273284576e-16
1.5612511283791264e-16
1.3322676295501878e-15
4.440892098500626e-16
4.7811610670578375e-08
3.793024916376453e-08
5.312366724297135e-08
5.918011325434236e-08
3.2577967878921754e-08
8.148934860230383e-10
-6.0329909956635674e-09
-3.2756055645677407e-09
-2.8250752848180127e-09
-9.547918011776346e-15
-1.0880185641326534e-14
-1.2589929099249275e-13
-1.5543122344752192e-15
-8.215650382226158e-15
4.973799150320701e-14
4.440892098500626e-15
5.10702591327572e-14
-3.6415315207705135e-14
1.1561316881625316e-07
-2.869614945666399e-08
1.1445698788747903e-07
2.547856325918474e-08
1.2824571626879333e-08
3.362547573715347e-09
8.852650879020985e-08
5.1366384923312574e-08
8.067459589256032e-09
2.55351295663786e-14
1.7763568394002505e-15
0.0
1.3322676295501878e-15
-5.273559366969494e-16
-2.220446049250313e-16
0.0
8.881784197001252e-16
0.0
3.009105853379879e-08
-1.4956594895920716e-07
7.428977966128514e-08
-5.998792573791434e-09
-6.206259506313927e-09
1.4964705030706682e-09
8.006182561359765e-08
5.7213457083094e-08
-4.3935202143075e-09
-2.3092638912203256e-14
4.3576253716537394e-15
2.220446049250313e-16
-1.7763568394002505e-15
-9.992007221626409e-16
-2.220446049250313e-16
0.0
2.6645352591003757e-15
0.0
-5.460577767735231e-08
9.578090498507663e-08
-2.7567116589466423e-08
-3.6343191567311806e-08
-2.693839462608594e-08
2.0620021246031683e-09
9.076069673596976e-09
5.5146998079180776e-09
1.2648654346136823e-09
-2.220446049250313e-15
-8.520961713998076e-15
-1.942890293094024e-16
6.661338147750939e-16
-7.216449660063518e-16
-2.220446049250313e-16
0.0
8.881784197001252e-16
0.0
3.2384591008849384e-08
6.083094206132955e-08
3.2134668259686805e-08
3.0088608937717254e-08
1.5365107408626955e-08
5.977383921162982e-09
1.9243113769107367e-09
1.5068035708054595e-09
1.7713464028901171e-10
2.1538326677728037e-14
3.497202527569243e-15
-1.3877787807814457e-16
-1.3322676295501878e-15
2.3314683517128287e-15
2.220446049250313e-16
4.440892098500626e-16
-1.7763568394002505e-15
8.881784197001252e-16
-1.4805877412982227e-08
-2.429801355674499e-07
-1.5200608771692714e-08
-1.7052431466879625e-08
1.007543914965936e-08
1.1314774894799484e-08
1.6206156416842532e-09
1.611404787382753e-09
1.1222256457443791e-10
-3.7969627442180354e-14
2.6367796834847468e-15
2.7755575615628914e-16
1.5543122344752192e-15
-4.440892098500626e-15
-2.220446049250313e-15
-4.440892098500626e-16
0.0
-8.881784197001252e-16
-7.566458748442528e-08
-3.2588445719738957e-08
-6.770216387508299e-08
-7.121526302000802e-08
-3.855081143200323e-08
-6.1104898918529216e-09
3.6389253832425084e-09
2.0697994707052914e-09
1.676034866449072e-10
2.020605904817785e-14
-1.3461454173580023e-15
5.551115123125783e-17
-2.220446049250313e-16
3.1086244689504383e-15
1.1102230246251565e-16
0.0
8.881784197001252e-16
6.661338147750939e-16
2.309505475750484e-09
-1.2903342394565698e-08
-2.445859514921267e-09
-5.400973890345995e-09
-2.6416462350908887e-09
-3.098676870649797e-10
3.0240046161589262e-09
9.243557030913507e-10
1.3380208052637954e-10
-2.7977620220553945e-14
-9.71445146547012e-16
-1.6653345369377348e-16
1.3211653993039363e-14
6.494804694057166e-15
-7.66053886991358e-15
1.3322676295501878e-15
1.0658141036401503e-14
6.938893903907228e-16
2.6774628736347953e-08
-5.7900346739359065e-09
1.9059732458970302e-08
1.729926069060639e-08
9.922973998044426e-09
1.506109015281254e-09
1.7577281574698844e-09
-4.713385237664625e-10
-1.7804646645913635e-11
2.3092638912203256e-14
2.858824288409778e-15
0.0
8.881784197001252e-16
-2.8033131371785203e-15
1.1102230246251565e-16
-8.881784197001252e-16
-6.439293542825908e-15
1.1102230246251565e-15
7.837059001758462e-09
-3.1429134850213813e-09
4.333843506287849e-09
4.222369565098916e-09
2.4044988222726715e-09
-2.888214112317655e-10
1.000017846308765e-10
-1.4692833616436474e-09
-2.1320067933316977e-10
-3.9190872769268026e-14
-1.0824674490095276e-15
5.551115123125783e-17
-1.021405182655144e-14
1.4988010832439613e-15
3.802513859341161e-15
0.0
-9.992007221626409e-16
-4.440892098500626e-15
-2.0285142454667948e-08
-4.115662477488513e-09
-1.773040558816774e-08
-1.5883654391757318e-08
-9.02653773948714e-09
-2.704133805764286e-09
-1.8387718014878374e-09
-2.0873436312740523e-09
-3.6314495854838924e-10
5.573319583618286e-14
4.163336342344337e-17
5.551115123125783e-17
-2.220446049250313e-16
7.771561172376096e-16
-2.0816681711721685e-16
-2.220446049250313e-15
8.659739592076221e-15
2.9976021664879227e-15
-3.8867739249326405e-08
-4.759144189847575e-09
-3.114276125870674e-08
-2.788380371043786e-08
-1.579820008146271e-08
-3.938957604532334e-09
-3.2254510173856943e-09
-2.570815560432038e-09
-4.176176071624127e-10
-2.986499936241671e-14
-3.941291737419306e-15
1.1102230246251565e-16
-6.661338147750939e-15
2.220446049250313e-16
8.31279489688086e-15
2.4424906541753444e-15
-2.1316282072803006e-14
4.440892098500626e-16
-4.7265778846394824e-08
-3.2353995038647554e-09
-3.5301572332002706e-08
-3.178116259050512e-08
-1.7842937793943747e-08
-4.044863999297377e-09
-3.4891831646177707e-09
-2.632220663656426e-09
-1.724250742185518e-10
7.771561172376096e-16
-4.3021142204224816e-16
5.551115123125783e-17
-4.440892098500626e-16
8.881784197001252e-16
-5.412337245047638e-16
1.9984014443252818e-15
-3.552713678800501e-15
0.0
-4.6737053338574697e-08
-4.943657927469758e-09
-3.155131267362776e-08
-3.316018926113884e-08
-1.8744465535291965e-08
-3.7120457818673454e-09
1.789698167442566e-09
1.6851018358465808e-09
1.4835542794244816e-09
1.5987211554602254e-14
1.627170620466245e-15
-2.220446049250313e-16
0.0
-1.1102230246251565e-15
-2.7755575615628914e-17
-3.9968028886505635e-15
8.881784197001252e-15
-8.881784197001252e-16
8.379972271654879e-09
-5.648512058087363e-08
1.5525481344980108e-08
-3.591237174305206e-08
-2.0161703417898025e-08
-3.3289637713096454e-09
5.153816662328836e-08
4.1939650641253934e-08
1.1521359755128913e-08
4.107825191113079e-15
-6.036837696399289e-16
1.6653345369377348e-16
0.0
-1.1102230246251565e-15
-8.326672684688674e-17
1.7208456881689926e-15
-8.881784197001252e-16
4.440892098500626e-16
4.405995861489487e-07
-4.840364056235558e-07
3.3874580296355816e-07
-3.621400423980958e-08
-2.028066603543266e-08
-2.763847817277565e-09
3.750288408710389e-07
3.030083920441129e-07
5.657497581523784e-08
2.2315482794965646e-14
6.453171330633722e-16
-3.3306690738754696e-16
-2.220446049250313e-16
1.4432899320127035e-15
-1.942890293094024e-16
-9.471590178833367e-16
8.881784197001252e-16
4.440892098500626e-16
9.249238530628645e-07
-1.0081091517122331e-06
6.432953911783557e-07
-4.446244439293423e-08
-2.4923330954607078e-08
-3.33123040263672e-09
6.879456893038594e-07
5.45411203312085e-07
6.701713739509785e-08
-1.687538997430238e-14
3.0531133177191805e-15
3.3306690738754696e-16
2.220446049250313e-16
-1.4432899320127035e-15
1.1379786002407855e-15
-3.164135620181696e-15
-1.7763568394002505e-15
0.0
3.8577906735781653e-07
-4.861687017410077e-07
2.3971718388082763e-07
-6.43609441297599e-08
-3.6125911151430046e-08
-5.248679713076854e-09
3.04418747543167e-07
2.3080002087283447e-07
1.3893909495132917e-08
-3.219646771412954e-14
-1.6930901125533637e-15
1.1102230246251565e-16
-4.440892098500626e-16
-1.6653345369377348e-16
-6.800116025829084e-16
2.6645352591003757e-15
-3.552713678800501e-15
0.0
2.1634768643252755e-08
-1.0392833615924246e-07
-3.942174586768488e-09
-8.15461764780423e-08
-4.5747032828558076e-08
-6.728626544827421e-09
7.787647735013614e-08
5.102468314532871e-08
-1.3542126933718812e-09
4.440892098500626e-16
-1.970645868709653e-15
-6.38378239159465e-16
4.440892098500626e-16
1.7139067942650854e-15
-7.216449660063518e-16
2.3314683517128287e-15
4.440892098500626e-15
0.0
-9.107186116352749e-08
3.694244909979716e-08
-7.629803810971225e-08
-8.966508602270551e-08
-5.0229770565124454e-08
-7.163521331676748e-09
1.3450492719613292e-08
2.673381516160589e-09
-3.1481385553977503e-09
-4.884981308350689e-15
2.275957200481571e-15
1.1379786002407855e-15
1.3322676295501878e-15
-6.245004513516506e-16
5.273559366969494e-16
-4.218847493575595e-15
5.329070518200751e-15
-8.215650382226158e-15
-1.285683879359567e-07
1.0705150366163707e-07
-1.0142139927893368e-07
-8.44112282294418e-08
-4.712140722062941e-08
-5.6709836826485124e-09
-1.710668140475491e-08
-1.644583136339861e-08
-5.433375027674714e-09
1.4654943925052066e-14
2.7755575615628914e-17
1.1379786002407855e-15
0.0
-1.970645868709653e-15
-8.881784197001252e-16
6.106226635438361e-15
4.440892098500626e-16
-4.440892098500626e-16
-1.7015403841469379e-07
1.841722969686543e-07
-1.3106192398026906e-07
-6.384068562681477e-08
-3.529711634087107e-08
-1.7146675190815586e-09
-6.746696712411904e-08
-4.7374980383096954e-08
-1.3770016848990705e-08
1.9984014443252818e-15
-1.304512053934559e-15
-6.314393452555578e-16
4.440892098500626e-16
1.27675647831893e-15
-1.1102230246251565e-16
-1.1102230246251565e-16
-4.440892098500626e-16
-5.898059818321144e-17
-3.7542329778261774e-07
3.843035756290192e-07
-2.8173774779816085e-07
-7.051281336600823e-08
-3.910681112273551e-08
-1.7886065961647546e-09
-2.114517787532577e-07
-1.4168607620490548e-07
-4.170682976756268e-08
1.509903313490213e-14
-6.938893903907228e-17
9.020562075079397e-17
-3.3306690738754696e-16
-1.6653345369377348e-15
6.661338147750939e-16
-5.551115123125783e-16
1.4432899320127035e-15
1.1102230246251565e-16
-1.1823511414377206e-06
1.165228624699921e-06
-8.673787839086344e-07
-1.2244196412325437e-07
-6.88494267153672e-08
-7.930992751425947e-09
-7.452501851190618e-07
-5.021609137401128e-07
-1.4827162059249943e-07
-3.441691376337985e-14
5.7870375158586285e-15
-3.0531133177191805e-16
0.0
1.7763568394002505e-15
-2.220446049250313e-16
3.3306690738754696e-16
-1.1102230246251565e-15
0.0
-4.2412457901264133e-07
4.8050653589371e-07
-3.519164515353168e-07
-1.1974373492762425e-07
-6.749454506405073e-08
-1.4069456710785744e-09
-2.3314177965971794e-07
-1.5889569837668205e-07
-4.7817766635205317e-08
4.0190073491430667e-14
-6.300515664747763e-15
2.7755575615628914e-17
-9.43689570931383e-16
-1.3322676295501878e-15
0.0
1.7208456881689926e-15
8.881784197001252e-16
0.0
-2.1843462150172854e-06
-9.967358352014344e-07
-2.302438197432366e-06
6.963137977322731e-08
3.884281873922646e-08
5.982654016634115e-08
-2.3733456657737406e-06
-1.3850479589905262e-06
-4.2740306938071626e-07
1.9095836023552692e-14
1.392982951209376e-15
0.0
1.7763568394002505e-15
0.0
-8.881784197001252e-16
-2.220446049250313e-15
1.7763568394002505e-15
0.0
1.5447768930698658e-07
1.9907861315004996e-07
-2.2063013460638103e-07
1.5399040620422968e-07
7.506031352022546e-08
1.2498919232939443e-07
-3.7528305796286077e-07
-2.1411248596336918e-07
-1.0332839650573078e-07
-1.9317880628477724e-14
1.2568071583451967e-15
1.1102230246251565e-16
-4.6629367034256575e-15
-3.552713678800501e-15
-8.881784197001252e-16
1.6653345369377348e-15
-3.552713678800501e-15
0.0
9.168697516770409e-07
7.889973829833251e-07
3.7448682377316795e-07
3.804175854327241e-07
1.6787855905420201e-07
1.951944881284362e-07
-6.894346427088748e-09
5.979092776442485e-10
-3.0417965035667294e-08
1.4876988529977098e-14
3.948230631323213e-15
5.551115123125783e-17
1.7763568394002505e-15
7.105427357601002e-15
-1.7763568394002505e-15
-1.1102230246251565e-15
4.440892098500626e-16
2.220446049250313e-16
2.412467381418537e-07
-1.9893255398528709e-07
1.586070084158564e-07
-2.627611905836602e-09
-6.294085252989135e-10
-1.0222472146548256e-08
1.6131677682551526e-07
9.833033765005438e-08
-4.013287480120198e-10
-3.441691376337985e-14
-8.396061623727746e-15
2.7755575615628914e-16
4.440892098500626e-16
-2.6645352591003757e-15
4.440892098500626e-16
-6.661338147750939e-16
-4.440892098500626e-16
0.0
2.5439560147333395e-07
-1.676289684837684e-07
1.769512749660862e-07
1.8452617212005862e-10
2.6625901483612324e-10
-1.1858588999658082e-08
1.7716180167326454e-07
1.0718846255031167e-07
4.642828344003647e-09
-7.771561172376096e-15
3.913536161803677e-15
-1.4432899320127035e-15
0.0
-1.2434497875801753e-14
-2.220446049250313e-16
6.217248937900877e-15
-2.7755575615628914e-17
-4.093947403305265e-15
1.8590908723581379e-07
-1.581066157996247e-07
1.2406761129568622e-07
1.632066926049447e-09
3.842428597522485e-10
-9.660899746855023e-09
1.2276042582470836e-07
7.530627010865487e-08
-1.2556142792163882e-09
1.8207657603852567e-14
2.0539125955565396e-15
1.6653345369377348e-16
8.881784197001252e-16
-2.6645352591003757e-15
-3.3306690738754696e-16
2.220446049250313e-15
-2.942091015256665e-15
0.0
1.0164716712779409e-07
-1.5303487543860683e-07
5.776115585831576e-08
2.3439827856464035e-09
2.8763369464002153e-10
-7.69082242335628e-09
5.567813587958881e-08
3.640474222077472e-08
-9.486811336500978e-09
-3.019806626980426e-14
1.1102230246251565e-16
2.220446049250313e-16
7.993605777301127e-15
2.220446049250313e-15
2.4424906541753444e-15
-4.440892098500626e-16
2.55351295663786e-15
-5.773159728050814e-15
1.4330332476220065e-08
-1.4582778362637328e-07
-1.2399652860040078e-08
2.6896227467432254e-09
9.096901010252623e-11
-5.702426308928921e-09
-1.4968005501714288e-08
-3.4776685975401733e-09
-1.8455295958119677e-08
2.6201263381153694e-14
-4.440892098500626e-15
2.7755575615628914e-17
4.440892098500626e-16
-3.1086244689504383e-15
-1.9984014443252818e-15
-3.3306690738754696e-16
2.220446049250313e-15
0.0
-4.4113086516972544e-08
-1.248047851731826e-07
-5.763370580780247e-08
2.6982789336216233e-09
-2.6776447725751495e-10
-4.57759830041482e-09
-6.034852351177733e-08
-2.8665360751745087e-08
-2.313104374707109e-08
1.7763568394002505e-14
1.970645868709653e-15
-3.0531133177191805e-16
-5.329070518200751e-15
1.3322676295501878e-14
1.7763568394002505e-15
4.6629367034256575e-15
-2.4424906541753444e-15
1.865174681370263e-14
8.344819057981567e-09
7.567336979263928e-09
2.373146124057257e-09
2.6116175888546422e-09
-6.567422161651848e-10
-2.9091240527634454e-09
5.541656022955977e-11
9.580602977621311e-11
3.9753977887357905e-11
-4.3520742565306136e-14
-3.4338851206960896e-15
2.42861286636753e-17
3.552713678800501e-15
-6.38378239159465e-16
8.881784197001252e-16
-8.881784197001252e-16
-1.3322676295501878e-15
-4.440892098500626e-16
5.24347854025109e-09
1.3794988262816332e-08
1.7083108261317646e-09
1.7169003996286847e-09
-1.5255885443821171e-09
-1.5924661589394873e-09
1.2238032809364086e-10
2.4730439918130287e-11
7.177591854201637e-13
3.752553823233029e-14
3.969047313034935e-15
5.551115123125783e-17
-3.552713678800501e-15
-1.1102230246251565e-15
-1.3322676295501878e-15
2.220446049250313e-16
-1.7763568394002505e-15
3.885780586188048e-16
4.947935394739034e-10
2.0927700461470522e-08
6.479323744201793e-10
7.353939679433097e-10
-2.2950743527871964e-09
-2.1275048389668427e-09
1.3370637930165685e-11
-7.936651336137857e-12
1.0558109941882776e-11
-2.708944180085382e-14
-4.440892098500626e-16
2.7755575615628914e-17
1.3322676295501878e-15
3.9968028886505635e-15
4.440892098500626e-16
0.0
1.3322676295501878e-15
-1.7763568394002505e-15
1.5142612141971767e-07
-1.7524797613077677e-08
1.1403047750491169e-07
7.498943688233339e-10
4.3027714724530597e-10
-5.054343610311207e-10
1.1333672678137674e-07
6.377343630958876e-08
1.1202658356523898e-08
2.220446049250313e-16
8.548717289613705e-15
1.8263168755083825e-14
1.0635936575909e-13
-8.215650382226158e-14
3.552713678800501e-15
4.440892098500626e-16
-1.5210055437364645e-14
3.1019631308026874e-13
-5.8098613919810305e-08
-1.0444074405313586e-07
-5.268336877861657e-08
1.5393844421396352e-08
2.6190916546653398e-08
5.0443225152463356e-09
-6.811971431375241e-08
-3.848566376696283e-08
-1.2924488146381918e-08
-1.6209256159527285e-14
-2.55351295663786e-15
1.1102230246251565e-16
-8.881784197001252e-16
0.0
6.661338147750939e-16
2.220446049250313e-16
9.71445146547012e-16
-2.220446049250313e-16
-1.6480165960786053e-06
1.0537084165207489e-06
-1.2515569274285099e-06
-1.2257930608328138e-06
-8.313728956377275e-07
-8.53108839127259e-08
-2.3720544639616037e-08
-1.3651799246616745e-08
-5.029932026445749e-09
5.1736392947532295e-14
4.524158825347513e-15
-1.3877787807814457e-16
-9.992007221626409e-16
6.217248937900877e-15
-4.440892098500626e-16
-4.440892098500626e-16
-1.6653345369377348e-15
8.881784197001252e-16
-2.472835273437113e-06
2.94821325041994e-06
-1.6279775181260447e-06
-1.557741478031005e-06
-1.2696367286402221e-06
-5.587912055293742e-08
-7.065568752295803e-08
-3.966002015687309e-08
-1.3759404282609465e-08
2.220446049250313e-16
-2.7200464103316335e-15
2.7755575615628914e-17
2.220446049250313e-16
-2.6645352591003757e-15
2.220446049250313e-16
2.220446049250313e-16
9.992007221626409e-16
-1.1102230246251565e-15
2.182260800953628e-06
-2.481416672139858e-06
1.3259549795918701e-06
1.374345325294568e-06
1.0551733267138985e-06
9.503602571570013e-09
-4.757822669176903e-08
-2.7280151471131827e-08
-1.1927923537768947e-08
2.220446049250313e-15
4.010680676458378e-14
-9.926781618929681e-14
-1.4999113062685865e-13
1.9273471707492718e-13
5.551115123125783e-15
1.1612932837579137e-13
5.134781488891349e-14
3.0753177782116836e-14
3.915548774102717e-09
-4.855566260175692e-08
-2.952162958536064e-08
2.3784555658323825e-08
1.6620891329921506e-08
6.831446519584006e-10
-5.27381438519825e-08
-3.105551016346908e-08
-1.4973707607168762e-08
-3.26405569239796e-14
4.163336342344337e-17
2.0816681711721685e-17
1.1102230246251565e-15
-8.881784197001252e-16
0.0
3.1086244689504383e-15
-2.2898349882893854e-15
-3.4416913763379853e-15
-5.1241499932075385e-08
1.8221726350020617e-09
-7.271185076263009e-08
3.1324816074373985e-09
1.4275922666229235e-09
-7.166900406474497e-11
-7.537241653032822e-08
-4.529921504570211e-08
-2.1718832954320533e-08
-1.3988810110276972e-14
6.522560269672795e-16
-3.469446951953614e-17
-1.5543122344752192e-15
0.0
0.0
-4.440892098500626e-16
-3.3306690738754696e-16
1.4432899320127035e-15
-1.1255760767880929e-07
3.418275440481011e-08
-1.310576340785019e-07
2.616040717384749e-11
-1.3706884516295759e-09
-1.12416298492235e-10
-1.308348154260841e-07
-7.893521125623693e-08
-3.4142757954214176e-08
3.042011087472929e-14
3.524958103184872e-15
4.163336342344337e-17
1.2212453270876722e-15
-4.440892098500626e-16
-5.551115123125783e-17
8.881784197001252e-16
0.0
2.706168622523819e-16
-2.0548220192040392e-07
1.1368663876965002e-07
-2.2703512669863812e-07
-4.358870597798159e-09
-3.974049533894686e-09
2.8618021286064277e-09
-2.2299754665056068e-07
-1.3574865675991532e-07
-5.193501806388667e-08
-3.552713678800501e-15
-1.0436096431476471e-14
-7.757683384568281e-14
-2.1316282072803006e-14
-1.8207657603852567e-14
6.661338147750939e-15
-1.6497914145929826e-13
-2.886579864025407e-15
-1.201816424156732e-13
1.0720745535763854e-07
3.2423992024632753e-07
-3.3129779808405146e-08
2.344209448779111e-08
1.5418740062500547e-08
1.3722839309338044e-08
-5.6477590604231416e-08
-5.6216385546647984e-08
-2.087901407321624e-08
1.199040866595169e-14
-2.0539125955565396e-15
-5.551115123125783e-17
2.220446049250313e-16
-6.661338147750939e-16
8.881784197001252e-16
1.1102230246251565e-16
1.7763568394002505e-15
-4.440892098500626e-16
3.0449328924930796e-06
1.1221702607144834e-06
2.2046291192623357e-06
9.845479382875055e-07
5.674491667662096e-07
1.20945291115504e-07
1.2194048490954401e-06
5.989015450236224e-07
2.251457118518374e-07
1.176836406102666e-14
1.6375789613221059e-15
2.7755575615628914e-16
2.220446049250313e-16
-6.661338147750939e-16
-7.549516567451064e-15
2.7755575615628914e-16
-3.9968028886505635e-15
1.5543122344752192e-15
9.015947341595165e-06
3.0591088275855327e-06
6.577896591863919e-06
3.9290597442231956e-08
1.651238257238674e-08
4.921176355310308e-09
6.538085170149088e-06
3.242687319993109e-06
1.219035254962364e-06
-2.0872192862952943e-14
6.036837696399289e-16
-2.220446049250313e-16
2.220446049250313e-16
1.1102230246251565e-15
3.2612801348363973e-14
-4.440892098500626e-16
8.881784197001252e-16
-8.881784197001252e-16
2.0944107504305975e-05
5.063905945235092e-06
1.5514084111600823e-05
2.596564740997564e-09
-2.691303735424811e-09
-6.76825884227128e-09
1.5515612650673916e-05
7.138901864323088e-06
2.552484403395283e-06
-8.881784197001252e-15
-1.6514567491299204e-15
0.0
-1.9984014443252818e-15
4.440892098500626e-16
0.0
-4.440892098500626e-16
-8.881784197001252e-16
0.0
3.136749746701639e-05
-1.2556267847685376e-06
2.4964343353417462e-05
4.2892153828688606e-08
2.098761564539586e-08
7.663063072982368e-09
2.492193378467178e-05
1.0143689535446754e-05
2.1354644914595156e-06
-2.220446049250313e-16
3.0531133177191805e-16
1.1102230246251565e-16
1.3322676295501878e-15
-1.5543122344752192e-15
2.220446049250313e-16
-4.440892098500626e-16
-1.7763568394002505e-15
0.0
3.820873502036193e-07
-4.143446403759299e-07
4.5607335863451226e-07
5.959714854952835e-08
3.077855081912162e-08
1.0066006694842144e-08
3.923228035773718e-07
2.7106570255064355e-07
4.634459416230641e-08
1.6653345369377348e-14
5.828670879282072e-16
-1.1102230246251565e-16
-6.661338147750939e-16
6.661338147750939e-16
-2.220446049250313e-16
0.0
1.7763568394002505e-15
0.0
-3.4588751418596075e-08
-3.1402994693507935e-07
1.0329585364843297e-07
5.6074227927638276e-08
2.874909044159324e-08
1.0120679405645205e-08
4.582583912338123e-08
8.985259558613734e-08
1.4321249242055245e-08
-2.2870594307278225e-14
-6.938893903907228e-16
-1.1102230246251565e-16
1.7763568394002505e-15
1.1102230246251565e-16
-8.770761894538737e-15
-8.881784197001252e-16
0.0
0.0
-1.040755535086646e-07
-2.6890253224109983e-07
1.6083436804592566e-08
3.8121033441029795e-08
1.817086303645965e-08
8.05484745569629e-09
-2.295365852944542e-08
4.992429136763121e-08
5.3821029577516555e-09
-1.9984014443252818e-15
1.3877787807814457e-15
0.0
-8.881784197001252e-16
-1.27675647831893e-15
0.0
8.881784197001252e-16
-3.552713678800501e-15
-1.7763568394002505e-15
-1.458216303262816e-07
-2.3964961570754895e-07
-5.526042556880383e-08
-2.450636671369466e-08
-1.2576796493135589e-08
4.327077363086573e-09
-3.1052561411115676e-08
3.8922439986321944e-08
3.6716998330632578e-09
1.7541523789077473e-14
-2.1371793224034263e-15
1.1102230246251565e-15
1.1324274851176597e-14
9.91567938868343e-15
-1.5543122344752192e-15
1.4210854715202004e-14
9.769962616701378e-15
-3.1086244689504383e-15
-1.5042409984289407e-07
-1.0803280758864275e-07
-7.362085341355851e-08
-3.7831576094049524e-08
-1.9700632236663296e-08
3.913719126558135e-09
-3.575940432654079e-08
1.926457615653021e-08
2.3069242072182305e-09
2.6645352591003757e-15
2.4841240175987878e-15
8.326672684688674e-17
-1.3322676295501878e-15
2.581268532253489e-15
2.220446049250313e-16
7.549516567451064e-15
0.0
1.7763568394002505e-15
-1.2770637169978727e-07
1.1339196248627559e-09
-5.528015023514854e-08
-9.620386265396519e-09
-4.503556638724149e-09
6.853873912859853e-09
-4.2511741682460524e-08
6.01168714808864e-09
1.693740925290399e-09
-1.4210854715202004e-14
-3.788636071533347e-15
4.440892098500626e-16
-4.440892098500626e-16
-2.1441182163073336e-15
-5.551115123125783e-17
-8.881784197001252e-16
-9.547918011776346e-15
-5.551115123125783e-16
-7.63516823099053e-08
6.047896761174343e-08
-3.466381315320177e-08
1.2464324683492123e-08
7.505295940291035e-09
9.59035162395594e-09
-4.080292637098637e-08
9.37896338371047e-09
2.5949769000277456e-09
1.9539925233402755e-14
-8.326672684688674e-16
-5.551115123125783e-17
4.440892098500626e-16
-1.3322676295501878e-15
-1.6653345369377348e-16
4.440892098500626e-16
6.189493362285248e-15
3.3306690738754696e-16
4.661615093937144e-08
1.0290631280440721e-07
3.8883195774275237e-08
7.547940583663149e-08
4.258709651594472e-08
1.578051467276964e-08
-2.713707125678866e-08
1.7865048995702182e-08
4.39401026675057e-09
