-16.612410139806826 -11.106309730932578 9.610623809926082 2.7423899909811444 -45.79975278139809 
-16.285305987716423 -10.755591437079733 10.065806584807639 2.9726395294950616 -44.798732339693224 
-14.509642820128823 -11.258468845700754 11.338035582950628 2.842159188639908 -41.82770261912839 
-12.17872143189395 -11.275376376530454 12.22268005323595 3.580355534418156 -37.41056915316815 
-10.630561520407621 -9.465110604718998 12.069022330539486 5.016014445800653 -32.387224943422034 
-10.060814766646754 -6.600174070014171 11.662894475694305 5.1766860748642465 -26.555550861763805 
-10.960552020151592 -2.692913092709234 11.126486524685877 3.0658061520296833 -19.34370082474449 
-16.209697269625334 4.672486735915024 7.546601573856879 0.4744331080474371 -9.92519650493541 
-18.940855706955986 10.259451366217359 6.814461983347119 -5.441678113784961 -0.07675695204793918 
-19.265724864434535 12.087959727403861 6.161755852041418 -4.938116450006088 0.11154779934131201 
-17.377095545634383 9.595663114040265 5.682004878442219 -1.5693757817829297 0.5636273920328579 
-14.361912229393285 4.296989644035307 5.520442873887766 2.3530719808631484 1.1066560646046588 
-11.540509771141886 -1.5499866574632357 5.741131501301119 5.290209678919515 1.3014017799705784 
-9.907192083614765 -6.014259482094974 6.377183279946767 6.427812327917461 1.225449314535572 
-9.24837594304662 -8.88553237574681 7.306109729072453 5.894518984688452 1.0202142713125273 
-8.982501648890603 -10.577985365559979 8.230804062541827 4.3996173094211795 0.86250975341611 
-8.680332948441478 -11.558130320009814 8.762775664353617 2.7415236845994198 0.7305454747971317 
-8.154600417616878 -12.101494719633076 8.502476744414427 1.3321467473880308 0.5989273722119939 
-7.368762612689729 -12.349440961825563 7.188088251508006 0.16960579108657722 0.5239501182454218 
-6.291656582932043 -12.402175313872748 4.785381607468346 -0.9622399534339322 0.41937406117951637 
-4.853215678523094 -12.352153996747868 1.4993531804546771 -2.2828493516513033 0.3090063759069529 
-2.939423089463523 -12.126521352455484 -2.210888837333236 -3.946371769014812 0.14614716221953317 
-0.3168658607684633 -11.63470151345565 -5.743076245144351 -5.99286426274704 -0.06789277128281442 
3.1235965034701283 -10.569152311651905 -8.3820501237613 -8.22686411100584 -0.3012423245904514 
7.19772057583566 -8.35171592223429 -9.472958662753573 -10.283471969016613 -0.6422612915339891 
11.408618787100028 -4.367272625839359 -8.69239392598313 -11.595578374446603 -0.9967252422586244 
15.133276449800888 1.7291141649860542 -6.15561973573219 -11.703139334805558 -1.0907922056420856 
17.847277676002406 9.414627721182823 -2.5409561046965705 -10.531992371103863 -0.8588223584286706 
19.34633935438281 17.018450291856496 0.7136449449938145 -8.183887503596333 -0.4186123174419398 
19.777144639916028 21.70230930893893 1.6502396657214553 -4.110646128398628 0.06345356051565898 
19.265752809477814 20.36186547852958 -1.9500679558716476 3.196764646693609 1.0457848975671644 
17.21052147293842 11.67631877609975 -11.675292528318872 14.80860496700898 4.496644655757516 
11.768632713854526 0.11214094601851089 -26.638983912429296 30.000974973413655 -3.3486924354396916 
8.098633067101074 -1.4284386457881741 -33.175240358738975 34.37694358612998 -9.953081565012452 
6.863567263770378 0.42304337433373573 -33.69383170806901 30.03245017106453 -15.289107385221419 
7.143782070172064 2.660311836730701 -31.404875699423943 21.133770419973246 -20.70028411748413 
7.809645469886785 4.401027058166937 -28.047165268416354 10.309247743118002 -27.922097929779856 
8.447616794018243 5.379850604221523 -23.70263786608505 -1.6706655743053531 -38.29398252609551 
9.031774976310649 5.419665086443983 -18.981364846620572 -13.056967529399904 -51.70711867048908 
9.315944304359968 4.174279062776516 -16.990099450930202 -18.63472107029472 -65.15743127356457 
9.017026519291617 2.104418072427632 -17.726937173638273 -18.144893227096652 -75.21488468501057 
7.682480437403639 0.8715099978275948 -17.191270609139753 -17.25746725152678 -81.11124290952155 
4.941065177150097 1.1570363753962245 -14.423660684071603 -16.885020461840952 -82.03110012841027 
1.4313299628695113 1.308566070774522 -9.727942901034266 -15.969378235181322 -76.64393104611824 
-1.789401565954274 -1.0030184068015897 -3.7677334556981377 -12.969934309227472 -63.024298892463065 
-5.419753100994172 -3.5381649086564684 2.175636804279779 -5.755255577059281 -38.799601845385574 
-9.280786791523834 -5.918033166863525 6.570821892923319 7.1923633208077025 2.400297366206319 
-12.406767925460928 -8.970518720432834 11.962544817880358 1.6541092525828693 -1.2892443732388772 
-14.663758137484608 -11.90882915984206 15.138632549329575 -2.0707005497694437 -44.47992156005695 
-16.230006559199964 -12.758590874860287 16.42543123676475 1.5934617070837611 -74.51946880129877 
-17.096768914635966 -10.356796755885693 18.21461218765437 7.007699470891057 -91.77408731223552 
-16.91116487570778 -5.680757041098056 20.313750263945906 12.488851074575727 -97.7151407339522 
-14.620486485683783 -1.6616975593451015 22.22604077354993 16.776102062000742 -94.15279135972699 
-11.249629303577738 -0.4024556246502936 22.78257925939362 19.111348755625635 -83.36150907686495 
-9.203342846622881 -2.9589751527324566 19.835039927426816 19.564708826514032 -67.8798917508893 
-12.651810143998057 -6.0312334345932594 11.518929415274739 18.189257247251152 -48.548396308994576 
-18.56106902708543 -6.789609249986522 4.844150839712394 8.659261125209266 -22.00500679004502 
-22.51442963993811 -5.690304585432646 3.835638705502913 -5.783692633776788 0.40247973580576185 
-19.868654759494508 -8.002029391142031 3.647682672727395 -6.952056123934054 -0.42005823037079637 
-13.242172847998143 -12.772325485634969 4.091140339654913 -2.6081758930032484 0.33043866745507733 
-7.450748898711122 -15.301258814157649 4.7473249513806905 2.8926617928519667 1.067731270987685 
-5.955604324981254 -12.326196236205297 5.37602937165608 6.43120936929877 1.3962484180602341 
-5.152965342321489 -10.190567333292275 6.123436281440415 7.717801053840168 1.3112679180953786 
-4.277261439521433 -10.06668091793966 6.865859669781483 7.276188176320136 1.1028567963897076 
-3.694203867213341 -11.026041306637449 7.5280407284237745 5.767251339178867 0.9258673070128605 
-3.6011691517060886 -12.233613019116351 8.04302214634822 3.814031162735575 0.7940871378899672 
-3.860677065753412 -13.301219793204298 8.206119016163822 1.8996884896139816 0.6512191618881286 
-4.4576313181848075 -13.945127745309433 7.640822453638027 0.3868021472970937 0.5865018526997002 
-5.2537834282320865 -14.12520209250128 6.1642907935993865 -0.7540184147056768 0.4973894367190572 
-5.886748220703813 -13.99564560090773 3.869427976510151 -1.7501680170222267 0.37182898921441365 
-5.861496019820424 -13.809045495650013 1.1224399884660126 -2.8978740856433323 0.24675078125025923 
-4.71605902907507 -13.647581456216159 -1.4952886465789674 -4.352273020013404 0.11370245767260209 
-2.1629420222226927 -13.256446907560836 -3.3530332698621312 -5.969671166589407 -0.010761544570350235 
1.7947147054422272 -12.130392552542117 -3.956952858119776 -7.454751199591446 -0.17949772110273307 
6.800650075012144 -9.530021590163214 -3.149526991851017 -8.409131833536978 -0.3476693888018684 
12.19916767964936 -4.977302497576084 -1.1765947300335275 -8.486294078917062 -0.4653787384919234 
17.31680893572674 1.1071838043449784 1.1327130706611408 -7.199988232318763 -0.439088324751022 
21.8890538482158 7.035347480106809 2.3711373466262207 -3.9442706113896797 -0.0911755303201001 
25.24965887671663 10.747984695365968 0.47747094080454555 1.4300346151653611 1.7291294019832564 
24.45621631896935 12.217763234975457 -7.516231557508872 8.162000140364432 12.240958856097071 
18.611230840429325 10.989095737648665 -21.769114498119976 17.873666367261432 16.109515434740068 
13.818937369884122 4.121833138895287 -36.58903624043085 31.021424352716114 5.576677545583353 
12.508191096865563 -0.08866773233402955 -42.737565479665356 36.62372615510663 -4.639485461748189 
12.28509422962314 -0.8613261417040068 -42.6591318858266 35.15006086362717 -14.118371891553823 
12.123832689498608 0.8578115903901967 -38.47731628551633 27.851379769343183 -23.464206918689392 
11.78116906896626 3.8174580924650994 -31.24467378580199 15.472832982977467 -33.57887225157628 
11.500569525190041 6.737084487859004 -21.73837236314286 -0.44862388379603446 -44.87101896708901 
11.33076300129816 8.237964164639067 -13.925510371700565 -12.880713003050229 -56.11767691542961 
11.003585528258657 7.007396273778987 -13.829685182113108 -12.201800075472983 -62.50702505930003 
10.811280806389524 4.1816191325878 -14.525169889890519 -8.787483775289015 -65.45304538006025 
9.810734137205396 1.7496930652303153 -13.093524285466305 -7.091112922650348 -66.57398777121028 
6.779330935824499 1.3479337011058676 -9.589022897218918 -6.888449755964448 -67.02675024771534 
1.4975603061636829 3.1069532195131564 -4.869624982888918 -6.543625049018794 -67.63324652386363 
-4.046996804215624 3.473743947156114 0.5543312118099869 -4.780490757208039 -68.7448140611101 
-6.9276144913551905 -3.0651670240603717 6.7789318541214145 -1.328181155274343 -69.65037118820335 
-10.1394222654671 -8.897256767693046 13.366832026021218 3.4586514524866203 -67.40359273921297 
-14.717144027453752 -12.26227482963558 20.10211318890602 8.258477200638197 -57.52940447726702 
-20.489326179366138 -14.565222326477569 26.302011896008434 12.103094069522918 -35.77047154738898 
-28.794103475234635 -15.040397524024797 29.51949232689332 15.642838686298425 3.153456198385289 
-35.54248937018756 -15.895479484407739 33.624666256921444 9.910932416754774 -16.35603303953582 
-45.95717847472154 -12.338272121272192 30.097991222835038 9.471038505505193 -17.595566168751326 
-61.019020431391816 -1.8517488392736485 16.357330953081327 15.789677570638885 2.814387680848561 
-61.376920875150745 0.22132102018971794 12.633334798621902 12.134367310633925 -17.24080869063264 
-53.47209569327144 -2.785682386370457 13.162822978192866 2.1868592403822547 -11.731315031641577 
-42.818828936777535 -6.262953131635097 15.85624368304956 -9.287503547303551 0.056516905201576824 
-31.40703354378486 -9.540050300330151 14.94508088113039 -6.48207625684591 -0.7342488179572783 
-23.32378997245162 -8.089455905458756 12.734882298874563 -0.12557402022125858 0.414998434112913 
-17.68606802058263 -4.415591176430426 10.530169845964803 5.477977121788813 1.3621652351582882 
-12.742973470446124 -1.8549459906097516 8.92280956593825 8.673959019498994 1.8055879207906878 
-8.424432820167796 -0.6920910950688247 7.938098352346129 9.237379326576 1.6479735960841817 
-4.9432864578921905 -0.3969073643188505 7.406872752311327 7.7206581160988685 1.282956411424164 
-2.3196680633722844 -0.6577051326884895 7.011176080566515 5.1341590641447565 0.9269262164457068 
-0.4187921598274324 -1.418640507664153 6.371256953124417 2.4720059612814107 0.6835640321220623 
0.8946362828356262 -2.5990551445494776 5.1157527750361185 0.35182238964467866 0.5284879837972141 
1.7416933906161591 -3.959883478543162 3.029872308300639 -1.1794618016772325 0.42182421959973176 
2.269839639405489 -5.249042062588366 0.15802201655491024 -2.497640805822711 0.3546654515563883 
2.696889234219973 -6.3260861114423985 -3.1749703336480612 -3.988591183558645 0.22805674098727077 
3.3301849572314994 -7.043895467832174 -6.428106615796984 -5.85062368798625 0.03665043222179529 
4.473698658156012 -7.067027296008732 -9.027637334184226 -7.972182438649293 -0.2230926649140861 
6.283510194339097 -5.955772656906917 -10.426113295901606 -10.088649984689615 -0.5284497410695005 
8.619406548848325 -3.253160148674534 -10.273233186253998 -11.953704164970896 -0.9226630333983115 
11.147114381870178 1.308588907726134 -8.580333611141453 -13.280905681474309 -1.221063590165775 
13.652830040806831 7.252677256449012 -5.666335725075454 -13.630320325779671 -1.197152431700055 
16.23771674538377 12.846654535568181 -2.427295514099508 -12.300970810270101 -0.8483612126180465 
19.102138974735446 15.439887993195368 -0.7583400304751676 -8.061838878148315 -0.3188381762822526 
21.7645472804996 13.000691656065822 -3.1743054209337407 0.9544459122895369 0.7784700359463759 
21.81227770651366 6.515473028400637 -12.032018838117919 16.250834356024942 2.3753120602155717 
17.41592290495549 0.38169813735185604 -25.81902921234434 36.91214238091149 -12.911627356625761 
13.74565648022231 0.678891478425182 -31.696052430262043 46.098473164417605 -25.377005719700012 
11.677782919580544 2.2298995659118725 -31.63555903301338 45.64524138469231 -35.60695673999992 
10.495300384484498 3.5401648350732056 -28.28319883734805 39.070739560600984 -44.85898117482947 
9.34087235629156 4.303154723081565 -23.131186153370326 28.7313729737187 -54.56544283667746 
7.783577119051939 4.379962538667864 -16.43339372867939 15.643183170736338 -65.60341083012324 
5.710422419583506 3.541137049448564 -9.402368314696005 2.7683431266707177 -77.22361748661105 
3.0232786698134064 1.487749191422387 -6.223947814457346 -2.4004508190949063 -85.48486670000703 
0.07902398705184153 -1.1711302518591082 -4.2781083773020745 -3.036395494243769 -88.5687960052603 
-3.1568999700843126 -3.3948818976899604 -0.9808484667099568 -2.5043263372604203 -84.53341154488089 
-6.738604585777181 -4.527897484121837 4.280131665321049 -1.0678132618512668 -70.80154735641581 
-10.25984359543629 -4.778797919104829 10.317310403846639 3.8457928515904114 -44.503501353855846 
-13.072357645548449 -5.1652035095936935 14.168784966634277 15.926450311364768 3.2726655204682062 
-14.603263127485267 -6.4739508047920635 16.880508159199834 10.384547007716472 0.3792510670176708 
-14.733142831923738 -8.433608102657196 15.701097234997972 2.5082352725648747 -0.9626750967164632 
-13.237208122776849 -10.305964251191591 12.24780162941701 3.0880264445268075 -49.238951742850716 
-10.284124064591085 -11.052094839271506 9.839031181995319 7.3329661019740895 -81.83344982187684 
-6.552954141282218 -10.382719786249726 9.015459654172181 12.000442057548176 -99.58890513286846 
-2.876612256274421 -8.539492895781102 8.5416324583596 16.643451215957207 -103.75280607082546 
-0.177613041580647 -6.441760553781292 7.632143621553915 19.76538450912067 -95.30778407829554 
-0.4575029368849282 -3.4365911836107474 5.577359526559232 18.84421199556225 -73.81820620289145 
-7.0221605309970325 3.567901901814191 0.8676414138213714 11.4352446225081 -35.80168957523104 
-8.637031728618272 9.014611455136727 6.615980200239695 -5.525204451683891 0.14314015487715906 
-7.011600035262171 11.301953999489463 7.794794168412537 -5.249288328522164 -0.17838585720606323 
-4.253797399789266 11.930841651250036 7.460162181193886 -0.39304687611377453 0.5585197663556504 
-1.5109432007654362 11.507758300917745 6.94731021488903 4.6261577913495096 1.3422005782941844 
0.5564873937890998 10.318492419051122 6.6429497702670615 7.753135716511695 1.5876626784251322 
1.702413231039158 8.575112766309335 6.623181801652085 8.482002053755632 1.4295976631210785 
2.081045618954726 6.454287568518413 6.840879627100273 7.2901558408186204 1.168658350672166 
2.0079237490549615 4.168558058203713 7.042630700019658 5.168697351632245 0.9325901354189358 
1.7853708385005318 1.7213782230926955 6.939198692704656 3.011959979620959 0.726077570291092 
1.532344840803832 -0.8765201051532432 6.322643348691411 1.3445128994129505 0.6104952530457528 
1.2643464847852306 -3.3318725751929166 5.181346114872387 0.2411497238807507 0.5498361327005619 
1.000111572464773 -5.245747280728814 3.6659160224499923 -0.6358438641694003 0.5051534082402455 
0.965111550148424 -6.517279831408351 2.095639204570713 -1.7964488029533277 0.4030862293026369 
1.3108935511994955 -7.101709074138157 0.5972510975257341 -3.5023477541517862 0.2432386824619551 
1.6265379767111872 -6.339495101224484 -1.1876883594961154 -5.458014929718883 -0.026455008853006105 
3.042270706617824 -4.603403277184439 -2.071960992432848 -7.594967952918338 -0.3406851932908174 
5.6163740637175446 -1.5237508739044843 -1.8408879883433193 -9.259237940921636 -0.5624476901042988 
9.109218607080049 2.703086062263799 -1.0492071568872954 -9.718103106336764 -0.664234795181746 
13.50498768635559 6.459404983864785 -0.495975914153319 -8.729719503483333 -0.7591968940336608 
18.30324252205361 7.652428015118908 -1.7482957955069955 -6.100931627712527 -0.24243714893218704 
20.6299861813708 6.45357106636216 -8.579038826333443 -0.2826045852374781 1.1417568957021669 
13.32995473548661 7.9938133426408795 -27.591813932963948 13.4856656974403 -5.1920196677772354 
9.170916017020033 3.8366387123963146 -44.392699025460544 25.58976727925345 -11.988165363512211 
10.913839066681298 -0.8901612071045006 -51.7741006237593 32.09297588863583 -20.580878162119355 
13.122376525262986 -2.8071093125653204 -52.955225211725974 33.264154995196336 -29.410303993993146 
13.488484607786162 -2.088258234922052 -49.79309849193622 29.52802504041581 -38.9337916234402 
11.906592224081171 0.15474808878786064 -42.38559747730435 20.090628710741154 -50.593673901381344 
9.046764572812991 2.7986829980215213 -30.241844736543815 4.236544332966338 -64.83084448407585 
5.494442892557602 4.593010398808002 -17.458131573288764 -10.714134601633614 -78.87994470570493 
1.6435696541979108 3.996984151526544 -13.599172194192057 -9.149716312565685 -83.92045876808271 
-0.9033405850632575 2.1079399992962204 -8.826086811484176 -5.0889817126943715 -80.4616259884407 
-2.22997813589388 0.4341717337991632 -0.7109885484072751 -1.6591496782031994 -67.32407535620696 
-3.086768228842661 -0.3669189806329757 8.527853831733943 4.989011147732447 -42.417666166367994 
-4.269858447694436 -0.6561076163007155 14.281643146826228 20.193341465463714 3.9815756308408514 
-5.941337374668518 -1.210072901392099 17.844298493256403 12.804092166285558 0.5747857980324386 
-7.736915466679487 -2.7329664827877336 16.218472402135596 1.7292383242377798 -0.7415477448279347 
-8.576794278988597 -5.4849105541853325 12.513718250504956 -2.907940261974869 -42.35821062898961 
-8.011210031350545 -8.466774807245216 10.989807567916657 -3.771846746274982 -73.28419506519926 
-6.5613668037119774 -10.13680209595967 12.807322721578316 -4.605230815496048 -93.42425459630797 
-5.195475900146951 -9.370609620037957 15.626084350342975 -3.4493734791290778 -104.23213636640654 
-4.253325796418489 -6.459310287016235 17.87349928049333 0.7051683681976761 -107.20901624293056 
-3.5199467616733466 -2.8605087974339254 19.144268148913937 6.9912510673707144 -103.69874327716175 
-2.4197185042140497 -0.3521631049161024 19.579535264300308 13.570868459344673 -95.12514248312777 
-0.978981224598213 -0.9961041460799375 18.99920524884195 18.704226503435788 -82.6242481857265 
-1.0532562030086308 -4.4044732116751275 16.265466072767634 21.254935644922522 -66.74600939383649 
-7.197619428939731 -4.726193382790751 8.735056765988334 20.907151803018234 -46.3634637372014 
-14.95755013529078 -2.809423823307007 3.499494862906581 9.188480101564407 -15.613840257165888 
-18.033045132766595 -1.0855572056211333 7.431020881777604 -8.959992906344684 -0.018411965050104676 
-16.389460944750788 -2.897805857192564 5.970303260339423 -7.888722261643816 -0.42262992110071995 
-11.907289022620144 -7.150575246186243 3.6594399174824574 -1.2262967774416416 0.5697166923257209 
-8.459903842818946 -9.622440563490015 2.1281244365338687 4.750186620611114 1.2453886459208345 
-8.558076141974485 -7.7666039016007185 1.635431933136179 7.481340693280372 1.379577845967534 
-9.062877505893281 -6.642203239871894 2.257036793463487 7.5276326363696455 1.1922086251587642 
-9.308214248821367 -6.984205965875731 3.58023983396703 6.136525788123024 0.9771697560334627 
-9.46134525332342 -8.128955087586249 5.086521029210204 4.303629377253833 0.8134513302672386 
-9.610992371456845 -9.561331487746939 6.299503907879498 2.631388279351727 0.7139505375708924 
-9.615464671160291 -11.066902810797442 6.8718964357138885 1.3671242352108302 0.6641962888711791 
-9.276978197829763 -12.537239085927858 6.632734586258766 0.42380757394732643 0.6557723838337639 
-8.43926580529128 -13.812443291704538 5.598506686208892 -0.4191450993246593 0.6236456643723108 
-7.005116641772114 -14.681706713114991 3.9211272857556767 -1.4344270464242244 0.41019168545427476 
-4.886116894430809 -14.873951179304495 1.8446212864880722 -2.860529463057336 0.1341968680977415 
-1.9977756970100988 -14.16263176046691 -0.4414979414154059 -4.727518227705671 -0.03827150570174469 
1.749765699336539 -12.49768934119422 -2.860228151940963 -6.819742355579198 -0.18290498088634946 
6.417774356359874 -10.015180752394583 -5.382748151586683 -8.649913453333093 -0.34443180353183445 
11.872132270624899 -6.869189522658061 -8.050311542198823 -9.873419525177145 -0.5036445473173161 
17.550817278926086 -3.138340068313638 -10.976573932349934 -10.615978664153186 -0.6695327659308443 
22.480220508946662 1.1749890938600138 -14.082950033004142 -11.98983382524171 -0.6460114532498884 
25.640232938160946 5.671339001592667 -17.28019069680925 -15.361344953986684 -1.277406230239328 
25.99432334599395 9.581334902408946 -21.810768170297045 -18.56654892527755 -14.972360185839802 
21.73713470430527 12.612531953214749 -30.88040678685481 -17.571784127891412 -32.795132121053555 
16.100406739804953 10.432936729199463 -41.927160473358526 -14.000053584418243 -50.14854021060115 
15.494681604115886 -0.06668237943500976 -47.68475522679582 -10.543405687185675 -67.7744572930619 
13.714047753068224 -2.2042704141689837 -49.10391972110251 -7.402308601695348 -81.70027207645487 
11.998872049163532 -1.3282985756663799 -46.98611969048973 -4.441629196645735 -92.03676635116906 
10.69919303071795 0.19314020561270356 -41.39642875335555 -2.5501722687796624 -98.40152255500634 
9.57074490169619 1.9439255480459252 -32.70976379136641 -2.024766203167223 -99.61375207975705 
8.321953665826197 4.024325814286349 -21.620623508925185 -2.156116161052093 -93.73681272988584 
7.145966525064387 6.096243040204813 -9.030950534432337 -1.1027556040181836 -78.25282481783789 
6.474886297640284 7.43365530362143 2.8287147172460334 5.174211835145128 -49.880605058779615 
6.179078825301753 7.514292153074472 9.527388463951777 21.16615529575403 4.2249548502243455 
5.788258025786459 6.512916094149455 12.64325342486558 12.811071218831554 0.6510388232305452 
4.6759849487670015 5.009797736647847 8.479495987790873 1.1022299674470954 -0.5299583117512967 
3.143320160920873 3.3737930682659787 0.47900470061385825 -3.921283784247266 -38.04880691748227 
1.6693700900000603 1.94577592252498 -5.981271870326039 -5.70298400132835 -65.49741405285891 
0.6541749095003608 0.5282759719174921 -8.484083475890877 -9.589391315064852 -83.52085514254125 
0.5338278280850597 -1.5329006230287647 -8.479932019098753 -13.74407870957561 -94.03342275636595 
1.341304465922256 -4.034564146857031 -7.273608604636453 -15.924371442964935 -99.18050820431921 
1.5128451732843597 -4.55662314935771 -5.883023541547016 -15.098920269595737 -99.94618215003905 
1.1375131800888179 -3.663897388627315 -4.550972333119876 -11.58429831542631 -96.99114243717379 
1.1397374474828745 -3.1634112998437014 -3.167935464883079 -6.382599691611373 -90.79727777791959 
2.1218076533921226 -3.3686798040941213 -1.3795943634948584 -0.9466555819381575 -81.89381695525806 
2.975473796634147 -3.459809846692965 0.8788313544805675 2.9168755839095537 -70.4386033442833 
1.2007956499060048 -2.791500424517189 2.533371336476214 4.122013369269833 -56.63533756912361 
-7.104269775317988 0.7523567735062817 0.17541621769048885 4.167298777741227 -40.412333445862394 
-19.644702428987188 6.663343574531054 -4.200129505201594 1.444262894670767 -18.96540474268904 
-24.468029250276324 7.869109860197281 -0.5792487106427257 -6.1786146419558525 0.679702192766716 
-22.655620980053932 3.0766317534544525 1.8489005257461686 -6.268913411007023 -0.2931086287390138 
-17.159448596644502 -4.776663078973034 3.1670362689173728 -3.1239309617650104 0.32399856167583196 
-11.465374895829475 -11.516986477995466 3.6478633737343418 0.9571254932074482 0.7898410786794643 
-9.025254862938022 -13.099284398309848 3.3924396759677853 3.929259046558399 1.031761579119332 
-8.949680855441418 -12.122525150806876 2.3003226595580024 5.626871189504167 1.0699668204212756 
-9.096413259947417 -11.354113955524832 1.625008445852952 6.122582654939574 1.0174956541939275 
