-0.6359572227328381 54.538842003599086 15.49325632201053 49.651313651297244 3.1260693553455536 
0.3095785204337138 57.4850142945869 16.023398236143212 51.76273628484205 6.1214019788529725 
-34.60491430892457 19.082713241982958 -13.892815360973993 17.78406771243084 1.6932021734380864 
-28.81138318456196 -5.141805781318034 -9.004835457455993 -1.2871389351506126 -0.39564005392701185 
-1.033823738722736 -8.897306755871004 12.77482269073508 -6.17155478295702 -0.6054185216128516 
14.926246367928467 -5.087398888249369 19.187695698026513 -5.430042636123037 -0.41786705916661937 
11.918791942617842 -0.6334373768604085 1.852527059365487 -1.0445262084380202 -0.2540782326395234 
0.08802901984859622 7.571446713272296 -29.74113836994135 10.607947387442263 0.45965139249686604 
11.766240923919053 30.80233447486236 -34.52401019057942 28.795490420280224 2.5695564953179524 
39.62159773814004 160.72666218392715 51.125194939942794 5.340955418378708 0.5050976842954451 
30.02559484420644 201.22622893597716 56.36656122972151 36.44476058965325 10.582948180056283 
29.57724199106694 171.30892401324442 58.708128390048344 20.821375413763025 13.264130020666242 
23.069076571979867 111.95125418642053 42.326569431477225 0.21433572926914257 0.5032292108332145 
10.141607221333635 55.08969662567968 18.410993014675103 -4.428173067349175 0.46875063465401046 
3.2481631164579414 17.23650061257328 11.940411302041417 -1.4249609778053838 0.020994977434646053 
-3.785657314065854 -6.01599811136221 10.57505543961196 3.6675227274978934 0.6328524782280114 
-10.430401796745446 -15.463790562331122 13.685727639842352 7.3540155322192895 1.0052816062879175 
-15.23877797818415 -16.673816981892145 18.63126323679258 9.09527854368091 1.1491658857735705 
-17.498679700241183 -14.539092711968106 22.832238533657947 9.558069608493922 1.2205649114869022 
-17.255744592778886 -11.991086693521503 24.796212586005026 9.325146952894718 1.2135995231321544 
-14.90065441281814 -10.488337178988719 24.242629255009255 8.425090992563195 1.176691092143544 
-11.266037756553711 -10.445166548495331 21.3576011504632 6.4047901249701935 1.030049248418653 
-7.231274973271244 -11.811510523656063 16.432322720754403 2.7831310477629043 0.6406570556511776 
-5.382666769329912 -12.777640176038066 8.339545872052907 -1.6548381347010688 0.2178909570009734 
-4.287762593324498 -12.935382176525744 -0.22195996130057663 -6.540379634601515 -0.3760421502183825 
-1.7756998994468383 -11.64879705069315 -5.895483776348599 -11.073806227822557 -1.0334892599017858 
2.029713870338781 -7.218683141230389 -7.950409570339616 -13.561239534895744 -1.3284092294350087 
6.281535204166374 1.1171361615687834 -6.954147999504658 -13.266826175731648 -1.115774457042937 
10.128663740890794 12.473109148727483 -4.201439181529351 -10.913823245036175 -0.7863704631853217 
13.174819934008049 24.02033816079786 -1.2735015493273831 -7.666743529189125 -0.3147436339768921 
15.770087277958629 31.244092170744107 0.17719178944178773 -4.337471716894862 -0.12152441024788466 
18.753013380759917 29.2847224075093 -1.796062144640402 1.7370241524101169 0.06299280111855536 
22.395456429931368 15.206721015606774 -8.302977084324416 13.209283623319237 2.2844533040375157 
23.74734197397132 -3.49439607460859 -18.166275816045996 27.34376687931 21.401191661849374 
20.22921400450445 0.593644822414727 -25.56494921262795 39.19598106668812 30.67723885974805 
19.48836946224671 7.508381920700734 -28.152637199291963 44.48334526893744 33.018532143620305 
20.436707568451165 11.614214289549318 -27.786379778215426 43.313708340394236 30.620967657707034 
22.683902195449193 11.694157211774414 -25.758006351184854 37.914240588491076 25.51781426681288 
24.834212784447597 9.244499390525322 -23.540608902311075 30.264460399659278 20.80291455138661 
25.250302714528786 6.113802784493025 -22.29404696013708 22.442694339452306 15.401837364465749 
22.37081597661587 4.081654368464003 -21.578089821127826 14.659989848314915 5.284613868529088 
15.358082533316656 4.830085527376548 -18.88061469013824 3.8995964414015982 -11.267835798487962 
5.200264244274917 8.031381575959044 -12.67615748260192 -11.063570789817156 -33.148523328324465 
-4.140071573189799 8.75450905612329 -6.082533932965395 -23.048206573497286 -58.148136807630756 
-7.216432670417045 0.3674196794157381 -3.386185578081453 -23.25375198023279 -79.74250885672423 
-6.213551485666296 -9.04223175185437 0.5455968319017899 -19.970696716691865 -96.64681508508866 
-7.969020705949123 -9.153648022767637 5.364794102042079 -15.146705239874496 -106.4605017633043 
-9.14964173379324 -11.77592698987417 10.301517187842885 -9.030230225168825 -105.5016212582774 
-11.190546559659339 -14.490276371267939 14.47463904020294 -1.9123374338979438 -90.0319726866361 
-14.985599817587252 -14.921253739793501 17.572800699616145 4.790677116879053 -55.43069907951326 
-20.58061778826969 -12.070403474040546 19.03180200512146 10.327502033762947 2.9545392648039175 
-22.390751740681928 -9.795780670643108 23.131063117775927 10.600421382615647 0.366833308273668 
-21.581671351647472 -8.753883006053758 26.038260269262587 11.207485742612048 -0.8393812070224747 
-18.799338752326552 -10.747848889310355 25.779197159572963 19.01616153575768 -39.149333628555624 
-19.69272438003841 -12.007927465097012 18.5744177954215 28.454838130652007 -58.2755894815365 
-22.93661005562111 -13.965918736798365 7.577428415948419 35.41158190245894 -60.01387735374413 
-21.327781713747896 -18.872019419852652 3.0985240549208033 30.400349226324053 -44.705562878995956 
-21.962936528418428 -18.927201674821106 2.644593765629881 11.619734560374924 -10.770941735758912 
-22.20526457635664 -14.860316324114459 11.320134957465987 -11.35820996944981 -0.5184900991806611 
-20.3813013118947 -12.145126303255436 11.165264822500196 -7.929351317680697 -0.23409955114902042 
-16.719537325610105 -11.290680451270564 9.472961945393797 1.440810760148184 0.8825687808633309 
-12.453835458642947 -11.498234920746707 8.568500200742541 8.59696593142186 1.5990098947200604 
-8.787119290507782 -11.76935713447612 8.489583796045649 11.554058358237459 1.6770498486346281 
-6.267757426439366 -11.682581778008359 8.775475398624431 11.015782737686958 1.44464249982923 
-4.809686404828529 -11.456294419681011 9.098913269565148 8.47703141976588 1.160286297542057 
-4.0450724358485814 -11.473867319770322 9.227056951395948 5.327756724774947 0.9182895376175569 
-3.610033848334209 -11.907294492801048 8.88531818380558 2.471166657893447 0.6965703693965657 
-3.5253057907551852 -12.506367198109004 7.7150691358968055 0.35606115291893353 0.5849708506200331 
-3.7767208486106463 -13.0326563338357 5.602733864861263 -1.1441595148212285 0.4694369610699171 
-4.086090666844848 -13.438307183580877 2.724423475328161 -2.392271005912583 0.3208124030457797 
-3.96609084707051 -13.849479130844346 -0.4825501091031733 -3.7728732453704468 0.17089928286587933 
-2.909891957988224 -14.286181859355755 -3.392113783705545 -5.444607813999914 0.019412990016075424 
-0.5835867219014963 -14.439894682965042 -5.364398402622794 -7.168027144078131 -0.10656802222876174 
3.0150685165087148 -13.69793067364213 -5.926126311219472 -8.47382222617746 -0.23356195550566664 
7.493837328923859 -11.17185904144849 -4.910191331178334 -8.860821881052262 -0.27612692156794844 
12.1886297603581 -6.32234629985338 -2.3751828941619064 -8.326962033711094 -0.22875590618245098 
16.5596159693936 0.2140798950470218 1.3165026237512287 -7.489042338049481 -0.3107406534045516 
20.538957524471048 6.337229227952518 5.1013068564079305 -6.984820651530698 -0.4587609494528886 
23.476913176978655 9.780182120864927 6.1872861659802965 -5.98383493636369 -0.369254835841118 
21.943206314818003 11.159420580989915 -0.8975170628355139 -0.7682280025481242 0.7031973510090522 
21.165230010484063 5.964252536159087 -12.422517392035486 8.449716359597236 1.6086450965839363 
13.5073039076707 3.2068399551481694 -31.851212423709992 24.96260049006692 -10.019152953065625 
10.882452567411434 0.7280356594598301 -40.94148751328645 31.727155156738597 -19.644325136708016 
10.64043329310262 0.03550470054037211 -42.3136459215695 29.690589935384597 -27.299824846032653 
11.15319524013898 1.264392748891804 -39.098147366541205 21.70521170811353 -34.03185736095374 
11.553998889014137 3.5673176211998157 -33.74018573531875 10.609994157354201 -41.22674682943811 
11.597986429564338 5.732558628948272 -27.662702314829687 -1.141984323619177 -50.04587582762677 
11.27718518589605 6.760519417865599 -22.228666218030664 -10.552140609062691 -60.661192421033164 
10.51279258395346 6.071317012587031 -19.450453971587592 -13.77655594193638 -71.41585739158339 
9.418236074952388 3.940999695760296 -17.921580102208004 -12.599345006874438 -80.9492990395548 
7.7340864399557425 1.3659094557397322 -15.3299133404339 -10.58658604473925 -88.1101055492849 
4.9141347347017295 -0.8620883123952552 -11.17485819453413 -8.619453227505506 -90.99105116895868 
0.7540415722954401 -2.6724765239203085 -5.89176571138344 -6.261975527738388 -87.01191710907392 
-4.418988418358321 -4.343811890108239 -0.060153058691816856 -3.0105952200646846 -72.90890897583822 
-10.052386425804052 -5.5943099592875205 5.865709259890607 1.4829374851823993 -44.74920159357982 
-15.028393405921285 -6.90938857665191 11.614521116884253 6.911895456627361 2.562217393328222 
-18.282869837321343 -8.962619071227932 17.66604737295282 8.344446277881383 -0.14509375265186947 
-19.86189077252545 -11.155371836457293 22.858431557303458 9.056602570537672 -0.3418313596824039 
-20.281263503941062 -13.10498839368073 26.8152473605817 14.452388548574035 -37.189629869685724 
-20.718267813023584 -14.692804242536187 30.142066700311236 16.389193964434106 -57.26516042089498 
-24.153928208385384 -15.643635084409667 29.00369447755267 16.614530941667343 -64.26762670933601 
-36.751608126456574 -12.016535924816113 15.551312356507031 22.103584322859355 -62.44034378651142 
-42.09109745397271 -12.958014917944633 7.17882546655227 20.027954817152754 -49.947598774155416 
-39.5759562403326 -15.109212481024029 7.269696691518267 8.345118549918318 -26.593650229540746 
-35.54819818344024 -13.713867773554075 10.149478816809586 -6.400026248494003 0.38721642924910227 
-30.704991103416027 -10.551184829746765 10.761658949327678 -6.86691577976573 -0.6604421576695622 
-25.245244903851088 -7.015052980439993 10.390306597764837 -2.368249116378553 0.16350974713165137 
-19.405535822566442 -4.049569689742179 9.75279949486128 3.3598342256754945 1.1200451616564717 
-13.725418525382258 -1.8339399215124443 9.166116987587857 7.806127328784223 1.6944538574385737 
-8.68399958529233 -0.19432050165006953 8.727845458336718 9.660485913615831 1.6533979948372917 
-4.501097086982948 1.010478159233438 8.367519642796557 8.948445952297888 1.3607174472760994 
-1.1895278318482172 1.70288249666912 7.835991351236513 6.623700133009736 1.0267915654547521 
1.3388976014363305 1.7094343892490915 6.831163294649902 3.8081264695713295 0.7630326297731487 
3.1577215851772955 1.0115420152158878 5.086717974447381 1.2970009842240198 0.5693585798722951 
4.350209187140188 -0.17577774763301332 2.5100991854909487 -0.7033016938661443 0.42555506201466176 
5.0652593459530095 -1.5753110786234361 -0.7349173711546593 -2.4540745619286217 0.3300123200474618 
5.563821004029058 -2.9925639320441975 -4.228516570901382 -4.257416662360734 0.1920177256803413 
6.213228985720377 -4.19202327610379 -7.379373509495631 -6.243361295770458 0.001485452356265541 
7.35492173743291 -4.704036839425543 -9.611825384764936 -8.281789584099588 -0.2487784117494024 
9.153754329916076 -3.9516860185944247 -10.411838155672614 -10.1771630724004 -0.5266254244944674 
11.466569910170504 -1.3961232089843363 -9.4788917633549 -11.824221905822965 -0.868151622976668 
14.000483217783007 3.130533637427298 -6.889591860434969 -13.064592273352842 -1.1442893732273476 
16.59822015532006 8.864691680982872 -3.130357054184571 -13.464894789236 -1.1588218381895572 
19.292141168895785 13.794177140380198 0.48049354145468665 -12.025487897150688 -0.7740200714076813 
21.889731704275405 15.255141811590274 1.3783038217905756 -6.812943059794899 -0.1785722972584845 
22.621995633296972 12.127417294296075 -3.9310848175933826 4.875543815459611 1.219329121702854 
22.727988509845016 3.568674625299839 -13.557726110900575 21.935275797723243 6.29080977106521 
16.767741718408637 1.739385508271093 -26.822237130728197 42.08918464271385 -0.5147428774961368 
14.291338793602552 1.6544525618665458 -31.940220524560583 51.895713640214176 -6.739522206491653 
13.764965671236578 2.2665493846048834 -31.380276897680883 52.358918993288256 -12.373293153470033 
13.61701138831086 3.466073881134199 -27.999094706197397 46.60558828787117 -18.436597230489784 
13.005229690940515 4.900495427346346 -23.34988582890352 37.00621536539753 -26.15085478997085 
11.886827364721853 6.041233374945073 -17.1748409305762 23.909523047225687 -36.41359134592073 
10.570722215024531 6.484410748359987 -8.856353621888221 7.448667352181926 -49.15185974030426 
9.100820091852913 5.88422124249919 -1.8230378598515469 -5.880815334115105 -62.2991333110474 
7.235989069988649 3.838532996282099 -2.3306018717909684 -5.581640396434125 -70.82655121792517 
4.706462798714853 2.176963272007114 -3.031394639733368 -2.9635666500683207 -75.85785575427764 
0.8167239154583726 1.8353691789828257 -1.7146593977909668 -1.367548751580255 -78.07052081696914 
-3.675764328902528 0.7006051605061822 1.4883118090947365 -0.28767825667958724 -77.3516877591569 
-7.0304000425971225 -4.557522777719404 6.219659807544801 1.1603168032992925 -72.52726158176563 
-11.115207283132314 -9.183240860720767 11.703399219004476 3.621194876333042 -60.64501525252883 
-16.446911777821974 -12.043186594259074 17.092358160740392 7.848861435047725 -37.90844405533018 
-22.46753394533362 -14.515384549146379 20.970571422367865 14.22316057002356 3.23849639483946 
-29.26452693411048 -16.881252832861318 23.4594006513587 8.188773071784858 -0.5521441219871576 
-38.17432649419121 -17.38636913093444 20.819029707731023 3.0501765245161807 -17.85620705121093 
-51.09516957530973 -13.042197755372603 10.744423408651732 5.633921491965425 -18.493249578183818 
-54.582323111128034 -12.922312407165137 6.304205275093723 4.196555173083418 1.5888145490493397 
-49.21073231157976 -16.65124143724848 7.015659707136398 -1.4162660142635735 -7.49249993489339 
-41.420983192961394 -18.035555485070915 9.019848819876637 -7.993903273030647 0.304837960237236 
-36.16480051629594 -12.641881723540342 9.897983676535159 -7.697814733017206 -0.7410988340158648 
-30.812765282044737 -6.2999357782775025 10.48526645125383 -4.410431082034656 -0.07410680658811979 
-24.474398071847727 -1.835682077787673 11.082683295198226 0.23976244339144923 0.703083515878582 
-17.875631632176333 0.7078091131645404 11.56451394694069 4.853061222069343 1.3295129089790574 
-11.97408789224923 2.0220436909454658 11.785350102356153 8.274172350292488 1.5879156372357823 
-7.294487302334581 2.677528529570094 11.770850706350098 9.78996531425301 1.5219169121191152 
-3.8191728045617652 2.9626253706577708 11.62051701282196 9.37579958655071 1.3429263451544664 
-1.234388593120566 2.9820915921000823 11.290543228857402 7.672588657559662 1.1464453932618281 
0.7873568473884631 2.5950652235610834 10.634156901990204 5.477003148888009 0.942284302820351 
2.39948766448532 1.6928182497600048 9.49314014934304 3.4010637761456124 0.805522423979991 
3.665044042633041 0.53263090892403 7.833157208967409 1.7026304730997175 0.7149140423566012 
4.646332760757456 -0.3819294302798532 5.709933921850667 0.2475657715050087 0.6428458980316575 
5.648966652131881 -0.7569561194486595 3.322868294072649 -1.3369018111448574 0.5106384076228997 
7.206403874116981 -0.560363076176944 0.881124356595744 -3.405893035370322 0.33552316428565354 
9.85969998247091 0.25331794655627243 -1.4997317893751436 -6.159740170108903 0.009798062116362095 
13.763546102287412 1.988687950797607 -3.8971812923618923 -9.383835872616194 -0.36970310757452624 
18.581926010853813 4.9882800930608635 -6.974451963967344 -12.021276009439212 -0.7148844715520402 
23.786068348774823 8.997386923426292 -11.910377491481665 -12.196917581857269 -0.7974991304968961 
28.937061875814766 12.922237253847586 -19.452660366284736 -8.745331060075003 1.333580786423734 
33.20558591520177 15.524590752443515 -29.462367001219942 -2.6284964680183536 13.18924720060737 
33.47875004476335 17.81969421567737 -43.51009497541004 9.835977317866702 20.88102604860447 
37.44873900963919 14.611906463300144 -53.032126474263144 22.28839875296598 28.873303509297187 
42.07923286450081 14.689856630229578 -54.739650741165775 32.30343082227227 30.906781444481634 
44.70676461640471 16.768804700688282 -51.92519334282522 39.17224071522582 28.845414424103925 
43.4888908293796 21.43924236078115 -47.098759752895916 42.46811083655188 25.273385330457472 
41.382825478004534 23.721465803451157 -40.7770716286044 42.37083672160591 20.900116482412898 
37.107096327047735 24.322220140902502 -35.30372341377466 40.092105905746166 15.420104099998102 
32.00001221392368 22.420382124484437 -31.32416923644073 36.530496312343736 7.639452366326317 
27.070486036678997 17.854860403353374 -27.94882384998664 31.087493461444815 -3.6931076020015703 
22.204060133602763 12.064966941018437 -22.71485375004522 20.548642232886614 -19.174379217720375 
15.686168632402094 8.840848564128889 -14.333601275697003 2.9081784588089525 -38.09116005179924 
9.24364331032283 8.990162811599205 -5.0022557581226375 -13.993618064389194 -58.01056845437878 
4.935775182092757 8.859642556859152 -3.482748994333065 -12.933037601807921 -71.32781700727982 
1.6735718867582858 8.061015977935854 -1.524709754913475 -8.385650174304214 -78.63668147385346 
-0.5659976085781565 3.8843784377457946 3.3668921776650587 -5.219908575141837 -80.93966136555886 
-1.9470454031352247 -4.755097575014827 10.534051923537259 -2.876021031906597 -77.7920278347989 
-7.344352053001307 -8.185080177986631 17.835667681516373 0.7610573579992 -66.35317200179503 
-14.457894980741553 -11.98889225974488 24.215224261126117 7.012118554489064 -41.97844117287506 
-22.63669003377344 -15.557509021099182 28.211316712547443 16.945611274331426 3.335718143010191 
-31.787634302262724 -17.804662033261497 30.13995677099548 11.888490558231625 0.2548675612396376 
-42.740904196250796 -16.222268282082837 26.32908528188634 5.310142497405025 -0.7764862310966251 
-55.1431959633285 -10.026141257260546 16.60538644391562 6.595454149370491 -32.530925858634824 
-62.10167075104224 -5.026517770845491 7.811181179181757 8.418199982993201 -43.73397388790682 
-57.14279744901073 -9.079632731391625 4.599719730761251 5.300412448242833 -32.392092981445636 
-42.05563531739838 -21.32203711274177 5.367575601261429 -2.21879027645015 1.3211739999557213 
-26.091956603880277 -29.20730146010287 7.514624488158202 -3.6893999690727513 -1.1763779065455449 
-21.79966191429682 -18.291098597281135 8.412834241113966 -4.209031834558003 -0.3979580671242515 
-18.667994490598073 -6.611180856897979 8.941440290182124 -3.7957525707642668 -0.002599647852204226 
-14.032283520925905 0.6399210816682009 8.880582800187979 -2.029077323470042 0.36456034927312236 
-8.667415571917429 3.778590455481582 8.036342397015456 0.8964564237232742 0.7910277946258453 
-3.9336353252071747 4.389088467637657 6.562590165013129 4.020771730403311 1.1349562174835564 
-0.6836801533335857 3.8829482055532587 4.9203825998871125 6.260323020481904 1.225608772639146 
0.8982120205642875 3.0610334581796557 3.6613939583688913 7.035840624546026 1.118280348860066 
1.1232647689538209 2.1039369315841134 3.176833894224435 6.348891923898411 0.9693638473749552 
0.4369713166035404 0.8490268539161522 3.4589040363528816 4.682180381463801 0.8255853230919705 
-0.7764249593190108 -0.90901345944095 4.144546275400961 2.7312473833412265 0.7030082838160426 
-2.1762189648050456 -3.242022725792799 4.768879789233814 1.073723334895539 0.6167258464176163 
-3.5017506140813897 -6.011909543917394 5.0028154131741305 -0.07853869104843883 0.5949104764471836 
-4.520144563479701 -8.909718838860273 4.78035709047089 -0.7957786012290925 0.5968406265223717 
-5.002302505519351 -11.537108252581636 4.265479172890867 -1.338377097852045 0.4411590519584349 
-4.682448869026915 -13.436681913921166 3.7840434590548333 -2.0270236079514463 0.14072694239723263 
-3.3008922168017216 -14.180315386835717 3.6490498391812056 -3.0910312263705957 0.04677050079147708 
-0.6674574955278647 -13.517751444718602 3.886029954090324 -4.309950496002945 0.07919546511213885 
3.276460051368891 -11.431058878258366 4.297072226906804 -5.189190230998525 0.0969719766721685 
8.371417373131758 -8.129230907917671 4.479861490325053 -5.416091591619401 0.27881032443938414 
14.087934901766838 -4.097542785665533 3.753254692406855 -4.852236314814731 0.6445518129321473 
19.607909052107296 -0.2120829579462887 1.483980767243164 -4.082985707067771 0.9156560360062025 
24.046835317414722 2.057505976592769 -2.7592682099440426 -4.682221626296131 0.9049007738390688 
25.523509361469177 1.9184256567485716 -11.36357508988928 -5.543279627459192 0.01944944831491935 
18.995529966714965 2.3605125833461433 -29.76456688643801 -0.887645868774332 -10.148293694116342 
8.667113073757996 1.538839412835192 -51.6329713263936 6.566737328078737 -25.137023361547925 
6.818599035886207 -3.5728260188676653 -57.878127467668925 4.319450417742397 -45.78021108141583 
5.261065062159072 -3.532951209959004 -51.88127135440456 -9.382828652481201 -69.12085464968145 
6.140725284567764 -0.1215883693745428 -39.542546779735645 -22.77561033127661 -90.35300404025413 
9.684453932352778 3.020237877815476 -36.177132089804935 -14.000586263021948 -91.7340410861134 
14.816030993986052 6.492738561938499 -29.78886945689383 -5.660791332956284 -76.66704353113195 
19.375418960977942 10.245116659952778 -20.688309791183933 -0.3529833541128638 -46.79042685813336 
22.263463380240985 12.713631005118618 -13.16188077282403 6.572019239124364 1.6689831086879732 
23.44807262134581 12.395824292199448 -7.472239584288389 1.3995687948484847 -1.3069920541027833 
22.891175034077726 9.408623922759434 -5.164313427023492 -2.3215316433316775 -38.46222790286287 
20.080394557600012 5.845772066939255 -3.983421675730838 -2.9092062057079446 -66.00392707396377 
13.579809899033357 5.330569841598171 -1.7723734377049647 -4.011495493061978 -86.81761133541526 
2.529614636416315 10.499303019948917 1.2909310111615548 -5.702425971629915 -102.524623651695 
-10.310375009672976 18.579563121868976 4.267452448865645 -6.356835657642573 -113.58095444730961 
-16.301485248859663 17.43364172917395 7.454724317209595 -5.101252414148885 -118.42935331416108 
-11.871060161082113 4.151115492718526 11.159912435158848 -2.100735959755798 -111.25428534732042 
-9.483650597419114 -2.528849689521576 11.873087368070221 2.470949785783792 -77.98168604160425 
-12.043980646746864 -10.1360840024911 6.1661783793203115 5.367364121610508 3.126281319167165 
-13.726621172967583 -17.516335012476652 2.8559814035001048 1.3791863462215461 -0.47318446395328523 
-16.598289430839902 -20.72998897807756 -1.204255873194549 -3.8263391396396482 -0.9041243489023557 
-19.721515942050264 -19.55457964052892 -5.097634226362711 -6.8229698335691795 -0.4260941981132077 
-21.42703942822862 -15.693209678881843 -7.064271656463619 -8.273882300899855 -0.4644473499614894 
-21.31563891397132 -10.446338085182912 -6.437488117248333 -8.977230450651543 -0.7156978267011103 
-19.631523320851272 -4.89317770957024 -3.635162536396716 -9.073895640516302 -0.6510797955654821 
-16.780880686597243 0.08941014523368675 0.4251478899037263 -8.186971656367259 -0.5123332746394486 
-12.943334594431311 3.7355481038068894 4.791644554447999 -5.880074136502259 -0.1701920091266134 
-8.196336191889383 5.492608594099859 8.930692174305268 -2.385176411533264 0.29385185274338393 
-3.035381471808984 5.398623090992641 12.50528467156415 1.5936706226874462 0.7852802844646695 
1.3692644998843948 4.268412868420767 14.855119181389304 5.383580111939004 1.1951458757390718 
3.7303023352096756 3.3658318199758264 15.29510616544037 8.47798849957742 1.4549409486779972 
4.120860034980851 3.173068416739937 14.36558868232361 10.397168535002576 1.522635263411869 
4.026648097509625 3.109658876157953 13.709605287545472 10.923434955248425 1.4790883491723175 
