-16.812949437732627 -11.391469443477828 15.240408123164427 5.13960023255729 -43.796479542714046 
-16.34545423245995 -10.639458278315947 16.038524971450094 5.3287116198135385 -43.28100496261952 
-15.13755259133296 -9.351123463524262 17.41025007707702 5.483527963270532 -41.51868010825596 
-14.951872616030776 -4.060168753552201 18.576026920966495 5.948634532362459 -38.68460714664726 
-17.51296054707657 5.842229690224051 17.87182691192905 7.270442816365557 -34.69764270505377 
-22.579267883279943 15.67664153768416 13.74874887014423 9.706781893348134 -28.646509418181807 
-24.16855366235929 22.17931602747161 12.879553447315672 6.68323902949344 -17.248155573068345 
-23.525366093435807 25.937518111334064 14.019929674373994 -1.1548150173589207 -1.0238333812193707 
-21.84165668355195 27.007109035606184 14.143567182949885 -4.329975566234676 0.16291135521712238 
-18.802014389538467 24.24495647073379 12.447908261499784 -3.4522312388528213 0.07388833871462458 
-14.573534641384898 18.09443597940349 9.590512344624905 0.07412416574867133 0.607859611964071 
-9.645366782187224 9.560745569124846 6.686780160728536 4.042041630200469 1.2539229171273054 
-4.961960248358605 0.4506629115940278 4.516695362583993 6.705672932067639 1.4354349861770328 
-2.545601752363315 -5.70397613342848 3.4500604611580297 7.097405670187084 1.2833021511343916 
-3.2719435223451456 -7.127028443742935 3.503807755422945 5.344743495138688 0.9704659232727663 
-4.2070288038299415 -8.12340706008456 4.405946688756803 2.7337581773487165 0.717799471295566 
-4.6197994768618 -9.728836870835172 5.4012053995507765 0.5005187272021581 0.5527982239961562 
-4.740089144555267 -11.467856644512503 5.760448844875541 -0.8512454918877725 0.44165962817942356 
-4.82105937678322 -12.801613596309288 5.073433394187834 -1.5040085172706161 0.4096624159201962 
-4.866828476493435 -13.540888729139816 3.281421665974953 -1.9547384995854116 0.34326491949784893 
-4.681666118907096 -13.788595090866838 0.5985291262072159 -2.652001499956453 0.2659553098396111 
-3.946150742608584 -13.677685791761416 -2.519703198245736 -3.855753457196483 0.13652896594336603 
-2.254008918365053 -13.317180152225012 -5.505057701658671 -5.590685288024699 -0.05185095479954303 
0.5999405813182297 -12.513898073761753 -7.68695927216472 -7.615425205095808 -0.2688415515377205 
4.416073155769347 -10.665562428582183 -8.451230403359261 -9.580499746063724 -0.5914224705965697 
8.582986509172791 -6.988936860980624 -7.526634893092185 -10.977039486489776 -0.9340188646147692 
12.399833036257439 -0.9622168627064851 -5.078570475158879 -11.347311089376392 -1.0555669015161795 
15.384523249674858 6.943814135435103 -1.7831787394974419 -10.524199395920656 -0.8655734636498411 
17.42493492507084 14.866242960949284 0.9463551375394841 -8.485630160140994 -0.43286642883222404 
18.814222755373287 19.640625638041 1.1503281342412945 -4.524301199044901 0.031241974781573457 
19.837813959694202 18.071102643767627 -3.271024487729543 2.9616257304481115 0.9361133294406486 
19.655281017519997 9.479117191868863 -13.669327346081776 14.965618820023119 4.1614602539744325 
15.562089071847792 -0.4945224394085537 -28.802769849903154 30.172029339227837 -1.9055371194128687 
11.791370417107975 -0.7890335190398153 -36.019657107463644 34.793889749664835 -7.147794489714183 
9.956838870396046 1.398144415864011 -37.20893196239819 30.6391971738892 -11.928748221121273 
9.454970022008268 3.6804181292751523 -35.12136467445853 21.387504341362934 -17.957697676425596 
9.526056637673888 5.4526446319335165 -30.96169149000799 9.05858300806465 -26.838712159043023 
9.8655684837098 6.51237679830059 -24.933425974559064 -5.389305040659599 -39.27632792755851 
10.301216134207866 6.428717302182924 -19.4565931408759 -17.4900980735001 -54.35724845660668 
10.56430424287858 4.470942022234737 -19.353251035715893 -19.688109685292822 -67.13293736466525 
10.579822702652457 1.9804361723711381 -20.29446609663448 -18.369821752756316 -76.19422866139257 
9.557545679495702 0.8639520219269697 -19.308956778456427 -17.679193742172856 -81.19057312958572 
6.80712418915994 1.9233653453488766 -16.166056828245857 -17.53274065175561 -81.47824123302586 
2.8751818089631804 3.3952666381267056 -11.411821477268408 -16.609528836853162 -75.80957691767745 
-0.3116266992169124 1.3438496303573062 -5.567270508380221 -13.48218171075607 -62.353432902551745 
-3.0173383505019746 -2.435641044078278 0.375033198070971 -6.36434212647484 -38.59182861536328 
-6.467282999026544 -4.691061935975458 4.970002450330922 5.877063765183654 2.27315307877604 
-9.218408093406776 -8.00478652730123 10.730481140466892 1.2056636858285135 -1.3437056545613637 
-11.372888481734275 -11.745730953393386 14.535800309369511 -1.2575844263855993 -46.775024151940315 
-13.76307426923094 -13.308658692557541 16.57575296383729 2.3861408047732104 -76.33382537499116 
-17.397569288950773 -10.128634293513112 19.025697233583664 6.53087468486123 -89.95479211774179 
-22.962792138193958 -1.827122162156434 21.266498260870154 9.846786334570375 -88.54944862157235 
-28.965935147427786 6.837782445599261 21.97761088768842 12.302081753201225 -72.97846096294296 
-32.223843871853376 11.956545542850293 21.301296077321023 13.413089342953041 -43.378209929078544 
-32.9930020076939 13.486032078063877 18.89241351955754 13.347075625316931 2.2297538369974546 
-29.909995615866812 11.462124305622465 17.248425365018807 11.949580128319875 -12.266749296658578 
-26.18854310241294 9.41433461668484 15.72284959149044 4.970421881056529 -8.053400095372352 
-22.78090984139525 8.93805942652791 15.578292281805998 -5.865803774393223 0.25426917658862597 
-19.15787250467586 8.439965084697633 12.849118872031282 -5.535118309039215 -0.24083431048378195 
-15.224418890996132 6.994771876106372 9.704846601828741 -1.7373556310677125 0.44161385030276024 
-9.971520425979435 2.282711485148708 6.9945466459842915 2.6815035161419933 1.0789448009593223 
-3.4265559095662956 -5.918583494592787 4.888792338266965 6.496990811074898 1.3875750266883697 
1.3235899835225338 -12.51610489895241 3.4817730831885365 8.473774322970666 1.3457053282201306 
1.0606332307665907 -12.253812127263426 3.105787919899604 7.479226628600815 1.1275921128191593 
-0.16636673675996 -11.496254981268205 3.8377953605289044 4.790559429987884 0.8597024136034213 
-0.8739331790605912 -12.346600846097637 5.078083971532192 1.937942738064282 0.6601142387790326 
-1.2915875090291176 -13.962610793019333 6.049408060989901 -0.18522597972941074 0.5047780719794791 
-2.005870665738816 -15.133707985509547 6.07668383545788 -1.3137662881680656 0.4702222690365471 
-3.141647532504501 -15.407329841070009 4.920137944674949 -1.821747656211825 0.4224018109666564 
-4.322873068466224 -15.003069613241298 2.715471606959725 -2.272735964996753 0.32626047928953034 
-4.9420873827624145 -14.459679574815038 -0.1305102031015801 -3.1586027444386264 0.21004887919187706 
-4.444674491758058 -14.162994071340348 -3.033168817623936 -4.66433008845481 0.06169428219726059 
-2.510398702035763 -14.061741597347899 -5.380533545142669 -6.549762716046992 -0.09474959249951152 
0.8145419223841782 -13.653797928298493 -6.680446290442321 -8.356954109374431 -0.29670838928835347 
5.0530029632661355 -11.958177225635048 -6.69809623439676 -9.561459861948293 -0.48850743371698185 
9.407282625641583 -8.051542890631406 -5.399790133907598 -9.959015113782694 -0.6516539123310653 
13.22446626577149 -1.9291799687364888 -3.000295563578226 -9.722944558029567 -0.7964533361900051 
16.63082193737225 4.788418700221842 -0.11774976085103848 -9.085929091967447 -0.7622648997623322 
19.823196142803557 9.450509896725977 1.488756232175887 -7.4647702434709915 -0.44657528593047857 
21.48807443740297 10.518032018644453 -1.6344861353349034 -2.6970355956969967 0.4367776752728327 
20.940509558421315 7.437479826455527 -11.064676995462598 6.82571815185229 1.134193343084387 
16.05689147133603 3.8543448054044345 -26.473092518899527 21.864068065702256 -11.370099675513066 
13.051233334809236 1.7328460146111961 -35.721023300736064 29.40439406476265 -22.228972278430465 
11.90030732009409 1.0287327278355367 -38.567498481826824 28.610885761711323 -31.125691177769237 
11.522263125522205 1.8131878680296647 -37.113502655766624 21.66197695421286 -39.04147487405372 
11.251642947425683 3.4874217773730636 -33.190863036792884 11.131930400926018 -47.53762525501038 
10.948792466205015 5.082934240207401 -27.80462127842594 -0.6899086363387888 -57.90843271995723 
10.59351038186983 5.737337619730833 -22.455012611767657 -10.379022679454664 -70.14011301829147 
10.008460883224569 4.854072133332893 -19.87185988346427 -13.01350736977012 -81.82624984559047 
9.305031324869185 2.763786287140752 -18.04387435980314 -11.462219982899429 -91.33808205459451 
8.107033490695205 0.48396046484960187 -15.046721886591676 -8.962112662037454 -96.58785567396593 
5.738547963707085 -1.1290208056397393 -10.67583645805155 -6.3212015449259535 -94.3763257374738 
1.86099971804784 -1.93223364656313 -5.523510696757405 -3.3942079069627726 -80.54875380101231 
-3.239724271919755 -2.343124645509352 -0.23663734188995886 -0.21960701038672154 -50.089721303470604 
-8.627467034272913 -3.161228824012747 4.827891066098114 2.709873960970441 2.3410079985147814 
-12.914441343941474 -5.572784986715909 10.03453424384344 3.8220244675964157 -0.7616496073668331 
-15.79801605308246 -8.779643430682276 14.630592799919485 4.551255121431764 0.2696386378005562 
-17.39062977877271 -11.52656186099688 18.933495979544833 6.641375413417869 -0.6646928340896896 
-18.899377264518417 -11.318796548660174 22.447756364572758 13.555496917451746 -43.312836992321614 
-21.820267763364754 -5.787766460749033 25.264990876647214 16.328467560603045 -63.36328651115188 
-27.40976491803677 4.705127119077156 24.513443627296446 17.70983471903113 -66.40216281826173 
-30.646789607724667 11.153077222082999 21.69094186879821 18.26354994241053 -61.05467387153495 
-30.78079497204818 12.895242685789887 19.060097924608176 15.013399572300761 -47.209852287157325 
-32.571584271461724 14.39184243680187 13.941141798114806 8.776739069581655 -24.23436606506536 
-30.51849595423182 14.931142529607037 14.554174663021247 -3.5671643375990754 0.5319484729230312 
-25.18178537920333 12.951495730622177 13.54352322685036 -5.012122551048657 -0.28331980173555804 
-17.49570455021046 8.250953879166136 11.263229010782275 -1.3823077354744844 0.27895551609052954 
-8.248996206574638 1.0534267266651063 8.601746346733648 4.125685573770682 1.1656315421694596 
-1.1130604087923066 -3.583107524057514 6.311049660435333 8.359927506356236 1.716506342910061 
-0.24450242007413267 0.2776443744789186 4.802847672246835 9.15859080200737 1.638191226769265 
0.054723633249727434 3.44203493187685 4.495637216480306 7.10502854247757 1.223850548718147 
1.200322752829368 3.5974527316403635 4.746334344147332 3.846780236481619 0.8215471613975546 
2.620074558066959 1.7583850523401297 4.7018376410850005 0.8764572506140016 0.5615944851002959 
3.662950579113206 -0.708392270201309 3.783958004582113 -1.0711162611239191 0.42304007546854566 
4.122012835622778 -2.8798927558747245 1.8439438302679132 -2.103290805958722 0.3497984424963696 
4.180015798171091 -4.361194016946451 -0.8854457138944832 -2.820532097948718 0.3109144805502343 
4.243030112506848 -5.15772395832411 -3.9190136598229595 -3.7738339111416455 0.2098040701344565 
4.788890141684621 -5.340362474677982 -6.67459163028689 -5.239156037890653 0.045181415714998854 
6.197609789083378 -4.790314908052551 -8.700400838118073 -7.127314333749425 -0.19667906694694826 
8.60753939182177 -3.305766888303443 -9.758845235529924 -9.175740792320212 -0.4874214435264325 
11.843684118986594 -0.7926536009428209 -9.96511458435269 -11.167339850737669 -0.8447137328979473 
15.58375121896922 2.4494649445536814 -9.866585541348183 -12.961911317560883 -1.1554219092483813 
19.464122655299622 5.473575512936876 -10.349242255709964 -14.610724468194814 -1.0471125976973006 
22.610164984143434 7.139549785789449 -13.111247622502171 -15.95140449209866 -1.3247952164378771 
22.451662345656576 7.779956768340301 -21.65098645269065 -13.997707441903293 -16.267032671955185 
18.007979273744816 7.836337347559876 -36.72945282582327 -8.537126783268393 -32.63680351906137 
17.556926902813977 3.933852116866708 -48.33571825375076 -4.373994984983249 -51.9495587022454 
18.740373763755183 2.5862142709657383 -53.23653948611938 -3.5569474881228307 -71.0532648770616 
20.38028171626128 2.7861037063457683 -54.211577273808366 -3.7330284190779577 -88.02570517887948 
21.48840322188196 3.8431408884256317 -52.84607620708002 -3.6764511948439957 -101.83796615899257 
21.774586401520143 5.020777729000562 -49.27753513597368 -2.985407385389073 -111.70943014506219 
21.471988375466676 5.9621437776847275 -42.61385442691134 -1.7907920585406798 -116.30087150594262 
20.822940836591183 7.019173103029707 -31.792929161946045 -0.3143427186295456 -113.0929023176383 
19.695721819691464 9.090615911570843 -16.646247375790598 2.156264124921231 -97.87027934029697 
17.597703873119485 13.013692438577673 1.0489688593969397 8.40378210000549 -64.11213590396235 
13.799788580630686 18.876698709862378 17.053206531008968 22.09623507940775 3.37043078067582 
7.569192371624817 26.2553898666433 29.901833575776326 17.165704506026135 0.9071295967946287 
-2.018125822945472 35.20791367134847 33.33707703289348 10.979279001633524 0.693246632775724 
-14.14882126412017 44.26480578853819 27.356634222282402 8.361473751708514 0.582028245358589 
-17.700618576523354 36.677686922475985 15.4373114172316 6.385150901982859 0.6994206191305132 
-16.9608494909672 20.20683912974904 -0.6829284205245693 3.296879110080127 1.1276386166706505 
-14.82010812025391 2.58037927768309 -18.090297188946316 -3.705018608413238 -9.857428324779786 
-10.830122305468713 -11.464393564468219 -31.26456442879238 -20.231470016038394 -57.25706305330129 
-2.949969530711924 -20.225313374614586 -43.229661609394796 -30.22341171203387 -81.06300464474039 
10.778013365506583 -21.814734099264182 -52.431986293035884 -33.94105359674028 -88.89300002196984 
28.20126475043603 -9.252414877355609 -57.583890533453776 -32.544784911032146 -87.42941149265313 
42.04407016659893 25.799467011997535 -59.47075827740434 -26.023881229772154 -81.8578341301785 
50.288097200756205 27.743735198618094 -59.83997655466014 -15.116428326967675 -72.82243554212775 
51.88987480486229 16.19990762978991 -57.76184893719465 -1.6847374598686407 -63.73886321884049 
44.17577292446533 9.813217332642491 -49.001323353770914 1.7250127286343069 -40.999220834307884 
29.98000517317185 12.719993847077491 -26.617871412549928 -12.735294752969263 -10.91682441768198 
13.838386706115301 20.99080475071309 -0.2321544225708301 -19.289797739542678 -0.9181530827780081 
-0.3377560693824733 28.890042946659985 10.168622149369469 -3.8490808350198242 -0.7288936671427505 
-5.512232292647608 22.95154571696562 18.485818363899696 3.12144014048256 1.4843831500001936 
-6.14935733200853 14.928699087707473 20.9098772844648 14.315334488676749 1.8740094791107507 
-5.4547099456144545 7.729659408693743 21.640980393951843 19.150258460384702 2.388888139488907 
-4.82704282042884 2.5452911299403524 21.601034652041022 17.244767681971503 2.231624158466127 
-4.368380173734828 -1.0380898621749317 20.55658257370707 11.90940725757575 1.731354772331322 
-3.8592846438176593 -3.751615825684608 18.17524883915761 6.48621596571231 1.2743793503932463 
-3.1567362294710875 -5.76007414076317 14.550703851503581 2.702971230720144 0.9798808193252354 
-2.2329842896945324 -6.787190114557713 10.195393374744674 0.529636199417406 0.7753835589411955 
-0.9216856819856923 -6.7071279196983635 5.889304780625302 -1.0582935014698616 0.518961315267438 
1.1304789705428253 -5.696076908887906 2.285099740230013 -3.019200923466848 0.32454062960171376 
4.3294382725903535 -4.0124762516963814 -0.3249328085455317 -5.628473133293147 0.028116957673327427 
8.733055554948285 -1.7092783320218112 -2.085424880140708 -8.33396730050238 -0.2845021632614892 
13.749128749827957 1.3806547092980026 -4.004057927688743 -9.519636219523523 -0.46553815272670906 
18.35269317053412 5.182225215098786 -7.716837097653695 -7.049164850632871 0.11525041255661563 
21.57568892213235 9.043849104058827 -13.980936567278636 -0.9705895343905101 5.998385442723202 
23.195603363810672 11.325700471911333 -21.401980397883392 5.746726585760718 16.470634719351754 
21.619265015392067 11.592651999718727 -30.231880216712707 14.603115766808934 20.274644914072308 
18.459599195608224 8.214031399923753 -39.84003073496554 24.99622106139349 18.432304801027733 
19.11314410201897 1.6324052749292794 -44.068334442500856 32.794306994282124 13.212887929078493 
19.850192937901166 -0.6882612967559965 -44.59461851069434 36.214706692927216 6.846149505115575 
19.39676439599618 0.10977231683964588 -43.2360391269582 35.78369381736922 -0.20002684841694612 
17.889160852512724 2.0279444295433615 -40.87199116483969 32.298015925151965 -8.475360355320484 
15.558248372036537 3.926579472181236 -37.77536538710983 25.98338072705277 -18.887317861130672 
12.714637865790246 5.420070945298925 -32.92358936408625 15.849916871844801 -32.32342087269847 
9.980244408562033 6.309842268215781 -24.701725178186987 0.9993697923855854 -49.10226118107962 
7.614950283758273 6.149891731396966 -15.883509014519007 -12.50251188922079 -67.2995292409624 
5.675279681380297 3.859351847454411 -14.247455152650826 -11.461859848999085 -79.76210102223551 
4.436020509782959 0.9761223756132195 -11.816175540995483 -7.725439523744751 -86.01121889659899 
3.0395921177840095 -0.8474175404406944 -5.994055615084924 -4.99100668396666 -84.39374860190526 
0.6003910793311298 -1.1328724847924068 2.416519877185504 -1.8510480794065622 -72.20138072944054 
-2.8777103640027915 -1.2011229888650614 11.362873029409586 5.093599412441432 -46.06588405893271 
-6.843003574486924 -2.923261412197845 18.183629053526335 18.71627939958747 3.803904268641916 
-11.027602337274432 -6.603640755902844 25.123342221271294 10.31390590313003 -0.4511636390074589 
-15.316972089542785 -11.606795458782868 28.619798219020225 5.690756274266994 -49.05239872655518 
-19.57615052283881 -16.055650405555227 30.89226162125675 8.453709809946131 -75.39224941913996 
-24.309673296825242 -17.17493334068833 34.825607923837225 11.456293617702247 -76.82821679601604 
-30.62801636343054 -12.251400760120799 39.19926762458866 14.376991947581224 -51.86079910035921 
-38.931127957691615 -1.2169511211016997 40.96105525128793 19.05924689726135 3.066763449719134 
-47.619522658937704 10.829277198445356 36.761727831925306 20.828950096494466 -0.07841541345430741 
-46.261548747691116 14.794633829110388 32.12976573219212 25.850536018953576 -37.50956798626815 
-38.43907230319927 12.239726107928966 27.1333255216543 30.09937862563357 -50.630403203563404 
-29.470032394937885 7.969856745867171 22.182421092180387 28.355136365803915 -42.96921674590925 
-23.95030857942909 7.524595717966176 19.110699235982253 13.099713671935097 -14.042827504720544 
-22.436587800688358 12.052395399508475 20.033843562810805 -7.569806446049307 -0.18978034288596654 
-18.58673356858744 12.451903030403003 13.514656201144737 -6.9000774282987845 -0.15428439100043662 
-11.715367358922975 7.909490564835263 6.510346401205772 -0.6338003124252976 0.6551229380540395 
-2.8360101575908088 -0.615955174217691 1.5778842066716257 5.21309053439997 1.2938341314216737 
3.3052392713083645 -6.524782954540688 -1.3071228245125073 8.399218301600994 1.4303884472006319 
2.4899482845208105 -3.8029846838606374 -2.2046044470906043 7.826839177722465 1.2318202999584957 
0.5716166407412386 -1.6920267299485576 -1.2469343361993692 5.232510753089285 0.9137572637704813 
-0.8698350010310768 -2.4344335149617398 0.6423619947411425 2.406280247015547 0.6651257813447861 
-2.2148064368278115 -5.01190421361784 2.498871992351303 0.4065598295038477 0.5334896402503598 
-3.8292796053243676 -8.192804374863568 3.733476606950766 -0.5399004348992874 0.5033595468605183 
-5.672957644087457 -11.29848957215792 4.141950220258533 -0.8259388556040891 0.5444901185260106 
-7.435538662784367 -14.056224731567141 3.766613138101615 -0.9937987065286551 0.5668394888734432 
-8.70775696321633 -16.383279954761115 2.763126418011008 -1.5014539757571073 0.3831770373308276 
-9.063539277259336 -18.167011814085118 1.3603808764132246 -2.6451918130627354 0.08745875530325374 
-8.14445007852408 -19.245650955750627 -0.29188863039584506 -4.380050824772102 -0.08565200253439494 
-5.7364767965622105 -19.467750842990657 -2.222538386094622 -6.250787469287673 -0.18379659639615079 
-1.7990130848725294 -18.78815154852532 -4.486328182531175 -7.636600207574693 -0.253171150514146 
3.381832092384554 -17.134495516308526 -6.974179198177607 -8.585637253875396 -0.3314983153388096 
8.962961423285394 -14.32876797075249 -9.322160021379469 -10.274886734460704 -0.34516472569026935 
13.460333516430694 -10.185195691869517 -11.230323122472342 -14.179672183073585 -0.9747067994957831 
14.67776372451105 -4.820220843462112 -13.964549505103426 -18.02500774810719 -13.366917404258244 
9.36775917874638 1.3996563226347754 -21.717953385793262 -15.0208157503526 -39.89948680499534 
0.3478511027748309 3.4323982587322677 -33.054107633575754 -6.813445619342055 -62.9476601389553 
2.40528247707151 -5.614782690103976 -33.14301875921974 -0.13780970602065187 -74.56090227446268 
5.921066115894525 -4.421250963410573 -24.933582898039386 4.536231074741122 -56.202497814026415 
9.999634582216059 -0.6053707128505752 -18.123614347090736 14.404843754148944 3.274190298628422 
13.127312370081615 3.425633909345408 -13.564633295357144 3.3725452581984126 0.004406328543078608 
14.860824133108421 6.728171579530375 -15.88443288767316 -2.928039262052392 -46.20637943620988 
16.0415464530321 8.617424720156938 -21.04396507288111 -1.9860260461923085 -74.5885612703534 
17.1477211248551 9.02873007399757 -24.57989008057652 -1.6734340838958794 -89.6750086269928 
18.153814683783978 8.362353960731246 -25.80029646549584 -3.2480545736217894 -94.88331165702793 
18.98495120017134 6.9722594457540845 -25.294924881203137 -5.702916986446542 -93.10028981865923 
19.444317857525157 5.216371360091592 -23.675467160154785 -8.11460703046032 -86.91146656564932 
18.965329948092684 3.700783439641635 -21.303731100448864 -10.07235092514352 -78.53755577660318 
16.605300191990043 3.3594825083638606 -18.462934969395988 -11.403612450965618 -69.79769945133982 
11.659912055304185 4.942237553979611 -15.422601535878274 -11.898144825441747 -62.26779813199829 
4.883745373136378 7.438046370256098 -12.293569058684604 -11.266870174930698 -57.43411253056314 
0.028210283179472356 5.442097517058055 -8.460053051578711 -9.525357588907701 -56.59080863976404 
0.6559520322878116 -4.8942357672459735 -2.7157808327016544 -7.184295324532299 -60.09386902725723 
-2.6738527776071765 -5.390998363104608 3.324260223026243 -3.8519009137854194 -64.2803459894921 
-6.389694067094755 -9.086906093771582 9.696810787771785 -0.9647931834108344 -63.661407460338985 
-12.79439240351179 -11.835686873139268 15.557519267224924 1.407804220713098 -54.69142815617038 
-23.741117090254058 -9.002808982363677 18.95710775588614 5.1321637996993115 -34.66424666774586 
-38.88381728428541 -0.6585639506513159 16.326172165279434 13.436096136012953 3.0991486842742457 
-49.39017989322225 6.672059861697329 14.223637523114535 8.537792489406767 -24.337970328696294 
-52.4989077789042 11.680551207385301 14.295209126718596 5.408248351581249 -33.717225309245535 
-50.529077409790524 16.32300509181699 15.878946320019045 3.303568339208229 -26.805162181388667 
-46.18641055963416 23.413090416737564 16.185595659967213 2.4610160654102757 2.0705122009224737 
-40.08908918251329 33.58183595766011 12.843291954185066 -5.215154049608539 -0.6650157712684049 
-27.43127424240167 40.22756825605779 5.812536930501614 -11.461875179736241 -0.4764915406061267 
-0.028069887062467692 31.647152587727184 -2.8560967461907847 -9.185909196883442 -0.0944335804790428 
37.61061777058577 15.218414410608865 -12.38399316203688 3.123871839776716 1.047019200138986 
72.99557763713574 13.859237740273915 -17.268491419024027 14.298358136252862 2.005463159325522 
77.67133931347759 66.34465071439936 -19.37398672701184 13.976978018347578 1.716393855893388 
80.86376261652238 44.5000079944408 -19.996459879720128 6.471386365731266 1.4687909995806545 
