-24.933081721477265 -13.603623339584793 14.045366883028798 -7.421085752894699 -40.02254430793013 
-24.857091290902662 -13.373295361730797 14.29934431254923 -7.380833102037438 -38.503905191353326 
-23.291938715307598 -13.9363118018437 14.97798461662051 -6.441620389256779 -35.346928283518565 
-21.06250451464061 -13.642347294699706 15.024564104792736 -2.823104417815415 -31.58766998871388 
-19.643174657223277 -10.681996211064593 15.22070576494623 -0.06682137394006242 -26.541889793745035 
-20.7610773232169 -4.717725297346096 15.2188387951539 0.42569426570125724 -20.544573369007207 
-26.97303478582625 4.736567087003091 11.54170785810152 0.5882665823566712 -12.639059455925603 
-32.407661529281754 12.36216988153439 7.859074299158359 -2.083338621398813 -0.823508909685005 
-31.162238033231517 13.149740733788645 8.011714481678943 -4.682951508745916 0.19987876894029127 
-25.913635688696644 8.90056263719088 8.28754712946436 -4.16888860874149 -0.015781482026942288 
-19.027771010358887 2.23978029080219 7.8952520495560305 -0.8029112982458854 0.5204816290432055 
-12.95286129471154 -3.7014601272940606 6.975933259328571 3.444709057845846 1.155784884086522 
-9.794207385519751 -5.993790510709946 5.993963815976703 6.287395146189561 1.4013622186513044 
-8.305903153564895 -6.483293313803085 5.576798675128762 6.808926929585551 1.2731726572617919 
-7.084485965634254 -7.018508388794469 5.804355591627223 5.556839470456533 0.9887862606382268 
-5.815164497473476 -7.776228190478061 6.2934257014145105 3.5553679606637703 0.7783081434714425 
-4.601021491824488 -8.521105952506893 6.534434921995632 1.677289841444096 0.6311470803966036 
-3.5415286698258326 -9.10828889846242 6.092851037466678 0.26213413856630197 0.5072619132139438 
-2.6521909133940813 -9.532850711789495 4.738560623403923 -0.7985184430301797 0.4427730682365554 
-1.8518976617984348 -9.855112371603253 2.4783168542529563 -1.7927673227258492 0.3428322427539233 
-0.9836207973032605 -10.161579891905788 -0.4645612359639962 -2.9558892425399534 0.24033458482437123 
0.1628548952484048 -10.384562467179883 -3.6409457022433505 -4.421951142054611 0.10089090462635819 
1.9059583007793655 -10.432129059337672 -6.484181921313101 -6.21044802971928 -0.082680428166059 
4.4187908685149795 -9.995897975225358 -8.341021292557057 -8.14292315777005 -0.29089058308555965 
7.547118553039794 -8.497583108664886 -8.658988831735295 -9.923229489905045 -0.6038375412738304 
10.800063406672004 -5.297888302413052 -7.280244072193383 -11.050800640593094 -0.9274394103763236 
13.58970107298352 0.010311280306595626 -4.541845048003089 -11.033642476318565 -1.0078252847881495 
15.427357375098802 7.043631342260983 -1.330506455048293 -9.719051689760324 -0.7687480580022013 
16.088550020511807 14.304132854394435 0.8325848278872001 -7.418796971742642 -0.3447075808731022 
15.841598691166109 18.977510568144382 0.1133846131563997 -4.296396397018905 0.23513806702371493 
15.394762109360347 17.39306302994069 -5.3481759134001905 0.40879411232412477 0.41411202294390614 
15.065009853209297 6.661821806822738 -17.15366825230489 9.445239862875123 -11.243956771020633 
13.510854228387485 -2.390437059786769 -34.45554081291073 21.605236706729876 -23.963206770570295 
9.465526799912489 -1.9913870106585532 -42.97806326643882 23.958702429241484 -36.22425950904918 
6.150105681831017 0.151714327079962 -42.62533518523583 16.485433733317464 -49.125546247875675 
4.2736280357690495 2.146784823902746 -34.051375974235924 0.3790014924145845 -63.82205698847275 
3.301372883070358 3.6362742036360296 -22.582030066656355 -15.939031535807903 -78.98276357729357 
2.290501076588106 3.5913293216621085 -18.763213492193184 -16.872656021105804 -86.017461461256 
2.278507653934384 2.713019801713256 -15.40742680268824 -13.20276295011215 -83.61876642988896 
3.165353469942727 2.0631380722943162 -9.90398156245985 -9.017973473957262 -70.2507415538771 
4.137918778038696 2.118490962370085 -3.797170893916857 -2.013388411800281 -44.053443043494426 
4.259922263288164 2.5460111383274553 -0.8379717189887994 12.19264608201995 3.1808369548039286 
3.192425395279437 2.8718083461429424 0.7359468473534015 5.138352833776428 0.025277080428645016 
1.1199818103040613 2.5054601079113286 -1.5970044399567187 -7.603497307529923 -1.667865811841745 
-0.9893892078922144 0.8306901543311073 -5.549399560194469 -15.836413599732078 -41.47134284832778 
-2.5145953487453907 -2.0004357048966335 -8.63526206464669 -18.862093955966326 -70.69228078830896 
-3.199766043642507 -5.325055187112326 -8.66536868513677 -21.300257146053667 -89.64127372677768 
-3.424343897218297 -7.9600491488378715 -6.951391954276796 -21.76392069108667 -100.28160767155246 
-3.312396690419307 -9.039939203552011 -4.5643153747653615 -19.013297775276097 -104.63748434866336 
-2.7542494306611296 -7.855821343102955 -1.7539195839172386 -13.195156576014297 -104.24680457062223 
-1.4367026015282485 -4.327347337770214 1.6492829557471838 -5.459465043212326 -100.28486659499758 
1.179705534895782 0.3474941466517454 5.796468094201592 2.6511003184471376 -93.75820796114238 
5.201168545147971 3.8659555975232527 10.408493138374451 9.588028361158447 -85.31977366240191 
9.133474593355738 4.28494375785622 14.228114682684971 14.226965726346508 -75.12729618555318 
8.613485266211962 2.4626095995870023 14.013811994233661 16.96973256988135 -63.09543876934912 
2.7911561393373194 -0.5225103523455555 10.538948396705594 15.77623130308842 -47.90955109796747 
-7.617625722896891 -1.4569785512457436 5.240519466258273 9.54183330254876 -26.843442357231076 
-17.802831341895125 1.4087781313771313 1.970945932285956 -2.120501519099748 0.9648752753442268 
-21.042014887583576 2.7308357184074903 2.569782640261186 -6.035754542072867 -0.33971825306666115 
-18.986246859093256 0.831999543208485 4.054458093530711 -5.017328508210017 0.1500138868472157 
-12.530856124516138 -5.805794898964504 5.221000072516888 -0.4743571868535834 0.7717244766390755 
-5.423191935432166 -12.979184483209393 5.717353076208567 4.808436048690149 1.194748569564334 
-3.2500578269683857 -13.055901535739393 5.745010547540059 7.7175545819008615 1.3119753054489578 
-2.911506972748377 -11.258969086018753 5.997433084046356 7.852817051216522 1.1616464557841786 
-2.6042906451560848 -10.436442684777267 6.576915139127106 6.163426202374351 0.961344024695389 
-2.1696622725937806 -10.630248792730795 7.199845706354311 3.8021328832407764 0.7900744666205813 
-1.7674530557505648 -11.231120732540122 7.425561497236461 1.5894303468448139 0.6203806898433504 
-1.7009960047943327 -11.631440446280987 6.772967352347916 -0.04686756592148346 0.5417541366063562 
-2.005682190880116 -11.644108633772241 5.063571532233486 -1.2273306576245706 0.44941691469384604 
-2.376649120631721 -11.433617435645962 2.4317137549237713 -2.2964060891402203 0.3240454324349264 
-2.335738794766045 -11.309933911161782 -0.730387811089557 -3.618307568297197 0.18818992232993612 
-1.425374403683406 -11.407219323432201 -3.842066848884801 -5.347055198105724 0.026293906572452275 
0.6490601227394618 -11.490931932778214 -6.283532471031689 -7.271329874385142 -0.1373669919666743 
3.8966309968728634 -11.010132360409017 -7.553184212340948 -8.976324464892402 -0.3408121738006225 
7.954192261237939 -9.055411475739986 -7.408873008425108 -9.97396566615825 -0.532155187261719 
12.151385700843788 -4.853668940320316 -5.813415844836568 -10.095329091529633 -0.6816300066697898 
15.875578937009253 1.4743643053907298 -3.011356747742543 -9.538521381515181 -0.7821854886352193 
19.180228037666836 8.267150127374737 0.32433686604951284 -8.551978404110827 -0.6911534879444747 
22.250707510265542 12.77638947407876 2.4351358619012378 -6.595064145866138 -0.3396712750561394 
23.826830279910798 13.141123793275199 -0.22631843603504853 -1.460543133898874 0.6136285162887469 
22.85161175665501 8.368894101985516 -9.890931856060728 8.83805132103805 2.244084441148613 
13.444279542303166 4.481496851714556 -29.921318040471256 27.21403224829774 -5.452690679298878 
10.422163849602075 1.158641875377048 -39.60996890142008 36.345030369988905 -12.803222078501943 
10.309114026682664 -0.36061720863801466 -41.536135009413115 36.521122140616114 -19.16534893513219 
11.000315009967695 0.36327113499752756 -38.799684232804466 30.19383762342318 -25.298270495620006 
11.50499631087999 2.671100293170563 -33.51078267173867 19.51692907828881 -32.35868726997518 
11.774178629899014 5.41260357886078 -26.302329188410788 5.694514512798481 -41.181276441211395 
12.007684857531318 7.435784612864336 -18.380183605827014 -8.55331472607699 -51.59395241743573 
12.107899128682995 7.57639688208038 -14.181693289020243 -15.653540383523001 -61.171316207388955 
12.053430220097527 5.452640358033515 -15.365538596840938 -12.897761519204124 -66.48884828317124 
11.406052898434025 3.113077071027753 -15.572747241432035 -10.16036476528862 -68.96308831704721 
8.89098658892633 2.5241605962630795 -13.448479958700863 -9.476811989855857 -69.88268954670667 
4.031890068216565 3.8887783527499624 -9.729347622899429 -9.463492462144195 -70.24466745646932 
-1.3877559758592686 3.367860965831376 -5.134312272471839 -8.510929753906025 -70.56147500135852 
-5.032258164705018 -3.307182961355247 0.23855032435002835 -5.957186920230496 -70.22545384113647 
-9.298439873550196 -9.07719128762999 6.053325088692373 -1.8515994067776067 -66.53728215650341 
-14.348896444975967 -12.25477310055911 12.408206353390481 2.992316414264172 -55.784907160973795 
-19.283418085466707 -13.563524328996472 19.07867073042257 8.271121115748798 -34.546460095798054 
-23.679581762806347 -13.46349560607387 24.76088074820077 14.186178801236952 2.7308088835136366 
-28.10415325267783 -11.343096934886312 28.637351547795287 11.642805275794816 -0.3419094865230942 
-34.010035871902915 -6.213825026399733 26.879473604429897 11.76890405781957 -27.281908812141484 
-42.934115729944615 2.629247484732006 17.490962269052243 16.89873834814172 -40.787130269610216 
-45.991806926260466 7.08847061205971 11.467805436722493 16.261066510186758 -38.657551341241565 
-42.39356985775673 6.912614192192872 11.35340449558578 5.373848912084988 -18.427608901758195 
-35.45630545053866 4.703616175778482 14.622423591054295 -7.759806416218785 0.2084274399192431 
-24.642027835491923 -1.8214286400587851 13.845731450863884 -5.876150659094156 -0.5994614075754133 
-14.918114999364365 -6.173975204082964 11.5620645191669 0.19705797347030982 0.41733264380956997 
-10.486913302282638 -3.3819716808854787 8.929015177318863 5.5828262341820265 1.3598292875962232 
-7.956788623473798 0.5499765655488832 7.050971618195464 8.432600599255979 1.7829285849916694 
-5.354454745758885 2.3044136796314945 6.159052517290923 8.67686331165788 1.595056261189134 
-2.8161342409048693 2.1478293802303106 5.94471496952661 7.026429969830936 1.2111899884487067 
-0.8152067333991548 0.9615102671788114 5.9123189794727935 4.526768503718536 0.8613599819217623 
0.4523695414152235 -0.7623786848912364 5.592740867520626 2.0807218199000244 0.6418822966012468 
1.0122021930291853 -2.7901590992654297 4.605890183408692 0.18364412838135152 0.5128324114574369 
1.010361906073872 -4.890282508995917 2.7620122848029403 -1.1875609051102574 0.42155344436254444 
0.6671486446309385 -6.851977765603996 0.1378783610181314 -2.4101835809787286 0.3561163122042147 
0.27534533141430356 -8.542707879066882 -2.906011266048247 -3.8264769332674438 0.22781995874088318 
0.20374504967960846 -9.772119655688789 -5.788599742321173 -5.577987640466732 0.04700597579003901 
0.8065123613045826 -10.137249857108678 -7.895405597111035 -7.508966216235671 -0.1950863774013637 
2.278416520345286 -9.136323591982743 -8.640963137014296 -9.35305947485978 -0.47508543207306114 
4.530781420546615 -6.32848833463309 -7.638575155426309 -10.907263407085658 -0.8162358175527507 
7.304327728425724 -1.5749614459300156 -4.886704619869196 -11.924886896736002 -1.0735399973369326 
10.422667236224665 4.477986569683797 -0.8056835671602028 -11.95658006019199 -1.0665240739444612 
13.799246371201306 10.122300862399642 3.326722086994622 -10.133652142822605 -0.6800365447153711 
16.97259905372731 13.146142866477732 4.888108414370144 -4.857927955302541 0.1636885035609087 
18.202158395559252 12.421141769761505 0.3852737777377662 6.202441042731773 0.9452770003900623 
17.88500577645351 6.395594655364944 -9.787334879358937 23.524536460966193 -7.733772523683704 
15.288177399843201 -1.3727823612033494 -21.899584705946783 40.29825391599521 -15.14546723610754 
12.410057984515479 -1.0850224447591519 -27.919358469645402 48.027077944997245 -22.036694432354196 
10.730864588079603 1.1271384135924083 -28.96012690465414 47.26227154741448 -28.199047857189957 
9.940004355792967 3.4081095787911893 -26.68761626087823 40.158437629255445 -34.65683301386117 
9.562391057134887 5.371975239403303 -21.718059087555407 27.98044790967793 -42.561504791507026 
9.536905936393964 6.757753059597752 -14.148273424506984 11.68221301668403 -52.42297169596983 
9.743971090662225 6.985250722866654 -7.048601691754639 -3.013499050876298 -62.861267934702724 
9.740044798300206 5.374329271539461 -6.957746527918028 -5.372891218974244 -69.33675585279147 
9.413224409215683 3.2558975991531183 -7.983526078898247 -4.264886239249849 -73.03043517154126 
7.723460680995822 2.2946122504134308 -7.56230110173827 -3.6705947721374685 -74.93623207080368 
3.947001982645266 3.039846612522724 -5.643840472276684 -3.5776542449052138 -75.33680275106505 
-0.7465311169839349 2.8704981703179793 -2.5240004690207276 -3.1336990485304446 -73.8460670313409 
-4.123661098699838 -2.6860450307089008 1.8564219879786412 -1.9359996317068664 -69.0902914477635 
-8.17445599359703 -8.037322466172904 7.055375320838871 0.333174195579817 -57.9662547218102 
-13.257979605473862 -11.983348517260607 12.384736828892905 4.405556176032143 -36.51684380305739 
-19.151994494500876 -14.506192700859685 16.34811728758021 11.294658127555294 2.7752282455977024 
-26.263166254848052 -14.168903046362436 18.908703177406867 7.92270440352566 -0.36214283279523557 
-35.53890133739764 -8.0194967105112 17.44231334626462 3.85391562760236 -0.4120291052144745 
-45.79740624591726 3.8058066107658624 12.614346525208012 4.886665748457158 -22.5627751553936 
-50.49212437648909 13.287667271928916 9.499222099189206 4.972183804722437 -29.30092308277023 
-47.20730152336584 15.399352333269851 9.245697433183269 1.3492969295706834 -20.87659159670586 
-37.25413888073523 10.714583655254156 10.296703549631031 -4.50637635560589 0.6923097794338658 
-22.061346243765925 0.0797994397679956 10.58551923118803 -4.590916852791181 -0.4567290252542925 
-8.405347242460131 -7.426092832767052 9.740556319149624 -1.6985060547049735 0.10285266159717205 
-5.494527121333633 0.12767547737807441 7.772326179540269 1.6438658557623949 0.8398393653014717 
-4.057723847435162 7.590388634152507 6.428352757722016 4.381626759170711 1.3074594674807418 
-1.550560726559046 10.469610578655537 5.950322118222369 6.134132458790389 1.411453594703385 
1.1871599084155853 9.879102734537733 6.040150567763067 6.691834141422372 1.2444445116242173 
3.13173535965473 7.767428937006049 6.407216935863236 6.061979692805222 1.0468441963588233 
4.011196391793454 5.268475167671514 6.750061403962723 4.641210064070789 0.8896170914104782 
4.02676203736249 2.5969349125736962 6.763881802363785 2.9372140055128733 0.7328123422059816 
3.4052176101781506 -0.31265446837184346 6.178279564780941 1.3579015557852976 0.6263783884797074 
2.3205916174041956 -3.240110316834306 4.8958473269734215 0.07039264860205363 0.550493384160579 
0.9210099436633825 -5.696581109690472 3.00123015223279 -1.0560782292282758 0.4876049953906262 
-0.41972190206188986 -7.373404809851541 0.8574206849602343 -2.3156258946629746 0.3585254805421427 
-1.0968917610154316 -8.207846157902164 -1.0195542542238525 -3.915804122406418 0.19190585816471417 
-0.5123412263990976 -8.063381616559795 -2.096873108545371 -5.8578253416782395 -0.07837484738962154 
1.5200855300183809 -6.4774557313444685 -1.9433852052267773 -7.840109702631151 -0.32373117444823224 
4.680347466144071 -2.9371926207372274 -0.6059939502015753 -9.20735197533186 -0.5526094694418165 
8.478480852904976 2.375881832394933 1.2858998316968087 -9.056604778075643 -0.6467894278179703 
12.648102267707875 8.059373402225152 2.790272164452762 -6.559337150987829 -0.5571887397294065 
16.791164509067027 11.862745616370285 2.459074027572427 -1.1368835880652972 0.28883523463749494 
19.044962639963508 12.227393531839992 -2.3177748912260525 7.082971498353221 7.093927343169173 
14.62769352043573 10.653196124715489 -16.012573109133026 19.775945789297197 18.09263665703901 
12.48117122128016 1.0861828670758642 -30.718624456444886 37.93768305037392 11.00857466596024 
12.342663979840763 -2.1158604907320595 -37.6275515967651 47.43268514969106 4.597387133823025 
13.041717384022732 -1.3297489712667705 -38.539565355540404 48.57377056206033 -0.6446398964151282 
13.769560506027418 0.8224664430353623 -35.90281214099819 43.696134042314185 -5.484217432420076 
13.824875907723367 3.1552613284458793 -32.0452261364149 35.36140911803644 -11.19431669615479 
12.90780595968984 5.120150985105456 -28.13616168065529 25.331717750140555 -19.10653253178323 
11.307273864055757 6.39910681001327 -23.413405595801635 13.55733902073125 -30.32245001800359 
9.643556177466664 6.804290990375548 -16.50891574691076 -0.5237850587086754 -45.15071543808457 
8.162418922032542 6.06049607814637 -9.902580240749442 -11.8275064179611 -61.759085334004475 
6.704597868859699 3.7361923721275656 -9.219049581167061 -11.042353829330697 -74.56724686805767 
4.927741749883995 1.736959270220761 -7.805886218402762 -8.450305947227468 -83.16369289569701 
2.0190809382021646 1.0711451181566785 -3.9505447602700716 -6.825362041333045 -86.66970043972022 
-1.517959940306749 -0.41793747790486785 1.7893323632122053 -5.297837789177885 -83.4590696737054 
-4.7742028898490805 -4.806900916909529 8.58211636724476 -2.361377638733546 -70.7431159194477 
-9.02283322943821 -8.018626347548015 15.265437098890782 3.655745608799641 -44.386126638978006 
-13.515997923525934 -9.979544926655446 20.702561095706443 13.6913991845288 3.174403556442303 
-17.04574662477685 -11.806963896437276 26.096802930684905 11.200392929120515 0.4194001843983496 
-19.56439867379502 -12.959508576413189 28.856273524337066 7.652847590074778 -0.9624586082218191 
-21.556650455203133 -11.971554050568516 28.967657607243595 12.267276891210901 -46.81522438842986 
-23.57223153193676 -7.68046177609478 28.361293655530567 17.873349017089602 -75.02656309136728 
-25.516036304081048 -0.954263712020235 27.050949158259744 21.742073991121618 -86.78766160655411 
-26.689293729258996 6.011736678646978 23.758663003513277 23.479745862570628 -83.85272318834207 
-25.668598138092964 8.224710909323518 19.272603447302664 20.85655706377635 -67.56905013666463 
-23.94325393665706 7.000798543096654 13.55406555156934 12.286994611991606 -38.16495159028866 
-21.387098638305954 3.679306427747191 7.641145107861087 -2.051465598496714 0.8875581700710021 
-12.999605008825393 -3.653604436513208 4.281284335668344 -5.270153887809936 -0.33663186166264836 
-4.365017336615442 -9.19781836334213 2.195601637359308 -3.4313897213047273 0.06360549718245606 
-2.2200203151513005 -5.824541369938791 0.6058894804971064 -0.15232471457987715 0.6980442691906024 
-2.846457617379082 -0.8701581068099491 -0.1013954963996647 2.6205529693585508 1.027441697274207 
-3.0595730889361272 0.5523802466715377 0.07872420028425517 4.3685413561817485 1.0536676275930308 
-3.093919343677857 -0.7098833791775465 0.8450998682285695 5.046726920457068 0.9364911844647035 
-3.5525528807033924 -2.9029071775949884 2.0187385276958243 4.7551152074166705 0.8344065968856239 
-4.524022179711107 -5.117296292225033 3.4146041500352973 3.7613209467631785 0.7610838398827308 
-5.725026566533311 -7.187977900531044 4.7250068695111125 2.4796219239883923 0.7025976936650581 
-6.748166089265931 -9.193833717623509 5.593121883233731 1.294223620542938 0.6551505969390264 
-7.289657270085819 -11.142143001274318 5.753233254110895 0.3356834435773044 0.6417548234939936 
-7.180141149114307 -12.885108348080177 5.13445858368161 -0.4727745617548079 0.6189651273250278 
-6.3435021066338555 -14.195548757980886 3.8488590840901415 -1.3748253745663155 0.41385443944818634 
-4.715048336065191 -14.795101197533018 2.1419792164213063 -2.668315096839601 0.13245219499218938 
-2.2278270434061125 -14.465170635803045 0.20000749169863194 -4.444498922596767 -0.029145381657374188 
1.1841026335314542 -13.170674352942255 -1.9609087984150952 -6.481590047810723 -0.16017015279568222 
5.534754122071261 -11.058238072928692 -4.4242206956754755 -8.269191195398808 -0.3031441246392354 
10.621746250717992 -8.275240601497764 -7.349483648346583 -9.456330253439926 -0.425005313023841 
15.847974858230879 -4.8870302594839785 -10.87371700394396 -10.259790635214413 -0.5306370651501814 
20.281824936215475 -0.8992045177009246 -14.775127958649188 -12.064622212354545 -0.3860483036353191 
22.984232604151867 3.2431976096528845 -18.776375844085965 -16.427805791652382 -1.347453016960399 
22.94984830627387 6.7315685479948035 -24.121541659900615 -20.687600298893717 -18.587001198283854 
18.16583898941515 9.374085941789136 -34.418763031154285 -20.077249204075418 -39.54696543146665 
12.233490626632378 6.567263609863577 -46.93018337892365 -15.274113049231103 -59.973473460941754 
11.23788490461858 -3.9230644978571654 -53.52635941554131 -9.758908675155672 -79.49357508826814 
10.075951649595028 -5.0281979057434745 -52.892547263454794 -5.487182568932685 -93.39965607628093 
9.599643666627035 -2.410339837812752 -46.55334384737326 -2.138345161314103 -100.39198424008654 
9.84746631195358 1.4379486618820934 -35.271362060380945 -0.37277381140571164 -98.51001178112882 
10.520610987228805 5.4739843239215755 -20.710203909935522 0.794286537959094 -84.79343419874655 
11.202118829363735 8.868928937335395 -6.221955502351247 5.28171015363941 -54.965048088143504 
11.374353220937332 10.753739648408354 3.197795069825671 17.752042659437038 3.889562743236678 
10.952129593122052 10.707737208120253 8.22954972378529 10.302253876979877 0.5019443866388881 
10.059682405470387 9.02173138364595 5.8263415290903975 0.867942743003274 -0.6882650277219257 
9.232167725309075 6.223742784034488 -0.5751146487507465 -1.234187870964833 -38.60692531446528 
8.337747612771768 3.3743856178034752 -5.572135929211612 -0.8313515115897812 -64.23720316468743 
6.5922093087088545 1.5084979890549517 -6.800293254059695 -3.230972382547171 -79.06862454590367 
3.4616712266058682 1.2985265639685912 -5.878494561500245 -6.838882355631675 -85.58470853840656 
0.10597738269935927 1.6515387527788585 -4.129738129295519 -9.637384760135438 -86.90973895767604 
-0.5703552038191253 -2.700679193058251 -1.5708848259850587 -10.830568408261882 -86.12684369160985 
-1.6977131324022594 -5.396997496032669 1.1710862015311456 -9.939195796668253 -84.41839621608575 
-3.582218944321875 -8.088048731854075 3.84854451796977 -7.464924972749246 -81.4581080885264 
-7.398388395391532 -8.73824596233843 6.160690089652182 -4.045478003008336 -77.11555764912366 
-12.825879576537229 -7.474379180874363 8.012381030086036 -0.5886145701804961 -71.13462161982521 
-18.477384073563904 -5.685505889181368 9.522574439975708 1.830503777429361 -63.21888114562664 
-23.464085393749386 -3.9168153736496523 10.360761698275972 2.622306881001357 -53.26508190620629 
-30.698711984320916 -0.4132642006832966 7.6164864574678415 3.7523810800232815 -41.09383674201783 
-37.96707009483281 3.1720504875088866 3.8267814671242477 3.63901630134108 -24.149243638952164 
-38.222397555453256 3.3987722275738697 5.8972629865214445 -1.6427391266440987 1.2376982332737043 
-33.7923045719468 0.30798716581054664 8.367687601551765 -4.04189579416518 -0.4222659690992136 
-26.444331674403767 -5.557880994858855 9.720997681838176 -3.4669630520908665 0.13627812350166177 
-18.745703985409136 -12.093593770145356 9.477870591383024 -0.047134084103973746 0.6427260315770336 
-13.558666731051328 -15.288436283377473 8.724696398631345 3.5891312715460972 1.0542821957021544 
-12.08107322097408 -13.976729640931 7.971116695610435 5.725431772379774 1.242351942282001 
-12.266103443824813 -12.081567434045471 6.855204825988118 6.806469826093078 1.2213976225910617 
-12.409487355525503 -11.2135004014002 6.2970377427096444 7.047718512554177 1.1473345565906825 
