-7.124192021440918
-0.5433606826517177
-4.706028303713904
-14.625557146037945
-26.096015436933065
-37.41523755315084
-47.821518613725814
-55.055270537249825
-58.350919247217384
-58.39282320954825
-56.545777021051485
-53.92145775500398
-51.34084524081298
-49.32575448833856
-48.06068398094592
-47.489416526869064
-47.473278305039564
-47.899433378026714
-48.755938300348426
-50.00271917225703
-51.65342957112118
-53.705781529575134
-56.11923624932992
-58.799561741941176
-61.56109556128586
-64.24426502130767
-66.3061360451946
-66.88510463605608
-64.46255733201619
-57.14130305511522
-48.33731272065085
-44.09706150107015
-42.319994651323185
-39.795144840991085
-35.360497537293284
-29.89026050012995
-24.510873117950442
-19.659267294159836
-15.011487789002295
-10.210375165079903
-5.602595915618152
-2.560185864307732
-2.0055544064998694
-2.1674008529446303
-0.7728225902869051
2.208217257116676
4.261585861586869
2.5731021632228446
3.1769115262466143
3.8108343394181263
