-59.45298868434607
-53.08713982117521
-39.397843370804054
-33.79441445114625
-30.978150346392706
-26.589992442283553
-23.59744479239939
-22.757385954427296
-25.352948276674585
-30.005238565377095
-34.07800498163136
-36.31487055901817
-36.960501810219526
-36.27630136334139
-34.78482180344597
-32.823518794550914
-30.753288395422146
-29.05523241905659
-28.436781770401815
-29.685896483951343
-33.54750382055495
-40.63134780481617
-51.276343849602725
-65.38987339306297
-82.24732543929164
-100.22999651596993
-116.5536447796996
-127.55221164148806
-129.46216038421105
-122.945612923147
-114.38463128964595
-106.56477402219897
-98.16436680529118
-87.95379570791398
-75.95102962474438
-63.011659490674425
-50.103038920560955
-37.96809290782865
-27.052266089612747
-17.596253359647687
-9.924380291108207
-4.698024785851877
-3.0272726000669925
-5.251014535979283
-10.915641198275774
-19.10347749155334
-29.576150767497257
-41.247560185611405
-50.059629844608395
-55.236689060594266
