-702.5023403523088
-767.9284225562412
-2044.3527448654274
368.4138474822449
173.2957448160713
-432.37720203605363
-226.3060429436981
-332.3587665930244
-336.4414298630125
223.93009064912553
-308.4675296101402
-224.8303861890163
-132.82167194570698
243.6196157517679
517.1494676857227
628.9071235795199
644.0786767877228
882.0752005509521
869.4670635538755
1147.8414903788396
976.1589969821493
1176.9857282423432
1042.6675902000322
1077.4492274090867
1005.6457152878535
1222.9138093647803
1218.17742905958
985.0760889566697
550.6666439433707
80.92665620248941
-73.00655721591066
271.57745961922234
47.804432698067316
214.49117306266743
473.140433318352
387.37963416090287
721.0671416119798
780.7321809219642
675.629379748318
1113.754496776639
1070.7610526800222
1168.0802850119815
1213.4883204710113
1700.987722273224
1535.6995609939206
1662.0828234954233
1401.1760463786159
1364.5371573125901
866.4060348478513
514.0948347323356
